-196930.488   281.020     0.00    7.55
-196558.836   275.095   -15.94   12.34
-196187.106   270.789   -11.58   12.78
-195815.300   270.378    -1.10   11.23
-195443.415   273.716     8.97   11.99
-195071.454   282.957    24.84   15.06
-194699.415   293.191    27.51   19.63
-194327.299   308.215    40.37   22.80
-193955.106   323.705    41.61   21.90
-193582.834   340.868    46.10   21.25
-193210.486   359.194    49.21   23.97
-192838.059   379.067    53.35   28.61
-192465.555   400.639    57.90   29.12
-192092.974   414.567    37.38   24.06
-191720.314   412.740    -4.90   24.37
-191347.577   399.112   -36.55   30.41
-190974.762   376.432   -60.83   34.99
-190601.869   353.714   -60.91   28.32
-190228.898   337.989   -42.16   18.69
-189855.849   330.220   -20.82   15.88
-189482.723   331.617     3.74   18.46
-189109.518   336.096    12.00   20.98
-188736.234   340.638    12.17   24.16
-188362.873   342.989     6.30   27.51
-187989.434   344.245     3.36   27.87
-187615.916   343.532    -1.91   27.44
-187242.319   348.118    12.27   30.05
-186868.645   351.634     9.41   31.28
-186494.892   356.570    13.20   33.13
-186121.060   360.979    11.79   32.82
-185747.151   368.758    20.80   33.12
-185373.162   379.674    29.18   43.89
-184999.095   399.763    53.70   57.85
-184624.949   423.198    62.63   67.20
-184250.724   445.433    59.41   66.05
-183876.421   462.490    45.56   59.24
-183502.039   465.375     7.71   47.32
-183127.578   455.366   -26.73   38.10
-182753.038   440.322   -40.16   29.93
-182378.419   416.202   -64.38   23.85
-182003.721   399.045   -45.78   20.23
-181628.944   389.400   -25.73   17.13
-181254.088   388.044    -3.62   22.75
-180879.152   398.663    28.32   34.14
-180504.138   409.170    28.01   36.80
-180129.044   408.821    -0.93   34.44
-179753.871   396.348   -33.24   37.86
-179378.619   383.168   -35.12   35.09
-179003.287   368.053   -40.27   30.95
-178627.875   366.075    -5.27   36.56
-178252.385   368.617     6.77   42.26
-177876.814   365.894    -7.25   41.44
-177501.164   350.298   -41.51   40.75
-177125.434   331.383   -50.34   33.96
-176749.625   318.862   -33.31   23.63
-176373.736   316.755    -5.60   25.56
-175997.767   318.777     5.38   31.63
-175621.718   320.479     4.53   35.88
-175245.589   314.383   -16.20   36.79
-174869.380   311.468    -7.75   38.20
-174493.092   304.168   -19.40   35.64
-174116.723   299.097   -13.47   34.53
-173740.274   287.779   -30.06   29.85
-173363.745   274.691   -34.75   23.65
-172987.136   264.851   -26.13   15.10
-172610.446   261.359    -9.27   13.26
-172233.676   261.979     1.65   19.16
-171856.826   265.176     8.48   27.18
-171479.895   264.125    -2.79   30.47
-171102.884   260.120   -10.62   29.86
-170725.792   252.147   -21.14   23.66
-170348.620   246.780   -14.23   19.42
-169971.367   243.368    -9.04   19.18
-169594.034   240.340    -8.02   19.70
-169216.619   236.454   -10.30   16.99
-168839.124   234.278    -5.76   13.61
-168461.548   230.979    -8.74   14.82
-168083.892   231.471     1.30   18.34
-167706.154   230.926    -1.44   20.64
-167328.335   230.851    -0.20   21.10
-166950.435   229.309    -4.08   18.80
-166572.455   228.444    -2.29   17.09
-166194.393   228.615     0.45   18.72
-165816.250   231.370     7.28   23.89
-165438.025   227.551   -10.09   23.17
-165059.720   223.878    -9.71   17.86
-164681.333   226.635     7.29   20.21
-164302.864   237.273    28.10   28.80
-163924.314   248.989    30.95   30.23
-163545.683   253.575    12.11   28.50
-163166.970   245.305   -21.83   28.12
-162788.176   233.900   -30.11   23.50
-162409.300   227.667   -16.45   16.16
-162030.342   231.152     9.20   21.17
-161651.302   245.184    37.01   25.57
-161272.181   265.989    54.87   27.56
-160892.977   293.542    72.65   35.47
-160513.692   321.159    72.81   38.80
-160134.325   334.245    34.49   38.76
-159754.876   332.534    -4.51   46.67
-159375.345   323.885   -22.79   44.18
-158995.731   318.367   -14.54   31.72
-158616.036   324.186    15.32   31.45
-158236.258   330.532    16.71   33.93
-157856.398   331.708     3.10   37.25
-157476.455   337.413    15.01   40.19
-157096.431   352.726    40.29   35.24
-156716.323   365.370    33.26   25.46
-156336.134   366.823     3.82   30.60
-155955.861   355.413   -30.00   40.64
-155575.506   333.989   -56.32   45.17
-155195.069   309.121   -65.36   44.09
-154814.549   279.779   -77.10   34.00
-154433.946   256.021   -62.42   24.98
-154053.260   237.240   -49.33   19.22
-153672.491   219.548   -46.46   16.95
-153291.640   204.938   -38.36   17.18
-152910.705   190.116   -38.90   15.26
-152529.687   180.179   -26.08   12.36
-152159.053   171.452   -23.54    7.52
-151793.727   164.598   -18.76    8.28
-151428.325   157.511   -19.39   10.98
-151062.848   149.847   -20.97   11.40
-150697.296   143.151   -18.32    8.10
-150331.669   137.990   -14.11    4.87
-149965.966   134.660    -9.10    5.32
-149600.187   131.351    -9.05    6.36
-149234.334   127.474   -10.60    7.02
-148868.404   122.696   -13.06    6.49
-148502.399   119.375    -9.07    4.73
-148136.319   117.068    -6.30    2.55
-147770.162   116.969    -0.27    1.84
-147403.930   119.387     6.60    6.63
-147037.623   133.734    39.16   31.84
-146671.239   161.198    74.95   62.57
-146304.780   191.484    82.64   76.15
-145938.245   214.423    62.58   73.25
-145571.633   239.100    67.31   69.12
-145204.946   264.887    70.32   59.34
-144838.183   287.859    62.63   43.00
-144471.343   302.021    38.60   27.46
-144104.428   300.796    -3.34   27.02
-143737.436   287.927   -35.06   29.43
-143370.368   282.546   -14.66   28.85
-143003.224   280.713    -4.99   25.04
-142636.003   279.656    -2.88   20.00
-142268.706   279.101    -1.51   20.63
-141901.333   278.681    -1.14   27.46
-141533.883   278.591    -0.24   31.05
-141166.357   284.763    16.79   31.34
-140798.754   291.516    18.37   26.33
-140431.075   293.258     4.74   20.13
-140063.318   284.292   -24.38   26.81
-139695.485   264.500   -53.80   36.98
-139327.576   237.082   -74.52   42.84
-138959.589   213.394   -64.37   38.77
-138591.526   196.525   -45.83   32.00
-138223.386   183.944   -34.17   24.14
-137855.169   177.052   -18.72   18.29
-137486.875   175.033    -5.48   17.93
-137118.504   179.189    11.28   22.88
-136750.055   182.585     9.22   21.39
-136381.530   176.160   -17.43   23.73
-136012.927   160.337   -42.92   26.98
-135644.248   141.783   -50.32   20.99
-135275.490   131.562   -27.71   11.58
-134906.656   128.556    -8.15    6.52
-134537.744   136.697    22.07   12.25
-134168.755   148.161    31.07   19.39
-133799.688   164.771    45.00   25.78
-133430.544   185.495    56.13   30.83
-133061.322   206.406    56.63   33.93
-132692.023   229.695    63.06   35.36
-132322.646   254.242    66.45   33.64
-131953.191   268.938    39.77   26.76
-131583.659   275.859    18.73   17.84
-131214.048   270.938   -13.31   18.91
-130844.360   256.367   -39.41   22.67
-130474.594   237.418   -51.24   24.65
-130104.750   218.181   -52.01   20.27
-129734.828   200.958   -46.55   18.61
-129364.827   188.108   -34.73   14.94
-128994.749   175.562   -33.90   13.08
-128624.593   164.432   -30.07   15.40
-128254.358   151.705   -34.37   16.80
-127884.045   142.258   -25.51   14.88
-127513.654   134.452   -21.07   11.25
-127143.185   131.887    -6.92   10.47
-126772.637   132.678     2.13   12.17
-126402.010   131.796    -2.38   11.56
-126031.305   126.902   -13.20   13.12
-125660.522   117.557   -25.20   15.92
-125289.660   108.185   -25.27   13.41
-124918.719   101.729   -17.40    8.59
-124547.700    98.000   -10.05    7.08
-124176.602    93.344   -12.55    9.89
-123805.425    87.779   -14.99   11.59
-123434.169    82.705   -13.67    8.98
-123062.834    81.608    -2.95    6.86
-122691.421    83.763     5.80    6.00
-122319.928    87.917    11.18   11.10
-121948.357   104.750    45.30   40.51
-121576.706   161.429   152.49   94.57
-121204.976   211.889   135.73   98.76
-120833.167   246.126    92.08   81.02
-120461.279   249.407     8.82   72.58
-120089.311   202.357  -126.48   85.21
-119717.264   151.823  -135.82   75.75
-119345.138   110.825  -110.16   48.76
-118972.932    95.865   -40.19   21.59
-118600.647   111.663    42.43   37.31
-118228.282   146.309    93.04   55.05
-117855.837   192.333   123.56   57.87
-117483.313   233.061   109.32   51.00
-117110.709   268.543    95.22   39.45
-116738.026   289.258    55.58   34.53
-116365.263   301.912    33.94   34.04
-115992.419   316.061    37.95   34.72
-115619.496   330.717    39.30   37.83
-115246.493   353.367    60.72   33.03
-114873.410   367.826    38.75   20.51
-114500.247   361.186   -17.79   26.36
-114127.004   335.656   -68.39   44.26
-113753.681   297.633  -101.84   49.80
-113380.277   268.229   -78.74   40.35
-113006.793   255.155   -35.00   32.44
-112633.229   256.281     3.02   39.05
-112259.585   266.729    27.96   43.65
-111885.860   264.351    -6.36   43.49
-111512.054   254.083   -27.46   43.95
-111138.169   232.857   -56.77   41.74
-110764.202   207.409   -68.05   37.21
-110390.155   186.814   -55.05   30.72
-110016.027   168.258   -49.60   19.96
-109641.819   157.155   -29.67   15.03
-109267.530   148.185   -23.96   14.31
-108893.160   140.673   -20.06   12.61
-108518.709   133.089   -20.25   11.35
-108144.177   122.302   -28.80   12.83
-107769.564   111.707   -28.28   14.46
-107394.871   105.381   -16.88   10.02
-107020.096   110.625    13.99   18.44
-106645.240   128.505    47.70   32.06
-106270.302   154.602    69.60   37.51
-105895.284   181.351    71.32   34.60
-105520.184   201.347    53.31   31.26
-105145.003   218.385    45.41   30.84
-104769.741   229.459    29.51   29.64
-104394.397   238.505    24.10   25.28
-104018.971   248.268    26.00   21.65
-103643.464   255.928    20.40   21.28
-103267.876   254.573    -3.61   22.33
-102892.206   240.179   -38.31   31.35
-102516.454   218.265   -58.32   35.20
-102140.620   189.634   -76.17   29.77
-101764.704   168.909   -55.13   22.94
-101388.707   154.255   -38.97   14.28
-101012.628   151.786    -6.57   11.34
-100636.466   156.815    13.37   16.64
-100260.223   176.062    51.15   25.89
 -99883.898   201.856    68.54   30.85
 -99507.490   230.052    74.90   34.20
 -99131.001   248.391    48.71   26.48
 -98754.429   245.212    -8.44   31.63
 -98377.774   224.098   -56.05   44.46
 -98001.038   187.309   -97.64   46.83
 -97624.219   157.791   -78.33   34.49
 -97247.318   142.122   -41.57   15.85
 -96870.334   141.638    -1.28   11.02
 -96493.267   152.021    27.53   17.23
 -96116.118   169.740    46.98   26.59
 -95738.886   193.970    64.23   32.25
 -95361.572   219.882    68.67   30.56
 -94984.175   250.398    80.85   29.08
 -94606.695   272.146    57.61   25.25
 -94229.132   280.433    21.95   19.25
 -93851.486   277.844    -6.86   21.71
 -93473.757   261.567   -43.09   28.15
 -93095.945   242.505   -50.45   28.71
 -92718.050   220.031   -59.47   27.54
 -92340.072   202.222   -47.11   26.58
 -91962.011   181.598   -54.55   23.67
 -91583.866   165.708   -42.02   20.99
 -91205.638   149.367   -43.20   16.72
 -90827.327   137.354   -31.75   13.82
 -90448.932   127.371   -26.38    8.83
 -90070.454   124.296    -8.12    8.41
 -89691.892   127.442     8.31   14.48
 -89313.247   131.866    11.68   18.35
 -88934.518   137.418    14.66   18.35
 -88555.706   138.449     2.72   16.37
 -88176.809   138.260    -0.50   12.88
 -87797.829   139.806     4.08   10.79
 -87418.765   144.885    13.40   12.89
 -87039.617   153.888    23.74   17.72
 -86660.385   167.673    36.35   20.75
 -86281.069   183.337    41.29   21.37
 -85901.670   200.221    44.50   20.38
 -85522.185   207.546    19.30   15.38
 -85142.617   203.250   -11.32   18.93
 -84762.965   187.866   -40.52   24.92
 -84383.228   165.333   -59.33   22.99
 -84003.407   147.490   -46.98   19.18
 -83623.501   135.274   -32.15   12.74
 -83243.511   136.357     2.85   18.16
 -82863.436   147.155    28.41   29.74
 -82483.277   162.794    41.14   35.49
 -82103.034   175.464    33.32   38.77
 -81722.705   182.184    17.67   40.51
 -81342.292   177.211   -13.07   41.74
 -80961.794   168.276   -23.48   43.64
 -80581.211   148.794   -51.19   44.21
 -80200.543   130.306   -48.56   39.25
 -79819.791   111.760   -48.71   23.50
 -79438.953   103.724   -21.10   16.22
 -79058.030    98.323   -14.18   14.05
 -78677.022    94.143   -10.97   13.62
 -78295.929    89.616   -11.88   11.62
 -77914.751    84.929   -12.30    8.00
 -77538.396    81.463    -9.21    4.60
 -77173.306    80.900    -1.54    3.24
 -76808.140    83.185     6.26    7.71
 -76442.896    91.162    21.84   23.36
 -76077.576   101.358    27.91   34.58
 -75712.178   103.434     5.68   35.01
 -75346.703    99.095   -11.87   28.43
 -74981.151    93.897   -14.22   17.93
 -74615.522    92.616    -3.50   11.82
 -74249.815    94.598     5.42   12.60
 -73884.031   100.670    16.60   15.06
 -73518.170   108.620    21.73   20.16
 -73152.231   125.082    44.98   36.24
 -72786.215   143.000    48.95   42.27
 -72420.121   161.758    51.23   42.15
 -72053.950   174.398    34.52   39.42
 -71687.701   189.430    41.04   36.70
 -71321.374   203.469    38.32   41.13
 -70954.970   223.315    54.16   43.73
 -70588.487   243.898    56.16   44.37
 -70221.927   254.490    28.89   40.55
 -69855.289   250.653   -10.46   37.99
 -69488.573   238.265   -33.78   35.03
 -69121.779   215.684   -61.56   33.62
 -68754.907   192.838   -62.27   33.11
 -68387.957   173.239   -53.41   30.25
 -68020.929   163.140   -27.51   20.68
 -67653.823   162.200    -2.56   16.05
 -67286.638   171.434    25.15   21.36
 -66919.375   186.000    39.66   26.53
 -66552.034   203.949    48.86   27.32
 -66184.615   217.434    36.70   22.43
 -65817.117   226.198    23.85   14.72
 -65449.540   226.140    -0.16   11.56
 -65081.885   219.739   -17.41   15.28
 -64714.151   209.286   -28.43   18.29
 -64346.339   201.277   -21.77   15.12
 -63978.448   201.847     1.55   15.70
 -63610.478   207.810    16.20   19.57
 -63242.430   220.421    34.26   22.75
 -62874.303   230.173    26.49   23.28
 -62506.097   240.649    28.45   22.73
 -62137.811   250.840    27.67   23.32
 -61769.447   259.796    24.31   19.95
 -61401.004   263.810    10.89   16.20
 -61032.482   264.938     3.06   12.40
 -60663.881   257.495   -20.19   17.37
 -60295.200   247.630   -26.76   19.94
 -59926.440   241.959   -15.38   16.71
 -59557.601   245.092     8.49   19.07
 -59188.683   257.564    33.81   25.20
 -58819.685   278.286    56.15   25.18
 -58450.608   292.108    37.45   16.23
 -58081.451   292.163     0.15   14.16
 -57712.215   284.371   -21.10   17.91
 -57342.899   268.556   -42.82   21.04
 -56973.504   253.010   -42.08   21.33
 -56604.029   239.173   -37.45   21.71
 -56234.474   230.970   -22.20   25.26
 -55864.839   225.458   -14.91   28.83
 -55495.124   224.930    -1.43   28.41
 -55125.330   224.141    -2.13   26.50
 -54755.456   218.707   -14.69   24.80
 -54385.501   211.979   -18.19   23.37
 -54015.467   211.367    -1.65   21.55
 -53645.352   212.040     1.82   17.68
 -53275.158   210.629    -3.81   15.37
 -52904.883   203.141   -20.22   21.16
 -52534.527   186.577   -44.72   26.31
 -52164.092   167.030   -52.77   25.66
 -51793.576   147.859   -51.74   20.66
 -51422.980   130.850   -45.89   20.34
 -51052.303   115.935   -40.24   16.01
 -50681.546   104.111   -31.89   14.63
 -50310.708    95.904   -22.13   11.73
 -49939.790    91.283   -12.46   14.22
 -49568.791    90.660    -1.68   15.65
 -49197.711    89.740    -2.48   14.59
 -48826.550    89.286    -1.22   12.79
 -48455.309    85.102   -11.27   11.80
 -48083.987    79.707   -14.53   12.17
 -47712.583    72.630   -19.05   11.08
 -47341.099    67.798   -13.01    9.02
 -46969.534    63.467   -11.65    6.03
 -46597.888    59.000   -12.02    8.55
 -46226.160    52.959   -16.25   12.49
 -45854.351    45.089   -21.17   13.41
 -45482.462    38.816   -16.87   10.01
 -45110.490    38.000    -2.19   10.96
 -44738.438    41.152     8.47   13.82
 -44366.304    48.582    19.97   15.62
 -43994.088    57.755    24.64   15.52
 -43621.791    68.031    27.60   13.31
 -43249.413    75.590    20.30   11.54
 -42876.953    81.804    16.68   10.01
 -42504.411    87.120    14.27   10.49
 -42131.787    92.511    14.47   12.96
 -41759.082   103.970    30.75   23.19
 -41386.295   118.459    38.87   30.65
 -41013.426   139.050    55.22   40.48
 -40640.475   152.182    35.21   44.53
 -40267.442   157.163    13.35   45.20
 -39894.327   149.485   -20.58   43.08
 -39521.130   135.635   -37.11   37.26
 -39147.851   121.570   -37.68   29.11
 -38774.490   110.979   -28.37   21.71
 -38401.046   107.263    -9.95   17.12
 -38027.520   111.670    11.80   15.54
 -37653.912   119.404    20.70   16.90
 -37280.221   130.435    29.52   16.11
 -36906.447   131.960     4.08   15.95
 -36532.592   126.691   -14.10   21.97
 -36158.653   109.676   -45.50   27.02
 -35784.632    91.588   -48.36   22.78
 -35410.529    74.220   -46.42   16.87
 -35036.342    63.490   -28.67   12.39
 -34662.073    54.778   -23.28    8.54
 -34287.721    49.970   -12.84    6.91
 -33913.286    45.677   -11.46    5.37
 -33538.768    42.380    -8.80    6.16
 -33164.167    37.918   -11.91    7.39
 -32789.483    32.081   -15.58    9.99
 -32414.716    23.179   -23.75   13.77
 -32039.866    12.931   -27.34   12.79
 -31664.932     4.707   -21.93    8.48
 -31289.915     1.170    -9.43    5.20
 -30914.815    -0.543    -4.57    3.17
 -30539.632    -0.168     1.00    3.92
 -30164.365     2.312     6.61    6.17
 -29789.014     5.700     9.02    6.38
 -29413.580     8.673     7.92    4.32
 -29038.062     9.780     2.95    2.07
 -28662.461     9.152    -1.67    1.61
 -28286.776     9.040    -0.30    1.38
 -27911.007     9.210     0.45    1.19
 -27535.154     8.880    -0.88    1.66
 -27159.218     8.300    -1.54    1.67
 -26783.197     7.918    -1.02    1.45
 -26407.093     7.980     0.17    1.39
 -26030.904     8.408     1.14    1.18
 -25654.631     8.687     0.74    1.48
 -25278.274     8.755     0.18    1.44
 -24901.833     8.030    -1.93    1.90
 -24525.308     7.185    -2.24    2.19
 -24148.698     6.120    -2.83    1.90
 -23772.004     5.333    -2.09    1.40
 -23395.225     5.168    -0.44    1.14
 -23018.362     5.348     0.48    1.21
 -22641.414     4.687    -1.75    1.45
 -22264.382     4.958     0.72    1.79
 -21887.265     6.750     4.75    3.86
 -21510.064     9.536     7.39    4.81
 -21132.777    11.806     6.02    3.77
 -20755.406    11.459    -0.92    4.25
 -20377.950     6.900   -12.08    6.55
 -20000.408     2.616   -11.35    5.22
 -19622.782    -0.590    -8.49    2.67
 -19245.071    -1.196    -1.60    1.82
 -18867.275     5.960    18.94   14.30
 -18489.393    20.320    38.00   25.44
 -18111.426    45.400    66.35   33.96
 -17733.374    69.360    63.38   30.65
 -17355.237    92.626    61.53   19.99
 -16977.014   105.139    33.08   13.85
 -16598.706   111.163    15.93    8.87
 -16220.312   109.911    -3.31    9.54
 -15841.832   101.888   -21.20   15.89
 -15463.267    88.265   -35.99   21.59
 -15084.617    70.639   -46.55   21.35
 -14705.880    54.051   -43.80   19.81
 -14327.058    37.412   -43.92   16.05
 -13948.150    25.520   -31.39   14.78
 -13569.155    15.469   -26.52   11.22
 -13190.075     8.842   -17.48    7.61
 -12810.909     5.160    -9.71    4.74
 -12431.657     4.317    -2.22    3.77
 -12052.319     3.237    -2.85    2.10
 -11672.894     2.792    -1.17    1.79
 -11293.383     2.177    -1.62    2.26
 -10913.786     1.235    -2.48    2.55
 -10534.102     0.587    -1.71    2.70
 -10154.332     0.257    -0.87    2.75
  -9774.476     1.333     2.83    3.02
  -9394.533     1.245    -0.23    2.98
  -9014.503     1.402     0.41    2.88
  -8634.387     1.770     0.97    3.39
  -8254.184     2.531     2.00    4.27
  -7873.894     4.270     4.57    3.98
  -7493.517     6.391     5.58    1.87
  -7113.053     7.520     2.97    1.51
  -6732.502     8.131     1.61    1.54
  -6351.865     8.653     1.37    1.40
  -5971.140     9.126     1.24    1.38
  -5590.328     9.310     0.48    1.88
  -5209.429     9.135    -0.46    2.18
  -4828.443     9.758     1.63    2.63
  -4447.369    11.716     5.14    3.71
  -4066.208    14.762     7.99    4.22
  -3684.959    16.938     5.71    3.15
  -3303.623    17.790     2.24    2.79
  -2922.200    17.458    -0.87    3.42
  -2556.244    16.255    -3.29    3.68
  -2191.315    13.860    -6.56    4.99
  -1826.308    10.742    -8.54    5.71
  -1461.222     7.673    -8.41    5.86
  -1096.056     4.717    -8.09    5.29
   -730.812     2.598    -5.80    4.59
   -365.489     0.691    -5.22    2.60
     -0.087     0.772     0.22    2.99
    365.394     2.990     6.07    5.56
    730.954     5.786     7.65    6.46
   1096.594     8.871     8.44    6.51
   1462.312    11.418     6.96    5.07
   1828.110    12.931     4.13    2.14
   2193.988    12.776    -0.42    2.34
   2559.944    12.690    -0.23    2.63
   2925.981    12.446    -0.67    2.54
   3292.096    11.660    -2.15    2.98
   3658.292    11.608    -0.14    3.18
   4024.566    12.641     2.82    4.96
   4390.921    16.426    10.33    7.91
   4757.355    19.530     8.47    7.32
   5123.869    21.220     4.61    6.04
   5490.463    21.850     1.72    5.39
   5857.136    22.643     2.16    4.96
   6223.890    24.822     5.94    6.77
   6590.723    28.417     9.80    7.35
   6957.637    27.485    -2.54    8.30
   7324.630    26.500    -2.68    8.86
   7691.704    28.890     6.51   10.41
   8058.858    33.535    12.65   13.13
   8426.092    41.714    22.27   13.22
   8793.406    50.535    24.01    9.61
   9160.800    56.228    15.50    5.96
   9528.275    58.696     6.72    4.57
   9895.831    60.081     3.77    3.62
  10263.467    59.901    -0.49    3.31
  10631.183    59.320    -1.58    4.39
  10998.980    58.111    -3.29    5.17
  11366.858    58.644     1.45    5.87
  11734.816    59.814     3.18    6.66
  12102.855    58.549    -3.44    7.30
  12470.975    55.688    -7.77    8.90
  12839.176    51.650   -10.97    7.78
  13207.457    49.273    -6.46    6.10
  13575.820    48.840    -1.17    5.82
  13944.263    48.971     0.35    4.63
  14312.788    47.663    -3.55    4.09
  14681.394    45.608    -5.58    4.27
  15050.081    44.724    -2.40    4.22
  15418.849    44.833     0.30    4.71
  15787.698    45.404     1.55    5.52
  16156.629    44.380    -2.78    6.52
  16525.641    43.118    -3.42    6.51
  16894.734    41.723    -3.78    5.44
  17263.909    40.594    -3.06    4.30
  17633.166    40.717     0.33    3.25
  18002.504    40.373    -0.93    3.14
  18371.924    39.367    -2.72    3.81
  18741.425    38.277    -2.95    5.35
  19111.009    36.828    -3.92    7.14
  19480.674    31.931   -13.25    9.10
  19850.420    30.297    -4.42    9.14
  20220.249    28.245    -5.55    8.44
  20590.160    28.139    -0.29    7.89
  20960.153    29.875     4.69    7.49
  21330.228    28.882    -2.68    7.37
  21700.385    27.608    -3.44    6.58
  22070.624    26.471    -3.07    6.37
  22440.945    25.141    -3.59    6.44
  22811.349    23.960    -3.19    6.22
  23181.835    21.598    -6.38    4.65
  23552.403    21.061    -1.45    2.75
  23923.054    24.137     8.30    5.82
  24293.788    28.673    12.24    6.79
  24664.604    31.913     8.74    4.81
  25035.502    34.124     5.96    2.70
  25406.483    34.520     1.07    2.53
  25777.547    33.830    -1.86    3.62
  26148.694    30.465    -9.07    6.54
  26519.924    27.324    -8.46    7.76
  26891.236    23.697    -9.77    7.18
  27262.632    21.892    -4.86    6.33
  27634.110    21.396    -1.34    6.14
  28005.671    23.099     4.58    7.67
  28377.316    25.041     5.23    8.26
  28749.044    26.510     3.95    7.77
  29120.855    27.192     1.83    6.76
  29492.749    27.485     0.79    5.29
  29864.727    26.950    -1.44    4.33
  30236.788    27.280     0.89    4.69
  30608.932    28.176     2.41    4.78
  30981.160    29.010     2.24    4.53
  31353.471    29.235     0.60    3.80
  31725.866    29.286     0.14    3.62
  32098.345    29.713     1.15    3.23
  32470.908    29.438    -0.74    3.70
  32843.554    30.353     2.46    4.23
  33216.284    31.535     3.17    4.06
  33589.098    32.392     2.30    4.53
  33961.996    33.039     1.73    5.04
  34334.978    32.590    -1.20    5.55
  34708.044    33.010     1.13    6.19
  35081.194    33.495     1.30    5.76
  35454.428    34.476     2.63    5.88
  35827.746    35.847     3.67    5.52
  36201.149    34.911    -2.51    5.07
  36574.636    32.851    -5.52    6.32
  36948.208    31.441    -3.77    7.77
  37321.864    31.323    -0.32    7.77
  37695.604    30.670    -1.75    7.78
  38069.429    29.653    -2.72    8.45
  38443.339    29.960     0.82    8.69
  38817.333    29.451    -1.36    8.39
  39191.412    30.400     2.54    7.22
  39565.576    32.096     4.53    5.60
  39939.824    32.390     0.79    4.34
  40314.158    32.853     1.24    3.93
  40688.577    31.750    -2.95    4.09
  41063.080    29.204    -6.80    4.07
  41437.669    28.531    -1.80    4.00
  41812.342    29.262     1.95    4.69
  42187.101    30.921     4.43    4.48
  42561.946    29.981    -2.51    6.11
  42936.875    27.129    -7.61    7.48
  43311.890    25.676    -3.87    6.76
  43686.990    26.089     1.10    6.99
  44062.176    29.515     9.13    8.48
  44437.447    31.796     6.08    7.10
  44812.804    32.172     1.00    6.65
  45188.247    29.369    -7.47    7.54
  45563.775    25.436   -10.47    5.34
  45939.389    23.667    -4.71    4.29
  46315.089    24.051     1.02    4.42
  46690.875    26.257     5.87    4.52
  47066.746    29.041     7.41    4.67
  47442.704    31.716     7.12    4.64
  47818.748    33.110     3.71    4.57
  48194.877    33.757     1.72    4.29
  48571.093    31.350    -6.40    7.18
  48947.396    27.702    -9.69    8.47
  49323.784    24.376    -8.84    8.83
  49700.259    21.167    -8.53    7.91
  50076.820    18.873    -6.09    6.27
  50453.468    18.808    -0.17    5.33
  50830.202    20.108     3.45    5.35
  51207.023    22.020     5.07    4.99
  51583.931    22.740     1.91    4.31
  51960.925    21.447    -3.43    3.50
  52338.006    20.448    -2.65    3.32
  52715.174    19.771    -1.79    3.37
  53092.428    18.175    -4.23    3.86
  53469.770    16.505    -4.43    3.67
  53847.199    14.583    -5.09    3.26
  54224.714    12.857    -4.57    2.91
  54602.317    12.618    -0.63    2.89
  54980.007    13.899     3.39    4.03
  55357.784    15.650     4.64    4.95
  55735.649    16.324     1.78    4.77
  56113.600    16.699     0.99    3.71
  56491.640    15.713    -2.61    2.90
  56869.766    15.118    -1.57    3.07
  57247.981    15.406     0.76    3.73
  57626.283    14.891    -1.36    3.83
  58004.672    14.922     0.08    3.95
  58383.149    16.314     3.68    4.60
  58761.714    17.029     1.89    4.03
  59140.367    16.816    -0.56    4.76
  59519.108    16.412    -1.07    5.18
  59897.937    17.240     2.19    6.14
  60276.853    19.154     5.05    6.61
  60655.858    19.571     1.10    6.30
  61034.951    18.767    -2.12    6.82
  61414.132    18.031    -1.94    7.36
  61793.401    20.438     6.35    9.26
  62172.759    23.181     7.23    9.28
  62552.205    24.423     3.27    8.59
  62931.739    24.879     1.20    7.56
  63311.362    21.408    -9.14    6.17
  63691.074    18.570    -7.47    4.78
  64070.874    16.933    -4.31    4.42
  64450.763    16.550    -1.01    4.80
  64830.741    17.569     2.68    4.83
  65210.807    19.260     4.45    5.61
  65590.962    21.260     5.26    5.79
  65971.206    21.673     1.09    5.82
  66351.540    20.660    -2.66    5.52
  66731.962    20.961     0.79    5.32
  67112.473    20.539    -1.11    6.25
  67493.074    18.059    -6.52    7.32
  67873.764    15.812    -5.90    7.96
  68254.543    13.144    -7.01    6.33
  68635.411    11.163    -5.20    4.58
  69016.369    10.892    -0.71    2.22
  69397.416    11.932     2.73    1.83
  69778.553    12.426     1.30    1.54
  70159.779    12.363    -0.17    1.66
  70541.096    12.495     0.35    1.70
  70922.501    12.343    -0.40    1.64
  71303.997    12.538     0.51    1.53
  71685.583    13.447     2.38    2.02
  72057.750    14.490     2.80    3.15
  72422.437    15.716     3.36    3.65
  72787.204    17.476     4.83    4.31
  73152.052    20.455     8.17    4.98
  73516.980    24.798    11.90    6.87
  73881.990    27.240     6.69    6.93
  74247.080    28.683     3.95    6.17
  74612.250    30.825     5.87    6.19
  74977.502    31.144     0.87    6.50
  75342.835    30.088    -2.89    6.90
  75708.248    28.388    -4.65    7.22
  76073.743    26.534    -5.07    6.24
  76439.318    26.771     0.65    6.30
  76804.975    27.653     2.41    7.57
  77170.713    26.913    -2.02    7.13
  77536.532    26.356    -1.52    5.83
  77902.433    26.676     0.87    5.64
  78268.415    28.534     5.08    7.69
  78634.478    32.277    10.23    9.54
  79000.623    35.097     7.70   10.31
  79366.849    36.235     3.11   10.27
  79733.157    35.305    -2.54    8.47
  80099.547    34.549    -2.06    5.79
  80466.018    35.165     1.68    6.78
  80832.571    36.059     2.44    7.71
  81199.206    37.053     2.71    8.20
  81565.922    35.788    -3.45    8.29
  81932.721    33.673    -5.77    7.86
  82299.601    31.886    -4.87    6.84
  82666.563    31.663    -0.61    5.94
  83033.608    31.912     0.68    4.40
  83400.734    31.413    -1.36    4.04
  83767.943    30.054    -3.70    4.79
  84135.234    27.404    -7.22    6.23
  84502.607    24.471    -7.98    6.85
  84870.063    20.519   -10.75    5.30
  85237.601    18.343    -5.92    2.41
  85605.221    18.446     0.28    2.48
  85972.924    18.790     0.94    2.66
  86340.710    18.990     0.54    2.77
  86708.578    20.650     4.51    4.15
  87076.529    22.830     5.92    5.43
  87444.562    25.500     7.26    5.24
  87812.678    27.248     4.75    5.42
  88180.877    27.921     1.83    5.45
  88549.159    27.712    -0.57    4.53
  88917.524    25.367    -6.36    5.72
  89285.972    22.154    -8.72    6.90
  89654.503    19.294    -7.76    6.63
  90023.117    18.098    -3.24    5.97
  90391.814    19.660     4.24    6.76
  90760.595    21.970     6.26    7.43
  91129.458    25.932    10.74    7.94
  91498.405    28.296     6.41    7.89
  91867.436    28.790     1.34    6.83
  92236.550    27.874    -2.48    6.84
  92605.747    26.186    -4.57    7.14
  92975.028    24.136    -5.55    6.61
  93344.392    22.490    -4.46    6.98
  93713.841    23.490     2.71    7.08
  94083.373    25.296     4.89    7.08
  94452.988    26.827     4.14    5.52
  94822.688    25.911    -2.48    5.13
  95192.471    24.452    -3.95    5.32
  95562.339    22.767    -4.56    5.19
  95932.290    22.314    -1.23    5.33
  96302.325    22.115    -0.54    5.73
  96672.445    20.344    -4.79    5.25
  97042.649    20.038    -0.83    5.81
  97412.937    21.614     4.26    7.83
  97783.309    26.283    12.61    8.88
  98153.766    29.932     9.85    6.74
  98524.307    30.240     0.83    5.98
  98894.932    27.705    -6.84    7.16
  99265.642    24.455    -8.77    7.25
  99636.437    21.648    -7.57    6.84
 100007.316    18.306    -9.01    3.81
 100378.280    16.800    -4.06    1.44
 100749.328    16.412    -1.05    1.55
 101120.462    16.423     0.03    1.73
 101491.680    17.010     1.58    2.12
 101862.983    17.311     0.81    2.14
 102234.371    18.257     2.55    1.76
 102605.845    18.540     0.76    1.45
 102977.403    18.144    -1.07    1.42
 103349.046    17.838    -0.82    1.56
 103720.775    17.144    -1.87    1.68
 104092.589    16.604    -1.45    1.52
 104464.488    17.359     2.03    2.67
 104836.473    18.952     4.28    4.49
 105208.543    20.767     4.88    5.84
 105580.699    21.717     2.55    6.21
 105952.940    22.051     0.90    5.41
 106325.267    23.019     2.60    5.63
 106697.679    26.398     9.07    7.27
 107070.177    27.106     1.90    8.06
 107442.761    25.317    -4.80    9.33
 107815.431    21.154   -11.17    8.90
 108188.187    17.524    -9.74    6.24
 108561.029    15.544    -5.31    5.07
 108933.956    14.495    -2.81    4.51
 109306.970    13.683    -2.18    3.91
 109680.070    14.181     1.33    3.72
 110053.256    14.837     1.76    3.55
 110426.529    15.028     0.51    3.37
 110799.887    16.267     3.32    3.98
 111173.332    16.705     1.17    3.88
 111546.864    17.078     1.00    3.71
 111920.482    17.000    -0.21    3.51
 112294.187    17.748     2.00    3.00
 112667.978    18.320     1.53    2.93
 113041.856    19.163     2.26    3.19
 113415.820    20.163     2.67    3.51
 113789.872    21.038     2.34    3.88
 114164.010    20.704    -0.89    4.63
 114538.235    20.738     0.09    4.71
 114912.548    20.500    -0.64    4.62
 115286.947    20.219    -0.75    4.32
 115661.433    21.048     2.21    3.57
 116036.007    20.951    -0.26    2.92
 116410.667    20.760    -0.51    2.83
 116785.415    21.000     0.64    4.64
 117160.251    20.462    -1.44    4.85
 117535.173    21.490     2.74    5.61
 117910.183    21.845     0.95    6.48
 118285.281    21.786    -0.16    6.68
 118660.466    21.991     0.55    6.87
 119035.739    20.861    -3.01    6.38
 119411.100    20.267    -1.58    6.73
 119786.548    21.183     2.44    6.31
 120162.084    19.971    -3.23    5.68
 120537.708    18.049    -5.12    4.82
 120913.420    16.578    -3.91    4.28
 121289.220    15.933    -1.72    3.88
 121665.108    16.248     0.84    3.54
 122041.085    17.368     2.98    3.11
 122417.149    17.980     1.63    2.41
 122793.302    18.375     1.05    1.78
 123169.543    18.214    -0.43    1.88
 123545.872    18.426     0.56    2.02
 123922.290    18.099    -0.87    2.35
 124298.796    17.943    -0.41    2.46
 124675.391    17.538    -1.08    2.41
 125052.074    16.972    -1.50    2.27
 125428.846    16.429    -1.44    2.15
 125805.707    15.548    -2.34    1.86
 126182.656    14.837    -1.89    1.26
 126559.695    14.686    -0.40    1.34
 126936.822    15.566     2.33    3.08
 127314.039    17.370     4.78    5.31
 127691.344    18.387     2.70    5.39
 128068.739    18.224    -0.43    4.45
 128446.222    18.000    -0.59    4.06
 128823.795    17.727    -0.72    3.29
 129201.458    18.870     3.03    3.47
 129579.209    20.485     4.28    3.04
 129957.050    22.343     4.92    2.86
 130334.981    23.227     2.34    3.30
