# NaN NaN NaN ;Mean Elev.(m), Avg Gradient(m/km), RMS Gradient(m/km) - SRTM1     
#    1.655  -1.107   5.622 ;Mean Elev.(m), Avg Gradient(m/km), RMS Gradient(m/km) - ASTER GDEM
#   20.220  -5.497   9.290 ;Mean Elev.(m), Avg Gradient(m/km), RMS Gradient(m/km) - GMTED2010 
  6    21.596 52420.43459784 45.93 152.964399  66.967496 11.955
  6    21.682 52420.43459849 48.33 152.960959  66.970566 11.955
  7    16.798 52455.43462163 21.03 152.969816  66.968239 12.821
  7    16.896 52455.43462228 22.16 152.966386  66.971309 12.821
  7    17.831 52455.43462292 24.15 152.962946  66.974379 12.821
  7    16.100 52455.43462421 35.61 152.956076  66.980509 12.821
  8    18.247 52490.43459673 44.03 152.976638  66.971873 25.017
  8    20.836 52490.43459737 41.78 152.973208  66.974933 25.017
  8    22.011 52490.43459802 42.55 152.969768  66.978003 25.017
  8    21.236 52490.43459866 40.90 152.966328  66.981073 25.017
  8    20.346 52490.43459931 43.56 152.962898  66.984143 25.017
  8    19.796 52490.43459995 42.62 152.959458  66.987213 25.017
 11    13.239 52595.43463211 34.67 152.966722  66.968325 13.693
 11    13.691 52595.43463275 39.71 152.963292  66.971395 13.693
 12    13.381 52630.43456597 22.79 152.965059  66.965741  6.831
 12    13.247 52630.43456662 28.01 152.961629  66.968811  6.831
 12    13.400 52630.43456726 26.77 152.958189  66.971881  6.831
 14    16.027 52700.43456568 18.89 152.966909  66.964795  4.060
 14    15.685 52700.43456633 19.45 152.963479  66.967865  4.060
 14    15.383 52700.43456697 20.78 152.960039  66.970935  4.060
 15    17.647 52735.43460005 19.06 152.977005  66.972519  4.062
 15    17.256 52735.43460070 20.40 152.973575  66.975589  4.062
 15    16.962 52735.43460134 20.16 152.970137  66.978650  3.375
 15    12.849 52735.43460199 22.16 152.966697  66.981720  3.375
 15    12.667 52735.43460263 22.61 152.963267  66.984790  3.375
 15    12.583 52735.43460328 21.95 152.959827  66.987860  3.375
 16    20.993 52770.43458530  6.99 152.978515  66.975179  9.404
 16    19.306 52770.43458594  7.84 152.975075  66.978249  9.404
 16    13.272 52770.43458659 13.47 152.971645  66.981319  9.404
 16    13.400 52770.43458723 17.36 152.968205  66.984389  9.404
 16    13.245 52770.43458788 18.28 152.964775  66.987459  9.404
 18    15.023 52840.43468420 43.57 152.965840  66.965572 20.218
 18    15.084 52840.43468484 47.74 152.962410  66.968642 20.218
 18    14.368 52840.43468549 49.35 152.958970  66.971712 20.218
 19    14.461 52875.43472372 26.55 152.965802  66.968161 14.274
 19    13.711 52875.43472437 26.99 152.962372  66.971231 14.274
 20    15.314 52910.43469352 43.67 152.980892  66.973877 13.925
 20    17.201 52910.43469417 47.24 152.977462  66.976937 13.925
 20    16.726 52910.43469481 48.27 152.974022  66.980007 13.925
 20    15.034 52910.43469546 48.58 152.970582  66.983077 13.925
 20    13.843 52910.43469610 45.06 152.967152  66.986147 13.925
 20    13.363 52910.43469675 50.39 152.963712  66.989217 13.925
 21    13.289 52945.43463685 24.89 152.961974  66.966725  6.220
 21    12.955 52945.43463750 26.73 152.958534  66.969785  6.220
 23    18.028 53015.43468121 17.05 152.973169  66.972373  3.810
 23    17.436 53015.43468185 17.33 152.969739  66.975443  3.810
 23    17.122 53015.43468250 17.92 152.966299  66.978513  3.810
 23    16.277 53015.43468314 18.60 152.962869  66.981583  3.810
 23    13.038 53015.43468379 19.61 152.959429  66.984653  3.810
 24    15.694 53050.43465526 16.24 152.964150  66.965677  5.367
 24    15.346 53050.43465590 17.84 152.960710  66.968747  5.367
 24    15.942 53050.43465655 18.06 152.957280  66.971817  5.367
 25    17.445 53085.43469191 13.27 152.970533  66.969436  2.730
 25    17.226 53085.43469256 12.81 152.967093  66.972506  2.730
 25    16.403 53085.43469385 14.11 152.960223  66.978636  2.730
 25    15.660 53085.43469449 14.54 152.956793  66.981706  2.730
 25    13.383 53085.43469514 15.97 152.953353  66.984776  2.730
 26    16.202 53120.43466137 13.07 152.965076  66.964142  5.275
 26    15.941 53120.43466201 13.79 152.961636  66.967212  5.275
 26    15.956 53120.43466265 14.17 152.958206  66.970282  5.275
 27    21.158 53155.43471486 38.93 152.964781  66.964588 13.011
 27    20.101 53155.43471550 39.00 152.961351  66.967648 13.011
 27    21.357 53155.43471615 30.56 152.957911  66.970718 13.011
 30    17.428 53260.43468932 41.26 152.976870  66.971982 25.234
 30    16.918 53260.43468996 47.18 152.973430  66.975052 25.234
 30    17.030 53260.43469061 41.17 152.970000  66.978122 25.234
 30    17.278 53260.43469125 39.19 152.966570  66.981192 25.234
 30    17.069 53260.43469190 45.67 152.963130  66.984262 25.234
 30    16.907 53260.43469254 44.81 152.959690  66.987322 25.234
 32    18.384 53330.43469164 19.50 152.970235  66.970967  5.008
 32    14.247 53330.43469229 22.19 152.966795  66.974037  5.008
 32    14.143 53330.43469357 24.30 152.959925  66.980177  5.008
 32    14.095 53330.43469422 24.04 152.956485  66.983237  5.008
 32    14.043 53330.43469486 23.04 152.953045  66.986307  5.008
 33    19.827 53365.43464122 17.05 152.978273  66.976237  3.943
 33    17.644 53365.43464187 19.22 152.974833  66.979307  3.943
 33    13.788 53365.43464251 21.40 152.971393  66.982377  3.943
 33    13.473 53365.43464316 21.78 152.967963  66.985447  3.943
 33    13.235 53365.43464380 23.95 152.964523  66.988507  3.943
 34    16.015 53400.43466544 16.27 152.966042  66.967182  4.470
 34    15.743 53400.43466609 16.45 152.962614  66.970253  3.377
 35    19.173 53435.43465616 15.88 152.977559  66.973597  3.602
 35    17.302 53435.43465680 15.92 152.974129  66.976667  3.602
 35    17.036 53435.43465744 16.72 152.970689  66.979737  3.602
 35    16.783 53435.43465809 15.69 152.967259  66.982797  3.602
 35    15.390 53435.43465873 16.14 152.963819  66.985867  3.602
 35    14.368 53435.43465938 16.07 152.960379  66.988937  3.602
 36    15.480 53470.43470170 15.43 152.963139  66.965179  3.706
 36    15.517 53470.43470235 16.34 152.959699  66.968249  3.706
 36    21.082 53470.43470299 15.88 152.956269  66.971319  3.706
 38    17.447 53540.43474180 33.79 152.971422  66.967609  9.853
 38    16.719 53540.43474245 30.05 152.967992  66.970679  9.853
 38    21.854 53540.43474309 25.86 152.964552  66.973749  9.853
 38    17.184 53540.43474438 32.08 152.957682  66.979879  9.853
 38    17.034 53540.43474503 42.63 152.954242  66.982949  9.853
 38    16.855 53540.43474567 42.92 152.950802  66.986019  9.853
 40    18.180 53610.43468943 43.66 152.965171  66.986065 14.342
 40    23.608 53610.43469008 38.51 152.961741  66.989135 14.342
 41    15.878 53645.43468885 33.92 152.964737  66.963706 16.194
 41    15.872 53645.43468949 42.42 152.961307  66.966766 16.194
 41    15.582 53645.43469013 45.86 152.957864  66.969835 14.213
 42    12.353 53680.43470655 32.79 152.969486  66.968952  8.103
 42    12.494 53680.43470720 38.51 152.966056  66.972022  8.103
 42    12.654 53680.43470913 38.69 152.955742  66.981224  9.021
 42    12.702 53680.43470978 29.49 152.952302  66.984294  9.021
 43    12.792 53715.43463543 28.68 152.978024  66.975613  5.604
 43    12.867 53715.43463608 27.49 152.974584  66.978683  5.604
 43    12.798 53715.43463672 26.22 152.971154  66.981753  5.604
 43    12.654 53715.43463737 25.65 152.967714  66.984823  5.604
 43    12.581 53715.43463801 23.54 152.964274  66.987893  5.604
 44    16.577 53750.43455062 19.20 152.965776  66.964668  6.654
 44    16.063 53750.43455127 18.91 152.962336  66.967738  6.654
 44    15.585 53750.43455191 20.85 152.958899  66.970814  3.800
 45    18.849 53785.43458227 17.72 152.974353  66.973194  3.628
 45    18.476 53785.43458291 17.75 152.970913  66.976264  3.628
 45    17.441 53785.43458356 18.24 152.967483  66.979334  3.628
 45    16.566 53785.43458420 19.22 152.964043  66.982404  3.628
 45    15.795 53785.43458485 19.15 152.960603  66.985474  3.628
 46    20.006 53820.43454151 16.89 152.982954  66.979000  7.304
 46    19.631 53820.43454216 17.29 152.979514  66.982070  7.304
 46    17.909 53820.43454280 19.54 152.976083  66.985136  3.336
 46    17.419 53820.43454345 18.23 152.972643  66.988206  3.336
 46    12.860 53820.43454409 18.04 152.969203  66.991276  3.336
 47    17.077 53855.43462471  4.76 152.962192  66.966608  2.569
 47    17.775 53855.43462536  5.46 152.958752  66.969668  2.569
 48    19.404 53890.43463550 44.59 152.973238  66.969962 15.726
 48    19.349 53890.43463615 47.97 152.969798  66.973032 15.726
 48    19.430 53890.43463679 44.78 152.966368  66.976102 15.726
 48    19.197 53890.43463744 44.60 152.962928  66.979172 15.726
 48    19.032 53890.43463808 48.03 152.959488  66.982232 15.726
 48    19.135 53890.43463873 47.70 152.956048  66.985302 15.726
 49    16.877 53925.43469894 40.44 152.963973  66.963515  9.663
 49    16.398 53925.43469959 47.91 152.960543  66.966585  9.663
 49    15.833 53925.43470023 50.21 152.957103  66.969655  9.663
 52    13.485 54030.43467990 32.51 152.965943  66.966514 16.544
 52    13.496 54030.43468055 44.76 152.962503  66.969584 16.544
 52    13.687 54030.43468119 45.36 152.959073  66.972644 16.544
 54    19.386 54100.43463877 14.28 152.976581  66.974579  3.583
 54    18.902 54100.43463941 14.94 152.973141  66.977649  3.583
 54    18.849 54100.43464006 14.87 152.969711  66.980709  3.583
 54    17.606 54100.43464070 15.73 152.966265  66.983781  2.935
 54    16.762 54100.43464134 15.19 152.962835  66.986851  2.935
 55    16.420 54135.43459966 14.62 152.963510  66.966504  3.967
 55    17.012 54135.43460030 14.35 152.960070  66.969564  3.967
 57    15.999 54205.43460380 12.00 152.964398  66.964106  2.824
 57    16.761 54205.43460445 12.60 152.960968  66.967166  2.824
 57    17.263 54205.43460509 13.43 152.957528  66.970236  2.824
 58    21.631 54240.43463808 41.68 152.972437  66.967797 15.204
 58    21.398 54240.43463872 50.32 152.969007  66.970867 15.204
 58    21.205 54240.43463937 47.88 152.965567  66.973937 15.204
 58    20.738 54240.43464065 50.22 152.958697  66.980077 15.204
 58    20.888 54240.43464130 37.99 152.955257  66.983147 15.204
 58    20.983 54240.43464194 33.84 152.951817  66.986217 15.204
 59    21.807 54275.43465407 16.84 152.972151  66.968682  4.513
 59    21.704 54275.43465472 15.70 152.968721  66.971752  4.513
 59    21.540 54275.43465536 18.03 152.965281  66.974822  4.513
 59    22.232 54275.43465665 16.38 152.958411  66.980962  4.513
 59    21.912 54275.43465730 15.63 152.954971  66.984032  4.513
 62    14.736 54380.43459155 46.90 152.965531  66.967119 14.258
 62    15.073 54380.43459219 49.53 152.962091  66.970189 14.258
 63    13.385 54415.43457952 29.48 152.973765  66.971478 12.152
 63    13.113 54415.43458016 35.30 152.970335  66.974548 12.152
 63    13.461 54415.43458081 36.20 152.966895  66.977618 12.152
 63    13.099 54415.43458145 33.56 152.963455  66.980688 12.152
 63    13.057 54415.43458210 34.28 152.960025  66.983758 12.152
 63    13.258 54415.43458274 33.04 152.956585  66.986828 12.152
 64    16.101 54450.43455950 16.11 152.961862  66.966670  3.844
 64    16.188 54450.43456015 16.84 152.958422  66.969740  3.844
 65    16.833 54485.43457492 14.88 152.970584  66.970795  2.834
 65    16.394 54485.43457557 15.12 152.967154  66.973865  2.834
 65    15.808 54485.43457686 16.95 152.960274  66.980005  2.834
 65    13.652 54485.43457750 17.06 152.956844  66.983075  2.834
 65    13.446 54485.43457815 16.61 152.953404  66.986135  2.834
 66    16.019 54520.43457316 15.21 152.965516  66.968478  3.365
 66    16.049 54520.43457381 15.74 152.962076  66.971548  3.365
 67    17.361 54555.43458603 14.67 152.977484  66.971562  3.571
 67    17.176 54555.43458668 15.44 152.974044  66.974622  3.571
 67    13.532 54555.43458732 16.36 152.970614  66.977692  3.571
 67    16.174 54555.43458797 15.76 152.967174  66.980762  3.571
 67    13.343 54555.43458861 18.04 152.963744  66.983832  3.571
 67    13.358 54555.43458925 17.47 152.960304  66.986902  3.571
 68    21.133 54590.43456880  3.22 152.969672  66.966462  6.934
 68    20.663 54590.43456944  3.06 152.966242  66.969532  6.934
 68    17.841 54590.43457009  4.39 152.962802  66.972602  6.934
 69    18.333 54625.43458569 45.88 152.973257  66.969668 20.266
 69    18.076 54625.43458633 51.01 152.969827  66.972728 20.266
 69    18.043 54625.43458698 51.12 152.966387  66.975798 20.266
 69    18.217 54625.43458762 50.58 152.962957  66.978868 20.266
 69    18.161 54625.43458827 49.31 152.959517  66.981938 20.266
 69    18.214 54625.43458891 49.06 152.956077  66.985008 20.266
 70    16.804 54660.43459404 18.74 152.967578  66.969399  8.128
 70    22.261 54660.43459468 18.81 152.964148  66.972459  8.128
 71    17.286 54695.43457244 36.76 152.976945  66.971150 25.274
 71    21.939 54695.43457309 40.92 152.973515  66.974220 25.274
 71    22.353 54695.43457373 41.66 152.970075  66.977290 25.274
 71    21.555 54695.43457437 40.92 152.966645  66.980350 25.274
 71    16.369 54695.43457502 42.77 152.963205  66.983420 25.274
 71    15.868 54695.43457566 45.65 152.959765  66.986490 25.274
 72    19.214 54730.43454909 18.37 152.964541  66.968002  8.130
 72    15.939 54730.43454974 21.52 152.961111  66.971062  8.130
 73    13.411 54765.43455084 40.25 152.969470  66.970753 20.532
 73    13.671 54765.43455149 44.43 152.966030  66.973813 20.532
 73    13.675 54765.43455278 50.11 152.959160  66.979953 20.532
 73    13.481 54765.43455342 47.08 152.955720  66.983023 20.532
 73    13.668 54765.43455407 48.37 152.952280  66.986093 20.532
 74    13.678 54800.43454204 26.62 152.964283  66.964163  7.990
 74    13.619 54800.43454268 26.23 152.960853  66.967233  7.990
 74    13.594 54800.43454333 26.03 152.957413  66.970303  7.990
 75    17.509 54835.43454221 18.09 152.971732  66.969756  5.435
 75    17.303 54835.43454285 18.47 152.968292  66.972816  5.435
 75    17.363 54835.43454350 18.51 152.964862  66.975886  5.435
 75    16.433 54835.43454414 19.01 152.961422  66.978956  5.435
 75    15.526 54835.43454479 19.69 152.957982  66.982026  5.435
 75    13.415 54835.43454543 19.82 152.954542  66.985096  5.435
 76    16.067 54870.43453988 17.02 152.964139  66.965794  6.233
 76    16.161 54870.43454053 17.71 152.960699  66.968864  6.233
 76    15.827 54870.43454117 18.39 152.957259  66.971934  6.233
 77    18.666 54905.43455145 16.15 152.974712  66.974342  4.842
 77    17.463 54905.43455210 16.53 152.971282  66.977412  4.842
 77    17.091 54905.43455274 16.32 152.967842  66.980482  4.842
 77    16.352 54905.43455339 17.16 152.964412  66.983552  4.842
 77    15.849 54905.43455403 16.56 152.960972  66.986622  4.842
 78    15.556 54940.43453173 11.40 152.967353  66.965432  3.512
 78    15.059 54940.43453237 11.90 152.963913  66.968502  3.512
 78    16.044 54940.43453302 12.56 152.960483  66.971572  3.512
 79    20.236 54975.43456193 47.29 152.967920  66.969275 17.334
 79    20.305 54975.43456258 49.87 152.964480  66.972345 17.334
 81    14.224 55045.43456361 34.67 152.971885  66.967335 20.241
 81    14.577 55045.43456425 42.78 152.968445  66.970395 20.241
 81    14.360 55045.43456490 44.58 152.965015  66.973465 20.241
 81    13.995 55045.43456619 47.99 152.958135  66.979605 20.241
 81    13.746 55045.43456683 47.87 152.954705  66.982675 20.241
 81    13.757 55045.43456748 45.05 152.951265  66.985745 20.241
 82    19.809 55080.43453964 50.57 152.975462  66.975543 26.161
 82    18.171 55080.43454029 53.21 152.972022  66.978613 26.161
 82    18.972 55080.43454093 48.95 152.968592  66.981673 26.161
 82    18.217 55080.43454158 45.58 152.965152  66.984743 26.161
 82    18.331 55080.43454222 48.85 152.961712  66.987813 26.161
 83    13.586 55115.43449576 36.58 152.966973  66.967384 23.032
 83    13.562 55115.43449640 42.75 152.963533  66.970444 23.032
 83    13.484 55115.43449705 50.92 152.960103  66.973514 23.032
 84    12.516 55150.43449539 28.45 152.970554  66.970043 10.437
 84    12.551 55150.43449603 31.46 152.967114  66.973113 10.437
 84    12.739 55150.43449732 41.10 152.960244  66.979253 10.437
 84    12.376 55150.43449797 30.17 152.956804  66.982323 10.437
 84    12.440 55150.43449861 24.93 152.953364  66.985393 10.437
 85    14.869 55185.43447997 20.17 152.965326  66.964456  4.408
 85    14.386 55185.43448062 22.39 152.961896  66.967516  4.408
 85    14.365 55185.43448126 20.35 152.958456  66.970586  4.408
 86    16.996 55220.43449358 17.64 152.972271  66.970808  6.169
 86    16.963 55220.43449423 17.84 152.968831  66.973878  6.169
 86    16.191 55220.43449487 19.56 152.965401  66.976938  6.169
 86    15.841 55220.43449552 20.46 152.961961  66.980008  6.169
 86    12.836 55220.43449616 20.95 152.958521  66.983078  6.169
 86    13.068 55220.43449681 18.96 152.955081  66.986148  6.169
 87    15.979 55255.43447644 15.70 152.966664  66.967665  5.096
 87    16.159 55255.43447708 15.54 152.963224  66.970735  5.096
 88 14529.791 55290.43448327 16.14 152.976564  66.973918  3.643
 88 14529.442 55290.43448392 15.29 152.973124  66.976978  3.643
 88 14527.834 55290.43448456 17.15 152.969694  66.980048  3.643
 88 14527.090 55290.43448521 17.38 152.966254  66.983118  3.643
 88 14524.587 55290.43448585 17.10 152.962814  66.986188  3.643
 89    14.527 55325.43446222 30.68 152.970949  66.966952 14.100
 89    14.124 55325.43446287 35.02 152.967509  66.970012 14.100
 89    14.083 55325.43446351 31.28 152.964079  66.973082 14.100
 91    14.453 55395.43446505 31.51 152.966061  66.967118 16.637
 91    14.379 55395.43446569 25.51 152.962631  66.970178 16.637
 91    21.463 55395.43446634 21.83 152.959191  66.973248 16.637
 92    15.036 55430.43447555 34.94 152.969970  66.970442 11.683
 92    15.527 55430.43447619 26.41 152.966530  66.973512 11.683
 92    14.804 55430.43447748 24.12 152.959660  66.979642 11.683
 92    14.728 55430.43447813 25.16 152.956220  66.982712 11.683
 92    14.815 55430.43447877 34.41 152.952780  66.985782 11.683
