# NaN NaN NaN ;Mean Elev.(m), Avg Gradient(m/km), RMS Gradient(m/km) - SRTM1     
#   -9.740  -6.705  16.532 ;Mean Elev.(m), Avg Gradient(m/km), RMS Gradient(m/km) - ASTER GDEM
#   14.732  -5.496  16.694 ;Mean Elev.(m), Avg Gradient(m/km), RMS Gradient(m/km) - GMTED2010 
  6    17.298 52438.04773888 48.83 153.652929  67.185405 27.842
  6    17.279 52438.04773952 53.21 153.649439  67.182335 27.842
  6    17.354 52438.04774017 51.87 153.645949  67.179275 27.842
  6    17.430 52438.04774275 51.56 153.631992  67.167016 18.373
  6    17.333 52438.04774339 51.07 153.628502  67.163956 18.373
  7    13.730 52473.04773954 36.44 153.651635  67.182801 15.210
  7    14.329 52473.04774019 41.32 153.648145  67.179741 15.210
  7    13.422 52473.04774277 27.39 153.634195  67.167481 15.210
  7    13.335 52473.04774341 30.52 153.630705  67.164421 15.210
  8    25.493 52508.04770981 23.64 153.654634  67.185617 20.121
  8    13.970 52508.04771045 24.60 153.651144  67.182557 20.121
  8    14.118 52508.04771109 22.93 153.647654  67.179487 20.121
  8    14.151 52508.04771367 20.65 153.633704  67.167237 20.121
  8    13.629 52508.04771432 25.38 153.630214  67.164167 20.121
 11    10.525 52613.04770964 32.82 153.647729  67.184752  9.626
 11    10.744 52613.04771029 30.28 153.644239  67.181682  9.626
 11    10.754 52613.04771093 27.75 153.640749  67.178622  9.626
 11    10.587 52613.04771158 26.26 153.637259  67.175552  9.626
 11    10.765 52613.04771287 25.14 153.630289  67.169422  9.626
 11    10.822 52613.04771351 25.61 153.626799  67.166362  9.626
 12    14.535 52648.04769185 25.20 153.667464  67.185409  9.018
 12    10.315 52648.04769249 25.80 153.663974  67.182349  9.018
 12    10.307 52648.04769314 24.55 153.660484  67.179289  9.018
 12    17.538 52648.04769572 22.43 153.646524  67.167029  9.018
 12    18.768 52648.04769636 21.24 153.643034  67.163959  9.018
 13    15.181 52683.04766710 19.86 153.658495  67.183880  6.132
 13    13.896 52683.04766775 20.47 153.655015  67.180820  6.132
 13    10.560 52683.04767097 19.98 153.637570  67.165495  4.086
 14    16.105 52718.04772331 19.64 153.663439  67.186350  3.811
 14    15.342 52718.04772396 18.88 153.659939  67.183290  3.811
 14    11.700 52718.04772460 20.00 153.656449  67.180220  3.811
 14    10.558 52718.04772718 19.36 153.642499  67.167970  3.811
 14    18.943 52718.04772783 18.66 153.639009  67.164900  3.811
 15    10.872 52753.04775077 18.79 153.629468  67.177947  6.488
 15    10.452 52753.04775141 18.80 153.625978  67.174887  6.488
 15    10.491 52753.04775206 18.59 153.622488  67.171817  6.488
 15    10.608 52753.04775270 17.95 153.619008  67.168757  6.488
 15    10.585 52753.04775335 17.23 153.615521  67.165692  4.022
 17    16.941 52823.04776679 27.03 153.667512  67.180498 14.938
 17    16.798 52823.04777001 27.88 153.650062  67.165178 14.938
 17    18.690 52823.04777066 30.74 153.646572  67.162108 14.938
 18    11.046 52858.04781288 52.23 153.670242  67.183398 45.268
 18    10.925 52858.04781353 51.41 153.666742  67.180338 45.268
 18    11.299 52858.04781675 49.85 153.649302  67.165018 45.268
 19    13.036 52893.04784478 45.24 153.656162  67.185047 29.038
 19    12.569 52893.04784543 48.48 153.652672  67.181987 29.038
 19    12.540 52893.04784607 51.04 153.649182  67.178917 29.038
 19    12.701 52893.04784865 51.12 153.635222  67.166657 29.038
 19    12.712 52893.04784929 48.81 153.631742  67.163597 29.038
 20    10.593 52928.04779751 32.51 153.634288  67.179429 17.492
 20    10.650 52928.04779815 27.40 153.630798  67.176369 17.492
 20    10.722 52928.04779880 27.60 153.627308  67.173309 17.492
 20    10.794 52928.04779944 27.27 153.623828  67.170239 17.492
 20    10.867 52928.04780009 25.99 153.620338  67.167179 17.492
 20    10.838 52928.04780073 25.20 153.616858  67.164109 17.492
 21    10.552 52963.04777551 28.91 153.659284  67.166983  6.575
 21    10.563 52963.04777615 25.75 153.655794  67.163913  6.575
 22    10.615 52998.04781214 24.41 153.653978  67.183559  8.377
 22    10.716 52998.04781279 24.30 153.650488  67.180489  8.377
 22    10.827 52998.04781537 24.39 153.636537  67.168240  5.427
 22    10.814 52998.04781601 26.41 153.633047  67.165170  5.427
 23    11.051 53033.04776865 21.05 153.637479  67.179838  5.826
 23    10.434 53033.04776930 21.64 153.633999  67.176778  5.826
 23    10.229 53033.04776994 21.43 153.630509  67.173718  5.826
 23    10.380 53033.04777059 20.39 153.627019  67.170648  5.826
 23    10.603 53033.04777123 19.51 153.623539  67.167588  5.826
 23    18.324 53033.04777188 18.75 153.620050  67.164520  4.016
 24    14.918 53068.04777947 21.39 153.667790  67.186823  8.033
 24    12.979 53068.04778011 20.68 153.664300  67.183753  8.033
 24    10.340 53068.04778076 20.33 153.660810  67.180693  8.033
 24    18.560 53068.04778398 18.10 153.643365  67.165374  3.954
 25    14.666 53103.04777119 17.84 153.632201  67.178542  4.299
 25    10.459 53103.04777183 18.17 153.628711  67.175472  4.299
 25    10.469 53103.04777248 17.71 153.625231  67.172412  4.299
 25    10.716 53103.04777312 17.06 153.621741  67.169352  4.299
 25    18.242 53103.04777377 16.43 153.618261  67.166282  4.299
 26    11.389 53138.04778359 32.12 153.668961  67.183611 22.951
 26    11.483 53138.04778423 35.03 153.665461  67.180551 22.951
 26    11.774 53138.04778746 28.71 153.648014  67.165232 11.024
 27    20.598 53173.04782717 23.14 153.663672  67.186120 18.776
 27    15.783 53173.04782782 23.22 153.660182  67.183060 18.776
 27    15.759 53173.04782846 25.92 153.656692  67.180000 18.776
 27    15.688 53173.04783104 35.15 153.642732  67.167740 18.776
 27    15.309 53173.04783168 31.65 153.639242  67.164670 18.776
 28    13.696 53208.04784340 54.33 153.654254  67.183707 35.179
 28    13.904 53208.04784404 49.42 153.650764  67.180637 35.179
 28    14.120 53208.04784662 46.13 153.636804  67.168377 35.179
 28    14.029 53208.04784727 53.95 153.633324  67.165317 35.179
 29    12.637 53243.04781079 48.94 153.655102  67.185067 30.159
 29    12.898 53243.04781143 46.34 153.651612  67.181997 30.159
 29    12.759 53243.04781208 51.49 153.648122  67.178937 30.159
 29    13.024 53243.04781466 46.71 153.634172  67.166677 30.159
 29    12.909 53243.04781530 47.15 153.630687  67.163612  9.945
 30    14.313 53278.04778983 47.58 153.654884  67.165646 13.428
 30    14.504 53278.04779048 48.90 153.651394  67.162586 13.428
 31    16.282 53313.04781705 19.66 153.660621  67.184995  6.948
 31    15.025 53313.04781769 20.00 153.657131  67.181935  6.948
 31    12.074 53313.04781834 20.86 153.653641  67.178875  6.948
 31    12.035 53313.04782092 20.66 153.639681  67.166615  6.948
 31    18.676 53313.04782156 18.19 153.636201  67.163545  6.948
 32    18.232 53348.04778292 16.60 153.657165  67.184896  4.395
 32    17.347 53348.04778357 16.23 153.653675  67.181836  4.395
 32    15.094 53348.04778421 17.23 153.650185  67.178776  4.395
 32    18.480 53348.04778679 17.66 153.636235  67.166516  4.395
 32    18.680 53348.04778744 15.32 153.632755  67.163446  4.395
 33    17.651 53383.04775350 15.89 153.656168  67.167731  4.605
 33    18.258 53383.04775415 14.17 153.652673  67.164667  3.140
 34    16.705 53418.04776187 13.76 153.666481  67.185006  4.300
 34    15.602 53418.04776251 13.95 153.662991  67.181946  4.300
 34    16.128 53418.04776316 14.15 153.659501  67.178886  4.300
 34    18.481 53418.04776574 13.15 153.645551  67.166626  4.300
 34    18.972 53418.04776638 12.88 153.642061  67.163556  4.300
 36    18.214 53488.04784977  8.76 153.655978  67.185918  3.587
 36    16.464 53488.04785041  9.80 153.652488  67.182848  3.587
 36    15.781 53488.04785106  9.90 153.648998  67.179788  3.587
 36    18.445 53488.04785364  9.28 153.635038  67.167528  3.587
 36    18.839 53488.04785428  8.71 153.631557  67.164466  3.462
 37    22.068 53523.04783908 18.88 153.662075  67.184615 19.149
 37    20.542 53523.04783973 18.16 153.658585  67.181555 19.149
 37    18.554 53523.04784037 21.06 153.655095  67.178495 19.149
 37    18.968 53523.04784295 26.49 153.641145  67.166235 19.149
 37    19.409 53523.04784359 28.77 153.637655  67.163165 19.149
 38    15.114 53558.04786489 36.87 153.651451  67.186490 20.710
 38    14.746 53558.04786553 27.54 153.647961  67.183430 20.710
 38    14.907 53558.04786618 24.06 153.644471  67.180360 20.710
 38    15.395 53558.04786682 23.51 153.640981  67.177300 20.710
 38    13.518 53558.04786875 32.63 153.630511  67.168100 20.710
 38    13.517 53558.04786940 30.31 153.627031  67.165040 20.710
 39    21.103 53593.04780246 17.04 153.654656  67.184162 14.842
 39    19.094 53593.04780311 18.19 153.651166  67.181092 14.842
 39    16.858 53593.04780375 27.05 153.647676  67.178032 14.842
 39    20.028 53593.04780633 18.92 153.633736  67.165772 14.842
 40    14.722 53628.04779395 43.78 153.667685  67.179863 32.118
 40    13.030 53628.04779653 42.63 153.653725  67.167613 32.118
 40    12.897 53628.04779717 51.66 153.650235  67.164543 32.118
 41    10.902 53663.04781818 43.78 153.660222  67.184733 36.968
 41    10.982 53663.04781883 41.14 153.656732  67.181663 36.968
 41    11.013 53663.04781947 39.79 153.653242  67.178603 36.968
 41    11.148 53663.04782205 43.26 153.639292  67.166343 36.968
 41    11.025 53663.04782269 48.35 153.635798  67.163283 10.097
 42    10.436 53698.04778099 30.43 153.653669  67.185558 12.085
 42    10.621 53698.04778164 30.11 153.650179  67.182498 12.085
 42    10.553 53698.04778228 37.04 153.646689  67.179438 12.085
 42    10.573 53698.04778486 28.74 153.632739  67.167178 12.085
 42    10.569 53698.04778550 28.12 153.629259  67.164108 12.085
 43    16.285 53733.04770367 24.62 153.648267  67.185288  7.703
 43    11.030 53733.04770431 26.04 153.644777  67.182228  7.703
 43    10.738 53733.04770496 26.84 153.641287  67.179158  7.703
 43    10.420 53733.04770560 25.88 153.637797  67.176098  7.703
 43    10.673 53733.04770754 25.50 153.627337  67.166898  7.703
 44    13.652 53768.04768215 23.24 153.669506  67.183282 14.289
 44    13.465 53768.04768280 22.60 153.666016  67.180222 14.289
 44    18.563 53768.04768602 19.29 153.648568  67.164893  4.393
 45    17.376 53803.04768062 18.81 153.653088  67.185425  5.881
 45    16.853 53803.04768126 18.39 153.649598  67.182365  5.881
 45    14.757 53803.04768191 18.75 153.646108  67.179295  5.881
 45    17.295 53803.04768449 17.52 153.632168  67.167035  5.881
 45    18.272 53803.04768513 17.49 153.628678  67.163975  5.881
 47    11.213 53873.04774509 33.52 153.664211  67.184927 34.362
 47    11.282 53873.04774573 34.02 153.660711  67.181867 34.362
 47    11.326 53873.04774638 35.60 153.657221  67.178797 34.362
 47    11.572 53873.04774896 27.77 153.643271  67.166537 34.362
 47    11.657 53873.04774960 32.91 153.639781  67.163477 34.362
 48    19.819 53908.04778742 18.70 153.658662  67.183875 18.808
 48    13.154 53908.04778806 22.68 153.655172  67.180805 18.808
 48    18.941 53908.04779128 23.58 153.637732  67.165485 18.808
 49    12.647 53943.04781254 36.02 153.650304  67.186029 22.622
 49    12.396 53943.04781318 25.75 153.646814  67.182959 22.622
 49    12.485 53943.04781383 26.66 153.643324  67.179899 22.622
 49    12.523 53943.04781447 26.43 153.639834  67.176829 22.622
 49    12.788 53943.04781641 21.07 153.629364  67.167639 22.622
 49    12.737 53943.04781705 32.26 153.625884  67.164579 22.622
 50    35.642 53978.04776565 32.56 153.640611  67.180954 19.368
 50    17.859 53978.04776630 37.27 153.637131  67.177894 19.368
 50    19.442 53978.04776694 42.30 153.633641  67.174824 19.368
 50    18.692 53978.04776758 38.75 153.630151  67.171764 19.368
 50    17.596 53978.04776823 38.37 153.626671  67.168694 19.368
 50    17.918 53978.04776887 39.11 153.623181  67.165634 19.368
 51    18.236 54013.04777648 30.62 153.659647  67.167132 16.406
 51    11.448 54013.04777712 25.32 153.656157  67.164072 16.406
 52    10.979 54048.04778209 23.17 153.669718  67.185697 17.678
 52    10.951 54048.04778273 22.57 153.666228  67.182637 17.678
 52    10.938 54048.04778338 23.16 153.662728  67.179567 17.678
 52    10.982 54048.04778596 26.69 153.648778  67.167307 17.678
 52    11.081 54048.04778660 33.31 153.645288  67.164247 17.678
 54    14.985 54118.04770713 17.27 153.634843  67.179908  5.353
 54    10.601 54118.04770777 18.97 153.631363  67.176848  5.353
 54    10.509 54118.04770842 19.29 153.627873  67.173778  5.353
 54    10.572 54118.04770906 18.81 153.624383  67.170718  5.353
 54    10.746 54118.04770971 18.36 153.620903  67.167648  5.353
 54    10.442 54118.04771035 18.00 153.617423  67.164588  5.353
 55    17.005 54153.04772900 16.75 153.657752  67.184054  4.815
 55    16.764 54153.04772965 17.07 153.654262  67.180994  4.815
 55    10.609 54153.04773287 17.06 153.636822  67.165674  4.815
 57    10.656 54223.04773842 12.43 153.664912  67.185344  4.905
 57    11.033 54223.04773906 10.79 153.661422  67.182284  4.905
 57    11.019 54223.04773971 11.47 153.657932  67.179214  4.905
 57    10.569 54223.04774229 11.44 153.643980  67.166965  3.887
 57    10.580 54223.04774293 11.67 153.640490  67.163895  3.887
 58    22.478 54258.04776043 42.63 153.659483  67.184914 27.146
 58    22.387 54258.04776107 44.11 153.655993  67.181854 27.146
 58    21.897 54258.04776172 42.40 153.652503  67.178784 27.146
 58    19.655 54258.04776430 44.63 153.638552  67.166532 12.358
 58    19.136 54258.04776494 43.69 153.635062  67.163462 12.358
 59    15.312 54293.04776342 31.16 153.660157  67.183723 15.504
 59    15.360 54293.04776407 30.82 153.656667  67.180663 15.504
 59    15.524 54293.04776729 28.68 153.639221  67.165343 11.110
 60    13.915 54328.04775891 54.35 153.655403  67.183909 42.439
 60    13.990 54328.04775956 50.66 153.651913  67.180849 42.439
 60    14.060 54328.04776214 48.94 153.637963  67.168589 42.439
 60    14.209 54328.04776278 49.50 153.634483  67.165525 13.878
 61    17.499 54363.04770836 18.95 153.637915  67.180754 14.272
 61    14.714 54363.04770901 22.61 153.634435  67.177694 14.272
 61    15.396 54363.04770965 21.69 153.630945  67.174624 14.272
 61    14.310 54363.04771030 23.10 153.627455  67.171564 14.272
 61    14.064 54363.04771094 23.26 153.623975  67.168504 14.272
 61    14.412 54363.04771159 22.05 153.620490  67.165434  6.957
 62    11.377 54398.04769825 31.46 153.664814  67.185098 21.600
 62    11.390 54398.04769889 31.33 153.661324  67.182038 21.600
 62    11.324 54398.04769954 29.94 153.657824  67.178968 21.600
 62    11.596 54398.04770212 30.79 153.643874  67.166708 21.600
 62    11.666 54398.04770276 35.81 153.640384  67.163648 21.600
 63    10.772 54433.04765704 23.75 153.648989  67.184597  6.626
 63    10.852 54433.04765769 23.30 153.645499  67.181527  6.626
 63    10.667 54433.04765833 24.52 153.642019  67.178467  6.626
 63    10.604 54433.04765898 24.47 153.638529  67.175397  6.626
 63    10.744 54433.04766027 23.45 153.631559  67.169277  6.626
 63    10.898 54433.04766091 22.39 153.628069  67.166207  6.626
 64    16.983 54468.04768019 17.01 153.671561  67.185796  5.528
 64    14.690 54468.04768084 17.62 153.668071  67.182736  5.528
 64    10.525 54468.04768148 19.45 153.664581  67.179666  5.528
 64    10.599 54468.04768406 18.21 153.650621  67.167416  5.528
 64    10.740 54468.04768470 17.54 153.647131  67.164346  5.528
 65    17.238 54503.04767259 17.01 153.652874  67.186148  4.942
 65    11.066 54503.04767324 17.45 153.649384  67.183088  4.942
 65    11.164 54503.04767388 17.63 153.645894  67.180018  4.942
 65    10.511 54503.04767453 18.90 153.642404  67.176958  4.942
 65    10.701 54503.04767646 17.26 153.631944  67.167758  4.942
 65    10.723 54503.04767711 17.17 153.628464  67.164698  4.942
 66    10.494 54538.04769632 18.27 153.659747  67.184687  6.012
 66    10.704 54538.04769697 18.34 153.656257  67.181617  6.012
 66    14.051 54538.04769761 17.40 153.652767  67.178557  6.012
 66    10.558 54538.04770019 16.89 153.638815  67.166298  3.441
 66    18.605 54538.04770084 16.09 153.635335  67.163238  3.441
 67    17.126 54573.04767361 13.51 153.650020  67.186625  3.735
 67    16.376 54573.04767425 13.44 153.646530  67.183565  3.735
 67    13.240 54573.04767490 13.98 153.643040  67.180505  3.735
 67    11.243 54573.04767554 14.22 153.639550  67.177435  3.735
 67    10.761 54573.04767748 14.02 153.629090  67.168245  3.735
 67    10.708 54573.04767812 13.91 153.625603  67.165177  3.262
 68    20.504 54608.04768935 48.15 153.660421  67.184835 32.107
 68    20.314 54608.04768999 43.91 153.656931  67.181775 32.107
 68    20.237 54608.04769064 49.51 153.653441  67.178705 32.107
 68    20.366 54608.04769321 49.23 153.639488  67.166454 13.669
 68    20.282 54608.04769386 46.48 153.635998  67.163384 13.669
 69    13.826 54643.04769780 44.97 153.657777  67.186217 29.813
 69    15.828 54643.04769844 47.62 153.654287  67.183157 29.813
 69    14.439 54643.04769909 45.29 153.650797  67.180087 29.813
 69    12.789 54643.04770166 49.14 153.636839  67.167836 18.889
 69    12.891 54643.04770231 52.36 153.633359  67.164766 18.889
 70    11.563 54678.04769977 25.81 153.657928  67.184708 21.933
 70    11.647 54678.04770042 25.77 153.654438  67.181648 21.933
 70    11.649 54678.04770106 27.91 153.650948  67.178578 21.933
 70    11.967 54678.04770364 25.53 153.636989  67.166326  8.962
 70    19.089 54678.04770428 27.53 153.633509  67.163256  8.962
 71    11.234 54713.04765309 41.29 153.647298  67.185636 25.770
 71    11.016 54713.04765374 28.56 153.643808  67.182566 25.770
 71    11.285 54713.04765438 24.70 153.640318  67.179506 25.770
 71    15.593 54713.04765503 22.01 153.636838  67.176436 25.770
 71    11.997 54713.04765696 21.98 153.626378  67.167246 25.770
 72    11.878 54748.04766843 31.39 153.665047  67.186306 23.310
 72    11.983 54748.04766908 42.21 153.661557  67.183246 23.310
 72    12.070 54748.04766972 44.34 153.658067  67.180176 23.310
 72    12.079 54748.04767230 32.07 153.644107  67.167926 23.310
 72    12.421 54748.04767295 35.76 153.640617  67.164856 23.310
 73    11.180 54783.04764016 38.34 153.654456  67.184408 19.981
 73    11.257 54783.04764081 49.16 153.650966  67.181338 19.981
 73    11.327 54783.04764145 34.39 153.647476  67.178278 19.981
 73    11.137 54783.04764403 32.34 153.633530  67.166017  8.051
 74    15.023 54818.04766123 23.02 153.665209  67.184893  7.771
 74    14.650 54818.04766188 23.09 153.661709  67.181833  7.771
 74    11.010 54818.04766252 23.44 153.658219  67.178763  7.771
 74    10.684 54818.04766510 24.27 153.644263  67.166504  5.121
 74    18.565 54818.04766574 22.37 153.640783  67.163444  5.121
 75    15.573 54853.04763731 21.02 153.653122  67.184341  5.675
 75    11.555 54853.04763795 21.90 153.649642  67.181281  5.675
 75    13.859 54853.04763860 21.68 153.646152  67.178211  5.675
 75    10.732 54853.04764118 20.56 153.632196  67.165958  4.227
 76    15.788 54888.04766605 19.09 153.659021  67.185179  5.766
 76    14.968 54888.04766670 18.93 153.655531  67.182109  5.766
 76    11.066 54888.04766734 20.15 153.652041  67.179049  5.766
 76    10.524 54888.04766992 19.84 153.638093  67.166791  3.995
 76    18.724 54888.04767057 17.93 153.634603  67.163731  3.995
 77    10.992 54923.04763866 19.38 153.635359  67.180612  5.692
 77    10.739 54923.04763930 19.64 153.631869  67.177552  5.692
 77    10.646 54923.04763995 19.63 153.628389  67.174482  5.692
 77    10.619 54923.04764059 18.96 153.624899  67.171422  5.692
 77    10.723 54923.04764124 18.49 153.621420  67.168353  4.581
 77    10.826 54923.04764188 18.76 153.617930  67.165293  4.581
 78    12.103 54958.04766249 15.17 153.664470  67.184730 21.107
 78    12.055 54958.04766314 17.89 153.660970  67.181670 21.107
 78    11.800 54958.04766378 16.83 153.657480  67.178600 21.107
 78    11.384 54958.04766636 18.74 153.643521  67.166350  9.669
 78    11.134 54958.04766700 18.33 153.640041  67.163280  9.669
 79    22.314 54993.04768506 18.97 153.658605  67.186517 17.619
 79    21.377 54993.04768570 16.97 153.655115  67.183457 17.619
 79    14.284 54993.04768635 24.19 153.651615  67.180387 17.619
 79    14.578 54993.04768893 29.23 153.637667  67.168136  6.759
 79    18.990 54993.04768957 21.45 153.634177  67.165066  6.759
 80    12.206 55028.04767601 49.57 153.654883  67.184000 35.061
 80    11.900 55028.04767666 52.20 153.651393  67.180930 35.061
 80    11.959 55028.04767730 48.07 153.647903  67.177870 35.061
 80    12.220 55028.04767924 34.54 153.637433  67.168678 13.334
 80    12.093 55028.04767988 35.51 153.633953  67.165608 13.334
 82    12.505 55098.04761672 28.71 153.632209  67.178031 27.339
 82    17.107 55098.04761737 24.28 153.628719  67.174971 27.339
 82    12.316 55098.04761801 26.68 153.625239  67.171901 27.339
 82    16.420 55098.04761866 22.61 153.621749  67.168841 27.339
 82    12.379 55098.04761930 26.49 153.618268  67.165772  7.601
 83    10.732 55133.04761184 33.48 153.662455  67.184189 25.463
 83    10.709 55133.04761248 34.41 153.658965  67.181129 25.463
 83    10.830 55133.04761571 48.78 153.641522  67.165803 12.393
 83    10.984 55133.04761635 46.91 153.638032  67.162733 12.393
 84    10.839 55168.04757755 37.74 153.651750  67.183587 11.772
 84    10.868 55168.04757819 42.90 153.648260  67.180527 11.772
 84    10.779 55168.04757884 25.78 153.644770  67.177457 11.772
 84    10.842 55168.04758077 22.63 153.634310  67.168267 11.772
 84    17.350 55168.04758142 21.91 153.630821  67.165202  4.408
 85    10.330 55203.04760409 23.09 153.663009  67.184784  9.402
 85    10.262 55203.04760473 23.63 153.659519  67.181724  9.402
 85    10.398 55203.04760538 22.19 153.656019  67.178654  9.402
 85    10.562 55203.04760796 22.37 153.642069  67.166396  4.602
 85    18.561 55203.04760860 21.78 153.638579  67.163336  4.602
 86    16.994 55238.04758484 18.69 153.649937  67.186558  4.941
 86    15.473 55238.04758548 19.12 153.646457  67.183498  4.941
 86    14.066 55238.04758613 19.78 153.642967  67.180428  4.941
 86    10.649 55238.04758677 21.40 153.639477  67.177368  4.941
 86    10.263 55238.04758870 19.94 153.629012  67.168175  4.060
 86    16.892 55238.04758935 19.34 153.625532  67.165105  4.060
 87    15.088 55273.04759779 19.50 153.658302  67.186093  5.959
 87    13.218 55273.04759843 19.47 153.654812  67.183033  5.959
 87    11.604 55273.04759907 19.97 153.651322  67.179963  5.959
 87    10.486 55273.04760165 19.31 153.637363  67.167712  4.166
 87    18.269 55273.04760230 18.24 153.633883  67.164642  4.166
 88    11.150 55308.04756888 20.25 153.638523  67.178750  5.952
 88    10.737 55308.04756953 19.96 153.635033  67.175690  5.952
 88    10.469 55308.04757017 20.19 153.631553  67.172620  5.952
 88    10.712 55308.04757082 19.28 153.628063  67.169560  5.952
 88    10.725 55308.04757146 18.36 153.624575  67.166490  4.525
 89    20.166 55343.04756729 22.38 153.660159  67.184303 19.706
 89    17.484 55343.04756794 26.77 153.656669  67.181233 19.706
 89    18.488 55343.04757116 24.45 153.639229  67.165913 19.706
 89    19.058 55343.04757181 27.67 153.635748  67.162850  6.428
 90    14.409 55378.04756191 37.80 153.652232  67.183817 16.581
 90    14.878 55378.04756256 46.40 153.648742  67.180747 16.581
 90    14.865 55378.04756320 35.73 153.645252  67.177687 16.581
 90    14.540 55378.04756513 26.15 153.634791  67.168495  7.724
 90    14.883 55378.04756578 27.49 153.631311  67.165425  7.724
 91    10.671 55413.04758534 32.10 153.666485  67.185532 19.525
 91    10.758 55413.04758599 32.75 153.662995  67.182472 19.525
 91    10.834 55413.04758663 32.45 153.659505  67.179402 19.525
 91    11.746 55413.04758921 30.66 153.645554  67.167153 14.049
 91    11.045 55413.04758986 38.22 153.642064  67.164083 14.049
 92    20.443 55448.04757567 15.85 153.654283  67.183783 17.417
 92    18.400 55448.04757631 17.34 153.650793  67.180713 17.417
 92    13.794 55448.04757889 25.73 153.636843  67.168453 17.417
 92    13.588 55448.04757954 29.42 153.633353  67.165393 17.417
 93    11.651 55483.04750569 45.16 153.635399  67.180136 27.062
 93    11.777 55483.04750634 47.66 153.631909  67.177076 27.062
 93    11.789 55483.04750698 36.81 153.628429  67.174016 27.062
 93    11.765 55483.04750763 34.76 153.624939  67.170946 27.062
 93    11.815 55483.04750827 47.84 153.621459  67.167886 27.062
 93    11.790 55483.04750892 42.63 153.617968  67.164816 11.918
