-154640.644    -2.497     0.00    0.00
-154266.005    -2.497     0.00    0.00
-153891.456    -2.497     0.00    0.00
-153516.999    -2.497     0.00    0.00
-153142.633    -2.497     0.00    0.00
-152768.358    -2.497     0.00    0.00
-152394.173    -2.497     0.00    0.00
-152020.080    -2.497     0.00    0.00
-151646.077    -2.497     0.00    0.00
-151272.165    -2.497     0.00    0.00
-150898.343    -2.497     0.00    0.00
-150524.612    -2.497     0.00    0.00
-150150.972    -2.497     0.00    0.00
-149777.422    -2.497     0.00    0.00
-149403.962    -2.497     0.00    0.00
-149030.593    -2.497     0.00    0.00
-148657.313    -2.497     0.00    0.00
-148284.124    -2.497     0.00    0.00
-147911.026    -2.497     0.00    0.00
-147538.017    -2.497     0.00    0.00
-147165.098    -2.497     0.00    0.00
-146792.269    -2.497     0.00    0.00
-146419.530    -2.497     0.00    0.00
-146046.880    -2.497     0.00    0.00
-145674.320    -2.497     0.00    0.00
-145301.850    -2.497     0.00    0.00
-144929.470    -2.497     0.00    0.00
-144557.179    -2.497     0.00    0.00
-144184.978    -2.497     0.00    0.00
-143812.866    -2.497     0.00    0.00
-143440.843    -2.497     0.00    0.00
-143068.909    -2.497     0.00    0.00
-142697.065    -2.497     0.00    0.00
-142325.310    -2.497     0.00    0.00
-141953.644    -2.497     0.00    0.00
-141582.067    -2.497     0.00    0.00
-141210.579    -2.497     0.00    0.00
-140839.179    -2.497     0.00    0.00
-140467.869    -2.497     0.00    0.00
-140096.647    -2.497     0.00    0.00
-139725.514    -2.497     0.00    0.00
-139354.470    -2.497     0.00    0.00
-138983.514    -2.497     0.00    0.00
-138612.647    -2.497     0.00    0.00
-138241.868    -2.497     0.00    0.00
-137871.178    -2.497     0.00    0.00
-137500.576    -2.497     0.00    0.00
-137130.062    -2.497     0.00    0.00
-136759.636    -2.497     0.00    0.00
-136389.299    -2.497     0.00    0.00
-136019.049    -2.497     0.00    0.00
-135648.888    -2.497     0.00    0.00
-135278.814    -2.497     0.00    0.00
-134908.829    -2.497     0.00    0.00
-134538.931    -2.497     0.00    0.00
-134169.121    -2.497     0.00    0.00
-133799.399    -2.497     0.00    0.00
-133429.764    -2.497     0.00    0.00
-133060.217    -2.497     0.00    0.00
-132690.757    -2.497     0.00    0.00
-132321.385    -2.497     0.00    0.00
-131952.100    -2.497     0.00    0.00
-131582.903    -2.497     0.00    0.00
-131213.792    -2.497     0.00    0.00
-130844.769    -2.497     0.00    0.00
-130475.834    -2.497     0.00    0.00
-130106.985    -2.497     0.00    0.00
-129738.223    -2.497     0.00    0.00
-129369.548    -2.497     0.00    0.00
-129000.960    -2.497     0.00    0.00
-128632.459    -2.497     0.00    0.00
-128264.045    -2.497     0.00    0.00
-127895.717    -2.497     0.00    0.00
-127527.476    -2.497     0.00    0.00
-127159.322    -2.497     0.00    0.00
-126791.254    -2.497     0.00    0.00
-126423.273    -2.497     0.00    0.00
-126055.378    -2.497     0.00    0.00
-125687.569    -2.497     0.00    0.00
-125319.847    -2.497     0.00    0.00
-124952.211    -2.497     0.00    0.00
-124584.661    -2.497     0.00    0.00
-124217.197    -2.497     0.00    0.00
-123849.820    -2.497     0.00    0.00
-123482.528    -2.497     0.00    0.00
-123115.322    -2.497     0.00    0.00
-122748.202    -2.497     0.00    0.00
-122381.168    -2.497     0.00    0.00
-122014.220    -2.497     0.00    0.00
-121647.357    -2.497     0.00    0.00
-121280.580    -2.497     0.00    0.00
-120913.889    -2.497     0.00    0.00
-120547.283    -2.497     0.00    0.00
-120180.762    -2.497     0.00    0.00
-119814.327    -2.497     0.00    0.00
-119447.977    -2.497     0.00    0.00
-119081.713    -2.497     0.00    0.00
-118715.533    -2.497     0.00    0.00
-118349.439    -2.497     0.00    0.00
-117983.430    -2.497     0.00    0.00
-117617.506    -2.497     0.00    0.00
-117251.667    -2.497     0.00    0.00
-116885.913    -2.497     0.00    0.00
-116520.244    -2.497     0.00    0.00
-116154.659    -2.497     0.00    0.00
-115789.160    -2.497     0.00    0.00
-115423.745    -2.497     0.00    0.00
-115058.414    -2.497     0.00    0.00
-114693.168    -2.497     0.00    0.00
-114328.007    -2.497     0.00    0.00
-113962.930    -2.497     0.00    0.00
-113597.938    -2.459     0.10    0.23
-113233.030    -2.451     0.02    0.28
-112868.206    -2.439     0.03    0.44
-112503.466    -2.497    -0.16    0.00
-112138.811    -2.497     0.00    0.00
-111774.239    -2.497     0.00    0.00
-111409.752    -2.413     0.23    0.46
-111045.349    -2.247     0.46    0.82
-110681.029    -2.069     0.49    1.02
-110300.159    -2.068     0.00    0.99
-109918.174    -2.176    -0.28    0.88
-109536.284    -2.366    -0.50    0.62
-109154.487    -2.497    -0.34    0.00
-108772.785    -2.386     0.29    0.54
-108391.177    -2.001     1.01    1.01
-108009.663    -1.357     1.69    1.77
-107628.243    -0.366     2.60    2.12
-107246.916     0.429     2.09    2.02
-106865.684     0.989     1.47    1.76
-106484.545     1.164     0.46    1.60
-106103.500     0.815    -0.92    1.59
-105722.549     0.531    -0.75    1.25
-105341.691     0.095    -1.14    0.99
-104960.927    -0.215    -0.82    0.87
-104580.256    -0.449    -0.61    0.86
-104199.678    -0.849    -1.05    0.65
-103819.194    -0.843     0.01    0.54
-103438.803    -0.793     0.13    0.48
-103058.505    -0.393     1.05    0.55
-102678.300     0.013     1.07    0.50
-102298.188     0.284     0.71    0.42
-101918.169     0.587     0.80    0.34
-101538.243     0.653     0.17    0.38
-101158.410     0.668     0.04    0.40
-100778.669     0.671     0.01    0.38
-100399.022     0.815     0.38    0.58
-100019.466     1.101     0.76    0.66
 -99640.004     1.683     1.53    0.85
 -99260.634     2.311     1.66    0.86
 -98881.356     2.813     1.33    0.85
 -98502.170     3.309     1.31    0.48
 -98123.077     3.483     0.46    0.14
 -97744.076     3.244    -0.63    0.99
 -97365.167     2.973    -0.71    1.37
 -96986.350     3.067     0.25    1.22
 -96607.626     3.301     0.62    0.77
 -96228.993     3.457     0.41    0.32
 -95850.452     3.503     0.12    0.00
 -95472.003     3.485    -0.05    0.14
 -95093.645     3.124    -0.95    1.14
 -94715.380     2.701    -1.12    1.65
 -94337.206     2.114    -1.55    2.02
 -93959.123     0.607    -3.99    2.26
 -93581.132    -0.338    -2.50    2.00
 -93203.232    -0.949    -1.62    1.47
 -92825.424    -1.497    -1.45    0.00
 -92447.707    -1.497     0.00    0.00
 -92070.081    -1.497     0.00    0.00
 -91692.546    -1.497     0.00    0.00
 -91315.103    -1.497     0.00    0.00
 -90937.750    -1.497     0.00    0.00
 -90560.489    -1.497     0.00    0.00
 -90183.318    -1.497     0.00    0.00
 -89806.238    -1.497     0.00    0.00
 -89429.249    -1.142     0.94    0.91
 -89052.351    -0.285     2.27    1.57
 -88675.543     0.613     2.38    1.61
 -88298.826     1.483     2.31    1.02
 -87922.199     1.668     0.49    0.66
 -87545.663     1.325    -0.91    1.00
 -87169.217     0.797    -1.40    1.56
 -86792.861     0.351    -1.19    1.76
 -86416.596    -0.310    -1.76    1.68
 -86040.421    -0.978    -1.78    1.23
 -85664.336    -1.440    -1.23    0.33
 -85288.341    -1.459    -0.05    0.27
 -84912.436    -1.276     0.49    0.88
 -84536.621    -1.231     0.12    0.98
 -84160.896    -1.333    -0.27    0.70
 -83785.261    -1.487    -0.41    0.10
 -83409.715    -1.497    -0.02    0.00
 -83034.259    -1.029     1.25    1.14
 -82658.893    -0.195     2.22    1.62
 -82283.616     0.840     2.76    1.58
 -81908.429     1.513     1.79    1.10
 -81533.331     1.559     0.12    1.19
 -81158.323     0.774    -2.09    1.60
 -80783.404     0.206    -1.52    1.51
 -80408.574    -0.057    -0.70    1.45
 -80033.833    -0.252    -0.52    1.21
 -79659.181     0.063     0.84    1.09
 -79284.619     0.231     0.45    1.05
 -78910.145     0.569     0.90    0.97
 -78535.760     1.135     1.51    1.38
 -78161.464     1.746     1.63    2.14
 -77787.257     2.522     2.07    2.72
 -77413.139     3.154     1.69    3.01
 -77039.109     3.861     1.89    3.18
 -76665.168     4.473     1.64    3.08
 -76291.316     5.260     2.11    2.67
 -75917.552     5.827     1.52    2.29
 -75543.876     5.999     0.46    1.80
 -75170.289     6.046     0.13    1.45
 -74796.790     5.683    -0.97    1.48
 -74423.379     5.307    -1.01    1.30
 -74050.057     4.866    -1.18    0.96
 -73676.822     4.586    -0.75    0.45
 -73303.676     4.503    -0.22    0.00
 -72930.617     4.503     0.00    0.00
 -72557.647     4.503     0.00    0.00
 -72184.764     4.503     0.00    0.00
 -71811.970     4.503     0.00    0.00
 -71439.262     4.503     0.00    0.00
 -71066.643     4.503     0.00    0.00
 -70694.111     4.503     0.00    0.00
 -70321.667     4.503     0.00    0.00
 -69949.310     4.503     0.00    0.00
 -69577.041     4.503     0.00    0.00
 -69204.859     4.503     0.00    0.00
 -68832.765     4.503     0.00    0.00
 -68460.757     4.503     0.00    0.00
 -68088.837     5.027     1.41    1.15
 -67717.004     5.852     2.22    1.57
 -67345.258     6.667     2.19    1.38
 -66973.600     7.120     1.22    0.99
 -66602.028     6.944    -0.47    1.14
 -66230.543     6.111    -2.24    1.47
 -65859.144     5.475    -1.71    1.44
 -65487.833     4.941    -1.44    1.14
 -65116.608     4.577    -0.98    0.38
 -64745.470     4.503    -0.20    0.00
 -64374.419     4.503     0.00    0.00
 -64003.454     4.768     0.71    1.11
 -63632.575     5.758     2.67    2.22
 -63261.783     6.984     3.31    2.56
 -62891.077     9.154     5.85    2.75
 -62520.458    11.362     5.96    2.65
 -62149.925    12.170     2.18    3.38
 -61779.478    12.355     0.50    4.03
 -61409.117    12.153    -0.55    4.61
 -61038.842    12.326     0.47    4.35
 -60668.653    12.833     1.37    4.06
 -60298.550    13.315     1.30    3.18
 -59928.533    13.232    -0.22    2.26
 -59558.602    12.018    -3.28    2.32
 -59188.756    11.781    -0.64    2.09
 -58818.997    12.678     2.43    2.59
 -58449.322    14.333     4.48    2.47
 -58079.734    15.675     3.63    1.34
 -57710.231    16.170     1.34    0.66
 -57340.813    16.324     0.42    0.71
 -56971.481    16.801     1.29    1.20
 -56602.234    17.290     1.32    1.33
 -56233.073    17.288    -0.01    1.28
 -55863.996    17.167    -0.33    1.08
 -55495.005    17.008    -0.43    0.68
 -55126.099    17.046     0.10    0.56
 -54757.278    17.088     0.11    0.63
 -54388.542    17.323     0.64    0.93
 -54019.891    17.485     0.44    1.25
 -53651.325    17.765     0.76    1.53
 -53282.844    17.852     0.24    1.52
 -52914.447    17.579    -0.74    1.53
 -52546.135    17.208    -1.01    1.51
 -52177.908    17.466     0.70    1.50
 -51809.765    18.156     1.87    1.50
 -51441.707    19.201     2.84    1.42
 -51073.734    19.932     1.99    1.25
 -50705.844    20.730     2.17    0.72
 -50338.040    21.088     0.97    0.67
 -49970.319    21.680     1.61    1.24
 -49602.683    22.503     2.24    1.57
 -49235.130    22.572     0.19    1.80
 -48867.662    21.673    -2.45    2.28
 -48500.279    20.503    -3.18    2.14
 -48132.979    19.263    -3.38    1.01
 -47765.763    18.843    -1.14    0.66
 -47398.631    18.562    -0.76    0.28
 -47031.582    18.796     0.64    0.66
 -46664.618    19.062     0.73    0.90
 -46297.737    19.032    -0.08    0.86
 -45930.940    18.956    -0.21    0.79
 -45564.227    18.662    -0.80    0.48
 -45197.597    18.541    -0.33    0.19
 -44831.050    18.523    -0.05    0.14
 -44464.588    18.683     0.44    0.47
 -44098.208    18.730     0.13    0.54
 -43731.912    18.744     0.04    0.55
 -43365.699    19.073     0.90    0.88
 -42999.569    19.718     1.76    1.24
 -42633.523    20.155     1.19    1.20
 -42267.559    20.348     0.53    1.13
 -41901.679    20.202    -0.40    1.32
 -41535.881    20.279     0.21    1.42
 -41170.167    20.401     0.33    1.48
 -40804.535    20.437     0.10    1.56
 -40438.987    20.620     0.50    1.69
 -40073.521    21.199     1.58    1.81
 -39708.137    21.881     1.87    1.91
 -39342.837    22.988     3.03    1.79
 -38977.619    23.661     1.84    2.25
 -38612.483    23.907     0.67    2.72
 -38247.430    24.618     1.95    2.99
 -37882.460    25.303     1.88    2.64
 -37517.572    26.105     2.20    1.71
 -37152.766    26.786     1.87    0.98
 -36788.043    26.993     0.57    0.91
 -36423.401    27.065     0.20    0.84
 -36058.842    26.720    -0.95    1.39
 -35684.038    25.186    -4.09    2.67
 -35302.222    23.270    -5.02    3.38
 -34920.497    21.265    -5.25    3.12
 -34538.865    19.683    -4.15    2.19
 -34157.324    18.668    -2.66    0.69
 -33775.875    18.513    -0.41    0.10
 -33394.518    19.066     1.45    1.40
 -33013.252    20.772     4.47    2.78
 -32632.078    23.072     6.03    2.98
 -32250.996    24.937     4.89    2.04
 -31870.005    25.543     1.59    1.56
 -31489.105    24.383    -3.05    2.76
 -31108.297    23.246    -2.99    2.97
 -30727.579    22.550    -1.83    2.53
 -30346.953    21.728    -2.16    2.25
 -29966.418    21.230    -1.31    2.39
 -29585.974    20.218    -2.66    2.28
 -29205.621    19.027    -3.13    1.83
 -28825.359    18.345    -1.79    1.32
 -28445.188    18.087    -0.68    1.38
 -28065.108    18.125     0.10    1.65
 -27685.118    18.199     0.19    1.80
 -27305.219    18.099    -0.26    1.66
 -26925.411    17.608    -1.29    0.50
 -26545.693    17.532    -0.20    0.22
 -26166.065    18.066     1.41    1.64
 -25786.528    19.311     3.28    2.54
 -25407.082    20.270     2.53    2.42
 -25027.725    20.032    -0.63    2.49
 -24648.459    18.849    -3.12    2.77
 -24269.283    17.211    -4.32    2.21
 -23890.197    15.935    -3.37    1.09
 -23511.201    15.503    -1.14    0.00
 -23132.295    15.503     0.00    0.00
 -22753.479    15.818     0.83    0.86
 -22374.753    16.656     2.21    1.50
 -21996.116    17.561     2.39    1.77
 -21617.569    17.758     0.52    2.11
 -21239.112    16.805    -2.52    2.86
 -20860.745    15.483    -3.49    2.80
 -20482.467    15.098    -1.02    2.56
 -20104.278    15.642     1.44    2.57
 -19726.179    15.484    -0.42    2.43
 -19348.169    15.821     0.89    2.44
 -18970.248    16.315     1.31    2.73
 -18592.417    16.947     1.67    2.56
 -18214.675    17.940     2.63    1.98
 -17837.022    18.201     0.69    1.42
 -17459.457    17.095    -2.93    2.29
 -17081.982    15.994    -2.92    2.62
 -16704.596    14.830    -3.08    2.35
 -16327.299    14.456    -0.99    2.08
 -15950.090    14.493     0.10    2.23
 -15572.970    13.864    -1.67    3.02
 -15195.938    12.683    -3.13    3.80
 -14818.996    11.772    -2.42    3.91
 -14442.142    10.612    -3.08    3.74
 -14065.376     9.881    -1.94    3.39
 -13688.698     9.775    -0.28    2.93
 -13312.109    10.160     1.02    2.68
 -12935.609     9.684    -1.26    3.21
 -12559.196     8.227    -3.87    4.24
 -12182.872     5.801    -6.45    4.63
 -11806.635     3.348    -6.52    3.41
 -11430.487     3.119    -0.61    2.82
 -11054.427     4.332     3.23    2.65
 -10678.455     5.418     2.89    2.09
 -10302.570     6.279     2.29    1.07
  -9926.773     6.179    -0.26    1.20
  -9551.065     6.107    -0.19    1.29
  -9175.443     6.041    -0.18    1.55
  -8799.910     6.270     0.61    1.70
  -8424.463     6.884     1.64    1.68
  -8049.105     7.290     1.08    1.45
  -7673.834     7.484     0.52    1.51
  -7298.650     6.715    -2.05    2.42
  -6923.553     5.203    -4.03    3.13
  -6548.544     4.580    -1.66    2.99
  -6173.622     4.197    -1.02    2.68
  -5798.787     4.396     0.53    2.98
  -5424.039     4.483     0.23    2.88
  -5049.378     3.111    -3.66    2.98
  -4674.804     1.731    -3.68    2.20
  -4300.317     1.027    -1.88    1.35
  -3925.917     0.609    -1.12    0.46
  -3551.603     1.018     1.09    1.48
  -3177.376     2.251     3.29    2.42
  -2803.236     3.790     4.11    2.56
  -2429.183     4.926     3.04    2.19
  -2055.216     5.130     0.54    1.88
  -1681.335     4.571    -1.49    2.23
  -1307.541     3.779    -2.12    2.16
   -933.834     2.541    -3.31    2.12
   -560.212     1.591    -2.54    2.19
   -186.677     0.446    -3.07    1.61
    186.772    -0.138    -1.56    1.05
    560.135     0.395     1.43    1.74
    933.412     1.080     1.83    1.94
   1306.603     1.872     2.12    1.95
   1679.708     2.560     1.84    1.66
   2052.727     2.942     1.02    1.69
   2425.660     3.437     1.33    1.69
   2798.507     3.513     0.21    1.86
   3171.269     3.856     0.92    2.00
   3543.945     3.984     0.34    1.94
   3916.536     4.261     0.74    2.09
   4289.041     4.229    -0.09    2.07
   4661.460     4.008    -0.59    2.14
   5033.794     3.984    -0.06    2.02
   5406.043     4.493     1.37    1.47
   5778.206     4.418    -0.20    1.11
   6150.284     4.718     0.81    2.31
   6522.277     5.619     2.42    3.66
   6894.185     6.600     2.64    5.16
   7266.008     6.297    -0.81    5.91
   7637.746     4.219    -5.59    5.82
   8009.398     1.444    -7.47    3.96
   8380.966    -0.083    -4.11    1.49
   8752.449    -0.609    -1.42    0.32
   9123.848    -0.659    -0.13    0.37
   9495.161    -0.782    -0.33    0.45
   9866.390    -0.862    -0.21    0.50
  10237.535    -0.948    -0.23    0.50
  10608.594    -0.943     0.01    0.50
  10979.570    -0.982    -0.10    0.54
  11350.460    -1.051    -0.19    0.56
  11721.267    -0.997     0.15    1.17
  12091.989     1.003     5.39    6.18
  12462.627     5.227    11.40   10.69
  12833.180    10.771    14.96   12.35
  13203.650    18.351    20.46   12.97
  13574.035    24.329    16.14   11.83
  13944.336    27.503     8.57   12.18
  14314.554    29.824     6.27   12.98
  14684.687    31.325     4.06   15.95
  15054.737    34.047     7.36   19.52
  15424.703    39.952    15.96   22.07
  15794.584    46.313    17.20   21.26
  16164.383    53.591    19.68   21.11
  16534.097    60.960    19.93   19.47
  16903.728    66.137    14.01   17.34
  17273.276    73.043    18.69   15.78
  17642.740    77.349    11.66   16.95
  18012.121    81.595    11.49   17.52
  18381.418    85.330    10.11   14.28
  18750.632    86.236     2.45   13.31
  19119.762    78.869   -19.96   15.93
  19488.810    75.572    -8.93   15.04
  19857.774    73.612    -5.31   13.75
  20226.655    74.984     3.72   12.87
  20595.454    78.299     8.99   10.89
  20964.169    76.251    -5.56   11.22
  21332.801    71.167   -13.79   12.69
  21701.351    62.532   -23.43   12.23
  22069.817    57.434   -13.84   11.43
  22438.201    57.668     0.64   12.51
  22806.502    63.690    16.35   17.24
  23174.721    75.066    30.89   17.91
  23542.857    82.193    19.36   14.45
  23910.910    81.909    -0.77   14.22
  24278.881    74.668   -19.68   17.76
  24646.770    69.523   -13.99   16.70
  25014.576    65.434   -11.12   13.67
  25382.300    66.552     3.04   13.68
  25749.941    73.535    18.99   11.63
  26117.501    74.656     3.05   10.65
  26484.978    72.673    -5.39   12.45
  26852.373    70.859    -4.94   13.49
  27219.686    69.994    -2.36   13.07
  27586.917    69.226    -2.09   10.79
  27954.066    71.042     4.95    9.78
  28321.134    72.663     4.42   11.02
  28688.119    73.330     1.82   10.48
  29055.023    74.356     2.80    9.53
  29421.845    71.974    -6.49    8.47
  29788.585    68.147   -10.43   10.80
  30155.244    61.444   -18.28   13.97
  30521.821    55.032   -17.49   14.40
  30888.317    52.632    -6.55   13.10
  31254.731    53.407     2.11   13.61
  31621.064    56.493     8.42   12.75
  31987.315    59.921     9.36   12.51
  32353.485    57.251    -7.29   13.45
  32719.574    57.423     0.47   14.07
  33085.582    56.484    -2.57   13.11
  33451.509    56.064    -1.15   12.54
  33817.354    60.013    10.79   11.56
  34183.119    57.582    -6.65   11.85
  34548.803    49.709   -21.53   13.11
  34914.405    43.066   -18.17   11.27
  35279.927    36.503   -17.96    4.65
  35645.368    36.417    -0.24    4.15
  36010.728    39.923     9.60    7.88
  36376.008    45.276    14.65   10.74
  36741.207    49.707    12.13   10.80
  37106.325    56.454    18.48   10.46
  37471.363    58.251     4.92    9.48
  37836.321    55.998    -6.17   11.42
  38201.197    54.239    -4.82   12.78
  38565.994    47.984   -17.15   12.52
  38935.170    40.612   -19.97   11.93
  39316.817    38.095    -6.59   10.98
  39698.374    34.078   -10.53    8.47
  40079.841    29.367   -12.35    6.17
  40461.219    26.672    -7.07    8.18
  40842.508    24.680    -5.22    9.12
  41223.707    22.213    -6.47    8.89
  41604.817    21.237    -2.56    8.28
  41985.837    20.028    -3.17    7.94
  42366.768    18.895    -2.97    7.58
  42747.611    20.543     4.33    7.94
  43128.364    21.474     2.44    8.30
  43509.028    24.695     8.46    7.67
  43889.603    25.253     1.47    7.58
  44270.090    25.403     0.39    7.78
  44650.487    26.180     2.04    7.48
  45030.796    27.342     3.06    7.02
  45411.016    29.157     4.77    5.40
  45791.148    30.673     3.99    3.19
  46171.191    31.746     2.82    1.12
  46551.145    32.350     1.59    1.22
  46931.011    32.691     0.90    1.24
  47310.788    32.656    -0.09    1.41
  47690.478    32.388    -0.71    1.63
  48070.079    31.471    -2.42    1.46
  48449.591    31.057    -1.09    1.30
  48829.016    30.962    -0.25    1.08
  49208.352    31.503     1.43    1.28
  49587.601    32.233     1.92    1.27
  49966.761    32.561     0.86    1.11
  50345.834    32.973     1.09    1.10
  50724.819    33.219     0.65    1.08
  51103.716    33.295     0.20    1.09
  51482.525    33.425     0.34    0.95
  51861.246    33.464     0.10    1.10
  52239.880    33.365    -0.26    1.18
  52618.427    33.386     0.06    1.23
  52996.886    33.680     0.78    1.22
  53375.257    34.199     1.37    1.55
  53753.541    34.830     1.67    1.44
  54131.738    35.173     0.91    1.25
  54509.848    35.443     0.71    1.02
  54887.870    35.386    -0.15    1.13
  55265.805    35.452     0.18    1.25
  55643.654    35.435    -0.04    1.37
  56021.415    34.968    -1.24    1.66
  56399.089    34.348    -1.64    1.53
  56776.676    34.368     0.05    1.49
  57154.177    35.258     2.36    1.80
  57531.590    36.040     2.07    1.74
  57908.917    35.348    -1.83    3.30
  58286.158    33.180    -5.75    4.79
  58663.312    31.610    -4.16    5.10
  59040.379    30.645    -2.56    5.45
  59417.359    31.141     1.32    5.51
  59794.254    31.063    -0.20    5.45
  60171.062    30.319    -1.98    4.99
  60547.783    29.335    -2.61    4.75
  60924.419    28.464    -2.31    4.48
  61300.968    30.305     4.89    5.50
  61677.431    32.933     6.98    5.68
  62053.808    35.251     6.16    4.78
  62430.099    37.343     5.56    2.55
  62806.304    38.101     2.01    2.57
  63182.423    38.857     2.01    3.32
  63558.456    39.993     3.02    3.65
  63934.404    41.045     2.80    3.81
  64310.266    41.611     1.51    4.05
  64686.042    42.095     1.29    4.17
  65061.732    42.911     2.17    3.48
  65437.337    44.321     3.75    2.79
  65812.857    45.395     2.86    2.71
  66188.291    46.533     3.03    2.83
  66563.639    47.395     2.30    3.64
  66938.903    48.622     3.27    4.42
  67314.081    49.751     3.01    4.23
  67689.173    49.693    -0.15    4.25
  68064.181    49.079    -1.64    4.56
  68439.104    49.087     0.02    4.97
  68813.941    50.117     2.75    6.94
  69188.694    53.229     8.30    9.75
  69563.362    57.014    10.10   11.64
  69937.944    57.729     1.91   12.63
  70312.442    58.833     2.95   11.41
  70686.856    63.582    12.68   11.06
  71061.184    69.432    15.63   10.82
  71435.428    77.719    22.14    9.64
  71809.588    82.919    13.90    6.41
  72183.662    85.256     6.25    4.81
  72557.653    83.513    -4.66    7.70
  72931.559    76.403   -19.01   12.04
  73305.380    68.248   -21.81   14.22
  73679.118    61.075   -19.19   11.87
  74052.771    59.513    -4.18   11.57
  74426.340    60.228     1.91   11.47
  74799.824    65.415    13.89   10.78
  75173.225    69.088     9.84    8.64
  75546.542    73.327    11.35    8.53
  75919.774    79.309    16.03   11.09
  76292.923    84.523    13.97   10.54
  76665.988    88.473    10.59    8.23
  77038.969    90.753     6.11    5.32
  77411.867    90.424    -0.88    5.85
  77784.680    90.024    -1.07    6.56
  78157.410    87.394    -7.05    7.80
  78530.057    83.225   -11.19    9.71
  78902.620    77.915   -14.25   10.37
  79275.100    72.797   -13.74    8.14
  79647.496    71.454    -3.60    6.18
  80019.808    73.083     4.38    7.52
  80392.038    78.003    13.22   10.19
  80764.184    82.673    12.55   10.93
  81136.247    87.493    12.95   10.13
  81508.227    89.177     4.52    8.82
  81880.124    86.593    -6.95    9.93
  82251.938    85.003    -4.28   10.06
  82623.669    83.237    -4.75    8.67
  82995.317    83.523     0.77    7.79
  83366.882    85.408     5.07    5.69
  83738.364    87.028     4.36    4.80
  84109.764    87.218     0.51    5.37
  84481.081    87.186    -0.08    5.71
  84852.315    87.453     0.72    5.72
  85223.467    89.018     4.22    4.75
  85594.536    89.860     2.27    3.80
  85965.523    88.359    -4.05    5.48
  86336.427    84.979    -9.11    6.90
  86707.249    81.145   -10.34    6.64
  87077.989    78.984    -5.83    5.19
  87448.646    77.783    -3.24    3.73
  87819.221    76.543    -3.35    4.78
  88189.714    74.121    -6.54    7.35
  88560.125    70.073   -10.93    8.22
  88930.454    67.415    -7.18    6.74
  89300.701    68.059     1.74    6.30
  89670.866    71.150     8.35    6.40
  90040.949    76.568    14.64    6.17
  90410.950    79.988     9.24    6.39
  90780.870    79.403    -1.58    8.05
  91150.707    78.226    -3.18    8.47
  91520.463    76.285    -5.25    7.12
  91890.138    73.068    -8.70    5.95
  92259.731    70.603    -6.67    6.62
  92629.242    70.753     0.41    6.68
  92998.672    70.068    -1.86    5.66
  93368.021    68.971    -2.97    5.75
  93737.288    67.317    -4.48    6.53
  94106.474    66.513    -2.18    7.20
  94475.579    68.087     4.26    8.77
  94844.602    71.843    10.18    9.01
  95213.545    74.741     7.85    6.83
  95582.406    74.343    -1.08    6.19
  95951.187    71.301    -8.25    7.80
  96319.886    67.683    -9.81    7.05
  96688.504    65.267    -6.56    5.96
  97057.042    65.729     1.25    5.82
  97425.499    68.574     7.72    4.78
  97793.875    68.800     0.61    4.95
  98162.170    70.365     4.25    5.88
  98530.385    74.891    12.29    8.62
  98898.519    79.860    13.50    8.21
  99266.572    84.942    13.81    7.76
  99634.545    88.384     9.35    9.89
 100002.438    90.993     7.09   12.39
 100370.250    95.323    11.77   12.85
 100737.981    99.731    11.99   13.21
 101105.633   102.655     7.95   12.80
 101473.204   108.315    15.40   13.17
 101840.695   117.127    23.98   17.75
 102208.106   134.363    46.91   25.79
 102575.437   153.424    51.89   25.99
 102942.688   168.948    42.27   17.58
 103309.859   174.790    15.91    8.99
 103676.950   172.093    -7.35   11.85
 104043.961   165.276   -18.58   14.54
 104410.892   155.920   -25.50   18.01
 104777.743   144.454   -31.25   21.32
 105144.515   132.019   -33.90   24.81
 105511.207   119.534   -34.05   21.05
 105877.820   113.786   -15.68   15.95
 106244.353   117.063     8.94   16.30
 106610.806   134.748    48.26   33.81
 106977.180   172.660   103.47   57.76
 107343.474   221.563   133.50   69.51
 107709.690   268.025   126.86   50.54
 108075.825   289.023    57.35   26.09
 108441.882   286.382    -7.21   28.44
 108807.859   261.462   -68.09   38.83
 109173.758   228.231   -90.82   47.75
 109539.577   190.040  -104.39   51.18
 109905.317   152.876  -101.61   47.64
 110270.978   117.139   -97.73   37.81
 110636.560    96.695   -55.92   28.38
 111002.063    88.333   -22.88   20.05
 111367.487    94.068    15.69   26.96
 111732.833   108.907    40.62   29.77
 112098.100   125.639    45.80   28.17
 112463.288   134.974    25.56   28.79
 112828.397   131.440    -9.68   34.21
 113193.428   111.143   -55.60   42.34
 113558.380    89.473   -59.37   40.23
 113938.868    70.453   -49.98   29.54
 114320.257    59.816   -27.89   23.49
 114701.559    52.863   -18.23   17.40
 115082.773    47.736   -13.45   11.46
 115463.901    48.663     2.43   10.94
 115844.941    55.544    18.06   13.81
 116225.895    65.533    26.22   13.13
 116606.761    72.352    17.90    9.99
 116987.541    75.913     9.35    9.08
 117368.233    77.655     4.57   10.75
 117748.839    79.553     4.99   12.41
 118129.358    79.544    -0.03   12.48
 118509.791    79.251    -0.77   11.00
 118890.137    79.837     1.54   10.35
 119270.396    79.837     0.00   10.89
 119650.569    80.073     0.62   10.59
 120030.655    80.667     1.56    9.94
 120410.655    83.281     6.88   10.11
 120790.569    90.241    18.32   12.01
 121170.396    99.293    23.83   13.57
 121550.137   111.789    32.90   14.44
 121929.793   123.933    31.99   16.01
 122309.361   139.432    40.83   19.66
 122688.844   155.285    41.77   23.01
 123068.241   171.730    43.34   23.33
 123447.552   180.572    23.31   22.09
 123826.777   181.595     2.70   22.86
 124205.917   171.003   -27.93   26.41
 124584.970   157.689   -35.12   23.08
 124963.938   150.023   -20.23   13.58
 125342.820   151.209     3.13   13.41
 125721.617   163.345    32.04   19.88
 126100.328   179.324    42.19   20.37
 126478.954   189.681    27.35   20.20
 126857.494   189.406    -0.73   24.61
 127235.949   182.236   -18.95   25.01
 127614.319   176.955   -13.96   19.20
 127992.603   178.881     5.09   16.77
 128370.802   189.764    28.77   18.38
 128748.916   203.107    35.29   21.05
 129126.945   219.686    43.85   23.62
 129504.889   241.743    58.36   27.36
 129882.748   264.587    60.45   27.47
 130260.523   286.899    59.06   24.78
 130638.212   303.882    44.96   20.49
 131015.816   319.572    41.55   17.79
 131393.336   334.225    38.81   19.30
 131770.771   350.130    42.13   22.49
 132148.122   362.758    33.46   19.03
 132525.388   369.783    18.62   13.61
 132902.569   363.973   -15.40   20.63
 133279.666   346.251   -46.99   29.26
 133656.679   322.393   -63.27   33.83
 134033.607   290.843   -83.70   32.87
 134410.451   265.044   -68.45   30.37
 134787.211   242.003   -61.15   24.83
 135163.887   227.321   -38.97   20.74
 135540.478   219.411   -21.00   19.35
 135916.985   215.563   -10.22   18.60
 136293.409   215.024    -1.43   18.62
 136669.748   215.484     1.22   20.64
 137046.004   215.764     0.74   22.54
 137422.176   216.583     2.18   23.27
 137798.264   219.611     8.05   24.01
 138174.268   224.604    13.28   26.94
 138550.188   228.567    10.54   26.05
 138926.025   231.483     7.76   23.01
 139301.779   235.590    10.93   18.44
 139677.449   241.553    15.87   19.04
 140053.035   256.798    40.59   25.60
 140428.538   286.636    79.45   40.35
 140803.958   312.605    69.17   41.72
 141179.294   331.301    49.81   35.41
 141554.547   333.639     6.23   33.40
 141929.717   320.683   -34.53   38.88
 142304.804   297.401   -62.07   39.35
 142679.808   273.868   -62.75   36.10
 143054.729   253.493   -54.34   31.90
 143429.567   236.952   -44.12   27.63
 143804.321   223.853   -34.95   23.61
 144178.994   215.893   -21.24   22.28
 144553.583   210.769   -13.68   21.98
 144928.089   205.503   -14.06   21.08
 145302.513   201.973    -9.43   15.96
 145676.854   200.918    -2.82   11.25
 146051.113   205.258    11.60   12.42
 146425.289   213.461    21.92   14.42
 146799.383   221.093    20.40   14.89
 147173.394   228.369    19.45   14.16
 147547.323   235.183    18.22   14.84
 147921.169   242.177    18.70   17.16
 148294.933   251.269    24.32   16.78
 148668.615   260.725    25.30   18.04
 149042.215   275.673    40.01   22.93
 149415.733   295.177    52.21   31.03
 149789.169   324.837    79.42   33.77
 150162.523   348.763    64.08   27.89
 150535.795   359.631    29.11   18.94
 150908.984   344.023   -41.82   34.04
 151282.093   317.395   -71.36   39.70
 151655.119   284.933   -87.01   35.41
 152028.064   257.335   -73.99   23.77
 152400.926   241.238   -43.17   17.75
 152773.708   231.926   -24.98   15.08
 153146.408   227.140   -12.84   16.12
 153519.026   224.368    -7.44   18.62
 153891.563   221.736    -7.07   20.49
 154264.018   215.891   -15.69   19.23
 154636.392   208.289   -20.41   17.40
 155008.685   200.493   -20.94   14.44
 155380.896   196.693   -10.21   11.08
 155753.026   199.116     6.51   12.15
 156125.075   206.918    20.97   15.00
 156497.043   218.333    30.69   20.82
 156868.930   225.673    19.74   21.91
 157240.736   232.049    17.14   22.65
 157612.462   237.566    14.84   22.35
 157984.106   247.715    27.31   22.33
 158355.669   257.603    26.61   20.41
 158727.152   267.914    27.75   16.00
 159098.553   270.707     7.52   13.08
 159469.875   267.462    -8.74   15.59
 159841.115   256.258   -30.18   21.25
 160212.275   241.224   -40.50   23.25
 160583.355   224.769   -44.34   20.68
 160954.354   210.622   -38.13   19.58
 161325.272   200.101   -28.36   18.41
 161696.110   190.947   -24.68   18.35
 162066.868   182.109   -23.83   16.69
 162437.546   174.764   -19.81   14.16
 162808.143   167.441   -19.76   11.70
 163178.661   161.269   -16.66   11.13
 163549.098   155.493   -15.59   11.92
 163919.455   150.574   -13.28   10.97
 164289.732   146.818   -10.14    7.89
 164659.929   148.156     3.61    7.98
 165030.046   151.482     8.98    9.47
 165400.084   157.261    15.62   10.13
 165770.041   161.493    11.44    9.85
 166139.919   166.776    14.28   12.28
 166509.717   173.204    17.38   13.74
 166879.436   182.353    24.74   13.34
 167249.075   190.554    22.18   10.75
 167618.634   198.897    22.57   12.30
 167988.114   206.483    20.53   16.68
 168357.514   217.742    30.48   22.10
 168726.835   240.332    61.16   34.50
 169096.077   266.649    71.27   40.45
 169465.240   300.806    92.52   46.95
 169834.323   325.024    65.61   45.81
 170203.327   336.854    32.05   42.44
 170572.252   342.330    14.84   37.47
 170941.097   337.816   -12.24   35.76
 171309.864   319.665   -49.21   46.10
 171678.552   288.134   -85.51   56.03
 172047.161   247.218  -110.99   56.31
 172415.690   209.245  -103.03   41.57
 172784.141   179.013   -82.04   25.67
 173152.514   166.758   -33.26   13.22
 173520.807   169.893     8.51   16.64
 173889.022   186.667    45.55   28.17
 174257.158   215.833    79.22   34.91
 174625.216   244.891    78.94   34.38
 174993.195   263.546    50.69   22.59
 175361.096   255.917   -20.73   30.59
 175728.918   233.851   -59.99   42.90
 176096.661   198.687   -95.61   44.67
 176464.327   170.554   -76.51   34.35
 176831.914   148.122   -61.02   24.72
 177199.423   138.246   -26.87   18.12
 177566.854   131.410   -18.60    8.14
 177934.206   133.401     5.42    9.04
 178301.481   138.751    14.56   10.52
 178668.677   143.228    12.19    9.43
 179035.796   148.338    13.92    7.61
 179402.836   153.483    14.01    9.03
 179769.799   159.854    17.36   13.18
 180136.683   170.075    27.86   17.44
 180503.490   183.167    35.69   18.13
 180870.220   195.166    32.72   16.10
 181236.871   204.942    26.66   14.37
 181603.445   208.708    10.27   16.17
 181969.941   210.554     5.04   20.85
 182336.360   207.136    -9.33   25.23
 182702.701   203.575    -9.72   26.67
 183068.965   199.215   -11.90   24.78
 183435.151   199.035    -0.49   21.41
 183801.260   199.830     2.17   18.61
 184167.292   206.277    17.61   16.39
 184533.246   214.079    21.32   17.16
 184899.123   225.957    32.46   22.89
 185264.923   236.266    28.18   26.94
 185630.646   246.545    28.10   30.45
 185996.292   256.452    27.09   30.12
 186361.861   266.789    28.27   29.20
 186727.353   283.232    44.98   34.66
 187092.768   309.013    70.55   36.79
 187458.106   331.901    62.64   31.79
 187823.367   344.901    35.59   30.14
 188188.552   338.013   -18.86   43.88
 188563.787   319.630   -48.99   53.62
 188945.009   300.163   -51.06   44.67
 189326.147   296.564    -9.44   32.04
 189707.199   303.864    19.15   30.50
 190088.166   318.180    37.57   23.41
 190469.049   324.003    15.29   21.92
 190849.847   324.967     2.53   28.93
 191230.560   328.142     8.34   33.93
 191611.188   344.309    42.47   36.82
 191991.732   358.287    36.73   30.97
 192372.191   363.555    13.85   22.59
 192752.566   355.871   -20.20   29.91
 193132.857   339.194   -43.85   31.47
 193513.062   329.398   -25.76   25.80
 193893.184   343.677    37.56   37.38
 194273.221   368.771    66.02   44.56
 194653.175   389.951    55.74   39.88
 195033.043   390.871     2.42   40.47
 195412.828   372.699   -47.84   42.11
 195792.529   343.777   -76.16   37.47
 196172.146   313.105   -80.79   41.37
 196551.679   282.139   -81.58   40.67
 196931.128   254.503   -72.82   29.08
 197310.493   243.707   -28.45   28.09
 197689.774   245.637     5.09   36.27
 198068.971   252.177    17.24   35.19
 198448.085   258.003    15.37   25.68
 198827.116   250.184   -20.63   22.00
 199206.062   234.945   -40.21   24.84
 199584.926   218.728   -42.80   22.84
 199963.705   205.118   -35.93   19.02
 200342.402   196.212   -23.51   20.26
 200721.015   186.309   -26.15   22.46
 201099.544   178.649   -20.23   21.21
 201477.991   177.209    -3.81   19.22
 201856.354   184.627    19.60   24.08
 202234.634   206.745    58.46   35.28
 202612.831   226.359    51.85   34.70
 202990.945   237.008    28.16   27.61
 203368.976   230.809   -16.40   29.57
 203746.924   211.419   -51.30   30.64
 204124.790   194.132   -45.74   27.02
 204502.572   184.310   -26.00   21.90
 204880.272   184.627     0.84   22.36
 205257.889   191.837    19.09   23.95
 205635.423   194.132     6.08   25.73
 206012.875   186.134   -21.19   31.89
 206390.244   168.054   -47.90   35.12
 206767.531   143.547   -64.95   28.81
 207144.735   124.697   -49.96   21.86
 207521.857   110.322   -38.11   13.77
 207898.897   101.792   -22.62    8.03
 208275.854    96.037   -15.27    6.18
 208652.729    90.587   -14.46    6.93
 209029.522    86.237   -11.54    6.20
 209406.233    83.813    -6.43    4.24
 209782.862    83.362    -1.20    2.83
 210159.409    83.978     1.64    2.71
 210535.873    83.405    -1.52    3.45
 210912.256    81.957    -3.85    3.83
 211288.557    79.759    -5.84    3.44
 211664.776    78.555    -3.20    3.83
 212040.914    78.105    -1.19    5.20
 212416.970    79.243     3.02    6.00
 212792.944    81.660     6.43    5.36
 213168.836    83.962     6.13    4.03
 213544.647    86.365     6.39    3.80
 213920.377    90.368    10.65    7.57
 214296.025    96.290    15.76   12.32
 214671.592   106.132    26.20   16.92
 215047.077   114.238    21.58   18.78
 215422.481   118.337    10.92   17.72
 215797.804   118.857     1.39   16.24
 216173.046   116.901    -5.21   13.18
 216548.206   118.972     5.52   12.35
 216923.286   130.428    30.54   21.22
 217298.285   147.912    46.62   28.97
 217673.202   171.130    61.92   29.42
 218048.039   189.300    48.47   23.40
 218422.794   202.355    34.83   13.43
