-126588.426   176.239     0.00   10.42
-126214.815   169.349   -18.44    8.97
-125841.126   162.743   -17.68    9.72
-125467.358   161.940    -2.15   10.80
-125093.512   166.122    11.19   17.40
-124719.587   173.964    20.97   21.18
-124345.583   180.707    18.03   18.61
-123971.501   182.718     5.37   14.15
-123597.340   181.422    -3.46   10.66
-123223.099   176.636   -12.79   10.42
-122848.780   169.124   -20.07   12.76
-122474.382   160.241   -23.72   13.79
-122099.905   148.890   -30.31   14.29
-121725.349   141.837   -18.83   13.18
-121350.714   137.518   -11.53    7.97
-120975.999   136.529    -2.64    6.37
-120601.206   136.412    -0.31    6.70
-120226.333   134.901    -4.03    7.13
-119851.381   132.109    -7.44    7.85
-119476.349   130.082    -5.41    9.09
-119101.238   129.335    -1.99    9.87
-118726.048   126.813    -6.72   11.07
-118350.778   121.214   -14.92   12.29
-117975.428   113.644   -20.16   13.75
-117599.999   103.217   -27.77   13.29
-117224.490    91.872   -30.21   14.38
-116848.902    83.364   -22.65   11.28
-116473.234    80.139    -8.58    7.23
-116097.486    79.794    -0.92    6.34
-115721.658    80.646     2.27    5.34
-115345.750    81.725     2.87    4.47
-114969.762    83.206     3.94    6.48
-114593.694    87.785    12.17    9.28
-114217.547    97.972    27.08   15.34
-113841.319   113.529    41.35   20.59
-113465.011   127.865    38.09   20.39
-113088.622   138.429    28.06   12.03
-112712.154   139.674     3.31    8.90
-112335.605   138.316    -3.61   11.18
-111958.975   136.086    -5.92   12.03
-111582.266   133.074    -8.00   12.13
-111205.476   127.945   -13.61   11.84
-110828.605   123.309   -12.30   11.16
-110451.654   120.560    -7.29    9.55
-110074.622   120.922     0.96    9.53
-109697.509   124.339     9.06    8.41
-109320.316   123.635    -1.87    8.59
-108943.042   119.252   -11.62   10.09
-108565.687   115.206   -10.72    8.23
-108188.251   114.128    -2.85    7.68
-107810.735   118.705    12.12   11.47
-107433.137   125.444    17.85   13.55
-107055.458   131.970    17.28   14.75
-106677.699   138.171    16.41   14.59
-106299.858   141.217     8.06   14.27
-105921.936   143.644     6.42   13.21
-105543.932   144.324     1.80   12.28
-105165.848   141.244    -8.15   13.69
-104787.682   137.273   -10.50   15.21
-104409.435   128.107   -24.23   15.56
-104031.106   121.507   -17.44   14.63
-103652.696   116.023   -14.49   10.48
-103274.204   114.422    -4.23    7.40
-102895.630   115.728     3.45    7.64
-102516.975   119.421     9.75   10.21
-102138.239   126.705    19.23   14.31
-101759.420   132.592    15.54   15.66
-101380.520   140.350    20.47   19.08
-101001.538   143.412     8.08   21.84
-100622.473   148.816    14.26   25.04
-100243.327   151.295     6.54   26.46
 -99864.099   152.157     2.27   28.27
 -99484.789   151.389    -2.03   28.30
 -99105.397   151.080    -0.81   24.63
 -98725.922   153.686     6.87   22.34
 -98346.366   154.955     3.34   16.96
 -97966.727   155.518     1.48   10.46
 -97587.006   158.755     8.52    8.16
 -97207.202   163.798    13.28    9.73
 -96827.316   173.192    24.73   12.60
 -96447.347   182.658    24.91   12.82
 -96067.296   192.435    25.72   12.05
 -95687.162   198.220    15.22   14.61
 -95306.946   200.992     7.29   17.33
 -94926.647   203.380     6.28   18.69
 -94546.265   206.695     8.72   17.49
 -94165.800   211.594    12.88   15.44
 -93785.253   215.653    10.67   11.11
 -93404.622   214.584    -2.81   11.44
 -93023.909   211.101    -9.15   11.72
 -92643.113   213.012     5.02   13.26
 -92262.233   225.085    31.69   19.98
 -91881.270   242.040    44.50   23.15
 -91500.225   263.095    55.25   28.94
 -91129.504   284.127    56.73   28.40
 -90764.178   308.195    65.88   27.63
 -90398.777   329.655    58.73   25.27
 -90033.300   346.497    46.08   19.03
 -89667.747   351.360    13.30   17.49
 -89302.120   343.757   -20.79   24.05
 -88936.416   325.065   -51.11   29.26
 -88570.637   300.654   -66.73   28.38
 -88204.783   280.258   -55.75   24.83
 -87838.853   265.905   -39.22   17.75
 -87472.847   252.278   -37.23   14.03
 -87106.765   244.830   -20.34   14.55
 -86740.608   240.380   -12.15   12.55
 -86374.374   243.920     9.67   15.68
 -86008.065   255.507    31.63   21.24
 -85641.680   271.659    44.08   19.36
 -85275.219   288.990    47.29   20.96
 -84908.682   314.714    70.18   38.78
 -84542.068   340.231    69.60   42.66
 -84175.379   364.403    65.92   28.19
 -83808.614   375.195    29.42   14.70
 -83441.772   374.271    -2.52   14.47
 -83074.854   364.858   -25.65   18.42
 -82707.860   351.609   -36.10   22.41
 -82340.789   335.454   -44.01   25.64
 -81973.642   321.210   -38.79   21.86
 -81606.418   306.992   -38.72   21.98
 -81239.118   295.018   -32.60   21.49
 -80871.741   287.518   -20.41   18.57
 -80504.288   282.858   -12.68   17.47
 -80136.758   281.402    -3.96   23.07
 -79769.152   284.086     7.30   28.35
 -79401.468   285.779     4.60   32.83
 -79033.708   279.879   -16.04   31.28
 -78665.871   272.507   -20.04   26.21
 -78297.958   263.508   -24.46   22.44
 -77929.967   252.013   -31.24   18.27
 -77561.899   236.369   -42.50   18.20
 -77193.754   222.455   -37.79   16.97
 -76825.533   213.044   -25.56   12.55
 -76457.234   213.848     2.18   14.67
 -76088.857   226.235    33.63   27.82
 -75720.404   247.770    58.44   33.22
 -75351.873   268.724    56.86   23.03
 -74983.266   273.662    13.40   16.04
 -74614.580   269.311   -11.80   18.90
 -74245.817   256.150   -35.69   19.66
 -73876.977   242.739   -36.36   16.24
 -73508.060   231.133   -31.46   14.97
 -73139.064   224.403   -18.24   17.10
 -72769.991   221.109    -8.92   20.97
 -72400.841   220.271    -2.27   20.44
 -72031.613   218.574    -4.60   22.46
 -71662.307   223.124    12.32   28.85
 -71292.923   226.594     9.39   33.10
 -70923.461   235.188    23.26   30.44
 -70553.922   242.314    19.28   22.03
 -70184.304   247.612    14.33   12.86
 -69814.609   246.602    -2.73   10.18
 -69444.835   241.318   -14.29    9.70
 -69074.984   232.528   -23.76   12.50
 -68705.054   220.088   -33.63   16.90
 -68335.046   208.580   -31.10   18.58
 -67964.960   195.462   -35.44   17.09
 -67594.795   184.245   -30.30   18.04
 -67224.552   173.953   -27.80   14.18
 -66854.231   169.652   -11.61    8.83
 -66483.832   167.811    -4.97    8.58
 -66113.353   171.060     8.77   11.69
 -65742.797   174.055     8.08   13.68
 -65372.162   177.310     8.78   16.69
 -65001.448   179.612     6.21   17.10
 -64630.655   184.034    11.93   16.64
 -64259.784   184.539     1.36   17.18
 -63888.834   185.295     2.04   15.25
 -63517.805   185.882     1.58   14.26
 -63146.697   185.224    -1.77   13.36
 -62775.510   184.786    -1.18   13.63
 -62404.244   190.203    14.59   20.20
 -62032.900   199.188    24.19   27.47
 -61661.476   203.410    11.37   30.08
 -61289.973   202.737    -1.81   27.67
 -60918.391   196.640   -16.41   23.39
 -60546.729   188.039   -23.14   11.41
 -60174.988   188.550     1.37   11.22
 -59803.168   187.862    -1.85   12.05
 -59431.269   185.653    -5.94   11.28
 -59059.290   185.348    -0.82    9.61
 -58687.232   186.848     4.03    9.14
 -58315.094   192.518    15.24   11.66
 -57942.876   204.405    31.93   16.24
 -57570.579   217.496    35.16   18.20
 -57198.203   224.427    18.61   15.78
 -56825.746   226.656     5.98   16.12
 -56453.210   226.680     0.06   25.08
 -56080.594   236.241    25.66   38.13
 -55707.898   253.820    47.16   41.86
 -55335.122   260.013    16.61   35.70
 -54962.266   248.153   -31.81   41.74
 -54589.330   232.967   -40.72   41.87
 -54216.314   216.263   -44.78   32.59
 -53843.217   210.487   -15.48   23.65
 -53470.041   218.955    22.69   23.68
 -53096.784   237.716    50.26   31.85
 -52723.447   263.561    69.23   42.59
 -52350.030   284.237    55.37   39.47
 -51976.532   285.996     4.71   43.68
 -51602.954   257.671   -75.82   47.07
 -51229.295   225.214   -86.86   36.48
 -50855.556   202.528   -60.70   27.12
 -50481.736   185.992   -44.24   24.68
 -50107.836   176.106   -26.44   24.62
 -49733.854   167.656   -22.59   17.78
 -49359.793   165.651    -5.36   13.72
 -48985.650   176.363    28.63   21.84
 -48611.426   190.374    37.44   21.51
 -48237.122   203.060    33.89   20.68
 -47862.736   219.722    44.50   24.70
 -47488.269   230.704    29.32   24.34
 -47113.722   232.086     3.69   24.55
 -46739.093   223.796   -22.13   32.50
 -46364.383   201.851   -58.56   34.63
 -45989.592   181.094   -55.38   27.57
 -45614.720   165.454   -41.72   17.49
 -45239.766   157.538   -21.11   14.30
 -44864.731   154.170    -8.98   15.78
 -44489.614   153.868    -0.80   15.40
 -44114.416   151.185    -7.15   13.27
 -43739.136   141.054   -26.99   16.40
 -43363.775   128.388   -33.74   17.88
 -42988.332   118.478   -26.39   15.91
 -42612.808   114.305   -11.11   13.44
 -42237.202   118.589    11.40   17.32
 -41861.514   124.873    16.73   18.88
 -41485.744   126.885     5.36   26.65
 -41109.892   129.653     7.36   30.72
 -40733.958   135.044    14.34   33.26
 -40357.942   142.456    19.71   30.52
 -39981.844   154.393    31.74   20.03
 -39605.664   163.907    25.29   17.69
 -39229.402   176.101    32.41   23.24
 -38853.057   187.633    30.64   26.10
 -38476.631   202.455    39.38   21.34
 -38100.122   205.539     8.19   17.71
 -37723.530   198.992   -17.38   23.29
 -37346.856   194.838   -11.03   28.45
 -36970.100   193.362    -3.92   37.70
 -36593.261   194.620     3.34   42.11
 -36216.340   196.798     5.78   38.44
 -35839.335   196.952     0.41   29.34
 -35462.249   189.299   -20.29   22.82
 -35085.079   180.003   -24.65   21.44
 -34707.826   166.960   -34.57   18.55
 -34330.491   153.610   -35.38   17.60
 -33953.073   139.862   -36.42   17.39
 -33575.572   126.936   -34.24   19.30
 -33197.987   116.561   -27.48   13.76
 -32820.320   113.114    -9.13   13.23
 -32442.570   112.268    -2.24   14.28
 -32064.736   107.851   -11.69   16.71
 -31686.819    97.243   -28.07   22.50
 -31308.819    80.468   -44.38   25.99
 -30930.735    63.692   -44.37   17.18
 -30552.568    59.448   -11.22   13.54
 -30174.318    64.826    14.22   20.27
 -29795.984    75.742    28.85   20.30
 -29417.566    86.496    28.42   13.69
 -29039.065    96.498    26.42   14.12
 -28660.480   110.752    37.65   26.43
 -28281.812   135.253    64.70   37.62
 -27903.059   158.724    61.97   31.51
 -27524.223   172.740    37.00   21.78
 -27145.303   176.665    10.36   21.54
 -26766.299   175.023    -4.33   23.88
 -26387.211   169.591   -14.33   23.40
 -26008.039   168.932    -1.74   22.94
 -25628.782   174.410    14.44   24.80
 -25249.442   193.589    50.56   30.90
 -24870.017   213.879    53.48   30.16
 -24490.508   233.935    52.85   25.15
 -24110.915   242.205    21.79   25.43
 -23731.237   244.074     4.92   23.40
 -23351.475   238.916   -13.58   20.87
 -22971.628   225.345   -35.73   18.91
 -22591.697   207.841   -46.07   24.27
 -22211.681   185.712   -58.23   29.73
 -21831.580   163.217   -59.18   28.45
 -21451.395   141.346   -57.53   24.51
 -21071.125   123.075   -48.05   18.90
 -20690.770   109.330   -36.13   14.69
 -20310.330   101.734   -19.97   10.45
 -19929.806    96.074   -14.88    9.65
 -19549.196    92.475    -9.45   10.32
 -19168.501    86.730   -15.09   11.72
 -18787.721    78.209   -22.38   13.64
 -18406.856    68.291   -26.04   14.02
 -18025.905    62.799   -14.42   11.15
 -17644.870    63.447     1.70   10.60
 -17263.749    70.935    19.65   13.58
 -16882.542    83.222    32.23   16.34
 -16506.082    97.039    36.70   18.23
 -16140.994   112.875    43.38   17.85
 -15775.828   124.383    31.51   15.54
 -15410.585   133.992    26.31   12.91
 -15045.266   139.377    14.74   13.72
 -14679.868   143.206    10.48   16.69
 -14314.394   148.355    14.09   20.18
 -13948.842   151.258     7.94   19.54
 -13583.213   148.892    -6.47   19.19
 -13217.507   140.508   -22.93   20.78
 -12851.723   126.671   -37.83   21.40
 -12485.861   110.293   -44.76   20.10
 -12119.922    94.257   -43.82   18.29
 -11753.905    82.693   -31.59   13.12
 -11387.811    77.855   -13.22   12.98
 -11021.639    78.250     1.08   14.43
 -10655.389    82.114    10.55   14.91
 -10289.061    86.124    10.95   11.04
  -9922.655    84.212    -5.22   11.12
  -9556.172    79.139   -13.84   14.96
  -9189.610    72.998   -16.75   16.41
  -8822.971    67.206   -15.80   17.19
  -8456.253    63.240   -10.82   18.52
  -8089.457    54.992   -22.48   23.62
  -7722.583    41.098   -37.87   26.38
  -7355.631    27.126   -38.07   21.48
  -6988.601    16.332   -29.41   14.97
  -6621.492     9.088   -19.73    5.23
  -6254.305     7.094    -5.43    0.77
  -5887.040     7.245     0.41    1.11
  -5519.696     8.028     2.13    2.28
  -5152.273     9.069     2.83    2.71
  -4784.772     9.981     2.48    2.95
  -4417.193    10.579     1.63    2.86
  -4049.534     9.629    -2.58    3.10
  -3681.797     7.837    -4.87    2.49
  -3313.982     7.098    -2.01    1.48
  -2946.087     6.790    -0.84    0.84
  -2578.114     7.896     3.01    2.43
  -2210.061     8.676     2.12    3.29
  -1841.930     7.861    -2.21    5.33
  -1473.720     6.278    -4.30    6.50
  -1105.430     3.707    -6.98    6.51
   -737.062     0.993    -7.37    4.10
   -368.614    -0.482    -4.00    0.00
     -0.087     0.068     1.49    1.96
    368.519     1.378     3.55    3.48
    737.205     3.318     5.26    4.11
   1105.970     5.044     4.68    3.69
   1474.814     6.456     3.83    2.58
   1843.738     7.316     2.33    0.71
   2212.741     7.293    -0.06    0.75
   2581.824     7.304     0.03    0.71
   2950.986     7.358     0.15    0.74
   3320.228     7.326    -0.09    0.75
   3689.550     7.507     0.49    0.93
   4058.952     7.661     0.42    1.01
   4428.433     7.763     0.28    1.10
   4797.995     8.406     1.74    1.66
   5167.636     9.580     3.18    3.34
   5537.357    11.737     5.83    4.60
   5907.159    12.798     2.87    4.81
   6277.040    12.372    -1.15    5.50
   6647.002    10.048    -6.28    5.12
   7017.043     7.344    -7.31    2.31
   7387.165     6.538    -2.18    0.97
   7757.368     7.405     2.34    2.60
   8127.650    11.589    11.30    7.42
   8498.013    14.283     7.27    7.83
   8868.457    14.648     0.98    7.75
   9238.981    12.619    -5.48    6.96
   9609.585     8.827   -10.23    3.57
   9980.270     7.420    -3.80    2.14
  10351.036     7.178    -0.65    1.64
  10721.882     7.218     0.11    1.45
  11092.810     7.170    -0.13    1.56
  11463.818     6.938    -0.63    1.67
  11834.907     7.143     0.55    2.20
  12206.076     8.324     3.18    3.34
  12577.327     9.063     1.99    3.23
  12948.659     9.158     0.25    2.95
  13320.072     8.406    -2.03    2.52
  13691.566     7.631    -2.08    1.60
  14063.141     7.989     0.96    2.54
  14434.797     9.039     2.83    3.56
  14806.535    10.828     4.81    4.26
  15178.354    13.214     6.42    4.97
  15550.255    15.211     5.37    6.41
  15922.236    15.363     0.41    6.04
  16294.300    14.804    -1.50    5.09
  16666.445    14.316    -1.31    4.10
  17038.671    13.821    -1.33    3.54
  17410.979    13.621    -0.54    4.04
  17783.369    12.202    -3.81    3.55
  18155.841    10.518    -4.52    3.79
  18528.394     8.374    -5.76    2.24
  18901.030     7.865    -1.37    1.99
  19273.747     7.894     0.08    2.31
  19646.546     9.426     4.11    3.29
  20019.427    10.389     2.58    3.25
  20392.391     9.828    -1.50    3.31
  20765.436     9.403    -1.14    3.88
  21138.564    11.894     6.68    7.30
  21511.773    16.661    12.77    9.42
  21885.066    22.316    15.15    8.61
  22258.440    27.258    13.24    6.38
  22631.897    31.008    10.04    5.55
  23005.436    34.235     8.64    4.54
  23379.058    36.075     4.92    3.60
  23752.763    36.302     0.61    3.39
  24126.550    35.497    -2.15    3.70
  24500.419    35.696     0.53    4.22
  24874.372    37.486     4.79    5.58
  25248.407    40.338     7.63    6.05
  25622.525    42.324     5.31    4.46
  25996.726    41.397    -2.48    4.72
  26371.010    39.049    -6.27    5.35
  26745.377    35.881    -8.46    5.61
  27119.827    34.161    -4.59    5.42
  27494.360    32.568    -4.25    4.24
  27868.976    31.138    -3.82    3.10
  28243.675    32.690     4.14    4.49
  28618.458    34.778     5.57    5.40
  28993.324    37.116     6.24    5.07
  29368.274    38.758     4.38    3.91
  29743.306    38.633    -0.33    3.99
  30118.423    39.175     1.44    4.50
  30493.623    40.560     3.69    5.53
  30868.906    43.360     7.46    4.85
  31244.273    46.127     7.37    6.03
  31619.724    49.868     9.97    7.35
  31995.259    53.486     9.63    5.98
  32370.877    56.148     7.09    4.05
  32746.579    58.008     4.95    3.43
  33122.366    58.508     1.33    4.20
  33498.236    58.079    -1.14    4.71
  33874.190    57.298    -2.08    4.64
  34250.229    55.108    -5.82    5.25
  34626.351    51.185   -10.43    4.95
  35002.558    48.049    -8.34    4.39
  35378.849    45.068    -7.92    3.72
  35755.224    44.377    -1.84    3.84
  36131.684    44.977     1.60    3.98
  36508.228    45.902     2.46    3.13
  36884.857    46.059     0.42    3.34
  37261.570    44.292    -4.69    4.19
  37638.368    42.405    -5.01    3.45
  38015.250    41.419    -2.62    2.20
  38392.217    40.367    -2.79    2.55
  38769.269    38.825    -4.09    3.89
  39146.406    38.185    -1.70    3.97
  39523.627    39.746     4.14    6.11
  39900.934    41.593     4.90    7.35
  40278.326    42.350     2.00    6.07
  40655.802    42.013    -0.89    5.25
  41033.364    36.746   -13.95    7.42
  41411.011    31.301   -14.42    7.75
  41788.743    26.145   -13.65    6.66
  42166.560    22.355   -10.03    2.45
  42544.463    21.518    -2.21    0.00
  42922.451    21.518     0.00    0.00
  43300.525    21.608     0.24    0.49
  43678.684    22.498     2.35    2.55
  44056.929    25.128     6.95    5.23
  44435.259    28.478     8.85    6.83
  44813.675    31.728     8.59    5.96
  45192.176    33.488     4.65    3.74
  45570.764    33.579     0.24    2.07
  45949.437    32.068    -3.99    2.67
  46328.197    29.983    -5.50    3.22
  46707.042    28.928    -2.79    3.05
  47085.973    27.998    -2.46    2.72
  47464.990    29.028     2.72    3.88
  47844.094    31.649     6.91    5.30
  48223.283    32.038     1.02    5.86
  48602.559    31.712    -0.86    6.08
  48981.922    32.300     1.55    6.67
  49361.370    33.804     3.96    7.66
  49740.905    35.479     4.41    7.27
  50120.527    35.260    -0.58    6.41
  50500.235    32.828    -6.41    4.64
  50880.030    30.622    -5.81    1.36
  51259.911    30.900     0.73    2.12
  51639.879    31.560     1.74    2.91
  52019.934    33.360     4.73    5.37
  52400.075    35.992     6.93    7.91
  52780.304    38.214     5.84    8.76
  53160.620    40.138     5.06    8.37
  53541.022    40.768     1.66    7.00
  53921.512    40.161    -1.60    5.03
  54302.089    39.360    -2.11    3.83
  54682.752    39.246    -0.30    3.44
  55063.504    41.479     5.86    3.83
  55444.342    44.590     8.17    4.17
  55825.268    47.330     7.19    5.34
  56206.281    50.920     9.42    6.97
  56587.382    56.096    13.58   10.03
  56968.570    63.310    18.92   12.78
  57349.846    73.132    25.76   12.68
  57731.210    82.156    23.66    9.63
  58112.661    90.738    22.50    8.04
  58478.721    95.128    11.99    6.78
  58843.648    96.211     2.97    6.70
  59208.654    93.973    -6.13    9.08
  59573.739    86.448   -20.61   12.13
  59938.903    78.989   -20.43   11.28
  60304.146    73.487   -15.06    9.31
  60669.468    69.468   -11.00    6.29
  61034.869    66.528    -8.05    6.11
  61400.350    65.398    -3.09    5.77
  61765.909    64.408    -2.71    4.60
  62131.548    63.690    -1.96    2.67
  62497.267    63.888     0.54    2.62
  62863.065    65.985     5.73    3.90
  63228.942    71.243    14.37    8.27
  63594.899    78.630    20.19   11.52
  63960.935    89.459    29.58   14.19
  64327.051    93.944    12.25   11.68
  64693.247    92.175    -4.83   12.99
  65059.523    85.812   -17.37   15.85
  65425.878    74.466   -30.97   11.18
  65792.313    68.308   -16.81    7.40
  66158.828    67.791    -1.41    7.94
  66525.423    72.258    12.19    9.30
  66892.098    77.884    15.34    8.47
  67258.853    84.427    17.84    7.31
  67625.688    89.122    12.80    8.06
  67992.603    92.120     8.17    7.53
  68359.598    89.116    -8.19    8.87
  68726.674    81.661   -20.31   12.65
  69093.830    72.588   -24.71   14.22
  69461.066    65.057   -20.51   14.09
  69828.382    56.872   -22.29   11.79
  70195.779    49.881   -19.03    6.78
  70563.257    47.049    -7.71    4.77
  70930.815    47.944     2.43    5.63
  71298.454    49.916     5.36    6.55
  71666.173    51.888     5.36    5.99
  72033.974    52.318     1.17    5.73
  72401.854    51.366    -2.59    6.33
  72769.816    52.350     2.67    6.90
  73137.859    54.107     4.78    7.65
  73505.982    55.449     3.65    7.71
  73874.187    57.570     5.76    6.38
  74242.472    61.400    10.40    6.25
  74610.839    66.013    12.52    6.83
  74979.287    72.599    17.88    8.10
  75347.816    80.528    21.52   10.51
  75716.426    93.008    33.86   15.83
  76085.118   110.845    48.38   23.25
  76453.890   130.600    53.57   21.26
  76822.745   146.381    42.79   19.15
  77191.681   156.296    26.88   18.89
  77560.698   167.818    31.23   28.59
  77929.797   181.469    36.99   36.67
  78298.977   197.058    42.23   37.46
  78668.239   196.763    -0.80   42.50
  79037.583   181.192   -42.16   56.38
  79407.009   144.304   -99.86   61.96
  79776.516   107.417   -99.83   51.37
  80146.105    80.391   -73.13   28.51
  80515.777    69.063   -30.64   12.92
  80885.530    67.518    -4.18   10.24
  81255.365    68.746     3.32    9.58
  81625.283    68.983     0.64    8.13
  81995.282    65.429    -9.61    5.98
  82365.364    62.133    -8.91    5.41
  82735.528    57.753   -11.83    5.84
  83105.775    52.926   -13.04    5.08
  83476.104    48.508   -11.93    4.36
  83846.515    45.320    -8.61    4.52
  84217.008    42.865    -6.63    3.99
  84587.585    41.116    -4.72    3.19
  84958.243    40.084    -2.79    3.35
  85328.985    39.143    -2.54    3.78
  85699.809    38.059    -2.92    4.54
  86070.716    36.253    -4.87    4.63
  86441.706    34.683    -4.23    3.55
  86812.778    34.577    -0.29    3.34
  87183.934    33.558    -2.75    3.25
  87555.172    31.320    -6.03    4.46
  87926.494    29.665    -4.46    4.67
  88297.899    27.397    -6.11    3.63
  88669.386    26.528    -2.34    3.06
  89040.957    27.273     2.01    3.39
  89412.612    27.877     1.63    3.54
  89784.349    28.013     0.37    3.33
  90156.170    28.596     1.57    2.96
  90528.074    28.791     0.52    2.71
  90900.062    27.449    -3.61    2.96
  91272.134    25.825    -4.36    3.32
  91644.288    24.379    -3.88    3.42
  92016.527    23.253    -3.03    3.64
  92388.849    22.642    -1.64    3.51
  92761.255    22.547    -0.25    3.43
  93133.745    22.820     0.73    3.00
  93506.319    22.547    -0.73    2.63
  93878.976    22.082    -1.25    2.06
  94251.718    22.770     1.85    2.72
  94624.544    23.068     0.80    2.95
  94997.453    22.983    -0.23    3.27
  95370.447    23.350     0.98    3.46
  95743.525    23.914     1.51    3.23
  96116.687    25.067     3.09    2.91
  96489.934    24.508    -1.50    3.45
  96863.265    23.217    -3.46    3.74
  97236.680    21.635    -4.24    3.19
  97610.180    20.440    -3.20    2.21
  97983.765    19.700    -1.98    1.69
  98357.434    19.636    -0.17    1.46
  98731.188    19.356    -0.75    1.83
  99105.026    19.178    -0.48    1.85
  99478.949    19.088    -0.24    1.84
  99852.957    18.964    -0.33    1.82
 100227.050    18.586    -1.01    1.46
 100601.228    18.872     0.76    1.70
 100975.491    19.224     0.94    1.79
 101349.838    19.549     0.87    1.78
 101724.271    18.897    -1.74    2.32
 102098.790    17.773    -3.00    2.68
 102473.393    16.954    -2.19    2.61
 102848.082    16.589    -0.97    2.74
 103222.856    16.714     0.33    2.64
 103597.715    16.688    -0.07    2.66
 103972.660    17.033     0.92    2.69
 104347.690    17.808     2.07    3.08
 104722.806    18.430     1.66    3.39
 105098.008    19.077     1.72    3.31
 105473.295    19.175     0.26    3.25
 105848.668    19.694     1.39    2.98
 106224.127    20.920     3.26    2.22
 106599.671    22.096     3.13    1.87
 106975.302    22.691     1.58    1.33
 107351.018    22.858     0.44    2.07
 107726.821    22.890     0.09    2.33
 108102.710    22.683    -0.55    2.84
 108478.685    22.405    -0.74    2.82
 108854.746    22.499     0.25    2.55
 109230.893    22.865     0.97    2.23
 109607.126    22.955     0.24    1.95
 109983.447    23.400     1.18    2.74
 110359.853    24.430     2.74    4.72
 110736.346    25.726     3.44    5.54
 111112.925    27.148     3.78    5.83
 111489.592    27.625     1.27    5.13
 111866.344    28.894     3.37    4.28
 112243.184    29.720     2.19    5.36
 112620.110    28.085    -4.34    7.25
 112997.124    27.363    -1.92    8.38
 113374.224    28.008     1.71    8.67
 113751.411    30.100     5.55    8.29
 114128.685    31.140     2.76    7.43
 114506.046    30.383    -2.01    8.05
 114883.495    27.745    -6.99    9.74
 115261.030    25.175    -6.81    8.06
 115638.653    24.922    -0.67    7.51
 116016.363    27.023     5.56    7.61
 116394.161    30.241     8.52    4.79
 116772.046    31.877     4.33    3.18
 117150.018    32.430     1.46    3.57
 117528.079    34.038     4.25    3.42
 117906.226    33.983    -0.14    4.36
 118284.462    32.959    -2.71    5.30
 118662.785    31.653    -3.45    5.27
 119041.196    29.181    -6.53    4.62
 119419.695    26.845    -6.17    3.67
 119798.282    25.568    -3.37    2.79
 120176.957    25.449    -0.31    3.31
 120555.719    26.745     3.42    4.65
 120934.570    28.691     5.14    5.52
 121313.510    32.947    11.23    8.05
 121692.537    36.751    10.04   11.37
 122071.653    39.589     7.49   13.02
 122450.857    37.662    -5.08   12.48
 122830.149    34.088    -9.42    9.73
 123209.530    31.299    -7.35    6.42
 123588.999    27.977    -8.75    4.41
 123968.558    27.145    -2.19    4.15
 124348.204    27.132    -0.04    3.44
 124727.940    26.566    -1.49    3.08
 125107.764    26.205    -0.95    3.44
 125487.677    25.940    -0.70    4.57
 125867.679    26.387     1.18    6.79
 126247.770    28.701     6.09   10.37
 126627.950    30.181     3.89   11.63
 127008.219    30.374     0.51   10.47
 127388.577    29.686    -1.81    6.84
 127769.025    28.479    -3.17    3.56
 128149.562    27.704    -2.04    2.75
 128530.188    26.616    -2.86    3.05
 128910.903    25.310    -3.43    3.01
 129291.708    24.159    -3.02    2.13
 129672.602    24.280     0.32    2.10
 130053.586    25.057     2.04    2.20
 130434.660    25.421     0.95    2.38
 130815.824    26.253     2.18    2.77
 131197.077    27.351     2.88    2.81
 131578.420    28.756     3.68    3.68
 131959.853    30.460     4.47    4.43
 132341.375    31.815     3.55    4.52
 132722.988    33.326     3.96    5.46
 133095.278    34.914     4.27    8.43
 133459.962    36.261     3.69   11.02
 133824.727    37.416     3.17   12.29
 134189.573    35.673    -4.78   12.55
 134554.499    32.459    -8.81   11.76
 134919.506    29.489    -8.14    7.05
 135284.594    30.143     1.79    6.53
 135649.763    31.293     3.15    5.87
 136015.013    31.056    -0.65    4.34
 136380.345    30.138    -2.51    3.30
 136745.757    29.175    -2.64    2.77
 137111.250    28.353    -2.25    3.41
 137476.825    28.378     0.07    4.88
 137842.480    29.382     2.75    6.90
 138208.218    31.627     6.14    9.10
 138574.036    35.470    10.51   10.56
 138939.936    39.381    10.69   10.62
 139305.918    44.848    14.94    9.02
 139671.981    48.037     8.71    6.78
 140038.125    49.247     3.30    5.36
 140404.351    45.749    -9.55    7.52
 140770.659    40.867   -13.33    8.47
 141137.049    35.775   -13.90    6.96
 141503.521    32.080   -10.08    4.60
 141870.074    29.538    -6.94    1.94
 142236.709    29.103    -1.19    1.72
 142603.427    29.998     2.44    2.30
 142970.226    30.392     1.07    2.43
 143337.107    29.712    -1.85    3.21
 143704.071    27.926    -4.87    4.15
 144071.116    26.133    -4.88    4.07
 144438.244    25.304    -2.26    4.06
 144805.455    25.343     0.11    4.12
 145172.747    26.288     2.57    3.95
 145540.122    27.625     3.64    2.92
 145907.580    27.753     0.35    3.14
 146275.120    26.726    -2.80    3.96
 146642.742    25.153    -4.28    3.67
 147010.448    23.896    -3.42    2.49
 147378.236    23.432    -1.26    1.64
 147746.106    23.409    -0.06    1.36
 148114.060    22.758    -1.77    1.49
 148482.096    21.906    -2.32    1.41
 148850.215    21.368    -1.46    1.42
 149218.417    21.223    -0.39    1.56
 149586.703    21.538     0.86    1.76
 149955.071    22.080     1.47    1.63
 150323.522    21.916    -0.44    1.61
 150692.057    21.337    -1.57    1.90
 151060.675    20.422    -2.48    2.58
 151429.376    20.096    -0.88    3.47
 151798.161    21.076     2.66    4.48
 152167.028    22.414     3.63    4.36
 152535.980    24.261     5.01    4.11
 152905.015    25.201     2.55    3.01
 153274.133    25.970     2.08    1.66
 153643.335    25.908    -0.17    1.27
 154012.621    25.185    -1.96    0.72
 154381.991    24.880    -0.83    0.72
 154751.444    24.559    -0.87    0.93
 155120.981    24.061    -1.35    1.11
 155490.603    23.910    -0.41    1.10
 155860.308    24.130     0.59    1.24
 156230.097    24.702     1.55    1.53
 156599.970    25.498     2.15    1.44
 156969.927    25.701     0.55    1.37
 157339.969    25.365    -0.91    1.31
 157710.095    24.547    -2.21    2.34
 158080.305    23.962    -1.58    3.09
 158450.600    23.188    -2.09    3.19
 158820.979    22.304    -2.39    2.67
 159191.442    21.392    -2.46    1.71
 159561.990    20.557    -2.25    1.57
 159932.623    19.914    -1.73    1.60
 160303.340    19.547    -0.99    1.75
 160674.142    18.977    -1.54    1.39
 161045.029    19.009     0.08    1.20
 161416.000    19.332     0.87    1.34
 161787.057    19.851     1.40    1.11
 162158.198    20.310     1.24    0.85
 162529.425    20.576     0.71    1.09
 162900.736    21.028     1.22    1.46
 163272.133    22.218     3.21    2.00
 163643.614    23.111     2.40    2.08
 164015.181    23.408     0.80    2.60
 164386.834    23.037    -1.00    3.40
 164758.571    22.130    -2.44    3.77
 165130.394    21.273    -2.30    3.36
 165502.303    20.785    -1.31    2.80
 165874.297    21.236     1.21    3.28
 166246.377    23.292     5.52    6.21
 166618.542    27.049    10.10    9.73
 166990.793    32.499    14.64   11.60
 167363.130    36.722    11.34   10.35
 167735.552    39.442     7.31    7.71
 168108.061    39.716     0.73    4.69
 168480.655    37.945    -4.75    3.79
 168853.336    36.547    -3.75    3.27
 169226.102    36.761     0.57    4.59
 169598.955    40.424     9.83    7.47
 169971.893    44.811    11.77    7.25
 170344.918    48.413     9.66    5.84
 170718.030    49.936     4.08    3.82
 171091.227    48.787    -3.08    4.34
 171464.511    46.751    -5.46    4.90
 171837.882    43.751    -8.04    4.95
 172211.339    41.758    -5.34    4.10
 172584.882    42.547     2.11    5.66
 172958.513    47.137    12.29    9.39
 173332.229    55.270    21.77   11.61
 173706.033    64.046    23.48   12.22
 174079.924    71.038    18.70   11.44
 174453.901    74.070     8.11   11.23
 174827.966    75.488     3.79   10.98
 175202.117    75.801     0.84    9.90
 175576.355    77.220     3.79    8.84
 175950.681    80.423     8.56    9.36
 176325.094    84.683    11.38   11.18
 176699.594    90.644    15.92   13.28
 177074.181    96.994    16.95   14.52
 177448.856   104.320    19.55   16.90
 177823.618   112.556    21.98   17.86
 178198.467   119.804    19.34   18.02
 178573.404   128.527    23.27   15.27
 178948.429   134.798    16.72   13.71
 179323.541   141.999    19.20   12.50
 179698.742   144.127     5.67   11.53
 180074.030   139.150   -13.26   15.20
 180449.405   129.367   -26.06   18.92
 180824.869   112.508   -44.91   20.51
 181200.421    96.642   -42.25   19.02
 181576.060    81.100   -41.38   14.95
 181951.788    71.895   -24.50   11.94
 182327.604    63.649   -21.94    6.12
 182703.508    58.962   -12.47    5.32
 183079.501    56.078    -7.67    4.95
 183455.581    52.327    -9.97    5.66
 183831.751    49.324    -7.99    5.15
 184208.008    47.339    -5.28    4.95
 184584.354    45.576    -4.69    5.73
 184960.789    41.480   -10.88    8.02
 185337.312    36.394   -13.51    9.69
 185713.925    29.962   -17.08    9.51
 186090.625    26.377    -9.52    8.30
