-130456.942   126.542     0.00    7.56
-130088.158   128.995     6.65    8.50
-129719.294   131.682     7.28    9.35
-129350.351   135.367     9.99    9.82
-128981.329   139.191    10.36    9.43
-128612.227   146.771    20.53   10.89
-128243.045   157.997    30.40   16.00
-127873.783   173.424    41.77   21.83
-127504.442   196.228    61.74   31.28
-127135.020   216.796    55.67   27.71
-126765.519   231.158    38.86   19.32
-126395.938   237.067    15.99   12.81
-126026.277   233.098   -10.74   12.55
-125656.536   224.495   -23.26   15.24
-125286.715   210.689   -37.33   20.91
-124916.814   194.855   -42.80   23.99
-124546.832   175.793   -51.52   21.68
-124176.770   160.342   -41.75   19.08
-123806.628   148.098   -33.08   12.76
-123436.406   139.997   -21.88   11.03
-123066.103   135.254   -12.81    8.97
-122695.720   135.818     1.52    7.51
-122325.256   141.358    14.95   11.24
-121954.711   153.858    33.73   18.64
-121584.087   170.188    44.06   22.59
-121213.381   189.087    50.98   20.53
-120842.595   200.613    31.08   13.83
-120471.727   205.872    14.18    7.69
-120100.779   201.451   -11.92   11.80
-119729.751   192.924   -22.98   12.49
-119358.641   186.279   -17.90   10.79
-118987.450   183.520    -7.43   12.05
-118616.178   184.788     3.41   18.18
-118244.826   183.658    -3.04   23.26
-117873.392   177.504   -16.57   27.46
-117501.876   166.370   -29.97   28.65
-117130.280   151.842   -39.09   21.43
-116758.602   142.320   -25.62    8.65
-116386.843   140.991    -3.57    6.55
-116015.003   144.370     9.09    7.58
-115643.081   148.967    12.36    7.28
-115271.078   153.986    13.49    7.75
-114898.993   159.128    13.82    9.14
-114526.826   166.513    19.84   11.70
-114154.578   174.805    22.27   14.44
-113782.248   185.802    29.53   16.15
-113409.836   194.532    23.44   16.64
-113037.343   198.865    11.63   17.15
-112664.767   197.057    -4.85   18.77
-112292.110   188.319   -23.45   18.48
-111919.371   177.228   -29.75   17.65
-111546.549   162.608   -39.21   16.61
-111173.646   146.708   -42.64   18.66
-110800.660   134.764   -32.02   11.57
-110427.593   134.578    -0.50   10.87
-110054.443   142.754    21.91   16.13
-109681.210   156.598    37.09   16.50
-109307.896   168.526    31.95   13.48
-108934.499   181.300    34.21   13.38
-108561.019   195.398    37.74   18.38
-108187.457   214.462    51.03   24.48
-107813.812   227.532    34.98   26.43
-107440.085   225.444    -5.58   39.09
-107066.275   211.178   -38.16   53.40
-106692.382   195.350   -42.33   51.62
-106318.407   199.428    10.90   49.90
-105944.348   216.532    45.72   60.09
-105570.207   256.848   107.75   61.98
-105195.983   292.540    95.37   36.83
-104821.676   302.158    25.69   25.38
-104447.286   302.424     0.71   25.77
-104072.812   291.855   -28.22   27.22
-103698.256   279.788   -32.21   21.45
-103323.616   267.127   -33.79   17.61
-102948.893   258.269   -23.64   22.56
-102574.086   245.228   -34.79   31.26
-102199.197   228.898   -43.56   35.27
-101824.223   206.047   -60.93   33.07
-101449.167   188.156   -47.70   27.67
-101074.026   171.572   -44.21   18.69
-100698.802   161.478   -26.90   14.69
-100323.495   152.832   -23.04    9.08
 -99948.104   147.573   -14.01    6.78
 -99572.629   142.308   -14.02    6.55
 -99197.070   136.989   -14.16    7.87
 -98821.427   131.044   -15.82    7.57
 -98445.700   124.385   -17.72    8.43
 -98069.889   118.046   -16.87    9.40
 -97693.995   110.188   -20.90   10.86
 -97318.016   103.169   -18.67   10.73
 -96941.953    94.828   -22.18   11.64
 -96565.805    86.057   -23.32   12.41
 -96189.574    75.598   -27.80   11.94
 -95813.258    69.198   -17.01    8.62
 -95436.858    67.858    -3.56    6.59
 -95060.373    73.338    14.55   10.49
 -94683.804    84.025    28.38   12.96
 -94307.150    92.798    23.29   10.24
 -93930.412    96.526     9.90    7.03
 -93553.589    91.572   -13.15   11.56
 -93176.681    81.046   -27.93   13.40
 -92799.688    71.498   -25.33   10.27
 -92422.611    65.725   -15.31    4.93
 -92045.449    65.328    -1.05    3.95
 -91668.201    67.322     5.29    4.63
 -91290.869    70.118     7.41    3.96
 -90913.452    72.228     5.59    2.91
 -90535.949    72.761     1.41    2.62
 -90158.362    72.520    -0.64    3.20
 -89780.689    71.633    -2.35    3.27
 -89402.931    70.876    -2.00    2.89
 -89025.087    70.828    -0.13    2.82
 -88647.158    71.531     1.86    3.11
 -88269.144    72.068     1.42    3.13
 -87891.044    72.995     2.45    3.12
 -87512.859    73.880     2.34    2.91
 -87134.588    74.516     1.68    2.46
 -86756.231    75.458     2.49    2.03
 -86377.788    76.298     2.22    1.83
 -85999.260    76.239    -0.15    2.58
 -85620.646    75.794    -1.17    3.50
 -85241.946    74.138    -4.38    4.65
 -84863.160    72.378    -4.65    5.24
 -84484.288    70.548    -4.83    4.49
 -84105.329    69.478    -2.82    3.42
 -83726.285    68.427    -2.77    2.47
 -83347.154    67.701    -1.91    2.52
 -82967.938    66.028    -4.41    2.85
 -82588.634    64.248    -4.69    2.85
 -82209.245    62.471    -4.68    3.33
 -81829.769    60.718    -4.62    4.15
 -81450.206    58.077    -6.96    4.76
 -81070.557    54.980    -8.16    5.15
 -80690.822    51.679    -8.69    4.70
 -80310.999    49.454    -5.86    3.29
 -79931.090    47.995    -3.84    2.61
 -79551.094    46.931    -2.80    3.47
 -79171.012    44.912    -5.31    5.36
 -78790.842    41.572    -8.78    6.23
 -78410.585    37.242   -11.39    5.46
 -78030.242    33.754    -9.17    5.17
 -77649.811    30.025    -9.80    4.82
 -77269.293    27.838    -5.75    4.02
 -76888.688    27.479    -0.94    3.30
 -76507.996    28.038     1.47    3.24
 -76127.216    29.413     3.61    2.34
 -75746.349    29.830     1.09    2.68
 -75365.395    29.562    -0.70    3.70
 -74984.353    29.464    -0.26    3.87
 -74603.223    29.818     0.93    3.45
 -74222.006    30.166     0.91    2.47
 -73840.701    29.420    -1.96    2.36
 -73459.309    26.929    -6.53    4.73
 -73088.431    23.619    -8.92    5.04
 -72723.563    20.774    -7.80    3.52
 -72358.617    18.700    -5.68    1.76
 -71993.591    18.077    -1.70    1.74
 -71628.486    18.226     0.41    2.14
 -71263.303    18.200    -0.07    2.04
 -70898.040    16.731    -4.02    3.15
 -70532.698    13.733    -8.21    5.12
 -70167.277    10.318    -9.35    5.44
 -69801.776     8.168    -5.88    3.79
 -69436.197     7.666    -1.37    5.12
 -69070.538     8.708     2.85    6.54
 -68704.799    11.300     7.09    7.23
 -68338.981    13.395     5.73    7.23
 -67973.083    14.319     2.53    6.24
 -67607.106    15.411     2.99    4.90
 -67241.049    16.148     2.01    4.94
 -66874.913    15.784    -0.99    4.45
 -66508.697    16.058     0.75    5.11
 -66142.401    16.678     1.69    5.94
 -65776.025    14.519    -5.89    6.26
 -65409.569    13.542    -2.67    6.14
 -65043.034    15.441     5.18    6.64
 -64676.418    15.688     0.67    6.96
 -64309.722    13.385    -6.28    8.82
 -63942.946     9.798    -9.78    9.58
 -63576.090     3.608   -16.87    7.18
 -63209.154    -0.497   -11.18    2.27
 -62842.138    -1.111    -1.67    0.75
 -62475.041    -1.108     0.01    0.76
 -62107.864    -0.932     0.48    0.77
 -61740.607    -0.812     0.33    0.76
 -61373.269    -0.912    -0.27    0.73
 -61005.850    -0.892     0.06    0.69
 -60638.351    -0.844     0.13    0.67
 -60270.772    -0.382     1.26    1.51
 -59903.111    -0.338     0.12    1.56
 -59535.370    -0.397    -0.16    1.61
 -59167.548    -0.526    -0.35    1.46
 -58799.646    -0.618    -0.25    1.19
 -58431.662    -0.676    -0.16    0.90
 -58063.598    -0.546     0.35    1.00
 -57695.452    -0.590    -0.12    1.07
 -57327.226    -0.550     0.11    1.10
 -56958.918    -0.559    -0.03    1.01
 -56590.529    -0.608    -0.13    0.96
 -56222.059    -0.951    -0.93    0.65
 -55853.508    -1.056    -0.28    0.58
 -55484.876    -1.138    -0.22    0.53
 -55116.162    -1.010     0.35    0.79
 -54747.366    -0.020     2.68    2.24
 -54378.490     0.788     2.19    2.57
 -54009.531     2.711     5.21    4.50
 -53640.492     5.147     6.60    6.22
 -53271.370     8.890    10.14    6.48
 -52902.167    13.343    12.06    6.34
 -52532.882    17.187    10.41    5.30
 -52163.515    19.127     5.25    5.81
 -51794.067    21.248     5.74    5.86
 -51424.536    22.254     2.72    5.39
 -51054.924    22.441     0.50    5.80
 -50685.229    23.225     2.12    6.25
 -50315.453    24.325     2.98    7.65
 -49945.594    26.067     4.71    6.40
 -49575.654    27.068     2.71    5.43
 -49205.631    27.358     0.78    5.49
 -48835.525    27.157    -0.54    6.14
 -48465.338    28.788     4.41    7.06
 -48095.068    30.941     5.81    7.57
 -47724.716    33.916     8.03    7.03
 -47354.281    36.711     7.55    5.30
 -46983.763    39.313     7.02    4.02
 -46613.163    39.754     1.19    4.12
 -46242.480    40.637     2.38    4.37
 -45871.715    41.863     3.31    4.09
 -45500.867    41.833    -0.08    5.31
 -45129.936    43.169     3.60    6.29
 -44758.922    42.970    -0.54    6.47
 -44387.825    41.047    -5.18    8.12
 -44016.645    38.268    -7.49    7.17
 -43645.383    36.523    -4.70    6.15
 -43274.037    36.038    -1.31    7.94
 -42902.608    35.276    -2.05    8.24
 -42531.095    33.461    -4.88    8.02
 -42159.500    32.431    -2.77    6.28
 -41787.821    31.717    -1.92    5.53
 -41416.059    33.797     5.59    6.29
 -41044.213    35.608     4.87    6.64
 -40672.284    37.578     5.30    7.13
 -40300.271    39.798     5.97    7.31
 -39928.175    44.499    12.64    7.06
 -39555.995    48.107     9.69    5.82
 -39183.731    49.390     3.45    5.08
 -38811.384    47.874    -4.07    5.80
 -38438.952    45.582    -6.15    5.67
 -38066.437    46.284     1.88    7.10
 -37693.838    47.130     2.27    8.01
 -37321.155    46.434    -1.87    7.65
 -36948.388    45.858    -1.55    7.05
 -36575.537    43.931    -5.17    6.29
 -36202.602    40.800    -8.39    5.09
 -35829.582    38.215    -6.93    4.68
 -35456.478    36.731    -3.98    5.14
 -35083.290    35.478    -3.36    5.47
 -34710.018    35.254    -0.60    6.24
 -34336.661    35.158    -0.26    6.41
 -33963.219    33.369    -4.79    5.02
 -33589.693    32.782    -1.57    4.37
 -33216.083    32.214    -1.52    4.94
 -32842.388    29.855    -6.31    5.33
 -32468.608    27.787    -5.53    6.07
 -32094.743    27.868     0.22    6.46
 -31720.793    28.781     2.44    6.93
 -31346.759    29.254     1.27    7.39
 -30972.639    30.048     2.12    6.68
 -30598.435    30.428     1.02    7.12
 -30224.145    31.781     3.61    7.58
 -29849.771    34.214     6.50    7.83
 -29475.311    35.640     3.81    8.83
 -29100.766    37.616     5.28    8.15
 -28726.135    43.519    15.75    7.84
 -28351.420    46.797     8.75    6.17
 -27976.619    48.781     5.29    6.66
 -27601.732    50.078     3.46    6.08
 -27226.760    47.228    -7.60    8.34
 -26851.702    46.226    -2.67    8.45
 -26476.559    45.672    -1.48    8.48
 -26101.330    43.288    -6.35    8.68
 -25726.015    42.350    -2.50    8.30
 -25350.615    38.378   -10.58    7.31
 -24975.128    35.670    -7.21    5.94
 -24599.556    36.190     1.38    5.80
 -24223.898    36.802     1.63    6.31
 -23848.153    36.608    -0.52    6.12
 -23472.323    38.523     5.10    6.40
 -23096.406    39.689     3.10    7.41
 -22720.403    42.771     8.19    7.64
 -22344.314    45.508     7.28    7.30
 -21968.139    47.607     5.58    5.65
 -21591.877    47.098    -1.35    5.02
 -21215.528    42.578   -12.01    7.60
 -20839.093    38.441   -10.99    8.17
 -20462.572    34.800    -9.67    7.95
 -20085.964    33.028    -4.71    6.72
 -19709.269    32.622    -1.08    6.32
 -19332.488    32.030    -1.57    5.65
 -18955.619    31.078    -2.53    4.75
 -18578.664    28.651    -6.44    4.96
 -18201.622    26.229    -6.42    4.80
 -17824.493    21.453   -12.66    7.42
 -17447.277    15.587   -15.55    8.99
 -17069.974    11.398   -11.10    8.43
 -16692.583     9.567    -4.85    5.92
 -16315.106    11.294     4.57    6.55
 -15937.541    13.820     6.69    6.64
 -15559.888    18.434    12.22    6.29
 -15182.149    21.848     9.04    6.49
 -14804.322    25.019     8.39    7.03
 -14426.407    28.068     8.07    6.00
 -14048.405    29.098     2.72    6.18
 -13670.315    28.544    -1.46    5.54
 -13292.137    28.503    -0.11    5.83
 -12913.872    28.264    -0.63    5.46
 -12535.519    29.549     3.39    6.39
 -12157.078    31.990     6.45    6.86
 -11778.549    34.543     6.75    7.69
 -11399.932    37.127     6.82    6.87
 -11021.227    37.979     2.25    5.67
 -10642.433    37.713    -0.70    5.40
 -10263.552    39.015     3.44    7.16
  -9884.582    38.962    -0.14    7.68
  -9505.525    36.855    -5.56    9.00
  -9126.378    34.544    -6.10    8.41
  -8747.144    32.638    -5.03    6.77
  -8367.820    30.767    -4.93    6.46
  -7988.409    31.363     1.57    8.27
  -7608.908    32.069     1.86    8.82
  -7229.319    33.702     4.30    8.26
  -6849.641    34.809     2.92    6.43
  -6469.875    34.279    -1.39    5.21
  -6090.019    31.068    -8.45    8.42
  -5710.075    26.622   -11.70   11.59
  -5330.042    20.799   -15.32   13.11
  -4949.919    16.108   -12.34   12.36
  -4569.708    11.196   -12.92    8.77
  -4189.407     8.658    -6.67    4.84
  -3809.017     8.386    -0.71    3.26
  -3428.538    10.892     6.59    5.50
  -3047.970    12.717     4.80    5.65
  -2667.312    11.588    -2.97    6.63
  -2286.564     8.931    -6.98    8.10
  -1905.727     5.186    -9.83    7.46
  -1524.801     1.705    -9.14    5.13
  -1143.785    -0.226    -5.07    2.60
   -762.679    -0.902    -1.78    0.00
   -381.483    -0.902     0.00    0.00
     -0.198    -0.785     0.31    0.60
    381.178     1.155     5.09    4.91
    762.643     4.480     8.72    7.30
   1144.199     6.176     4.45    6.88
   1521.212     7.168     2.63    6.14
   1885.838     7.434     0.73    4.91
   2250.545     6.475    -2.63    3.00
   2615.333     6.678     0.56    2.60
   2980.201     7.705     2.81    2.71
   3345.150     8.699     2.72    3.02
   3710.180     9.011     0.85    3.36
   4075.291    10.473     4.00    3.50
   4440.483    11.517     2.86    3.34
   4805.756    11.303    -0.58    3.66
   5171.111     9.598    -4.67    4.31
   5536.546     9.336    -0.72    5.18
   5902.063     9.648     0.85    6.31
   6267.661     9.517    -0.36    6.21
   6633.340     8.950    -1.55    4.93
   6999.100     7.892    -2.89    2.95
   7364.942     7.253    -1.75    3.39
   7730.866     5.803    -3.96    3.44
   8096.871     4.456    -3.68    3.85
   8462.958     3.077    -3.77    3.26
   8829.126     3.729     1.78    4.05
   9195.376     4.731     2.74    4.24
   9561.708     5.350     1.69    4.07
   9928.122     4.774    -1.57    4.43
  10294.617     3.768    -2.75    3.84
  10661.195     3.364    -1.10    3.25
  11027.854     3.087    -0.76    2.75
  11394.596     3.862     2.11    3.19
  11761.419     3.725    -0.37    3.30
  12128.325     2.696    -2.81    3.12
  12495.313     1.888    -2.20    2.53
  12862.383     1.781    -0.29    2.66
  13229.536     2.862     2.94    3.32
  13596.770     4.251     3.78    4.14
  13964.088     5.631     3.76    4.27
  14331.487     6.705     2.92    3.59
  14698.970     5.457    -3.40    3.91
  15066.535     3.315    -5.83    3.60
  15434.182     2.567    -2.03    3.71
  15801.912     2.726     0.43    4.15
  16169.725     2.536    -0.52    3.93
  16537.621     3.059     1.42    3.66
  16905.600     2.156    -2.45    3.09
  17273.661     1.253    -2.45    1.47
  17641.806     1.456     0.55    1.63
  18010.033     1.659     0.55    1.68
  18378.344     1.732     0.20    1.75
  18746.738     1.692    -0.11    1.84
  19115.215     1.463    -0.62    1.86
  19483.775     1.127    -0.91    1.78
  19852.418     0.721    -1.10    1.41
  20221.145     0.973     0.68    1.85
  20589.956     1.240     0.73    2.06
  20958.849     1.418     0.48    2.03
  21327.827     2.107     1.87    2.29
  21696.888     2.521     1.12    2.24
  22066.032     2.944     1.15    2.22
  22435.261     2.809    -0.36    2.24
  22804.573     2.290    -1.41    2.15
  23173.968     2.087    -0.55    2.17
  23543.448     2.107     0.05    2.40
  23913.012     2.638     1.44    2.63
  24282.659     3.259     1.68    2.67
  24652.391     4.352     2.96    2.32
  25022.207     5.204     2.30    1.68
  25392.107     5.793     1.59    1.70
  25762.091     5.800     0.02    1.69
  26132.159     5.812     0.03    1.76
  26502.312     6.291     1.30    1.79
  26872.549     6.299     0.02    1.71
  27242.870     6.345     0.12    2.07
  27613.276     5.607    -1.99    2.91
  27983.767     5.574    -0.09    3.04
  28354.342     5.107    -1.26    3.00
  28725.002     4.993    -0.31    2.96
  29095.747     5.179     0.50    2.90
  29466.576     6.021     2.27    2.44
  29837.490     6.401     1.03    1.62
  30208.489     5.907    -1.33    2.18
  30579.573     5.622    -0.77    3.62
  30950.743     4.794    -2.23    3.67
  31321.997     5.098     0.82    3.76
  31693.336     5.637     1.45    3.58
  32064.760     6.107     1.27    2.14
  32436.270     6.934     2.23    1.50
  32807.865     7.107     0.46    1.45
  33179.546     7.137     0.08    1.53
  33551.311     7.526     1.05    1.66
  33923.163     7.748     0.60    1.70
  34295.099     7.797     0.13    1.38
  34667.122     7.549    -0.66    1.34
  35039.230     7.342    -0.56    1.51
  35411.424     8.305     2.59    2.60
  35783.703     9.465     3.12    2.94
  36156.069    10.251     2.11    2.66
  36528.520    10.372     0.32    2.77
  36901.057     9.305    -2.86    2.95
  37273.680     8.307    -2.68    2.92
  37646.389     7.602    -1.89    2.51
  38019.185     6.918    -1.84    1.83
  38392.066     7.568     1.74    2.91
  38765.034     9.324     4.71    3.93
  39138.088    11.338     5.40    3.74
  39511.229    12.975     4.39    2.82
  39884.456    13.715     1.98    1.67
  40257.769    13.431    -0.76    1.76
  40631.169    13.307    -0.33    1.98
  41004.655    13.583     0.74    2.18
  41378.229    14.315     1.96    2.43
  41751.889    14.735     1.12    2.40
  42125.635    15.210     1.27    1.84
  42499.469    15.373     0.44    1.78
  42873.389    15.049    -0.87    1.87
  43247.396    15.340     0.78    1.81
  43621.491    15.742     1.07    1.62
  43995.672    15.890     0.40    1.47
  44369.941    15.918     0.08    1.39
  44744.296    15.835    -0.22    1.43
  45118.740    15.771    -0.17    1.38
  45493.270    15.777     0.02    1.49
  45867.888    15.970     0.52    1.44
  46242.593    16.381     1.10    1.19
  46617.385    16.802     1.12    0.88
  46992.266    16.974     0.46    0.83
  47367.233    16.825    -0.40    1.14
  47742.289    16.484    -0.91    1.38
  48117.432    16.418    -0.18    1.42
  48492.663    16.640     0.59    1.29
  48867.982    17.040     1.06    0.92
  49243.389    17.010    -0.08    0.84
  49618.884    16.522    -1.30    1.24
  49994.466    16.058    -1.24    1.57
  50370.137    16.136     0.21    2.19
  50745.897    17.117     2.61    2.72
  51121.744    17.936     2.18    2.51
  51497.680    18.802     2.30    1.66
  51873.703    19.406     1.61    1.47
  52249.816    19.900     1.31    1.56
  52626.017    20.378     1.27    1.74
  53002.306    20.777     1.06    1.81
  53378.684    23.560     7.39    4.98
  53755.151    28.259    12.48    8.22
  54131.706    33.536    14.01    9.30
  54508.350    36.703     8.41    7.29
  54885.083    37.437     1.95    6.46
  55261.905    36.154    -3.41    7.33
  55638.816    34.068    -5.53    6.98
  56015.816    32.911    -3.07    5.05
  56392.905    31.768    -3.03    2.31
  56770.083    33.588     4.83    6.69
  57147.351    35.708     5.62    9.15
  57524.707    38.926     8.53   10.71
  57902.153    41.991     8.12    9.91
  58279.689    42.739     1.98    7.52
  58657.313    39.751    -7.91    8.07
  59035.028    33.607   -16.27   10.00
  59412.832    30.296    -8.76    9.35
  59790.726    27.374    -7.73    6.10
  60168.709    26.717    -1.74    3.71
  60546.782    28.884     5.73    3.40
  60924.945    30.317     3.79    2.55
  61303.198    31.286     2.56    2.73
  61681.541    31.425     0.37    2.87
  62059.974    31.365    -0.16    2.75
  62438.497    31.135    -0.61    3.18
  62817.110    30.335    -2.11    3.77
  63195.813    29.499    -2.21    4.56
  63574.607    28.068    -3.78    5.45
  63953.491    27.355    -1.88    5.36
  64332.465    27.709     0.94    6.12
  64711.530    29.899     5.78    6.89
  65090.686    30.761     2.27    6.82
  65469.932    32.211     3.82    7.07
  65849.269    32.945     1.94    7.26
  66228.696    35.059     5.57    7.55
  66608.214    37.967     7.66    6.46
  66987.824    40.838     7.56    3.23
  67367.524    41.352     1.35    1.97
  67747.315    37.982    -8.87    7.11
  68127.197    33.098   -12.86    9.06
  68507.170    27.816   -13.90    7.52
  68887.234    24.173    -9.59    3.47
  69267.390    23.098    -2.83    0.00
  69647.637    23.098     0.00    0.00
  70027.976    23.098     0.00    0.00
  70408.405    23.098     0.00    0.00
  70788.927    23.098     0.00    0.00
  71169.540    23.378     0.74    1.87
  71550.244    23.884     1.33    3.09
  71931.040    26.994     8.17    7.10
  72311.928    30.343     8.79    8.39
  72692.908    33.183     7.46    8.19
  73073.980    33.583     1.05    8.55
  73455.144    30.050    -9.27   10.09
  73836.400    24.857   -13.62    9.96
  74217.747    19.928   -12.93    6.65
  74599.187    17.593    -6.12    2.42
  74980.720    17.098    -1.30    0.00
  75362.344    17.098     0.00    0.00
  75744.061    20.013     7.64    6.75
  76125.870    25.742    15.01   10.62
  76492.056    31.583    15.95   10.37
  76856.521    33.808     6.10    9.24
  77221.067    32.138    -4.58   10.00
  77585.696    28.736    -9.33    9.64
  77950.408    26.336    -6.58    8.77
  78315.203    26.117    -0.60    8.33
  78680.080    27.499     3.79    8.36
  79045.040    29.985     6.81    7.63
  79410.083    29.550    -1.19    7.56
  79775.209    28.307    -3.41    7.78
  80140.418    24.453   -10.55    7.35
  80505.710    21.219    -8.85    5.14
  80871.085    19.484    -4.75    1.87
  81236.543    19.135    -0.95    0.39
  81602.084    22.002     7.84    6.04
  81967.708    26.831    13.21    8.20
  82333.416    31.013    11.44    7.44
  82699.207    35.069    11.09    3.70
  83065.082    35.724     1.79    1.21
  83431.040    35.465    -0.71    1.27
  83797.082    35.665     0.54    1.60
  84163.207    36.284     1.69    2.06
  84529.415    36.583     0.82    2.01
  84895.708    36.422    -0.44    2.35
  85262.084    35.828    -1.62    2.49
  85628.544    34.826    -2.73    2.39
  85995.088    33.730    -2.99    2.15
  86361.716    32.521    -3.30    2.83
  86728.428    30.996    -4.16    4.37
  87095.224    30.583    -1.13    4.35
  87462.104    30.565    -0.05    2.51
  87829.068    29.231    -3.64    3.93
  88196.116    26.418    -7.66    6.30
  88563.249    23.862    -6.96    7.27
  88930.466    21.378    -6.77    7.19
  89297.767    19.403    -5.38    6.47
  89665.153    17.924    -4.02    5.46
  90032.624    18.720     2.17    5.88
  90400.178    21.201     6.75    7.44
  90767.818    24.632     9.33    7.65
  91135.542    26.644     5.47    6.55
  91503.351    26.230    -1.12    6.55
  91871.245    23.125    -8.44    6.37
  92239.223    19.862    -8.87    4.94
  92607.287    17.698    -5.88    2.34
  92975.435    17.135    -1.53    0.27
  93343.669    18.485     3.67    3.52
  93711.987    21.069     7.02    5.43
  94080.391    23.515     6.64    5.53
  94448.880    25.546     5.51    4.46
  94817.454    26.658     3.02    3.08
  95186.114    26.343    -0.86    2.21
  95554.858    25.375    -2.62    1.87
  95923.689    25.047    -0.89    1.68
  96292.604    24.694    -0.96    1.67
  96661.606    24.805     0.30    1.79
  97030.693    24.920     0.31    1.70
  97399.865    25.069     0.41    1.94
  97769.124    25.215     0.39    1.93
  98138.468    24.720    -1.34    2.89
  98507.898    24.536    -0.50    3.21
  98877.414    24.501    -0.10    2.95
  99247.016    24.503     0.01    1.95
  99616.704    23.305    -3.24    2.39
  99986.478    22.033    -3.44    2.42
 100356.338    20.916    -3.02    2.39
 100726.284    20.182    -1.98    2.30
 101096.317    19.408    -2.09    2.16
 101466.436    18.696    -1.92    1.67
 101836.641    18.013    -1.84    1.58
 102206.933    17.621    -1.06    1.68
 102577.311    17.755     0.36    1.62
 102947.776    18.047     0.79    1.66
 103318.328    18.406     0.97    1.48
 103688.966    18.823     1.13    1.36
 104059.691    19.357     1.44    2.11
 104430.503    19.560     0.55    2.33
 104801.401    19.945     1.04    2.40
 105172.387    20.135     0.51    2.20
 105543.459    18.820    -3.54    4.02
 105914.619    17.004    -4.89    5.83
 106285.866    17.563     1.51    8.15
 106657.199    21.014     9.29   10.70
 107028.621    23.517     6.74   10.35
 107400.129    27.352    10.33    9.15
 107771.725    30.394     8.19    8.53
 108143.408    31.301     2.44    9.75
 108515.179    31.529     0.61   10.38
 108887.037    32.548     2.74   10.57
 109258.983    30.952    -4.29   10.90
 109631.016    28.126    -7.60   10.67
 110003.137    26.922    -3.24    9.37
 110375.346    24.348    -6.92    7.11
 110747.643    22.867    -3.98    4.67
 111120.028    24.107     3.33    6.94
 111492.500    27.107     8.06    9.84
 111865.061    29.644     6.81   10.94
 112237.710    32.437     7.50   11.02
 112610.447    35.088     7.11   10.45
 112983.272    39.191    11.01    9.38
 113356.185    43.593    11.80    8.03
 113729.187    47.940    11.66    7.73
 114102.277    52.617    12.54    4.68
 114475.456    50.635    -5.31    9.99
 114848.723    45.876   -12.75   12.83
 115222.079    37.939   -21.26   12.86
 115595.523    31.550   -17.11    9.23
 115969.056    37.425    15.73   14.00
 116342.678    42.817    14.43   14.43
 116716.389    47.536    12.63   12.28
 117090.189    48.922     3.71    9.85
 117464.077    44.828   -10.95    9.22
 117838.055    40.661   -11.14    5.86
 118212.122    38.529    -5.70    3.14
 118586.277    38.643     0.30    3.07
 118960.522    39.069     1.14    3.40
 119334.857    39.387     0.85    3.47
 119709.281    39.761     1.00    3.15
 120083.794    39.003    -2.02    1.93
 120458.396    38.822    -0.48    1.23
 120833.088    38.909     0.23    1.24
 121207.870    39.312     1.08    1.77
 121582.741    39.863     1.47    2.01
 121957.702    39.391    -1.26    2.31
 122332.753    40.777     3.69    6.34
 122707.894    47.069    16.78   11.74
 123083.125    52.699    15.00   11.87
 123458.445    58.588    15.69    6.92
 123833.856    59.538     2.53    3.03
 124209.357    57.348    -5.83    3.19
 124584.948    52.914   -11.80    8.00
 124960.629    44.636   -22.04   13.35
 125336.400    36.272   -22.26   12.86
 125712.262    31.621   -12.37    8.90
 126088.214    33.023     3.73    8.97
 126464.257    35.949     7.78    9.77
 126840.390    37.892     5.16    9.57
 127216.614    37.088    -2.14   10.30
 127592.929    35.686    -3.73   10.05
 127969.334    33.903    -4.74    9.14
 128345.830    30.307    -9.55    9.28
 128722.417    23.932   -16.93    8.59
 129099.095    20.470    -9.19   10.07
 129475.864    17.850    -6.96   10.61
 129852.724    15.428    -6.43    9.19
 130229.676    15.922     1.31    7.56
 130606.718    18.481     6.79    7.70
 130983.852    21.135     7.04    6.44
 131361.077    23.294     5.72    3.90
 131738.393    24.013     1.91    2.22
 132115.801    22.740    -3.38    4.14
 132493.300    20.855    -4.99    5.85
 132870.891    18.666    -5.80    6.80
 133248.574    19.913     3.30   10.23
 133626.349    25.343    14.37   14.42
 134004.215    29.991    12.30   13.86
 134382.173    32.621     6.96   10.51
 134760.223    32.164    -1.21    5.70
 135138.365    27.107   -13.37    8.45
 135516.599    21.829   -13.95   10.14
 135894.925    15.894   -15.69    8.54
 136273.343    11.162   -12.50    0.50
 136651.854    11.098    -0.17    0.00
 137030.457    11.098     0.00    0.00
 137409.152    12.117     2.69    3.93
 137787.940    16.845    12.48    8.58
 138166.821    22.481    14.88   10.70
 138545.794    26.914    11.70   11.12
 138924.859    31.118    11.09   11.04
 139304.017    32.467     3.56   12.06
 139683.269    35.473     7.93   12.35
 140062.613    38.343     7.57   10.67
 140442.049    41.022     7.06    7.96
 140821.579    39.932    -2.87    7.96
 141201.202    40.181     0.65    8.44
 141580.918    38.023    -5.68    9.16
 141960.728    36.791    -3.24    9.06
 142340.630    36.126    -1.75    9.66
 142720.626    31.407   -12.42    9.02
 143100.716    29.107    -6.05   10.68
 143480.898    26.242    -7.54   11.06
 143861.175    24.368    -4.93    9.01
 144241.545    30.676    16.59   10.97
 144622.008    34.587    10.28    8.79
 145002.566    32.565    -5.31    9.50
 145383.217    29.226    -8.77    9.73
 145763.962    25.206   -10.56    8.56
 146144.801    21.041   -10.94    6.22
 146525.734    19.570    -3.86    1.83
 146906.761    19.312    -0.68    1.29
 147287.882    19.416     0.27    1.22
 147669.097    19.625     0.55    1.33
 148050.407    19.968     0.90    2.41
 148431.811    22.235     5.95    6.21
 148813.310    27.247    13.14    9.11
 149194.903    29.968     7.13    8.52
 149576.591    28.116    -4.85    9.89
 149958.373    23.969   -10.86   10.02
 150340.250    18.421   -14.53    6.49
 150722.221    15.647    -7.26    3.72
 151095.052    15.214    -1.16    3.00
 151459.270    18.043     7.77    8.65
 151823.573    19.061     2.79   11.47
 152187.960    18.449    -1.68   12.14
 152552.431    16.885    -4.29   11.34
 152916.987    14.242    -7.25    8.40
 153281.627    13.098    -3.14    4.49
 153646.352    16.431     9.14    5.59
 154011.161    19.394     8.12    6.93
 154376.055    20.296     2.47    6.85
 154741.034    19.438    -2.35    6.31
 155106.098    17.061    -6.51    5.40
 155471.246    15.776    -3.52    4.00
 155836.480    14.801    -2.67    3.19
 156201.798    13.942    -2.35    3.45
 156567.202    13.203    -2.02    3.49
 156932.690    13.616     1.13    3.54
 157298.264    14.547     2.55    3.78
 157663.923    15.780     3.37    3.54
 158029.667    15.731    -0.13    3.45
 158395.497    14.175    -4.25    4.59
 158761.412    11.648    -6.91    3.79
 159127.412    10.023    -4.44    2.47
 159493.498    10.023     0.00    2.58
 159859.669    11.125     3.01    2.90
 160225.927    11.612     1.33    2.74
 160592.269    11.755     0.39    2.66
 160958.698    11.170    -1.60    2.98
 161325.212    10.201    -2.64    2.68
 161691.813    10.088    -0.31    2.15
 162058.499    11.290     3.28    3.07
 162425.271    11.998     1.93    3.02
 162792.129    11.657    -0.93    3.62
 163159.074    10.247    -3.84    4.30
 163526.104     8.404    -5.02    3.57
 163893.221     6.932    -4.01    1.33
 164260.424     7.452     1.42    1.63
 164627.714     8.042     1.61    1.39
 164995.089     8.348     0.83    1.35
 165362.552     8.373     0.07    1.51
 165730.101     8.578     0.56    1.53
 166097.736     8.278    -0.82    1.71
 166465.458     7.773    -1.37    1.71
 166833.267     8.043     0.73    3.98
 167201.163    12.088    11.00    9.71
 167569.145    15.903    10.37   11.20
 167937.215    19.831    10.67   10.70
 168305.371    20.855     2.78    9.97
 168673.614    17.881    -8.07    8.48
 169041.945    16.449    -3.89    7.49
 169410.362    15.758    -1.88    6.84
 169778.867    15.161    -1.62    5.52
 170147.459    15.320     0.43    5.07
 170516.139    16.320     2.71    4.70
 170884.906    16.740     1.14    3.72
 171253.760    16.464    -0.75    2.14
 171622.702    15.850    -1.67    0.83
 171991.731    15.780    -0.19    0.66
 172360.848    15.758    -0.06    0.64
 172730.053    15.987     0.62    0.76
 173099.345    16.162     0.47    1.02
 173468.726    15.852    -0.84    1.30
 173838.194    14.913    -2.54    2.43
 174207.750    13.731    -3.20    2.25
 174577.394    12.272    -3.95    2.18
 174947.127    11.788    -1.31    1.93
 175316.947    12.142     0.96    1.78
 175686.856    11.984    -0.43    1.66
 176056.852    11.170    -2.20    2.83
 176426.938     9.203    -5.31    3.80
 176797.111     6.701    -6.76    3.37
 177167.373     4.699    -5.41    1.54
 177537.724     4.418    -0.76    0.74
 177908.163     4.659     0.65    0.96
