# NaN NaN NaN ;Mean Elev.(m), Avg Gradient(m/km), RMS Gradient(m/km) - SRTM1     
#  -10.826   1.656  11.331 ;Mean Elev.(m), Avg Gradient(m/km), RMS Gradient(m/km) - ASTER GDEM
#    7.000   1.405  10.423 ;Mean Elev.(m), Avg Gradient(m/km), RMS Gradient(m/km) - GMTED2010 
  7     0.548 52449.42678749 33.19 155.091523  67.613889 29.155
  7     0.768 52449.42678814 37.30 155.087913  67.616939 29.155
  7     0.536 52449.42678878 42.13 155.084293  67.619999 29.155
  8    66.373 52484.42677370  9.91 155.105117  67.615075  3.490
  8    65.688 52484.42677435  9.50 155.101507  67.618135  3.490
  8    64.149 52484.42677499  8.60 155.097897  67.621185  3.490
  9    28.467 52519.42673560 19.01 155.111968  67.616747 28.955
  9    10.884 52519.42673624 32.42 155.108358  67.619797 28.955
  9    11.529 52519.42673689 39.93 155.104748  67.622857 28.955
 10    11.180 52554.42678637 23.10 155.087774  67.612482 13.176
 10    10.781 52554.42678702 27.05 155.084164  67.615532 13.176
 10    12.499 52554.42678766 28.15 155.080544  67.618592 13.176
 11     5.375 52589.42677125 34.18 155.105696  67.614250 12.847
 11     5.279 52589.42677189 35.86 155.102086  67.617310 12.847
 11     5.298 52589.42677254 32.33 155.098476  67.620360 12.847
 12    26.162 52624.42671226 22.93 155.114916  67.616907  4.654
 12     8.821 52624.42671290 23.05 155.111296  67.619967  4.654
 12    13.324 52624.42671355 22.14 155.107686  67.623017  4.654
 13    25.493 52659.42673884 20.15 155.104384  67.613211  4.313
 13     9.714 52659.42673948 21.00 155.100774  67.616271  4.313
 13    10.243 52659.42674013 20.90 155.097154  67.619321  4.313
 15    24.315 52729.42675466 18.66 155.102713  67.617714  4.420
 15     6.877 52729.42675530 18.88 155.099103  67.620764  4.420
 16    14.283 52764.42676533  4.91 155.110044  67.615154  6.981
 16    10.691 52764.42676598  8.13 155.106434  67.618204  6.981
 16    11.217 52764.42676662 20.29 155.102824  67.621254  6.981
 17    13.246 52799.42674838 37.55 155.091504  67.614029 20.132
 17    13.761 52799.42674902 41.88 155.087884  67.617079 20.132
 17    13.524 52799.42674967 44.91 155.084274  67.620129 20.132
 18    14.351 52834.42681728 15.41 155.094383  67.613922 18.994
 18    14.464 52834.42681792 18.86 155.090763  67.616972 18.994
 18    11.970 52834.42681857 30.48 155.087153  67.620032 18.994
 19    57.232 52869.42685927  2.94 155.102753  67.615597  9.789
 19    54.210 52869.42685991  2.80 155.099143  67.618647  9.789
 19    42.385 52869.42686056  5.35 155.095533  67.621707  9.789
 20    59.141 52904.42686605  5.04 155.108193  67.613796 10.445
 20    64.113 52904.42686670  2.16 155.104583  67.616856 10.445
 20    63.285 52904.42686734  0.85 155.100975  67.619912 13.453
 21     5.609 52939.42680097 28.71 155.119859  67.617562  7.093
 21    25.310 52939.42680162 27.39 155.116249  67.620612  7.093
 21     5.924 52939.42680226 25.65 155.112639  67.623672  7.093
 22     9.751 52974.42684189 22.21 155.093644  67.613823  4.166
 22     5.581 52974.42684253 22.72 155.090024  67.616873  4.166
 22     6.274 52974.42684318 23.06 155.086414  67.619933  4.166
 23    25.513 53009.42684757 17.86 155.102465  67.612378  4.331
 23    24.564 53009.42684821 17.85 155.098855  67.615428  4.331
 23    10.144 53009.42684886 18.88 155.095235  67.618488  4.331
 23    21.874 53009.42684950 18.24 155.091622  67.621540  2.985
 24    22.866 53044.42680803 18.13 155.089069  67.612866  3.284
 24    10.427 53044.42680868 18.20 155.085459  67.615926  3.284
 24    11.239 53044.42680932 18.69 155.081839  67.618976  3.284
 25    24.203 53079.42684173 16.24 155.101217  67.615027  3.023
 25    23.055 53079.42684238 16.86 155.097597  67.618077  3.023
 25    14.876 53079.42684302 16.64 155.093987  67.621127  3.023
 26     5.581 53114.42681241 17.13 155.085235  67.613021  3.481
 26     6.752 53114.42681306 16.99 155.081625  67.616071  3.481
 26    10.581 53114.42681370 17.22 155.078005  67.619121  3.481
 27    55.797 53149.42685844  9.57 155.095278  67.614622  5.538
 27    55.962 53149.42685908  8.73 155.091658  67.617672  5.538
 27    64.897 53149.42685973  4.66 155.088048  67.620732  5.538
 28    68.607 53184.42685242  6.83 155.104837  67.616231  8.894
 28    68.496 53184.42685306  5.74 155.101227  67.619291  8.894
 28    65.845 53184.42685371  4.41 155.097605  67.622342 15.776
 29     8.927 53219.42687751 44.10 155.104141  67.616145 18.476
 29     9.190 53219.42687816 28.53 155.100535  67.619199 27.211
 29    15.632 53219.42687880 43.89 155.096915  67.622249 27.211
 30     7.846 53254.42685435 37.78 155.112082  67.615448 21.778
 30     8.018 53254.42685499 45.96 155.108472  67.618498 21.778
 30     7.734 53254.42685564 54.16 155.104865  67.621557 32.427
 32     5.994 53324.42683570 21.36 155.110255  67.614009  5.085
 32     5.871 53324.42683634 22.98 155.106645  67.617059  5.085
 32     5.808 53324.42683699 23.98 155.103025  67.620119  5.085
 34     9.496 53394.42681519 15.96 155.090316  67.613320  4.083
 34    10.977 53394.42681584 16.02 155.086706  67.616370  4.083
 34    11.423 53394.42681648 15.82 155.083086  67.619430  4.083
 35    11.795 53429.42680836 13.61 155.114674  67.615531  3.538
 35     9.921 53429.42680901 13.76 155.111064  67.618581  3.538
 35     9.440 53429.42680965 13.27 155.107454  67.621631  3.538
 36     8.609 53464.42683262 13.91 155.092451  67.612811  4.162
 36     6.496 53464.42683326 14.79 155.088841  67.615871  4.162
 36     6.977 53464.42683391 14.26 155.085221  67.618921  4.162
 37     5.959 53499.42689812 23.93 155.094623  67.613945  8.913
 37     5.978 53499.42689876 24.96 155.091003  67.617005  8.913
 37     5.964 53499.42689941 24.34 155.087393  67.620055  8.913
 38    66.740 53534.42688358  3.59 155.107455  67.616033  9.057
 38    67.614 53534.42688422  2.33 155.103845  67.619083  9.057
 38    63.125 53534.42688487  5.20 155.100225  67.622133  9.057
 39    14.501 53569.42689734 14.70 155.100720  67.614613 14.844
 39    14.868 53569.42689798 20.61 155.097110  67.617663 14.844
 39    15.145 53569.42689862 27.66 155.093490  67.620713 14.844
 40    10.323 53604.42684358 44.05 155.118017  67.615264 18.860
 40     9.842 53604.42684423 46.00 155.114407  67.618314 18.860
 40    10.415 53604.42684487 40.79 155.110797  67.621374 18.860
 41     7.480 53639.42684269 28.47 155.089613  67.612024 13.654
 41    13.799 53639.42684333 23.57 155.086003  67.615084 13.654
 41     7.528 53639.42684398 31.80 155.082383  67.618134 13.654
 42     5.421 53674.42686272 30.71 155.096747  67.613162  9.044
 42     5.525 53674.42686337 34.98 155.093137  67.616212  9.044
 42     5.533 53674.42686401 34.85 155.089527  67.619262  9.044
 43     5.315 53709.42679307 24.34 155.120209  67.615254  6.556
 43     5.269 53709.42679371 27.33 155.116599  67.618314  6.556
 43     5.229 53709.42679436 26.49 155.112989  67.621364  6.556
 44     5.237 53744.42670293 26.83 155.126723  67.616249  6.012
 44     5.321 53744.42670357 25.71 155.123113  67.619309  6.012
 44     5.253 53744.42670422 25.60 155.119503  67.622359  6.012
 45    25.653 53779.42673274 17.13 155.106976  67.613909  3.640
 45    10.676 53779.42673338 17.87 155.103366  67.616959  3.640
 45    12.206 53779.42673403 17.36 155.099756  67.620009  3.640
 46    27.198 53814.42670468 15.48 155.125508  67.615470  3.353
 46    12.210 53814.42670532 15.88 155.121908  67.618520  3.353
 46     7.363 53814.42670597 17.37 155.118298  67.621580  3.353
 46     8.304 53814.42670661 16.37 155.114678  67.624630  3.353
 47     5.702 53849.42676671 16.91 155.087893  67.614070  3.842
 47     6.734 53849.42676736 17.07 155.084283  67.617130  3.842
 49    72.107 53919.42684633  4.02 155.096567  67.612104  3.212
 49    72.388 53919.42684698  3.07 155.092957  67.615154  3.212
 49    68.773 53919.42684762  2.23 155.089347  67.618214  3.212
 50    14.024 53954.42684674 12.51 155.098588  67.612314 13.066
 50    14.477 53954.42684738 15.21 155.094978  67.615374 13.066
 50    14.763 53954.42684803 20.87 155.091368  67.618424 13.066
 52     5.819 54024.42682913 45.17 155.092444  67.613512 14.590
 52     5.848 54024.42682977 51.62 155.088834  67.616562 14.590
 52     5.730 54024.42683042 48.65 155.085224  67.619612 14.590
 53    26.348 54059.42682162 17.12 155.108440  67.614405  3.627
 53    25.361 54059.42682227 16.67 155.104830  67.617465  3.627
 53    14.992 54059.42682291 17.94 155.101220  67.620515  3.627
 54    12.210 54094.42679949 14.82 155.113217  67.617600  3.047
 54    11.684 54094.42680013 14.94 155.109607  67.620660  3.047
 54    13.156 54094.42680078 14.59 155.105997  67.623710  3.047
 55    10.823 54129.42674131 15.31 155.088309  67.613799  3.678
 55    12.112 54129.42674195 15.55 155.084699  67.616859  3.678
 55    12.719 54129.42674260 15.71 155.081079  67.619909  3.678
 56     9.213 54164.42676982 13.55 155.107016  67.614711  3.322
 56    11.878 54164.42677046 13.39 155.103406  67.617761  3.322
 56    14.560 54164.42677111 12.98 155.099796  67.620811  3.322
 58     5.656 54234.42678399 35.44 155.100554  67.613362 21.850
 58     5.811 54234.42678464 35.98 155.096934  67.616412 21.850
 58     5.911 54234.42678528 39.54 155.093324  67.619462 21.850
 59    12.976 54269.42680404 48.17 155.103462  67.615968 18.985
 59    13.046 54269.42680468 42.45 155.099852  67.619018 18.985
 59    15.291 54269.42680533 44.31 155.096242  67.622078 18.985
 60    10.330 54304.42680672 16.92 155.104730  67.613460 15.894
 60    14.719 54304.42680736 18.88 155.101120  67.616510 15.894
 60    15.335 54304.42680801 24.02 155.097500  67.619560 15.894
 61    17.821 54339.42679094 14.31 155.109074  67.615932 20.360
 61    15.232 54339.42679158 15.70 155.105464  67.618982 20.360
 61    16.056 54339.42679223 26.53 155.101854  67.622032 20.360
 62     9.453 54374.42674134 43.36 155.095248  67.616236 24.891
 62     9.394 54374.42674199 51.78 155.091638  67.619286 24.891
 63     5.430 54409.42673691 26.25 155.103497  67.615385  5.951
 63     5.700 54409.42673755 26.33 155.099887  67.618435  5.951
 63     6.117 54409.42673820 25.66 155.096267  67.621485  5.951
 64     5.465 54444.42670304 19.03 155.089873  67.612541  5.008
 64     6.041 54444.42670369 19.04 155.086253  67.615601  5.008
 64     6.697 54444.42670433 19.02 155.082643  67.618651  5.008
 65    11.761 54479.42672710 15.55 155.103888  67.615037  3.677
 65     9.406 54479.42672775 14.86 155.100279  67.618091  2.842
 65     9.599 54479.42672839 15.57 155.096669  67.621141  2.842
 66     8.802 54514.42671800 17.22 155.089974  67.614328  3.382
 66     6.950 54514.42671864 17.41 155.086354  67.617388  3.382
 67    24.965 54549.42674036 14.71 155.110208  67.614787  3.006
 67    24.068 54549.42674100 15.46 155.106598  67.617847  3.006
 67     8.773 54549.42674165 15.41 155.102988  67.620897  3.006
 68    23.272 54584.42671358 13.02 155.101091  67.614661  3.234
 68     8.289 54584.42671423 14.52 155.097481  67.617721  3.234
 68    14.546 54584.42671487 14.15 155.093861  67.620771  3.234
 69    14.063 54619.42673294 20.70 155.104098  67.613008 22.650
 69    14.731 54619.42673359 21.46 155.100488  67.616058 22.650
 69    15.354 54619.42673423 24.09 155.096878  67.619118 22.650
 70    30.264 54654.42674445 16.96 155.102007  67.615003  8.346
 70    69.536 54654.42674510  6.84 155.098397  67.618053  8.346
 70    51.552 54654.42674574 11.12 155.094787  67.621113  8.346
 71     8.640 54689.42673192 26.73 155.107143  67.615866 28.935
 71     8.140 54689.42673257 24.11 155.103533  67.618926 28.935
 71    17.014 54689.42673321 27.81 155.099923  67.621976 28.935
 72    68.856 54724.42669353  2.32 155.092689  67.612643  7.265
 72    68.952 54724.42669418  1.29 155.089079  67.615703  7.265
 72    67.863 54724.42669482  0.63 155.085469  67.618753  7.265
 73     7.157 54759.42670758 39.87 155.105834  67.613515 15.353
 73     6.827 54759.42670823 45.26 155.102224  67.616575 15.353
 73     6.808 54759.42670887 44.68 155.098614  67.619625 15.353
 74     5.653 54794.42668703 27.93 155.086838  67.613343  7.846
 74     5.695 54794.42668768 29.19 155.083228  67.616393  7.846
 74    12.221 54794.42668832 26.81 155.079608  67.619453  7.846
 75    24.990 54829.42670703 20.03 155.102884  67.613606  4.241
 75     9.772 54829.42670768 20.03 155.099274  67.616656  4.241
 75    10.452 54829.42670832 21.47 155.095654  67.619706  4.241
 76    23.082 54864.42668160 18.09 155.092265  67.614137  3.586
 76    22.243 54864.42668225 18.81 155.088645  67.617187  3.586
 76    12.342 54864.42668289 18.74 155.085035  67.620247  3.586
 77    24.596 54899.42670637 16.91 155.107057  67.614163  3.566
 77    23.715 54899.42670702 16.73 155.103447  67.617213  3.566
 77    14.396 54899.42670766 17.35 155.099837  67.620263  3.566
 78    23.492 54934.42667444 16.32 155.097410  67.612845  3.964
 78     9.195 54934.42667508 17.80 155.093790  67.615895  3.964
 78     6.317 54934.42667573 19.01 155.090180  67.618955  3.964
 79    71.114 54969.42670820  6.80 155.101857  67.614629  5.992
 79    66.251 54969.42670884  6.50 155.098247  67.617689  5.992
 79    66.042 54969.42670948  5.88 155.094637  67.620739  5.992
 80    64.422 55004.42672759  2.00 155.101585  67.613440  6.919
 80    65.920 55004.42672824  0.31 155.097975  67.616490  6.919
 81    14.537 55039.42671520 17.69 155.103887  67.615371 17.857
 81    14.621 55039.42671585 25.58 155.100277  67.618421 17.857
 81    15.290 55039.42671649 34.50 155.096667  67.621471 17.857
 82     8.283 55074.42669909 42.40 155.108028  67.616690 36.229
 82     9.146 55074.42669974 48.58 155.104408  67.619740 36.229
 82     8.421 55074.42670038 46.59 155.100798  67.622800 36.229
 83    13.882 55109.42664757 24.79 155.093774  67.613650 14.987
 83    12.672 55109.42664821 25.84 155.090164  67.616700 14.987
 83    13.101 55109.42664885 27.73 155.086544  67.619760 14.987
 84     5.138 55144.42665105 25.05 155.104144  67.614950  5.007
 84     5.441 55144.42665169 26.05 155.100524  67.618010  5.007
 84    12.587 55144.42665234 24.91 155.096914  67.621060  5.007
 85     9.030 55179.42662217 21.74 155.089881  67.612267  4.022
 85     9.634 55179.42662281 20.81 155.086261  67.615317  4.022
 85    12.116 55179.42662346 20.57 155.082651  67.618377  4.022
 86     8.510 55214.42664579 18.88 155.103944  67.615480  3.910
 86     9.216 55214.42664643 19.73 155.100334  67.618540  3.910
 86    14.548 55214.42664708 19.57 155.096714  67.621590  3.910
 87     9.739 55249.42662044 18.73 155.095653  67.614151  3.870
 87    14.416 55249.42662108 18.69 155.092043  67.617201  3.870
 87    14.373 55249.42662173 17.95 155.088423  67.620261  3.870
 88    24.443 55284.42663949 17.42 155.107557  67.615281  3.648
 88    23.401 55284.42664014 16.93 155.103947  67.618341  3.648
 88    14.603 55284.42664078 16.98 155.100337  67.621391  3.648
 90    12.206 55354.42661270 21.55 155.105618  67.614675 25.320
 90    14.676 55354.42661334 20.86 155.102008  67.617725 25.320
 90    11.461 55354.42661399 37.59 155.098388  67.620775 25.320
 91     8.731 55389.42661165 46.96 155.093009  67.613448 25.434
 91     8.928 55389.42661230 45.91 155.089399  67.616508 25.434
 91     8.485 55389.42661294 41.86 155.085789  67.619558 25.434
 92    10.381 55424.42663021 18.69 155.103557  67.615462 28.141
 92    14.991 55424.42663085 20.33 155.099947  67.618522 28.141
 92    15.423 55424.42663150 34.72 155.096337  67.621572 28.141
 93    13.125 55459.42659985 45.58 155.113534  67.614402 19.768
 93    12.867 55459.42660050 50.69 155.109925  67.617461 33.751
 93    13.007 55459.42660114 48.13 155.106315  67.620511 33.751
