# NaN NaN NaN ;Mean Elev.(m), Avg Gradient(m/km), RMS Gradient(m/km) - SRTM1     
#  -13.387  -0.165   5.453 ;Mean Elev.(m), Avg Gradient(m/km), RMS Gradient(m/km) - ASTER GDEM
#    8.515  -0.653   4.934 ;Mean Elev.(m), Avg Gradient(m/km), RMS Gradient(m/km) - GMTED2010 
  7     7.658 52470.04365199 26.01 155.591515  67.615420 27.253
  7     7.393 52470.04365263 30.65 155.587905  67.612360 27.253
  7     7.480 52470.04365328 32.21 155.584295  67.609310 27.253
  8     6.871 52505.04363551 32.19 155.591266  67.617112 28.487
  8     6.804 52505.04363616 29.85 155.587656  67.614062 28.487
  8     6.815 52505.04363680 33.14 155.584046  67.611002 28.487
  9     7.084 52540.04361964 52.64 155.607599  67.607479 41.284
  9     7.042 52540.04362029 53.70 155.603989  67.604419 41.284
  9     6.974 52540.04362093 50.88 155.600379  67.601369 41.284
 11     4.024 52610.04362471 27.32 155.588449  67.613918  6.027
 11    10.864 52610.04362535 25.34 155.584849  67.610858  6.027
 12     8.985 52645.04361477 23.77 155.600474  67.613182  4.994
 12    11.373 52645.04361542 21.74 155.596854  67.610122  4.994
 12    11.625 52645.04361606 23.00 155.593244  67.607072  4.994
 12    12.255 52645.04361671 22.59 155.589644  67.604012  4.994
 13     9.477 52680.04359155 23.27 155.591860  67.613105  5.635
 13    11.064 52680.04359220 23.37 155.588260  67.610045  5.635
 15    14.999 52750.04366422 17.39 155.580747  67.620325  3.683
 15    13.005 52750.04366486 18.56 155.577137  67.617275  3.683
 15    13.214 52750.04366551 16.76 155.573527  67.614215  3.683
 16     7.863 52785.04360815 28.18 155.604896  67.607731 23.188
 16     7.899 52785.04360880 30.53 155.601286  67.604681 23.188
 16     8.063 52785.04360944 36.30 155.597676  67.601621 23.188
 17    12.899 52820.04368322 19.78 155.603485  67.609592 22.806
 17    12.726 52820.04368386 22.66 155.599865  67.606532 22.806
 17    12.790 52820.04368451 27.45 155.596255  67.603482 22.806
 18     6.199 52855.04373116 26.34 155.602563  67.611986 23.407
 18     6.086 52855.04373181 30.28 155.598953  67.608936 23.407
 18     5.974 52855.04373245 32.28 155.595343  67.605876 23.407
 18     5.670 52855.04373309 40.71 155.591733  67.602826 23.407
 20     4.648 52925.04371734 49.59 155.582576  67.616979 16.025
 20     4.583 52925.04371799 37.96 155.578966  67.613919 16.025
 21     3.781 52960.04368566 31.19 155.606251  67.607174  5.487
 21     3.641 52960.04368631 28.11 155.602641  67.604114  5.487
 21    11.522 52960.04368695 25.17 155.599031  67.601064  5.487
 22     9.613 52995.04371920 24.24 155.596779  67.611911  4.115
 22    10.721 52995.04371985 25.02 155.593169  67.608851  4.115
 22    11.663 52995.04372049 23.95 155.589559  67.605801  4.115
 23    10.744 53030.04368184 17.80 155.585735  67.617670  2.724
 23    10.681 53030.04368249 17.69 155.582135  67.614610  2.724
 23    11.741 53030.04368313 17.69 155.578525  67.611560  2.724
 24    10.722 53065.04368995 17.22 155.600494  67.610950  2.826
 24    11.432 53065.04369059 16.91 155.596884  67.607900  2.826
 24    12.148 53065.04369124 16.56 155.593274  67.604840  2.826
 25    12.853 53100.04369618 14.41 155.580529  67.617500  2.489
 25    11.840 53100.04369683 14.20 155.576919  67.614450  2.489
 26    10.789 53135.04368981  8.69 155.604292  67.611304  2.521
 26    11.379 53135.04369046  9.60 155.600682  67.608254  2.521
 26    12.254 53135.04369110  8.28 155.597072  67.605194  2.521
 28    13.748 53205.04375876 14.62 155.593763  67.614178 16.035
 28    13.785 53205.04375940 15.37 155.590153  67.611128 16.035
 28    12.198 53205.04376005 19.79 155.586543  67.608068 16.035
 29     8.999 53240.04372673 46.20 155.591993  67.615136 26.731
 29     8.855 53240.04372737 48.57 155.588383  67.612086 26.731
 29     8.899 53240.04372802 49.48 155.584783  67.609026 26.731
 31     5.773 53310.04374162 45.26 155.593634  67.612815  8.401
 31     5.345 53310.04374227 26.88 155.590014  67.609755  8.401
 32    10.648 53345.04370773 15.44 155.589225  67.613723  3.188
 32    11.289 53345.04370838 15.33 155.585615  67.610663  3.188
 33    10.600 53380.04365916 15.09 155.609035  67.606502  3.164
 33    11.690 53380.04365981 14.52 155.605425  67.603452  3.164
 33    12.089 53380.04366045 14.94 155.601815  67.600392  3.164
 34    10.521 53415.04368474 13.20 155.598381  67.613067  2.626
 34    11.381 53415.04368539 13.66 155.594771  67.610007  2.626
 34    11.893 53415.04368603 13.70 155.591161  67.606957  2.626
 34    12.669 53415.04368668 13.31 155.587561  67.603897  2.626
 35     9.593 53450.04367890 14.44 155.609991  67.607064  3.003
 35    11.443 53450.04367955 12.85 155.606381  67.604014  3.003
 35    12.298 53450.04368019 12.14 155.602771  67.600954  3.003
 36    10.575 53485.04376361 10.99 155.592211  67.613066  2.514
 36    11.491 53485.04376426 10.85 155.588591  67.610006  2.514
 37    10.571 53520.04375922 49.41 155.594206  67.613471 30.795
 37    10.570 53520.04375986 51.64 155.590596  67.610411 30.795
 37    10.596 53520.04376051 48.30 155.586986  67.607361 30.795
 38     8.855 53555.04378190 29.64 155.590234  67.617035 24.440
 38     8.692 53555.04378255 26.82 155.586614  67.613975 24.440
 38     8.777 53555.04378319 40.27 155.583014  67.610925 24.440
 39    13.151 53590.04372614 17.06 155.591271  67.613756 20.357
 39    11.864 53590.04372678 19.94 155.587661  67.610706 20.357
 40     8.352 53625.04370659 43.72 155.604104  67.611137 27.755
 40     7.961 53625.04370723 50.12 155.600484  67.608077 27.755
 40     8.086 53625.04370788 50.10 155.596874  67.605027 27.755
 41     4.158 53660.04373309 40.31 155.598410  67.612083 13.613
 41     4.312 53660.04373374 39.51 155.594800  67.609023 13.613
 41    11.787 53660.04373438 30.60 155.591190  67.605973 13.613
 42     3.889 53695.04370684 32.33 155.589628  67.616618  6.388
 42     3.879 53695.04370748 29.67 155.586018  67.613568  6.388
 42    11.274 53695.04370813 23.45 155.582408  67.610508  6.388
 43     9.739 53730.04362983 23.14 155.585072  67.616657  4.512
 43    10.990 53730.04363047 20.81 155.581462  67.613607  4.512
 43    11.954 53730.04363112 19.30 155.577852  67.610547  4.512
 44     8.870 53765.04359633 22.42 155.607703  67.610651  4.339
 44     3.950 53765.04359698 24.89 155.604093  67.607591  4.339
 44    11.385 53765.04359762 23.45 155.600483  67.604541  4.339
 44    12.538 53765.04359827 21.12 155.596873  67.601481  4.339
 45    10.378 53800.04360112 15.99 155.589538  67.615962  2.735
 45    11.291 53800.04360176 16.17 155.585928  67.612902  2.735
 45    11.786 53800.04360241 16.14 155.582318  67.609852  2.735
 46    10.796 53835.04360320 16.57 155.606935  67.608361  3.151
 46    11.590 53835.04360385 16.28 155.603315  67.605301  3.151
 46    12.500 53835.04360449 16.06 155.599705  67.602251  3.151
 47    10.136 53870.04366314 12.50 155.598507  67.612827  7.566
 47     4.083 53870.04366378 13.16 155.594897  67.609777  7.566
 47    12.255 53870.04366443  9.78 155.591287  67.606717  7.566
 48    13.801 53905.04369833 16.03 155.593543  67.612461 20.606
 48    14.039 53905.04369897 17.37 155.589923  67.609401 20.606
 49     7.503 53940.04373032 25.00 155.589189  67.616442 32.316
 49     7.486 53940.04373096 28.12 155.585579  67.613382 32.316
 49     7.438 53940.04373161 39.51 155.581969  67.610332 32.316
 50    11.227 53975.04368876 26.44 155.585069  67.617629 31.611
 50    10.609 53975.04368940 29.34 155.581459  67.614579 31.611
 50    10.890 53975.04369005 32.64 155.577849  67.611519 31.611
 51     6.354 54010.04368632 34.39 155.607121  67.607512 26.656
 51     6.701 54010.04368696 42.88 155.603511  67.604462 26.656
 51     6.590 54010.04368761 50.26 155.599901  67.601412 26.656
 52     4.967 54045.04370391 38.58 155.602350  67.609965  8.555
 52     4.754 54045.04370456 36.58 155.598740  67.606915  8.555
 52     4.442 54045.04370520 25.57 155.595130  67.603855  8.555
 53    11.499 54080.04369638 16.86 155.590554  67.616831  4.498
 53    13.418 54080.04369703 17.01 155.586944  67.613771  4.498
 53    13.939 54080.04369767 17.00 155.583334  67.610721  4.498
 54    13.422 54115.04363153 15.14 155.580826  67.617447  3.115
 54    12.726 54115.04363217 14.67 155.577216  67.614397  3.115
 56    14.076 54185.04362258 13.26 155.582461  67.616863  2.568
 56    12.818 54185.04362323 13.37 155.578861  67.613813  2.568
 57    13.210 54220.04365398  1.14 155.599090  67.611687  1.995
 57    12.449 54220.04365463  1.37 155.595480  67.608627  1.995
 57    13.018 54220.04365527  1.35 155.591870  67.605577  1.995
 58    15.868 54255.04367731 17.07 155.596234  67.614916 23.204
 58    13.899 54255.04367796 18.55 155.592624  67.611856 23.204
 58    14.038 54255.04367860 21.85 155.589014  67.608806 23.204
 59    10.938 54290.04368042 18.99 155.594309  67.612649 22.140
 59    11.679 54290.04368107 22.05 155.590699  67.609589 22.140
 60     9.169 54325.04367787 44.28 155.594011  67.613373 27.543
 60     8.631 54325.04367852 44.00 155.590401  67.610313 27.543
 60     8.767 54325.04367916 42.70 155.586801  67.607263 27.543
 61    15.677 54360.04363076 15.33 155.584724  67.619449 21.795
 61    13.775 54360.04363140 16.97 155.581124  67.616389 21.795
 61    14.064 54360.04363205 19.69 155.577514  67.613339 21.795
 62     5.241 54395.04361818 44.18 155.596734  67.611704 11.318
 62     5.065 54395.04361882 39.26 155.593124  67.608654 11.318
 62    11.604 54395.04361947 32.35 155.589514  67.605594 11.318
 63    11.654 54430.04358180 21.27 155.587526  67.614462  4.037
 63    11.335 54430.04358244 20.57 155.583926  67.611402  4.037
 64     9.977 54465.04359774 14.98 155.602139  67.612005  2.727
 64    11.289 54465.04359838 15.05 155.598529  67.608955  2.727
 64    12.003 54465.04359903 14.41 155.594919  67.605895  2.727
 64    12.676 54465.04359967 15.08 155.591309  67.602845  2.727
 65    12.449 54500.04359294 14.93 155.592619  67.616331  2.346
 65    11.524 54500.04359358 14.84 155.589009  67.613271  2.346
 65    11.790 54500.04359423 14.70 155.585399  67.610221  2.346
 66    11.277 54535.04361255 15.71 155.595039  67.611948  2.763
 66    11.979 54535.04361320 15.35 155.591429  67.608888  2.763
 66    12.807 54535.04361384 14.84 155.587819  67.605838  2.763
 67    12.780 54570.04359576 15.43 155.587155  67.617966  2.657
 67    11.065 54570.04359640 15.21 155.583545  67.614916  2.657
 67    11.965 54570.04359704 14.85 155.579945  67.611856  2.657
 68     6.878 54605.04360662 34.71 155.595624  67.612197 24.822
 68     6.962 54605.04360726 34.83 155.592004  67.609147 24.822
 68     6.987 54605.04360791 37.29 155.588394  67.606087 24.822
 69     8.608 54640.04361670 51.79 155.590457  67.613218 28.568
 69     8.570 54640.04361734 53.92 155.586847  67.610168 28.568
 70     7.764 54675.04361861 25.74 155.594040  67.615044 20.593
 70     7.110 54675.04361926 33.04 155.590420  67.611984 20.593
 70     7.048 54675.04361990 37.37 155.586820  67.608934 20.593
 71     5.741 54710.04357518 35.90 155.588289  67.616758 24.764
 71     5.878 54710.04357583 34.47 155.584679  67.613708 24.764
 71     5.882 54710.04357647 37.13 155.581079  67.610648 24.764
 72    10.552 54745.04358600 24.91 155.597324  67.613053 21.800
 72     7.702 54745.04358664 38.16 155.593714  67.610003 21.800
 72     7.834 54745.04358729 36.86 155.590104  67.606943 21.800
 73     4.777 54780.04355986 31.52 155.591592  67.613543 11.063
 73    11.263 54780.04356050 24.41 155.587992  67.610493 11.063
 74    10.437 54815.04357909 19.94 155.601147  67.613072  4.965
 74    10.916 54815.04357973 23.17 155.597537  67.610022  4.965
 74    11.922 54815.04358038 22.80 155.593927  67.606962  4.965
 74    12.199 54815.04358102 25.18 155.590317  67.603912  4.965
 75    10.856 54850.04355822 18.66 155.589391  67.614868  3.735
 75    11.833 54850.04355886 18.48 155.585791  67.611808  3.735
 75    12.047 54850.04355951 20.01 155.582181  67.608758  3.735
 76    11.029 54885.04358327 17.81 155.595646  67.612125  3.821
 76    11.742 54885.04358391 18.12 155.592036  67.609065  3.821
 76    12.697 54885.04358456 19.02 155.588426  67.606015  3.821
 77    13.892 54920.04355975 14.23 155.579924  67.617602  2.625
 77    13.685 54920.04356039 14.16 155.576324  67.614542  2.625
 78    12.909 54955.04357806  0.18 155.598089  67.612477  2.138
 78    12.488 54955.04357871  0.19 155.594479  67.609427  2.138
 79    11.124 54990.04360176 44.49 155.593847  67.613581 28.298
 79    10.596 54990.04360240 52.25 155.590227  67.610531 28.298
 79    10.536 54990.04360305 52.12 155.586617  67.607471 28.298
 80     6.742 55025.04359325 48.46 155.591130  67.613777 26.017
 80     5.194 55025.04359389 47.91 155.587520  67.610727 26.017
 81     5.957 55060.04358706 25.80 155.594386  67.614553 21.299
 81     6.037 55060.04358771 27.58 155.590776  67.611493 21.299
 81    11.369 55060.04358835 30.20 155.587166  67.608443 21.299
 82    10.297 55095.04353897 16.32 155.581788  67.617197 21.423
 82    13.244 55095.04353962 16.18 155.578178  67.614147 21.423
 83     4.502 55130.04352920 36.02 155.597283  67.613783  8.684
 83     4.478 55130.04352985 37.08 155.593663  67.610733  8.684
 83     4.229 55130.04353049 31.96 155.590053  67.607673  8.684
 83     4.217 55130.04353114 29.41 155.586453  67.604623  8.684
 84     4.086 55165.04350105 32.51 155.591368  67.614674  4.893
 84     4.110 55165.04350170 26.20 155.587758  67.611614  4.893
 84    11.462 55165.04350234 23.59 155.584148  67.608564  4.893
 85     3.962 55200.04352084 23.51 155.598600  67.613455  4.742
 85    10.094 55200.04352148 22.81 155.594990  67.610405  4.742
 85    11.364 55200.04352213 22.60 155.591380  67.607345  4.742
 85    12.127 55200.04352277 21.46 155.587770  67.604295  4.742
 86    12.782 55235.04350644 17.31 155.587046  67.616772  2.945
 86    12.230 55235.04350708 16.49 155.583446  67.613712  2.945
 86    12.114 55235.04350773 15.93 155.579836  67.610662  2.945
 87    10.643 55270.04351587 16.30 155.593353  67.611901  3.021
 87    11.745 55270.04351652 17.07 155.589743  67.608841  3.021
 88    12.795 55305.04348680 16.91 155.585903  67.618499  3.284
 88    12.438 55305.04348745 16.10 155.582293  67.615449  3.284
 88    11.721 55305.04348809 15.30 155.578693  67.612389  3.284
 89    13.210 55340.04348702 53.97 155.595199  67.613625 35.703
 89    12.891 55340.04348766 56.92 155.591589  67.610565 35.703
 89    12.945 55340.04348830 50.68 155.587989  67.607515 35.703
 90     7.353 55375.04347924 51.20 155.591743  67.614453 25.743
 90     7.227 55375.04347988 52.50 155.588143  67.611403 25.743
 90     7.449 55375.04348053 49.92 155.584533  67.608343 25.743
 91     5.441 55410.04350107 21.10 155.599724  67.613155 22.660
 91     5.247 55410.04350172 25.90 155.596114  67.610105 22.660
 91     4.963 55410.04350236 31.04 155.592504  67.607045 22.660
 91    12.277 55410.04350301 33.55 155.588894  67.603995 22.660
 92    10.147 55445.04349560 41.24 155.593358  67.614295 26.375
 92     9.631 55445.04349624 48.72 155.589758  67.611235 26.375
 92     9.523 55445.04349689 50.24 155.586148  67.608185 26.375
 93     7.417 55480.04343083 50.42 155.580539  67.617041 22.457
 93     7.303 55480.04343148 40.08 155.576929  67.613991 22.457
