-156647.625    -0.207     0.00    2.94
-156278.141     0.222     1.16    3.05
-155908.739     0.077    -0.39    3.01
-155539.418     2.237     5.85    5.84
-155170.178     5.058     7.64    7.25
-154801.020     6.526     3.98    6.69
-154431.943     7.712     3.21    6.26
-154062.947     6.398    -3.56    6.34
-153694.032     3.821    -6.99    4.94
-153325.198     1.847    -5.35    4.82
-152956.445     1.452    -1.07    4.73
-152587.773     1.747     0.80    4.24
-152219.181     2.046     0.81    4.22
-151850.671     1.373    -1.83    5.33
-151482.241    -1.133    -6.80    5.95
-151113.892    -3.452    -6.30    4.31
-150745.624    -3.211     0.65    3.39
-150377.436    -1.768     3.92    3.67
-150009.329     0.551     6.30    2.68
-149641.302     1.007     1.24    2.07
-149273.356     0.416    -1.61    2.63
-148905.490    -0.915    -3.62    2.95
-148537.704    -1.338    -1.15    2.75
-148169.999    -1.122     0.59    3.03
-147802.374    -1.771    -1.76    3.58
-147434.829    -3.243    -4.01    4.54
-147067.365    -4.231    -2.69    4.66
-146699.980    -4.548    -0.86    4.43
-146332.675    -3.221     3.61    4.37
-145965.451    -1.434     4.87    3.43
-145598.306    -0.023     3.84    2.12
-145231.241     0.394     1.14    1.60
-144864.256     0.284    -0.30    1.37
-144497.351     0.712     1.17    2.53
-144130.525     1.337     1.70    3.56
-143763.780     1.153    -0.50    3.66
-143397.113     1.779     1.71    3.94
-143030.527     1.809     0.08    3.76
-142664.019     1.503    -0.83    2.91
-142297.592     2.800     3.54    3.05
-141931.243     4.260     3.98    3.72
-141564.974     4.358     0.27    4.14
-141198.785     3.421    -2.56    4.35
-140832.674     1.703    -4.69    4.13
-140466.643    -0.317    -5.52    2.71
-140100.691    -1.704    -3.79    0.70
-139734.818    -1.983    -0.76    0.20
-139369.024    -2.023    -0.11    0.00
-139003.309    -2.023     0.00    0.00
-138637.673    -2.023     0.00    0.00
-138272.116    -1.844     0.49    0.60
-137906.638    -1.072     2.11    1.96
-137541.239    -0.876     0.54    2.05
-137175.918    -0.823     0.14    2.02
-136810.676    -0.799     0.07    1.96
-136445.513     0.847     4.51    4.20
-136080.428     3.389     6.96    5.16
-135714.895     7.083    10.11    5.08
-135333.364    10.116     7.95    3.65
-134951.920    10.998     2.31    2.48
-134570.564    11.287     0.76    2.67
-134189.294    12.805     3.98    5.16
-133808.112    16.601     9.96    7.08
-133427.017    21.267    12.25    5.43
-133046.009    24.097     7.43    2.29
-132665.088    24.730     1.66    0.97
-132284.254    24.432    -0.78    1.16
-131903.507    23.773    -1.73    1.51
-131522.846    22.098    -4.40    2.65
-131142.272    20.510    -4.17    2.65
-130761.785    19.779    -1.92    2.72
-130381.385    20.019     0.63    3.45
-130001.071    20.139     0.31    4.04
-129620.843    20.390     0.66    4.13
-129240.702    20.531     0.37    4.30
-128860.648    18.798    -4.56    4.56
-128480.679    16.472    -6.12    4.34
-128100.797    15.687    -2.07    3.96
-127721.001    15.601    -0.23    2.96
-127341.292    16.105     1.33    2.52
-126961.668    15.987    -0.31    2.67
-126582.131    14.934    -2.77    3.24
-126202.679    12.700    -5.89    3.51
-125823.313    11.675    -2.70    4.10
-125444.033    12.683     2.66    5.38
-125064.839    13.310     1.65    6.11
-124685.731    13.411     0.27    6.21
-124306.708    12.822    -1.55    5.66
-123927.771    12.389    -1.14    4.62
-123548.920    13.814     3.76    4.23
-123170.154    13.848     0.09    4.19
-122791.474    12.410    -3.80    5.10
-122412.879    10.251    -5.70    5.18
-122034.369     9.222    -2.72    4.05
-121655.945     9.522     0.79    3.81
-121277.605    10.573     2.78    3.37
-120899.351    10.283    -0.77    3.64
-120521.183     8.487    -4.75    4.00
-120143.099     6.079    -6.37    3.49
-119765.100     4.467    -4.27    2.40
-119387.186     4.107    -0.95    2.29
-119009.357     5.717     4.26    3.86
-118631.613     7.404     4.47    3.83
-118253.954     7.377    -0.07    3.65
-117876.379     6.048    -3.52    3.82
-117498.889     2.916    -8.30    4.20
-117121.484    -0.440    -8.89    4.59
-116744.163    -2.143    -4.51    4.75
-116366.927    -3.244    -2.92    4.49
-115989.775    -2.932     0.83    4.23
-115612.707    -2.757     0.46    3.66
-115235.724    -1.587     3.10    2.77
-114858.825    -1.143     1.18    2.75
-114482.011    -0.637     1.34    2.95
-114105.280     1.084     4.57    2.85
-113728.634     2.257     3.11    3.37
-113352.072     2.934     1.80    3.21
-112975.593     3.097     0.43    2.66
-112599.199     3.310     0.57    2.33
-112222.888     4.165     2.27    2.17
-111846.662     4.513     0.92    2.50
-111470.519     6.431     5.10    4.95
-111094.460     8.563     5.67    5.92
-110718.484     9.391     2.20    5.77
-110342.592     8.709    -1.81    5.65
-109966.784     6.331    -6.33    5.34
-109591.059     3.573    -7.34    3.59
-109215.418     1.967    -4.28    2.90
-108839.860     1.107    -2.29    3.45
-108464.385     1.997     2.37    5.18
-108088.994     3.977     5.27    5.72
-107713.686     4.498     1.39    5.59
-107338.461     3.467    -2.75    5.97
-106963.319     1.662    -4.81    5.66
-106588.260    -0.773    -6.49    5.18
-106213.284    -0.560     0.57    6.01
-105838.392     0.876     3.83    6.17
-105463.582     2.349     3.93    5.84
-105088.855     3.587     3.30    5.81
-104714.210     3.063    -1.40    6.52
-104339.649     0.472    -6.92    7.54
-103965.170    -1.183    -4.42    6.28
-103590.774    -1.890    -1.89    5.41
-103216.460    -0.868     2.73    5.77
-102842.229     1.492     6.31    4.72
-102468.080     1.097    -1.06    5.24
-102094.014    -2.476    -9.55    5.70
-101720.030    -5.922    -9.22    4.21
-101346.129    -8.247    -6.22    3.62
-100972.309    -9.401    -3.09    3.49
-100598.572    -9.491    -0.24    3.59
-100224.917    -9.599    -0.29    3.87
 -99851.345   -10.469    -2.33    3.92
 -99477.854   -11.053    -1.57    3.87
 -99104.445    -7.827     8.64    9.09
 -98731.118     0.710    22.87   15.04
 -98357.873     9.140    22.59   15.39
 -97984.710    17.691    22.92   10.23
 -97611.628    20.927     8.67    7.71
 -97238.629    19.654    -3.41    8.51
 -96865.711    17.528    -5.70    9.40
 -96492.874    16.591    -2.51   11.50
 -96120.119    18.867     6.10   14.73
 -95747.446    23.892    13.48   16.25
 -95374.854    27.777    10.43   13.27
 -95002.344    29.401     4.36   10.08
 -94629.914    30.118     1.93    7.42
 -94257.567    29.956    -0.44    4.81
 -93885.300    31.477     4.09    4.04
 -93513.115    32.803     3.56    4.32
 -93141.010    34.324     4.09    5.79
 -92768.987    33.830    -1.33    8.11
 -92397.045    31.310    -6.77    9.15
 -92025.184    28.684    -7.06    8.11
 -91653.404    28.345    -0.91    7.18
 -91281.704    30.487     5.76    9.55
 -90910.086    33.216     7.34   11.55
 -90538.548    33.657     1.19   12.35
 -90167.091    31.955    -4.58   12.78
 -89795.715    31.997     0.11   12.39
 -89424.419    34.317     6.25   12.63
 -89053.204    41.603    19.63   13.54
 -88682.069    49.926    22.43   13.23
 -88311.015    58.630    23.46   11.24
 -87940.041    63.391    12.83   10.06
 -87569.148    66.482     8.33    9.39
 -87198.334    66.797     0.85   10.41
 -86827.602    65.816    -2.65   11.52
 -86456.949    67.260     3.90   11.31
 -86086.376    70.586     8.98   10.50
 -85715.884    76.347    15.55   12.17
 -85345.472    83.293    18.75   12.63
 -84975.139    91.814    23.01   14.00
 -84604.887    98.344    17.64   13.43
 -84234.714   106.286    21.46   11.94
 -83864.622   112.512    16.82   13.67
 -83494.609   119.348    18.48   14.60
 -83124.676   125.977    17.92   13.58
 -82754.822   131.117    13.90   11.22
 -82385.049   131.108    -0.02   10.59
 -82015.354   126.658   -12.04   12.81
 -81645.740   115.120   -31.22   17.69
 -81276.205   102.936   -32.97   17.20
 -80906.749    88.701   -38.53   15.12
 -80537.373    77.191   -31.16   15.09
 -80168.076    66.830   -28.06   13.49
 -79798.858    61.677   -13.96   11.71
 -79429.719    59.524    -5.83   12.42
 -79060.660    62.734     8.70   15.09
 -78691.680    69.031    17.07   17.93
 -78322.779    75.097    16.44   20.57
 -77953.957    79.934    13.12   20.53
 -77585.214    87.559    20.68   22.93
 -77216.550    92.110    12.35   25.93
 -76847.964   100.269    22.14   29.38
 -76479.458   105.069    13.03   29.76
 -76111.030   110.615    15.06   29.25
 -75742.682   114.314    10.04   28.03
 -75374.411   114.472     0.43   25.18
 -75006.220   109.401   -13.77   21.92
 -74638.107   103.688   -15.52   19.88
 -74270.072    95.565   -22.07   18.27
 -73902.116    87.532   -21.83   16.98
 -73534.239    81.395   -16.68   13.02
 -73166.440    76.729   -12.69    8.04
 -72798.719    74.488    -6.10    5.94
 -72431.076    71.946    -6.91    5.93
 -72063.512    69.889    -5.60    6.73
 -71696.026    68.235    -4.50    6.75
 -71328.618    68.508     0.74    6.98
 -70961.288    67.497    -2.75    7.13
 -70594.036    64.595    -7.90    9.25
 -70226.863    59.379   -14.21   13.46
 -69859.767    50.987   -22.86   14.90
 -69492.749    42.321   -23.61   13.66
 -69125.809    35.420   -18.81   11.26
 -68758.946    31.446   -10.83    7.91
 -68392.161    29.090    -6.42    6.19
 -68025.455    27.956    -3.09    7.82
 -67658.825    23.684   -11.65    8.71
 -67292.274    21.461    -6.06    7.59
 -66925.799    20.819    -1.75    6.33
 -66559.403    22.740     5.24    7.20
 -66193.084    24.691     5.33    6.60
 -65826.842    25.947     3.43    5.43
 -65460.677    26.538     1.62    4.80
 -65094.590    25.317    -3.34    3.34
 -64728.580    25.763     1.22    3.52
 -64362.648    25.675    -0.24    3.77
 -63996.792    25.681     0.02    4.17
 -63631.014    25.867     0.51    4.66
 -63265.312    25.522    -0.94    3.91
 -62899.688    25.545     0.06    3.37
 -62534.141    25.286    -0.71    3.33
 -62168.670    23.650    -4.48    2.73
 -61803.277    21.852    -4.92    2.22
 -61437.960    19.998    -5.08    4.67
 -61072.720    16.933    -8.39    7.42
 -60695.815    13.273    -9.71    8.26
 -60314.538     9.303   -10.41    8.69
 -59933.346     5.554    -9.83    8.54
 -59552.238     3.260    -6.02    7.41
 -59171.216     2.603    -1.72    6.88
 -58790.278     3.607     2.64    6.79
 -58409.425     4.224     1.62    5.83
 -58028.657     5.032     2.12    5.67
 -57647.974     5.482     1.18    9.18
 -57267.375     5.564     0.21   11.93
 -56886.860     4.785    -2.05   13.01
 -56506.430     2.716    -5.44   11.56
 -56126.085    -1.745   -11.73    6.37
 -55745.824    -2.856    -2.92    3.98
 -55365.647     0.691     9.33    7.50
 -54985.555     2.607     5.04    9.85
 -54605.546     1.108    -3.95   13.15
 -54225.622    -1.686    -7.36   14.58
 -53845.782    -6.717   -13.25   10.89
 -53466.026    -9.334    -6.89    6.73
 -53086.354    -6.666     7.03    5.63
 -52706.766    -3.806     7.54    4.79
 -52327.262    -2.033     4.67    5.20
 -51947.842    -0.067     5.18    5.10
 -51568.506    -0.559    -1.30    5.32
 -51189.253    -1.390    -2.19    6.15
 -50810.084    -3.084    -4.47    7.35
 -50430.998    -3.990    -2.39    7.55
 -50051.996    -5.003    -2.67    6.31
 -49673.078    -6.045    -2.75    4.96
 -49294.243    -5.972     0.19    3.49
 -48915.491    -7.507    -4.05    3.28
 -48536.823    -8.982    -3.90    2.93
 -48158.238   -10.512    -4.04    1.99
 -47779.736   -10.892    -1.00    1.40
 -47401.318   -10.436     1.20    1.55
 -47022.983   -10.263     0.46    1.54
 -46644.730   -10.434    -0.45    1.75
 -46266.561   -10.301     0.35    1.66
 -45888.475   -10.469    -0.44    1.41
 -45510.471   -11.215    -1.97    2.01
 -45132.551   -11.208     0.02    3.00
 -44754.713    -8.415     7.39    6.54
 -44376.958    -5.518     7.67    7.59
 -43999.285    -0.848    12.36    6.55
 -43621.696     2.934    10.02    3.80
 -43244.189     4.884     5.17    2.61
 -42866.764     5.819     2.48    2.53
 -42489.422     5.371    -1.19    4.33
 -42112.162     3.256    -5.60    7.22
 -41734.985    -1.207   -11.83    9.24
 -41357.890    -5.802   -12.19    7.58
 -40980.878    -9.534    -9.90    3.55
 -40603.947   -10.273    -1.96    2.35
 -40227.099   -10.268     0.01    2.29
 -39850.333   -10.739    -1.25    2.32
 -39473.649    -9.734     2.67    2.82
 -39097.046    -8.289     3.84    3.05
 -38720.526    -6.836     3.86    3.04
 -38344.088    -5.003     4.87    4.27
 -37967.732    -3.276     4.59    5.76
 -37591.457    -3.318    -0.11    6.33
 -37215.264    -3.850    -1.41    6.51
 -36839.153    -5.117    -3.37    6.34
 -36463.123    -4.981     0.36    7.14
 -36087.175    -1.301     9.79    9.67
 -35711.309     0.869     5.78    9.64
 -35335.524    -0.498    -3.64    9.38
 -34959.820    -3.672    -8.45    6.88
 -34584.198    -5.178    -4.01    4.66
 -34208.657    -4.819     0.96    4.55
 -33833.198    -4.518     0.80    4.83
 -33457.819    -4.259     0.69    4.54
 -33082.522    -4.034     0.60    4.21
 -32707.306    -3.390     1.72    3.65
 -32332.171    -2.605     2.09    4.52
 -31957.117    -1.740     2.30    5.62
 -31582.144    -2.508    -2.05    5.70
 -31207.252    -4.143    -4.36    5.02
 -30832.441    -6.951    -7.49    3.58
 -30457.710    -8.281    -3.55    2.87
 -30083.060    -8.748    -1.24    2.54
 -29708.491    -8.502     0.65    2.96
 -29334.003    -7.724     2.08    3.71
 -28959.595    -5.638     5.57    7.54
 -28585.268    -1.792    10.28   10.35
 -28211.021     1.616     9.11   10.11
 -27836.855     3.748     5.70    9.05
 -27462.769     1.637    -5.64    9.79
 -27088.764    -2.303   -10.53    7.67
 -26714.838    -4.941    -7.05    6.32
 -26340.993    -7.164    -5.95    4.19
 -25967.229    -7.415    -0.67    3.16
 -25593.544    -7.306     0.29    2.21
 -25219.939    -6.649     1.76    2.28
 -24846.415    -5.968     1.83    2.47
 -24472.970    -5.127     2.25    2.31
 -24099.605    -4.656     1.26    1.82
 -23726.321    -4.435     0.59    1.59
 -23353.116    -4.655    -0.59    1.53
 -22979.991    -4.918    -0.71    1.42
 -22606.945    -4.877     0.11    1.63
 -22233.979    -4.629     0.66    1.33
 -21861.093    -4.149     1.29    1.28
 -21488.287    -3.952     0.53    1.60
 -21115.560    -3.721     0.62    2.73
 -20742.912    -2.733     2.65    5.69
 -20370.344    -1.982     2.02    7.24
 -19997.855    -1.969     0.04    6.89
 -19625.446    -2.721    -2.02    5.14
 -19253.116    -3.368    -1.74    3.82
 -18880.865    -3.993    -1.68    2.50
 -18508.693    -4.371    -1.02    1.65
 -18136.601    -4.621    -0.67    1.29
 -17764.587    -4.795    -0.47    0.81
 -17392.653    -4.807    -0.03    0.93
 -17020.797    -4.842    -0.10    0.97
 -16649.021    -5.221    -1.02    0.47
 -16277.323    -5.465    -0.66    0.50
 -15905.704    -5.276     0.51    1.11
 -15534.164    -3.231     5.50    6.49
 -15162.703     2.472    15.35   15.04
 -14791.320     8.279    15.64   17.11
 -14420.016    13.115    13.03   16.96
 -14048.791    14.173     2.85   16.85
 -13677.644    10.955    -8.67   15.37
 -13306.576     9.831    -3.03   15.93
 -12935.586     9.123    -1.91   15.99
 -12564.674     7.482    -4.42   14.28
 -12193.841     5.998    -4.00   12.58
 -11823.086     4.519    -3.99   11.70
 -11452.409     5.773     3.38   13.76
 -11081.811     6.314     1.46   14.59
 -10711.290     6.136    -0.48   12.68
 -10340.848     3.587    -6.88   10.35
  -9970.484     0.977    -7.05    8.65
  -9600.197    -1.410    -6.45    4.22
  -9229.989    -0.034     3.72    4.76
  -8859.859     1.647     4.54    4.57
  -8489.806     3.735     5.64    4.06
  -8119.831     3.216    -1.40    4.45
  -7749.934     1.946    -3.43    5.11
  -7380.115     0.913    -2.79    4.60
  -7010.373    -0.631    -4.18    3.98
  -6640.709    -0.825    -0.52    4.42
  -6271.123    -0.129     1.88    4.87
  -5901.614     0.925     2.85    4.67
  -5532.182     2.264     3.63    5.76
  -5162.828     5.626     9.10   12.32
  -4793.551     9.144     9.52   15.00
  -4424.352    10.821     4.54   14.95
  -4055.230     9.296    -4.13   11.31
  -3686.185     6.831    -6.68    9.20
  -3317.217     5.115    -4.65    7.49
  -2948.326     2.690    -6.58    5.07
  -2579.513     2.269    -1.14    4.96
  -2210.776     2.208    -0.16    5.38
  -1842.117     1.998    -0.57    4.87
  -1473.534     1.332    -1.80    3.43
  -1105.028     0.791    -1.47    2.58
   -736.600     0.107    -1.86    0.42
   -368.247     0.008    -0.27    0.17
      0.028     0.054     0.12    0.54
    368.227     0.461     1.11    1.41
    736.349     0.808     0.94    1.78
   1104.394     0.862     0.15    1.81
   1472.363     0.529    -0.91    1.44
   1840.255     0.256    -0.74    0.96
   2208.071     0.279     0.06    1.05
   2575.811     0.216    -0.17    0.87
   2943.474     0.062    -0.42    0.48
   3311.061    -0.156    -0.59    0.80
   3678.571    -0.679    -1.42    0.94
   4046.006    -1.183    -1.37    0.99
   4413.364    -1.669    -1.32    0.77
   4780.646    -1.888    -0.60    0.43
   5147.852    -1.883     0.01    0.35
   5514.982    -1.867     0.04    0.36
   5882.035    -1.849     0.05    0.38
   6249.013    -1.734     0.31    0.46
   6615.916    -1.627     0.29    0.49
   6982.742    -1.634    -0.02    0.49
   7349.492    -1.683    -0.13    0.48
   7716.167    -1.747    -0.17    0.45
   8082.766    -1.721     0.07    0.46
   8449.289    -1.496     0.61    0.50
   8815.737    -1.252     0.67    0.42
   9182.109    -1.046     0.56    0.15
   9548.406    -0.970     0.21    0.52
   9914.627    -0.726     0.66    1.11
  10280.772    -0.627     0.27    1.13
  10646.843    -0.757    -0.35    0.76
  11012.838    -0.823    -0.18    0.68
  11378.757    -0.991    -0.46    0.18
  11744.602    -1.023    -0.09    0.00
  12110.371    -1.023     0.00    0.00
  12476.065    -1.023     0.00    0.00
  12841.684    -1.023     0.00    0.00
  13207.228    -1.023     0.00    0.00
  13572.697    -1.023     0.00    0.00
  13944.835    -1.023     0.00    0.00
  14325.946    -1.023     0.00    0.00
  14706.975    -1.023     0.00    0.00
  15087.921    -1.023     0.00    0.00
  15468.784    -1.023     0.00    0.00
  15849.565    -1.234    -0.55    0.41
  16230.263    -1.490    -0.67    0.50
  16610.878    -1.770    -0.74    0.44
  16991.412    -1.981    -0.55    0.20
  17371.862    -2.023    -0.11    0.00
  17752.231    -2.023     0.00    0.00
  18132.517    -1.315     1.86    2.03
  18512.721    -0.715     1.58    2.63
  18892.842     0.904     4.26    3.68
  19272.882     2.032     2.97    3.80
  19652.839     3.240     3.18    3.54
  20032.715     3.846     1.60    3.30
  20412.508     2.936    -2.40    3.09
  20792.220     5.303     6.23    6.15
  21171.849     9.647    11.44   12.47
  21551.397    15.044    14.22   20.34
  21930.863    19.556    11.89   22.72
  22310.247    22.931     8.90   23.27
  22689.550    26.456     9.29   23.12
  23068.771    30.483    10.62   22.59
  23447.910    34.647    10.98   22.10
  23826.968    40.258    14.80   19.87
  24205.944    47.341    18.69   18.65
  24584.839    58.121    28.45   17.50
  24963.653    71.668    35.76   22.36
  25342.385    89.899    48.14   22.47
  25721.037   100.154    27.08   19.19
  26099.606   104.202    10.69   20.99
  26478.095   104.299     0.26   23.71
  26856.503   103.322    -2.58   25.29
  27234.829    97.317   -15.87   25.16
  27613.075    86.736   -27.98   25.94
  27991.239    72.115   -38.66   19.65
  28369.323    61.832   -27.20   15.13
  28747.326    61.154    -1.79   16.96
  29125.248    63.666     6.65   17.66
  29503.089    69.894    16.48   18.90
  29880.850    81.677    31.19   24.20
  30258.530   100.539    49.94   31.36
  30636.129   116.842    43.17   25.74
  31013.648   114.083    -7.31   26.35
  31391.087   101.125   -34.33   29.94
  31768.445    81.482   -52.05   28.04
  32145.722    66.750   -39.05   20.83
  32522.919    70.211     9.18   28.72
  32900.036    80.790    28.05   31.86
  33277.073    89.545    23.22   28.24
  33654.029    93.096     9.42   23.24
  34030.906    85.408   -20.40   18.61
  34407.702    74.477   -29.01   18.58
  34784.418    65.020   -25.10   14.73
  35161.054    62.405    -6.94   12.47
  35537.611    68.424    15.98   14.14
  35914.087    76.889    22.48   15.98
  36290.484    89.383    33.19   16.82
  36666.800    99.118    25.87   13.97
  37043.038   105.251    16.30   11.32
  37419.195   106.654     3.73   11.58
  37795.273   100.387   -16.66   14.63
  38171.271    91.911   -22.54   16.84
  38547.190    79.498   -33.02   17.32
  38923.029    68.548   -29.13   15.97
  39298.788    58.445   -26.89   15.25
  39674.469    51.073   -19.62   13.74
  40050.070    43.445   -20.31   16.40
  40425.591    35.519   -21.10   19.81
  40801.034    24.353   -29.74   21.23
  41176.397    16.152   -21.85   17.94
  41551.681     8.647   -20.00    4.35
  41926.886     9.808     3.09    4.54
  42302.012    12.762     7.87    5.76
  42677.059    14.051     3.44    5.22
  43052.028    14.977     2.47    5.43
  43426.917    14.819    -0.42    5.53
  43801.727    13.614    -3.21    4.67
  44176.459    13.571    -0.12    4.50
  44551.112    13.842     0.72    4.49
  44925.686    16.019     5.81    5.58
  45300.181    20.359    11.59    8.40
  45674.598    27.560    19.23   10.71
  46048.936    34.832    19.43    9.97
  46423.196    40.633    15.50    9.44
  46797.378    45.444    12.86    7.70
  47171.481    49.237    10.14    6.67
  47545.505    52.777     9.46    5.13
  47919.452    55.314     6.78    5.58
  48293.320    56.878     4.18    7.21
  48667.110    57.785     2.43    9.76
  49040.821    59.966     5.83   11.53
  49414.455    61.764     4.81   13.36
  49788.011    64.665     7.77   14.94
  50161.488    69.129    11.95   16.33
  50534.888    73.934    12.87   16.58
  50908.209    77.264     8.92   15.25
  51281.453    79.052     4.79   12.64
  51654.619    82.083     8.12   12.30
  52027.707    87.051    13.32   13.06
  52400.718    93.719    17.87   13.43
  52773.651   101.445    20.72   11.88
  53146.506   108.021    17.64    9.65
  53519.284   113.200    13.89    6.73
  53891.984   116.640     9.23    4.37
  54264.606   117.314     1.81    4.18
  54637.151   116.144    -3.14    5.34
  55009.619   113.039    -8.33    7.07
  55382.010   107.818   -14.02    8.03
  55754.323   101.445   -17.12    9.59
  56126.559    94.366   -19.02    9.71
  56498.717    87.063   -19.62    9.23
  56870.799    84.705    -6.34    8.97
  57242.803    87.477     7.45   12.85
  57614.731    95.732    22.20   15.17
  57986.581   105.357    25.88   10.88
  58358.354   109.536    11.24    7.04
  58730.051   109.632     0.26    6.05
  59101.671   106.147    -9.38    7.10
  59473.213    99.977   -16.61    8.57
  59844.679    92.461   -20.23   10.57
  60216.069    84.655   -21.02    9.49
  60587.381    80.892   -10.13    6.84
  60958.617    81.023     0.35    6.99
  61329.777    85.439    11.90    8.15
  61700.860    90.116    12.60    8.22
  62071.866    92.371     6.08    8.18
  62442.796    93.208     2.26    8.72
  62813.650    93.998     2.13    8.78
  63184.427    94.998     2.70   10.21
  63555.128    95.807     2.18   11.81
  63925.753    95.622    -0.50   10.91
  64296.301    94.328    -3.49    9.68
  64666.773    94.020    -0.83    8.56
  65037.169    94.375     0.96    8.20
  65407.490    97.185     7.59    8.18
  65777.734   101.175    10.77    9.38
  66147.902   104.860     9.95    9.67
  66517.994   108.816    10.69   10.19
  66888.010   112.945    11.16   10.46
  67257.951   117.391    12.02   11.92
  67627.815   123.558    16.67   13.24
  67997.604   128.651    13.77   12.66
  68367.317   131.583     7.93   10.46
  68736.955   133.112     4.13   12.38
  69106.517   138.052    13.37   16.46
  69476.003   145.346    19.74   15.11
  69845.414   149.170    10.35   10.36
  70214.750   143.700   -14.81   16.19
  70584.010   132.277   -30.93   21.63
  70953.194   117.775   -39.28   21.66
  71322.303   103.829   -37.78   18.21
  71691.337    95.019   -23.87   14.21
  72060.296    88.943   -16.47   12.41
  72429.180    85.450    -9.47   14.12
  72797.988    82.186    -8.85   12.55
  73166.721    81.267    -2.49   13.33
  73535.380    85.944    12.68   20.37
  73903.963    93.697    21.04   25.12
  74272.471   102.064    22.70   24.32
  74640.904   109.912    21.30   23.97
  75009.263   122.773    34.91   28.04
  75377.547   138.466    42.61   31.41
  75745.755   149.168    29.07   25.75
  76113.889   151.500     6.33   24.55
  76481.949   146.794   -12.78   30.15
  76849.934   136.977   -26.68   35.73
  77217.844   119.413   -47.74   36.23
  77585.679   100.397   -51.69   33.81
  77953.440    84.515   -43.19   27.65
  78321.127    73.162   -30.87   17.40
  78688.739    72.629    -1.45   17.97
  79056.277    79.456    18.57   25.88
  79423.740    86.147    18.21   30.84
  79791.129    83.203    -8.01   32.17
  80158.444    73.919   -25.27   32.08
  80525.685    59.053   -40.48   29.56
  80892.852    48.618   -28.42   23.15
  81259.944    40.861   -21.13   17.79
  81626.962    34.603   -17.05   12.68
  81993.907    30.041   -12.43    8.48
  82360.777    28.084    -5.33    5.41
  82727.573    27.702    -1.04    5.15
  83094.296    26.955    -2.04    4.27
  83460.945    26.884    -0.19    4.84
  83827.519    26.203    -1.86    5.58
  84194.021    24.741    -3.99    6.06
  84560.448    22.031    -7.40    4.63
  84926.802    20.509    -4.15    3.50
  85293.082    20.955     1.22    4.72
  85659.288    24.488     9.65    7.94
  86025.421    30.499    16.42   10.45
  86391.481    37.751    19.81   10.72
  86757.467    46.115    22.85    9.42
  87123.379    53.020    18.87   10.19
  87489.219    60.397    20.16   10.60
  87854.985    70.861    28.61   15.95
  88220.677    81.568    29.28   18.14
  88588.408    92.988    31.05   17.42
  88969.357    94.590     4.20   21.10
  89350.225    93.394    -3.14   27.55
  89731.013    85.923   -19.62   31.04
  90111.720    78.010   -20.79   27.91
  90492.347    75.449    -6.73   23.95
  90872.893    76.096     1.70   22.89
  91253.359    78.688     6.81   22.48
  91633.744    80.901     5.82   23.89
  92014.050    79.539    -3.58   24.37
  92394.275    75.418   -10.84   25.33
  92774.420    69.770   -14.86   26.59
  93154.485    60.988   -23.11   24.77
  93534.470    52.448   -22.47   21.05
  93914.375    45.601   -18.02   15.31
  94294.199    40.733   -12.82   11.08
  94673.944    37.848    -7.60    8.69
  95053.610    35.818    -5.35    6.30
  95433.195    35.339    -1.26    4.08
  95812.701    35.352     0.04    2.45
  96192.126    34.805    -1.44    3.03
  96571.473    34.241    -1.49    3.71
  96950.739    33.181    -2.79    3.42
  97329.926    31.966    -3.21    2.05
  97709.034    31.923    -0.11    1.60
  98088.062    32.306     1.01    1.46
  98467.011    32.127    -0.47    1.55
  98845.880    31.788    -0.90    1.55
  99224.670    31.662    -0.33    1.43
  99603.381    31.788     0.33    1.35
  99982.012    31.890     0.27    1.12
 100360.565    31.911     0.06    1.01
 100739.038    31.846    -0.17    1.02
 101117.432    31.757    -0.24    1.31
 101495.748    31.738    -0.05    1.52
 101873.984    32.164     1.13    1.96
 102252.141    32.558     1.04    1.98
 102630.220    33.086     1.40    1.83
 103008.219    33.216     0.35    1.35
 103386.140    32.683    -1.41    1.27
 103763.982    32.466    -0.58    1.29
 104141.746    32.267    -0.53    1.31
 104519.431    32.010    -0.68    1.52
 104897.037    31.332    -1.80    1.78
 105274.565    30.131    -3.18    2.18
 105652.014    28.267    -4.94    2.42
 106029.385    26.746    -4.03    2.55
 106406.677    25.181    -4.15    2.07
 106783.892    23.900    -3.40    1.81
 107161.027    23.203    -1.85    1.69
 107538.085    23.625     1.12    2.85
 107915.064    24.149     1.39    3.42
 108291.966    24.537     1.03    3.29
 108668.789    24.203    -0.89    3.21
 109045.534    22.669    -4.07    2.38
 109422.201    22.031    -1.70    2.08
 109798.790    21.658    -0.99    1.82
 110175.302    21.848     0.50    1.49
 110551.735    21.801    -0.12    1.44
 110928.091    21.694    -0.28    1.63
 111304.369    22.076     1.01    1.99
 111680.569    22.368     0.78    2.23
 112056.691    23.525     3.08    2.34
 112432.736    23.438    -0.23    2.56
 112808.703    23.622     0.49    2.88
 113184.593    24.588     2.57    3.03
 113560.405    25.357     2.05    2.78
 113936.140    27.121     4.69    1.92
 114311.798    27.999     2.34    1.75
 114687.378    28.166     0.45    1.80
 115062.881    28.379     0.57    1.84
 115438.307    28.044    -0.89    1.88
 115813.655    28.020    -0.06    2.21
 116188.926    28.235     0.57    2.20
 116564.121    28.764     1.41    2.06
 116939.238    29.591     2.20    2.33
 117314.278    29.530    -0.16    2.34
 117689.241    29.494    -0.10    2.33
 118064.127    29.697     0.54    2.25
 118438.937    29.253    -1.19    1.78
 118813.669    29.364     0.30    1.44
 119188.325    29.198    -0.44    1.23
 119562.904    29.095    -0.27    1.63
 119937.407    28.827    -0.71    1.83
 120311.833    28.321    -1.35    2.46
 120686.182    28.149    -0.46    2.69
 121060.455    27.633    -1.38    2.30
 121434.651    27.943     0.83    1.85
 121808.771    28.375     1.15    1.35
 122182.814    28.288    -0.23    1.53
 122556.781    27.846    -1.18    1.63
 122930.672    26.910    -2.50    1.66
 123304.486    25.488    -3.80    2.09
 123678.225    24.449    -2.78    1.75
 124051.887    24.260    -0.51    1.73
 124425.473    24.186    -0.20    2.45
 124798.983    24.249     0.17    2.20
 125172.416    24.416     0.45    1.90
 125545.774    24.336    -0.22    2.17
 125919.056    24.812     1.28    2.21
 126292.262    26.110     3.48    2.79
 126665.393    26.570     1.23    3.11
 127038.447    25.876    -1.86    3.78
 127411.426    25.314    -1.51    3.87
 127784.329    23.204    -5.66    2.94
 128157.156    22.607    -1.60    2.16
 128529.908    23.179     1.53    2.31
 128902.584    23.977     2.14    2.32
 129275.184    25.046     2.87    1.96
 129647.709    25.423     1.01    1.42
 130020.159    25.163    -0.70    1.43
 130392.533    24.760    -1.08    1.37
 130764.832    24.523    -0.63    1.30
 131137.056    24.205    -0.85    1.56
 131509.205    23.675    -1.43    2.03
 131881.278    23.299    -1.01    2.20
 132253.276    23.046    -0.68    2.57
 132625.199    24.368     3.56    3.12
 132997.047    25.079     1.91    3.06
 133368.819    25.117     0.10    2.93
 133740.517    24.863    -0.68    2.48
 134112.140    23.353    -4.06    2.62
 134483.688    22.699    -1.76    2.47
 134855.161    21.814    -2.38    2.02
 135226.560    21.121    -1.86    2.00
 135597.883    21.407     0.77    2.34
 135969.132    22.109     1.89    3.14
 136340.306    22.890     2.10    3.45
 136711.406    23.076     0.50    3.32
 137082.431    22.632    -1.19    3.35
 137453.382    22.590    -0.11    3.26
 137824.258    23.186     1.61    3.18
 138195.059    24.781     4.30    3.27
 138565.786    26.140     3.66    2.90
 138936.439    26.493     0.95    3.49
 139307.018    26.625     0.36    3.35
 139677.522    26.944     0.86    3.10
 140047.952    27.527     1.57    3.15
 140418.308    28.020     1.33    3.34
 140788.589    28.386     0.99    3.43
 141158.797    28.614     0.62    3.22
 141528.930    27.909    -1.90    3.00
 141898.990    27.702    -0.56    2.89
 142268.976    26.713    -2.67    2.55
 142638.887    25.922    -2.14    2.24
 143008.725    25.548    -1.01    1.85
 143378.489    25.544    -0.01    1.51
 143748.179    26.151     1.64    1.81
 144117.796    26.756     1.64    1.57
 144487.339    27.249     1.33    1.48
 144856.808    27.430     0.49    1.37
 145226.203    27.423    -0.02    1.39
 145595.525    28.089     1.81    1.57
 145964.774    28.499     1.11    1.91
 146333.948    29.292     2.15    2.31
 146703.050    30.399     3.00    2.31
 147072.078    30.241    -0.43    2.49
 147441.033    29.011    -3.33    3.15
 147809.914    27.610    -3.80    3.02
 148178.723    25.781    -4.96    2.17
 148547.458    24.988    -2.15    2.02
 148916.119    24.161    -2.24    1.61
 149284.708    23.859    -0.82    1.31
 149653.224    23.798    -0.16    1.34
 150021.666    23.499    -0.81    1.88
 150390.036    23.375    -0.34    2.09
 150758.332    23.263    -0.30    1.86
 151126.556    23.699     1.19    1.77
 151494.707    24.263     1.53    1.75
 151862.785    25.321     2.88    1.77
 152230.790    25.899     1.57    1.81
 152598.723    25.751    -0.40    1.91
 152966.582    25.602    -0.41    1.89
 153334.370    24.944    -1.79    1.75
 153702.084    24.361    -1.59    1.41
 154069.726    24.241    -0.33    1.32
 154437.295    23.768    -1.29    1.06
 154804.792    23.542    -0.61    1.27
 155172.217    22.954    -1.60    1.66
 155539.569    22.531    -1.15    1.84
 155906.849    22.534     0.01    1.94
 156274.056    21.955    -1.58    2.20
 156641.191    21.221    -2.00    2.43
 157008.254    21.561     0.93    3.05
 157375.245    22.021     1.25    3.14
 157742.163    23.314     3.52    2.79
 158109.010    24.221     2.47    2.01
 158475.784    23.679    -1.48    1.96
 158842.486    23.381    -0.81    1.83
 159209.117    23.822     1.20    2.24
 159575.675    24.877     2.88    2.64
 159942.162    26.080     3.28    2.20
 160308.577    27.199     3.05    1.06
 160674.919    27.121    -0.21    1.04
 161041.191    27.100    -0.06    0.96
 161407.390    27.183     0.23    0.87
 161773.518    27.466     0.77    0.96
 162139.574    27.912     1.22    0.95
 162505.558    28.477     1.54    1.20
 162871.471    28.845     1.01    1.13
 163237.313    29.384     1.47    1.41
 163615.929    30.168     2.07    1.64
 163996.635    30.553     1.01    1.51
 164377.262    30.763     0.55    1.46
 164757.811    31.047     0.74    1.68
 165138.282    30.296    -1.97    2.00
 165518.674    30.518     0.58    2.23
 165898.989    31.138     1.63    2.49
 166279.225    31.163     0.07    2.45
 166659.383    30.812    -0.92    2.25
 167039.462    30.145    -1.75    1.91
 167419.464    29.735    -1.08    1.87
 167799.388    30.032     0.78    2.41
 168179.234    31.032     2.63    2.42
 168559.002    32.192     3.05    2.08
 168938.692    33.155     2.54    1.76
 169318.304    33.586     1.14    1.34
 169697.838    34.166     1.53    1.21
 170077.295    34.799     1.67    1.62
 170456.674    35.775     2.57    2.15
 170835.976    36.821     2.76    2.08
 171215.200    37.920     2.90    1.64
 171594.346    38.932     2.67    1.76
 171973.415    39.832     2.37    2.07
 172352.406    41.244     3.72    2.35
 172731.320    42.031     2.08    2.15
 173110.157    42.399     0.97    1.96
 173488.917    42.388    -0.03    1.90
 173867.599    41.632    -1.99    1.71
 174246.204    40.853    -2.06    1.17
 174624.732    40.735    -0.31    1.37
 175003.182    40.579    -0.41    1.43
 175381.556    40.586     0.02    1.38
 175759.853    40.593     0.02    1.25
 176138.072    40.632     0.10    1.22
 176516.215    40.822     0.50    1.17
 176894.281    40.471    -0.93    0.91
 177272.270    40.334    -0.36    0.72
 177650.182    40.483     0.39    1.09
 178028.018    40.405    -0.20    1.16
 178405.777    40.197    -0.55    1.15
 178783.459    39.798    -1.05    0.85
 179161.065    39.266    -1.41    0.97
 179538.594    39.036    -0.61    0.90
 179916.046    39.575     1.43    1.15
 180293.422    40.175     1.59    1.26
 180670.722    40.944     2.04    1.12
 181047.946    41.616     1.78    1.25
 181425.093    42.303     1.82    1.64
 181802.163    42.977     1.79    1.82
 182179.158    43.362     1.02    1.67
 182556.076    43.358    -0.01    1.69
 182932.918    42.803    -1.47    1.38
 183309.684    42.227    -1.53    1.12
 183686.375    41.730    -1.32    1.16
 184062.989    41.134    -1.58    0.63
 184439.527    41.325     0.51    0.93
 184815.989    41.977     1.73    1.59
 185192.375    42.866     2.36    1.64
 185568.686    43.365     1.33    1.40
 185944.921    43.230    -0.36    1.42
 186321.080    42.698    -1.41    1.42
 186697.163    42.208    -1.30    1.33
 187073.171    41.768    -1.17    0.97
 187449.103    42.368     1.60    1.45
 187824.959    43.276     2.41    1.49
 188200.740    44.175     2.39    1.31
 188576.446    44.871     1.85    0.89
 188952.076    44.845    -0.07    0.99
 189327.631    45.326     1.28    1.26
 189703.110    46.255     2.47    1.77
 190078.515    47.691     3.83    2.18
 190453.844    49.483     4.77    2.17
 190829.098    50.587     2.94    1.45
 191204.276    50.595     0.02    1.12
 191579.380    49.929    -1.77    1.32
 191954.408    49.344    -1.56    1.41
 192329.362    49.667     0.86    1.83
 192704.240    51.087     3.79    2.60
 193079.044    52.989     5.07    2.63
 193453.773    55.086     5.59    3.15
 193828.427    57.221     5.70    3.29
 194203.006    59.694     6.60    3.27
 194577.510    61.834     5.71    2.58
 194951.940    62.999     3.11    1.58
 195326.295    63.584     1.56    1.38
 195700.575    62.766    -2.19    2.29
 196074.781    62.310    -1.22    2.37
 196448.913    62.269    -0.11    2.23
 196822.969    62.286     0.05    1.86
 197196.952    63.258     2.60    1.98
 197570.860    64.298     2.78    2.51
 197944.694    65.606     3.50    2.46
 198318.453    66.414     2.16    1.86
 198692.138    66.405    -0.02    2.31
 199065.749    66.437     0.08    2.54
 199439.286    66.955     1.39    2.41
 199812.749    67.584     1.68    2.00
 200186.137    67.801     0.58    1.57
 200559.452    66.886    -2.45    1.71
 200932.692    66.944     0.15    2.10
 201305.859    68.368     3.82    3.25
 201678.952    70.493     5.70    3.23
 202051.970    72.299     4.84    2.06
 202424.915    73.842     4.14    1.67
 202797.787    74.977     3.04    2.37
 203170.584    76.238     3.38    2.16
 203543.308    77.352     2.99    2.03
 203915.958    78.261     2.44    1.42
 204288.535    78.659     1.07    1.17
 204661.038    78.591    -0.18    1.23
 205033.467    78.368    -0.60    1.08
 205405.823    77.759    -1.64    1.60
 205778.106    77.699    -0.16    1.91
 206150.315    78.701     2.69    2.47
 206522.451    80.210     4.05    3.16
 206894.513    83.613     9.14    4.32
 207266.503    87.255     9.79    5.47
 207638.419    90.718     9.31    5.49
 208010.262    92.394     4.51    4.37
 208382.031    92.322    -0.19    3.62
 208753.728    90.932    -3.74    2.69
 209125.352    90.206    -1.96    2.03
 209496.902    90.797     1.59    2.18
 209868.380    91.929     3.05    2.49
 210239.785    93.157     3.31    2.38
 210611.117    94.471     3.54    1.59
 210982.376    95.404     2.51    1.32
 211353.562    96.218     2.19    1.55
 211724.676    97.032     2.19    1.65
 212095.717    97.808     2.09    1.80
 212466.685    99.032     3.30    2.60
 212837.580   100.666     4.40    3.17
 213208.403   103.483     7.59    3.56
 213579.154   105.943     6.63    3.17
 213949.832   107.863     5.18    2.11
 214320.437   108.988     3.03    1.63
 214690.970   109.691     1.90    1.54
 215061.431   109.866     0.47    1.49
 215431.820   109.693    -0.47    1.55
 215802.136   108.699    -2.68    1.79
 216172.380   107.023    -4.53    2.60
 216542.551   104.534    -6.72    3.84
 216912.651   101.989    -6.87    3.70
 217282.678   100.078    -5.16    3.15
 217652.634    98.843    -3.34    1.84
 218022.517    98.431    -1.11    1.51
 218392.328    98.346    -0.23    1.50
 218762.068    97.977    -1.00    1.46
 219131.735    97.897    -0.22    1.37
 219501.331    98.303     1.10    1.55
 219870.855    99.125     2.22    1.71
 220240.307   100.841     4.64    2.47
 220609.687   101.761     2.49    2.22
 220978.996   102.238     1.29    2.06
 221348.233   102.355     0.32    1.95
 221717.398   102.210    -0.39    1.38
 222086.492   102.786     1.56    1.23
 222455.514   103.744     2.60    1.61
 222824.465   104.460     1.94    1.50
 223193.344   105.203     2.01    1.52
 223562.152   105.909     1.92    1.51
 223930.889   106.603     1.88    1.75
 224299.554   107.272     1.81    1.73
 224668.148   108.170     2.43    1.70
 225036.671   108.532     0.98    1.67
 225405.122   109.034     1.36    1.45
 225773.503   108.744    -0.79    1.53
 226141.812   108.545    -0.54    1.48
 226510.050   108.966     1.14    1.58
 226878.217   109.352     1.05    1.53
 227246.313   110.431     2.93    1.48
 227614.339   111.032     1.63    1.20
 227982.293   111.402     1.00    1.06
 228350.176   111.482     0.22    1.26
 228717.989   111.259    -0.61    1.76
 229085.731   111.644     1.04    2.47
 229453.402   113.026     3.76    3.74
 229821.002   115.539     6.84    4.82
 230188.532   118.770     8.79    3.73
 230555.991   121.113     6.38    3.32
 230923.379   122.779     4.53    2.85
 231290.697   123.341     1.53    2.72
 231657.944   123.511     0.46    2.54
 232025.121   123.932     1.15    2.44
 232392.228   124.359     1.16    2.69
 232759.264   126.023     4.53    3.07
 233126.230   128.741     7.41    4.35
 233493.125   134.483    15.65    8.70
 233859.950   139.799    14.49    8.76
 234226.705   145.572    15.74    7.94
 234593.390   148.210     7.19    6.45
 234960.005   146.644    -4.27    6.84
 235326.549   145.579    -2.90    6.40
 235693.024   143.965    -4.40    4.71
 236059.428   143.529    -1.19    3.93
 236425.763   144.238     1.94    4.09
 236792.027   146.318     5.68    5.46
 237158.222   151.621    14.48   10.32
 237524.346   160.605    24.53   14.84
 237890.401   170.545    27.15   17.02
 238264.901   182.198    31.11   15.55
 238645.449   190.688    22.31   13.23
 239025.921   199.966    24.38    9.67
 239406.317   206.099    16.12    7.51
 239786.636   210.713    12.13    6.07
 240166.880   214.157     9.06    5.54
 240547.047   215.204     2.75    7.20
 240927.137   215.770     1.49    8.18
 241307.152   215.377    -1.03    9.14
 241687.091   214.667    -1.87    9.16
 242066.954   215.511     2.22    9.90
 242446.741   214.563    -2.50   11.58
 242826.452   213.113    -3.82   11.98
 243206.087   211.405    -4.50   12.23
 243585.646   207.795    -9.51   12.06
 243965.130   204.882    -7.68   11.58
 244344.538   202.595    -6.03   10.94
 244723.870   199.941    -6.99    9.75
 245103.126   198.901    -2.74    7.99
 245482.307   199.275     0.99    6.20
 245861.413   203.190    10.33    7.69
 246240.442   207.684    11.85    7.63
 246619.397   213.431    15.16    9.15
 246998.276   218.858    14.32    9.25
 247377.079   223.284    11.68    8.70
 247755.808   229.058    15.24    7.90
 248134.461   233.818    12.57    9.39
 248513.039   240.419    17.43   11.84
 248891.541   247.910    19.79   13.60
 249269.969   256.909    23.77   15.85
 249648.321   266.284    24.77   16.19
 250026.599   277.079    28.53   12.21
 250404.801   282.322    13.86    9.17
 250782.928   283.381     2.80    9.86
 251160.981   283.329    -0.14    9.92
 251538.958   285.103     4.69   10.02
 251916.861   288.368     8.64   10.07
 252294.689   294.605    16.50   12.16
 252672.442   301.885    19.27   15.14
 253050.121   310.056    21.63   15.17
 253427.724   321.057    29.13   15.28
 253805.254   336.674    41.36   25.95
 254182.708   357.095    54.09   31.95
 254560.089   386.988    79.20   38.02
 254937.394   427.500   107.35   52.29
 255314.625   476.693   130.38   69.78
 255691.782   523.644   124.46   78.03
 256068.865   565.806   111.79   87.55
 256445.873   603.542   100.07   85.50
 256822.807   622.157    49.38   76.05
 257199.667   614.700   -19.78   69.58
 257576.452   589.570   -66.68   67.72
 257953.163   558.242   -83.15   66.36
 258329.801   544.310   -36.98   58.10
 258706.364   561.062    44.48   80.68
 259082.853   566.138    13.48   82.79
 259459.268   575.343    24.45   75.23
 259835.610   599.556    64.33   75.31
 260211.877   605.465    15.70   63.63
 260588.071   602.636    -7.52   59.13
 260964.191   593.905   -23.21   59.63
 261340.237   571.750   -58.91   55.14
 261716.209   577.392    15.00   71.07
 262092.108   593.056    41.66   68.79
 262467.933   606.916    36.87   70.17
 262843.685   616.750    26.17   62.83
 263219.363   627.203    27.82   70.73
 263594.968   684.732   153.13   98.18
 263970.499   737.989   141.79   92.88
 264345.957   755.852    47.57   69.44
 264721.341   740.294   -41.44   74.73
 265096.652   684.375  -148.96   91.14
 265471.890   629.343  -146.63   71.34
 265847.054   594.988   -91.55   61.24
 266222.146   570.784   -64.52   50.55
 266597.164   566.636   -11.06   49.10
 266972.109   572.892    16.68   43.58
 267346.981   560.145   -33.99   46.51
 267721.780   537.538   -60.31   44.05
 268096.506   516.784   -55.37   45.88
 268471.159   506.916   -26.33   35.16
 268845.740   510.896    10.62   34.92
 269220.247   521.555    28.45   51.38
 269594.682   549.855    75.56   62.33
 269969.043   593.928   117.71   88.71
 270343.333   657.404   169.56  100.99
 270717.549   721.099   170.17   83.35
 271091.693   749.241    75.20   72.19
 271465.764   753.013    10.08   69.68
 271839.763   738.977   -37.52   68.06
 272213.689   705.013   -90.81   63.73
 272587.542   691.255   -36.80   58.24
 272961.324   669.599   -57.93   54.87
 273335.032   652.303   -46.27   53.41
 273708.669   644.477   -20.94   49.84
 274082.233   652.238    20.77   58.33
 274455.725   682.051    79.80   60.06
 274829.145   704.147    59.16   55.32
 275202.492   701.404    -7.35   66.49
 275575.768   685.677   -42.12   78.79
 275948.971   660.953   -66.24   75.12
 276322.102   676.426    41.46   72.36
 276695.162   709.306    88.12   67.75
 277068.149   708.545    -2.04   62.27
 277441.064   697.879   -28.59   65.80
 277813.908   671.466   -70.83   63.69
 278186.679   650.459   -56.34   49.53
 278559.379   629.920   -55.10   67.47
 278932.007   607.047   -61.37   71.20
 279304.563   605.092    -5.25   65.88
 279677.048   625.777    55.52   68.74
 280049.461   645.750    53.62   55.48
 280421.803   649.768    10.79   50.74
 280794.072   627.545   -59.68   55.96
 281166.271   610.012   -47.10   60.92
 281538.398   618.966    24.06   58.50
 281910.453   635.175    43.56   56.80
 282282.437   659.184    64.53   47.97
 282654.350   665.425    16.78   48.85
 283026.191   672.200    18.22   52.70
 283397.961   672.841     1.72   53.10
 283769.660   647.306   -68.68   67.07
 284141.288   621.224   -70.17   75.54
 284512.844   587.419   -90.96   54.57
 284884.330   590.849     9.23   52.97
 285255.744   658.322   181.62   99.29
 285627.087   733.606   202.69  106.99
 285998.360   784.822   137.92   80.73
 286369.561   794.593    26.32   66.99
 286740.691   752.175  -114.27   87.56
 287111.751   695.873  -151.70   81.00
 287482.740   638.322  -155.10   67.00
 287853.658   609.333   -78.14   70.53
 288224.505   592.233   -46.10   77.87
 288595.282   569.721   -60.70   69.26
 288965.988   558.591   -30.02   54.72
 289336.623   543.286   -41.28   40.89
 289707.187   532.291   -29.67   36.46
 290077.682   536.832    12.25   38.98
 290448.105   542.088    14.19   49.51
 290818.458   559.697    47.54   48.11
