# NaN NaN NaN ;Mean Elev.(m), Avg Gradient(m/km), RMS Gradient(m/km) - SRTM1     
#    8.328   0.015   3.263 ;Mean Elev.(m), Avg Gradient(m/km), RMS Gradient(m/km) - ASTER GDEM
#    1.000  -0.346   2.266 ;Mean Elev.(m), Avg Gradient(m/km), RMS Gradient(m/km) - GMTED2010 
  7 161.148211  68.540859     1.837     1.782  5 52469.40701197 22.826
  8 161.151277  68.541498     1.706     1.870  6 52504.40699775 29.317
  9 161.138965  68.534802     0.877     0.912  5 52539.40698027 49.706
 10 161.144147  68.539197     0.219     0.214  5 52574.40702437 38.445
 11 161.152771  68.542107     0.133     0.039  5 52609.40698430 28.497
 12 161.142956  68.537886     0.132     0.047  5 52644.40697600 25.762
 13 161.155319  68.545482     0.070    -0.058  6 52679.40695568 22.269
 15 161.148106  68.541563     0.242     0.118  5 52749.40702531 18.340
 16 161.136349  68.532930     1.265     1.572  6 52784.40696604 29.850
 17 161.137063  68.534890     2.992     2.910  5 52819.40704249 27.631
 18 161.144484  68.538398     0.501     0.506  6 52854.40709166 50.706
 20 161.155181  68.545498     1.497     1.187  5 52924.40707967 23.819
 21 161.143470  68.538832    -0.065    -0.065  6 52959.40704563 32.848
 22 161.146116  68.539099    -0.073    -0.071  5 52994.40707683 26.327
 24 161.148220  68.540861    -0.156    -0.236  6 53064.40704860 18.686
 25 161.153002  68.543791    -0.213    -0.304  6 53099.40705951 15.988
 26 161.147942  68.541163    -0.140    -0.143  6 53134.40704819 13.016
 28 161.146579  68.540226     1.754     1.614  5 53204.40711909 22.508
 29 161.157199  68.545616     1.124     0.796  6 53239.40708797 34.834
 30 161.136163  68.533698     2.592     3.016  6 53274.40705012 23.295
 31 161.142874  68.537492     0.055     0.006  6 53309.40710301 19.573
 32 161.152097  68.542683     1.056     0.907  6 53344.40706991 13.628
 33 161.138450  68.533922     0.380     0.397  6 53379.40701599 12.492
 34 161.151630  68.542608     0.947     0.780  6 53414.40704669 12.912
 35 161.134572  68.533783     0.106     0.049  5 53449.40703715 11.167
 37 161.149539  68.542746     2.164     2.193  5 53519.40712095 38.033
 38 161.144720  68.539161     1.688     1.660  5 53554.40714298 23.409
 39 161.157959  68.545261     1.421     1.642  6 53589.40708945 37.775
 40 161.132837  68.532122     2.060     1.516  5 53624.40706517 20.594
 41 161.141603  68.537268     0.927     0.702  6 53659.40709253 25.045
 42 161.151807  68.543472    -0.192    -0.328  6 53694.40707004 26.944
 43 161.159525  68.548388     0.567     0.308  6 53729.40699368 22.938
 44 161.145201  68.539586     0.016     0.005  5 53764.40695597 19.204
 45 161.158351  68.545857     0.061     0.162  6 53799.40696341 14.712
 46 161.138114  68.535212    -0.029     0.016  6 53834.40696059 14.736
 47 161.143608  68.537910     0.905     1.011  6 53869.40702358 14.992
 48 161.144963  68.539777     2.906     2.876  5 53904.40705784 51.210
 49 161.140960  68.537027     1.368     1.373  6 53939.40709126 28.509
 50 161.153344  68.543484     1.974     2.053  6 53974.40705178 27.298
 51 161.138646  68.534836     0.941     0.409  6 54009.40704462 28.145
 52 161.146510  68.540943     0.034     0.020  5 54044.40706486 19.991
 53 161.152071  68.544182     0.095     0.064  6 54079.40705872 18.016
 54 161.159374  68.547346     0.256     0.180  6 54114.40699525 16.718
 56 161.156398  68.548218     0.238     0.251  6 54184.40698566 14.188
 57 161.142263  68.537874     0.068     0.013  5 54219.40701373 13.250
 58 161.148114  68.539750     3.857     3.794  5 54254.40703831 25.871
 59 161.150763  68.541760     1.059     1.095  5 54289.40704152 43.005
 60 161.151790  68.540796     1.690     1.648  5 54324.40703881 26.983
 61 161.160587  68.546543     1.582     1.667  6 54359.40699450 32.096
 62 161.145879  68.541178    -0.128    -0.162  5 54394.40697915 40.665
 63 161.154786  68.544548    -0.104    -0.115  5 54429.40694441 29.056
 64 161.143082  68.539824     0.916     1.002  5 54464.40695830 15.190
 65 161.153195  68.543704     0.895     0.924  5 54499.40695506 13.596
 66 161.147806  68.541551     0.502     0.385  5 54534.40697278 13.199
 67 161.156226  68.547434     1.038     0.997  6 54569.40695923 12.103
 68 161.146516  68.539756     1.950     1.973  5 54604.40696709 18.396
 69 161.149405  68.541996     2.065     1.861  5 54639.40697761 26.991
 70 161.148594  68.541199     1.742     1.849  6 54674.40698012 26.245
 71 161.157197  68.545292     0.985     1.323  6 54709.40693806 30.041
 72 161.145964  68.539613     1.300     1.254  5 54744.40694646 26.555
 73 161.151473  68.543489     0.206     0.213  5 54779.40692112 26.722
 74 161.143460  68.538527     0.140     0.053  5 54814.40693971 20.001
 75 161.153153  68.543996     0.681     0.623  5 54849.40692031 16.228
 76 161.145793  68.538748     0.156     0.141  5 54884.40694320 14.609
 77 161.156995  68.546815   148.191   148.119  6 54919.40692268 12.984
 78 161.143519  68.539738     0.449     0.509  5 54954.40693852 14.508
 79 161.146036  68.539013     2.662     2.694  5 54989.40696209 25.012
 80 161.152303  68.543082     1.638     1.787  6 55024.40695419 25.823
 81 161.151444  68.540729     1.305     1.340  5 55059.40694847 27.548
 82 161.157249  68.547156     1.723     1.820  6 55094.40690235 25.720
 83 161.147475  68.539541    -0.167    -0.164  5 55129.40688965 29.610
 84 161.151698  68.543481    -0.035    -0.010  5 55164.40686355 23.510
 85 161.144984  68.538598    -0.258    -0.247  5 55199.40688125 19.549
 86 161.154217  68.545262    -0.027    -0.010  6 55234.40686889 16.960
 87 161.148128  68.540293     0.085     0.085  6 55269.40687602 16.818
 88 161.157454  68.548149     0.001    -0.008  6 55304.40684999 14.535
 89 161.148886  68.541279     2.009     1.945  5 55339.40684853 32.046
 90 161.151678  68.542834     1.646     1.682  6 55374.40684028 26.486
 91 161.146806  68.540003     0.475     0.477  6 55409.40686149 41.903
 92 161.151000  68.542068     1.928     1.817  5 55444.40685729 22.521
 93 161.158828  68.549922     1.724     1.789  6 55479.40679490 27.056
