# NaN NaN NaN ;Mean Elev.(m), Avg Gradient(m/km), RMS Gradient(m/km) - SRTM1     
#   -7.292  -1.150   3.669 ;Mean Elev.(m), Avg Gradient(m/km), RMS Gradient(m/km) - ASTER GDEM
#    5.986  -0.680   3.001 ;Mean Elev.(m), Avg Gradient(m/km), RMS Gradient(m/km) - GMTED2010 
  7     7.683 52467.03941911  7.35 158.406350  68.721014  9.377
  7     3.125 52467.03941975  9.67 158.402400  68.717984  9.377
  7     3.803 52467.03942040  7.69 158.398450  68.714954  9.377
  7     4.093 52467.03942104  7.59 158.394500  68.711934  9.377
  7     8.442 52467.03942168  5.56 158.390550  68.708904  9.377
  7     8.330 52467.03942233  6.12 158.386600  68.705874  9.377
  7     4.125 52467.03942297  7.57 158.382650  68.702854  9.377
  7     5.658 52467.03942362  6.02 158.378710  68.699824  9.377
  7     3.412 52467.03942426  8.98 158.374760  68.696794  9.377
  7     3.522 52467.03942491  8.30 158.370820  68.693774  9.377
  7     3.220 52467.03942555 10.01 158.366870  68.690744  9.377
  7     3.474 52467.03942620 11.29 158.362930  68.687714  9.377
  7     3.803 52467.03942684 13.32 158.358990  68.684684  9.377
  7     3.586 52467.03942749 15.01 158.355051  68.681664 12.577
  7     3.353 52467.03942813 16.80 158.351111  68.678634 12.577
  7     3.234 52467.03942878 19.08 158.347171  68.675604 12.577
  7     7.840 52467.03942942 17.75 158.343241  68.672574 12.577
  7     9.144 52467.03943007 15.21 158.339301  68.669554 12.577
  7     9.283 52467.03943071 14.16 158.335371  68.666524 12.577
  7    12.164 52467.03943135 13.16 158.331431  68.663494 12.577
  7    12.873 52467.03943200 12.46 158.327501  68.660464 12.577
  8     8.007 52502.03941036 14.63 158.403701  68.724715  8.091
  8     7.632 52502.03941101 18.75 158.399751  68.721685  8.091
  8     3.018 52502.03941165 24.93 158.395801  68.718665  8.091
  8     3.076 52502.03941230 22.34 158.391841  68.715635  8.091
  8     8.372 52502.03941294 18.81 158.387901  68.712605  8.091
  8     8.785 52502.03941358 18.40 158.383951  68.709585  8.091
  8     8.840 52502.03941423 17.48 158.380001  68.706555  8.091
  8     8.635 52502.03941487 15.89 158.376058  68.703524 14.512
  8     6.081 52502.03941552 19.42 158.372108  68.700494 14.512
  8     5.933 52502.03941616 23.94 158.368168  68.697474 14.512
  8     5.668 52502.03941681 27.78 158.364228  68.694444 14.512
  8     3.009 52502.03941745 27.69 158.360278  68.691414 14.512
  8     3.344 52502.03941810 27.71 158.356338  68.688394 14.512
  8     3.363 52502.03941874 30.27 158.352398  68.685364 14.512
  8     3.186 52502.03941939 31.94 158.348458  68.682334 14.512
  8     3.146 52502.03942003 28.08 158.344518  68.679304 14.512
  8     7.738 52502.03942068 23.01 158.340588  68.676274 14.512
  8     7.370 52502.03942132 20.28 158.336648  68.673254 14.512
  8     7.377 52502.03942197 16.17 158.332718  68.670224 14.512
  8    10.409 52502.03942261 13.27 158.328778  68.667194 14.512
  8    12.182 52502.03942326 12.36 158.324848  68.664164 14.512
  8    12.677 52502.03942390 11.41 158.320918  68.661134 14.512
  8    12.795 52502.03942454 11.22 158.316988  68.658114 14.512
  9     3.528 52537.03939836 17.17 158.414354  68.710376 15.356
  9     3.315 52537.03939901 20.09 158.410394  68.707346 15.356
  9     3.404 52537.03939965 19.24 158.406444  68.704326 15.356
  9     5.485 52537.03940030 17.14 158.402494  68.701296 15.356
  9     5.411 52537.03940094 17.70 158.398544  68.698266 15.356
  9     3.157 52537.03940159 25.30 158.394604  68.695246 15.356
  9     3.166 52537.03940223 25.85 158.390654  68.692216 15.356
  9     2.920 52537.03940288 26.95 158.386704  68.689186 15.356
  9     2.938 52537.03940352 25.40 158.382764  68.686166 15.356
  9     3.127 52537.03940417 23.60 158.378824  68.683136 15.356
  9     3.133 52537.03940481 22.48 158.374874  68.680106 15.356
  9     8.030 52537.03940545 19.42 158.370934  68.677086 15.356
  9     8.876 52537.03940610 18.60 158.366994  68.674056 15.356
  9     9.217 52537.03940674 19.28 158.363054  68.671026 15.356
 10     0.630 52572.03943408 44.59 158.406347  68.719205 33.049
 10     0.703 52572.03943473 40.26 158.402397  68.716185 33.049
 10     0.560 52572.03943537 43.70 158.398447  68.713155 33.049
 10     0.579 52572.03943602 43.29 158.394497  68.710125 33.049
 10     0.625 52572.03943666 38.87 158.390547  68.707105 33.049
 10     0.665 52572.03943730 37.13 158.386597  68.704075 33.049
 10     0.667 52572.03943795 35.16 158.382647  68.701045 33.049
 10     0.662 52572.03943859 36.92 158.378707  68.698025 33.049
 10     0.638 52572.03943924 34.36 158.374757  68.694995 33.049
 10     0.585 52572.03943988 31.04 158.370817  68.691965 33.049
 10     0.486 52572.03944053 30.86 158.366877  68.688945 33.049
 10     0.527 52572.03944117 30.62 158.362927  68.685915 33.049
 10     0.466 52572.03944182 31.30 158.358987  68.682885 33.049
 10     0.515 52572.03944246 32.59 158.355047  68.679855 33.049
 10     0.689 52572.03944311 32.80 158.351107  68.676835 33.049
 10     0.668 52572.03944375 43.30 158.347177  68.673805 33.049
 10     0.911 52572.03944440 44.12 158.343237  68.670775 33.049
 10     0.715 52572.03944504 41.72 158.339299  68.667751 10.157
 10     0.809 52572.03944569 37.36 158.335369  68.664721 10.157
 10     0.768 52572.03944633 34.69 158.331429  68.661691 10.157
 11     0.427 52607.03939232 23.94 158.404158  68.722017  8.639
 11     0.440 52607.03939296 23.68 158.400208  68.718987  8.639
 11     1.824 52607.03939361 23.03 158.396258  68.715957  8.639
 11     0.584 52607.03939425 23.78 158.392308  68.712937  8.639
 11     1.162 52607.03939490 23.31 158.388358  68.709907  8.639
 11     0.708 52607.03939554 23.70 158.384414  68.706879  6.786
 11     0.626 52607.03939618 24.32 158.380464  68.703849  6.786
 11     0.510 52607.03939683 24.57 158.376524  68.700829  6.786
 11     0.446 52607.03939747 24.16 158.372574  68.697799  6.786
 11     0.438 52607.03939812 25.75 158.368634  68.694769  6.786
 11     0.555 52607.03939876 25.16 158.364694  68.691739  6.786
 11     0.409 52607.03939941 25.15 158.360754  68.688719  6.786
 11     0.375 52607.03940005 25.48 158.356814  68.685689  6.786
 11     0.320 52607.03940070 24.50 158.352874  68.682659  6.786
 11     0.260 52607.03940134 24.38 158.348934  68.679629  6.786
 11     7.270 52607.03940199 24.39 158.344994  68.676609  6.786
 11     7.367 52607.03940263 23.01 158.341064  68.673579  6.786
 11    10.031 52607.03940328 22.81 158.337124  68.670549  6.786
 11    11.100 52607.03940392 22.27 158.333194  68.667519  6.786
 11    11.839 52607.03940457 20.19 158.329254  68.664489  6.786
 11    12.450 52607.03940521 20.39 158.325324  68.661469  6.786
 11    12.678 52607.03940585 19.93 158.321394  68.658439  6.786
 12     3.233 52642.03939111 20.20 158.409803  68.715202  4.747
 12     2.953 52642.03939176 21.45 158.405853  68.712172  4.747
 12     3.229 52642.03939240 20.79 158.401903  68.709142  4.747
 12     3.499 52642.03939305 20.26 158.397943  68.706122  4.747
 12     2.922 52642.03939369 21.16 158.394003  68.703092  4.747
 12     3.257 52642.03939434 21.00 158.390053  68.700062  4.747
 12     4.436 52642.03939498 20.48 158.386103  68.697042  4.747
 12     4.220 52642.03939563 21.59 158.382163  68.694012  4.747
 12     0.451 52642.03939627 22.24 158.378213  68.690982  4.747
 12     4.960 52642.03939692 22.16 158.374273  68.687962  4.747
 12     0.185 52642.03939756 22.17 158.370333  68.684932  4.747
 12     6.168 52642.03939821 21.62 158.366383  68.681902  4.747
 12     7.215 52642.03939885 20.91 158.362443  68.678882  4.747
 12     8.561 52642.03939949 20.38 158.358503  68.675852  4.747
 12     9.634 52642.03940014 19.99 158.354563  68.672822  4.747
 12    11.315 52642.03940078 19.47 158.350633  68.669792  4.747
 12    12.037 52642.03940143 19.60 158.346693  68.666772  4.747
 12    12.681 52642.03940207 19.02 158.342753  68.663742  4.747
 13     3.689 52677.03937665 17.05 158.404051  68.723092  3.139
 13     2.828 52677.03937730 16.73 158.400101  68.720072  3.139
 13     2.559 52677.03937794 17.11 158.396151  68.717042  3.139
 13     1.954 52677.03937859 17.12 158.392202  68.714017  3.053
 13     2.228 52677.03937923 17.11 158.388252  68.710987  3.053
 13     1.687 52677.03937988 17.42 158.384302  68.707957  3.053
 13     3.824 52677.03938052 16.68 158.380362  68.704937  3.053
 13     5.816 52677.03938117 16.67 158.376412  68.701907  3.053
 13     1.977 52677.03938181 16.71 158.372472  68.698877  3.053
 13     7.008 52677.03938245 17.06 158.368522  68.695857  3.053
 13     6.433 52677.03938310 17.33 158.364582  68.692827  3.053
 13     7.576 52677.03938374 16.66 158.360642  68.689797  3.053
 13     7.435 52677.03938439 16.86 158.356702  68.686767  3.053
 13     7.855 52677.03938503 16.49 158.352762  68.683747  3.053
 13     7.840 52677.03938568 16.69 158.348822  68.680717  3.053
 13     8.243 52677.03938632 16.63 158.344882  68.677687  3.053
 13     9.257 52677.03938697 16.98 158.340952  68.674657  3.053
 13    10.184 52677.03938761 16.54 158.337012  68.671637  3.053
 13    10.705 52677.03938826 17.19 158.333082  68.668607  3.053
 13    11.343 52677.03938890 16.71 158.329152  68.665577  3.053
 13    12.033 52677.03938955 16.58 158.325212  68.662547  3.053
 13    12.438 52677.03939019 16.41 158.321282  68.659517  3.053
 14     4.201 52712.03940873 14.71 158.408122  68.714142  2.655
 14     3.775 52712.03940938 14.88 158.404172  68.711112  2.655
 14     3.718 52712.03941002 14.66 158.400222  68.708092  2.655
 14     3.872 52712.03941066 14.79 158.396272  68.705062  2.655
 14     4.141 52712.03941131 14.21 158.392322  68.702032  2.655
 14     4.500 52712.03941195 14.51 158.388372  68.699012  2.655
 14     4.656 52712.03941260 14.73 158.384432  68.695982  2.655
 14     5.007 52712.03941324 14.77 158.380482  68.692952  2.655
 14     5.314 52712.03941389 15.21 158.376542  68.689932  2.655
 14     5.942 52712.03941453 14.97 158.372592  68.686902  2.655
 14     6.513 52712.03941518 14.63 158.368652  68.683872  2.655
 14     7.100 52712.03941582 14.26 158.364712  68.680852  2.655
 14     8.142 52712.03941647 14.12 158.360772  68.677822  2.655
 14    10.302 52712.03941711 14.14 158.356832  68.674792  2.655
 14    10.944 52712.03941776 14.60 158.352892  68.671762  2.655
 14    11.515 52712.03941840 14.15 158.348952  68.668742  2.655
 14    12.344 52712.03941905 14.21 158.345022  68.665712  2.655
 15     8.152 52747.03944118 14.10 158.352131  68.692108  2.628
 15     8.170 52747.03944183 14.04 158.348191  68.689078  2.628
 15     8.240 52747.03944247 13.24 158.344251  68.686048  2.628
 15     7.290 52747.03944312 12.95 158.340311  68.683028  2.628
 15     8.252 52747.03944376 13.06 158.336371  68.679998  2.628
 15     8.375 52747.03944441 12.70 158.332431  68.676968  2.628
 15     8.523 52747.03944505 13.18 158.328501  68.673938  2.628
 15    10.073 52747.03944570 13.60 158.324561  68.670918  2.628
 15     9.492 52747.03944634 14.28 158.320631  68.667888  2.628
 15    10.023 52747.03944699 14.33 158.316689  68.664856  2.303
 15    10.679 52747.03944763 14.53 158.312759  68.661826  2.303
 15    11.166 52747.03944827 14.15 158.308829  68.658806  2.303
 15    11.460 52747.03944892 13.83 158.304899  68.655776  2.303
 15    11.341 52747.03944956 13.50 158.300969  68.652746  2.303
 16     1.617 52782.03937462 41.07 158.414814  68.713360 33.541
 16     1.612 52782.03937526 46.71 158.410864  68.710335 22.832
 16     1.577 52782.03937591 39.45 158.406914  68.707315 22.832
 16     1.547 52782.03937655 33.12 158.402964  68.704285 22.832
 16     1.474 52782.03937720 33.92 158.399014  68.701255 22.832
 16     3.896 52782.03937784 31.79 158.395064  68.698235 22.832
 16     1.579 52782.03937848 32.19 158.391114  68.695205 22.832
 16     2.954 52782.03937913 32.27 158.387174  68.692175 22.832
 16     6.635 52782.03937977 31.42 158.383224  68.689155 22.832
 16     1.729 52782.03938042 38.81 158.379284  68.686125 22.832
 16     1.858 52782.03938106 40.91 158.375334  68.683095 22.832
 16     1.607 52782.03938171 33.73 158.371394  68.680075 22.832
 16     2.843 52782.03938235 30.59 158.367454  68.677045 22.832
 16     1.477 52782.03938300 32.15 158.363514  68.674015 22.832
 16     1.791 52782.03938364 30.67 158.359574  68.670995 22.832
 16     1.680 52782.03938429 37.76 158.355634  68.667965 22.832
 17     7.176 52817.03945432 17.10 158.411940  68.712739  7.919
 17     7.479 52817.03945497 17.44 158.407980  68.709709  7.919
 17     7.766 52817.03945561 16.43 158.404030  68.706689  7.919
 17     7.635 52817.03945626 16.22 158.400080  68.703659  7.919
 17     7.385 52817.03945690 17.54 158.396130  68.700629  7.919
 17     7.344 52817.03945754 22.24 158.392180  68.697609  7.919
 17     7.296 52817.03945819 28.01 158.388240  68.694579  7.919
 17     7.378 52817.03945883 31.15 158.384290  68.691549  7.919
 17     7.322 52817.03945948 27.84 158.380350  68.688529  7.919
 17     7.305 52817.03946012 19.38 158.376400  68.685499  7.919
 17     7.184 52817.03946077 20.20 158.372460  68.682469  7.919
 17     7.688 52817.03946141 18.15 158.368520  68.679449  7.919
 17     8.576 52817.03946206 18.59 158.364580  68.676419  7.919
 17     9.256 52817.03946270 17.96 158.360640  68.673389  7.919
 17     9.373 52817.03946335 21.44 158.356700  68.670359  7.919
 17    11.844 52817.03946399 21.22 158.352760  68.667339  7.919
 18     2.204 52852.03950476 21.23 158.409857  68.714424 19.999
 18     2.049 52852.03950540 26.12 158.405907  68.711394 19.999
 18     2.708 52852.03950605 37.92 158.401957  68.708374 19.999
 18     2.496 52852.03950669 41.41 158.398007  68.705344 19.999
 18     3.524 52852.03950734 18.10 158.394057  68.702314 19.999
 18     4.829 52852.03950798 16.43 158.390107  68.699294 19.999
 18     2.110 52852.03950863 20.87 158.386167  68.696264 19.999
 18     2.227 52852.03950927 21.87 158.382217  68.693234 19.999
 18     2.243 52852.03950992 28.98 158.378277  68.690214 19.999
 18     2.430 52852.03951056 33.56 158.374327  68.687184 19.999
 18     2.486 52852.03951121 30.92 158.370387  68.684154 19.999
 18     2.855 52852.03951185 29.28 158.366447  68.681134 19.999
 18     2.549 52852.03951250 26.41 158.362507  68.678104 19.999
 18     2.209 52852.03951314 26.20 158.358567  68.675074 19.999
 18     8.116 52852.03951378 24.10 158.354627  68.672044 19.999
 18     8.817 52852.03951443 18.71 158.350687  68.669014 19.999
 18    10.962 52852.03951507 18.12 158.346757  68.665994 19.999
 20     4.014 52922.03949219 22.33 158.403245  68.726837  4.420
 20     7.517 52922.03949735 22.62 158.371650  68.702623  8.398
 20     7.745 52922.03949799 23.66 158.367710  68.699603  8.398
 20     7.595 52922.03949864 26.30 158.363760  68.696573  8.398
 20     7.871 52922.03949928 26.44 158.359820  68.693543  8.398
 20     8.127 52922.03949993 27.23 158.355880  68.690513  8.398
 20     8.307 52922.03950057 26.07 158.351940  68.687493  8.398
 20     8.344 52922.03950122 24.07 158.348000  68.684463  8.398
 20     8.160 52922.03950186 27.03 158.344060  68.681433  8.398
 20     1.181 52922.03950250 30.74 158.340130  68.678403  8.398
 20     1.194 52922.03950315 34.32 158.336190  68.675373  8.398
 20     1.185 52922.03950379 30.43 158.332250  68.672353  8.398
 20    10.888 52922.03950444 22.45 158.328320  68.669323  8.398
 20    11.481 52922.03950508 21.59 158.324390  68.666293  8.398
 20    11.974 52922.03950573 22.97 158.320450  68.663263  8.398
 20    12.217 52922.03950637 22.21 158.316520  68.660233  8.398
 20    12.225 52922.03950702 22.55 158.312597  68.657205  9.344
 21     3.580 52957.03946004 21.30 158.413270  68.710503  5.065
 21     3.754 52957.03946068 20.66 158.409310  68.707473  5.065
 21     3.866 52957.03946133 20.55 158.405360  68.704453  5.065
 21     4.260 52957.03946197 20.69 158.401420  68.701423  5.065
 21     3.869 52957.03946262 22.00 158.397470  68.698393  5.065
 21     4.358 52957.03946326 21.72 158.393520  68.695373  5.065
 21     4.512 52957.03946391 22.20 158.389580  68.692343  5.065
 21     0.439 52957.03946455 22.64 158.385630  68.689313  5.065
 21     4.128 52957.03946519 21.78 158.381690  68.686293  5.065
 21     0.469 52957.03946584 21.94 158.377750  68.683263  5.065
 21     0.417 52957.03946648 21.79 158.373800  68.680233  5.065
 21     0.348 52957.03946713 22.32 158.369860  68.677203  5.065
 21     8.046 52957.03946777 21.50 158.365920  68.674183  5.065
 21    10.237 52957.03946842 21.19 158.361990  68.671153  5.065
 22     3.646 52992.03947989 18.53 158.410150  68.715711  4.084
 22     3.088 52992.03948053 18.62 158.406200  68.712691  4.084
 22     3.384 52992.03948118 17.94 158.402250  68.709661  4.084
 22     3.104 52992.03948182 17.87 158.398300  68.706631  4.084
 22     3.233 52992.03948246 18.14 158.394350  68.703611  4.084
 22     4.265 52992.03948311 18.38 158.390410  68.700581  4.084
 22     4.634 52992.03948375 18.15 158.386460  68.697551  4.084
 22     4.566 52992.03948440 18.03 158.382520  68.694531  4.084
 22     4.926 52992.03948504 18.97 158.378570  68.691501  4.084
 22     0.347 52992.03948569 19.26 158.374630  68.688471  4.084
 22     5.535 52992.03948633 19.00 158.370690  68.685451  4.084
 22     6.446 52992.03948698 18.15 158.366750  68.682421  4.084
 22     7.175 52992.03948762 19.36 158.362810  68.679391  4.084
 22     8.424 52992.03948827 18.33 158.358870  68.676361  4.084
 22    10.009 52992.03948891 17.28 158.354930  68.673341  4.084
 22    11.125 52992.03948956 17.74 158.350990  68.670311  4.084
 22    11.638 52992.03949020 17.76 158.347060  68.667281  4.084
 22    12.298 52992.03949085 17.69 158.343122  68.664256  2.978
 23     3.843 53027.03944437 15.21 158.405536  68.723240  2.715
 23     2.787 53027.03944501 15.64 158.401586  68.720210  2.715
 23     2.809 53027.03944566 15.33 158.397636  68.717190  2.715
 23     2.245 53027.03944630 15.32 158.393686  68.714160  2.715
 23     2.534 53027.03944695 15.05 158.389736  68.711130  2.715
 23     2.767 53027.03944759 15.11 158.385786  68.708110  2.715
 23     1.647 53027.03944824 15.33 158.381846  68.705080  2.715
 23     2.989 53027.03944888 14.50 158.377896  68.702050  2.715
 23     6.989 53027.03944953 14.15 158.373956  68.699030  2.715
 23     7.022 53027.03945017 14.22 158.370016  68.696000  2.715
 23     7.016 53027.03945082 14.61 158.366066  68.692970  2.715
 23     7.167 53027.03945146 14.64 158.362126  68.689940  2.715
 23     7.474 53027.03945210 14.59 158.358186  68.686920  2.715
 23     7.293 53027.03945275 14.34 158.354246  68.683890  2.715
 23     7.613 53027.03945339 14.23 158.350316  68.680860  2.715
 23     8.251 53027.03945404 14.25 158.346376  68.677830  2.715
 23     9.258 53027.03945468 13.94 158.342436  68.674800  2.715
 23    10.270 53027.03945533 14.16 158.338506  68.671780  2.715
 23    10.640 53027.03945597 14.44 158.334567  68.668749  2.447
 23    11.301 53027.03945662 14.82 158.330637  68.665719  2.447
 23    11.688 53027.03945726 14.35 158.326707  68.662689  2.447
 23    12.319 53027.03945791 14.60 158.322777  68.659669  2.447
 24     3.649 53062.03945453 15.13 158.412564  68.715949  2.671
 24     4.017 53062.03945517 14.23 158.408614  68.712919  2.671
 24     3.768 53062.03945582 14.33 158.404664  68.709899  2.671
 24     3.834 53062.03945646 14.73 158.400714  68.706869  2.671
 24     3.956 53062.03945711 14.60 158.396764  68.703839  2.671
 24     4.416 53062.03945775 14.17 158.392814  68.700819  2.671
 24     4.482 53062.03945840 14.47 158.388874  68.697789  2.671
 24     5.569 53062.03945904 14.57 158.384924  68.694759  2.671
 24     5.783 53062.03945969 14.84 158.380984  68.691739  2.671
 24     6.209 53062.03946033 14.63 158.377044  68.688709  2.671
 24     6.763 53062.03946098 13.91 158.373094  68.685679  2.671
 24     6.638 53062.03946162 14.22 158.369154  68.682659  2.671
 24     7.577 53062.03946226 14.06 158.365214  68.679629  2.671
 24     8.393 53062.03946291 14.47 158.361274  68.676599  2.671
 24     9.901 53062.03946355 14.07 158.357344  68.673569  2.671
 24    10.993 53062.03946420 14.46 158.353404  68.670539  2.671
 24    11.845 53062.03946484 13.79 158.349464  68.667519  2.671
 24    12.417 53062.03946549 13.83 158.345534  68.664489  2.671
 25     8.245 53097.03948468 12.80 158.349774  68.690649  2.456
 25     8.177 53097.03948533 12.62 158.345834  68.687629  2.456
 25     8.395 53097.03948597 12.37 158.341894  68.684599  2.456
 25     8.080 53097.03948662 12.64 158.337954  68.681569  2.456
 25     8.240 53097.03948726 12.70 158.334024  68.678539  2.456
 25     8.215 53097.03948791 12.76 158.330084  68.675509  2.456
 25     8.682 53097.03948855 12.89 158.326144  68.672489  2.456
 25     9.001 53097.03948920 13.32 158.322214  68.669459  2.456
 25     9.353 53097.03948984 13.55 158.318284  68.666429  2.456
 25     9.547 53097.03949049 14.16 158.314354  68.663399  2.456
 25     9.664 53097.03949113 13.99 158.310414  68.660369  2.456
 25    11.277 53097.03949178 13.55 158.306492  68.657342  2.112
 25    10.920 53097.03949242 13.67 158.302562  68.654322  2.112
 26     4.337 53132.03945223 10.36 158.412384  68.711768  2.285
 26     4.483 53132.03945288 10.64 158.408434  68.708738  2.285
 26     4.512 53132.03945352 10.79 158.404484  68.705708  2.285
 26     5.162 53132.03945417 10.67 158.400534  68.702688  2.285
 26     4.992 53132.03945481 11.06 158.396584  68.699658  2.285
 26     4.984 53132.03945546 11.32 158.392644  68.696628  2.285
 26     5.308 53132.03945610 10.73 158.388694  68.693598  2.285
 26     5.559 53132.03945675 10.92 158.384754  68.690578  2.285
 26     6.187 53132.03945739 10.61 158.380804  68.687548  2.285
 26     6.768 53132.03945804 10.40 158.376864  68.684518  2.285
 26     6.906 53132.03945868 10.48 158.372924  68.681498  2.285
 26     7.616 53132.03945933 10.42 158.368984  68.678468  2.285
 26     8.293 53132.03945997 10.87 158.365044  68.675438  2.285
 26     9.713 53132.03946061 10.84 158.361104  68.672408  2.285
 26    11.134 53132.03946126 10.47 158.357164  68.669388  2.285
 28     6.398 53202.03952900 19.64 158.407747  68.719840  7.443
 28     4.693 53202.03952965 20.96 158.403797  68.716820  7.443
 28     7.945 53202.03953029 18.79 158.399847  68.713790  7.443
 28     8.131 53202.03953094 19.33 158.395897  68.710760  7.443
 28     8.043 53202.03953158 23.94 158.391947  68.707740  7.443
 28     8.117 53202.03953223 23.26 158.387997  68.704710  7.443
 28     4.843 53202.03953287 24.12 158.384057  68.701680  7.443
 28     7.297 53202.03953351 21.86 158.380107  68.698660  7.443
 28     7.634 53202.03953416 19.85 158.376167  68.695630  7.443
 28     6.524 53202.03953480 24.57 158.372217  68.692600  7.443
 28     7.959 53202.03953545 18.53 158.368277  68.689580  7.443
 28     7.912 53202.03953609 17.84 158.364337  68.686550  7.443
 28     7.841 53202.03953674 17.91 158.360397  68.683520  7.443
 28     7.919 53202.03953738 17.53 158.356457  68.680490  7.443
 28     7.853 53202.03953803 18.65 158.352517  68.677470  7.443
 28     8.260 53202.03953867 17.51 158.348577  68.674440  7.443
 28    10.747 53202.03953932 16.26 158.344637  68.671410  7.443
 28    11.726 53202.03953996 15.37 158.340707  68.668380  7.443
 28    12.541 53202.03954061 15.56 158.336767  68.665360  7.443
 28    13.111 53202.03954125 13.81 158.332837  68.662330  7.443
 29     7.231 53237.03949823 22.05 158.404507  68.720083  6.609
 29     7.885 53237.03949887 19.22 158.400557  68.717053  6.609
 29     8.209 53237.03949952 19.43 158.396607  68.714023  6.609
 29     8.493 53237.03950016 21.92 158.392657  68.711003  6.609
 29     8.530 53237.03950080 22.34 158.388707  68.707973  6.609
 29     8.290 53237.03950145 23.77 158.384767  68.704943  6.609
 29     8.199 53237.03950209 23.50 158.380817  68.701923  6.609
 29     8.235 53237.03950274 21.83 158.376877  68.698893  6.609
 29     8.344 53237.03950338 18.24 158.372927  68.695863  6.609
 29     8.111 53237.03950403 18.66 158.368987  68.692833  6.609
 29     8.132 53237.03950467 19.46 158.365047  68.689813  6.609
 29     8.131 53237.03950532 18.87 158.361107  68.686783  6.609
 29     8.109 53237.03950596 18.43 158.357167  68.683753  6.609
 29     8.132 53237.03950661 18.78 158.353227  68.680723  6.609
 29     8.709 53237.03950725 17.77 158.349287  68.677703  6.609
 29     9.578 53237.03950790 18.26 158.345357  68.674673  6.609
 29     9.409 53237.03950854 17.71 158.341417  68.671643  6.609
 29    11.344 53237.03950919 15.58 158.337487  68.668613  6.609
 29    12.232 53237.03950983 15.94 158.333547  68.665583  6.609
 29    13.183 53237.03951047 15.26 158.329617  68.662563  6.609
 29    18.367 53237.03951112 14.51 158.325690  68.659528 22.010
 30     6.873 53272.03945698 18.15 158.415638  68.707334 11.010
 30     6.937 53272.03945763 17.74 158.411688  68.704304 11.010
 30     6.906 53272.03945827 16.78 158.407738  68.701274 11.010
 30     6.456 53272.03945892 19.26 158.403788  68.698254 11.010
 30     6.410 53272.03945956 18.52 158.399838  68.695224 11.010
 30     6.603 53272.03946021 17.91 158.395898  68.692194 11.010
 30     6.661 53272.03946085 18.38 158.391948  68.689174 11.010
 30     7.461 53272.03946150 18.78 158.388008  68.686144 11.010
 30     7.751 53272.03946214 19.03 158.384058  68.683114 11.010
 30     7.766 53272.03946279 20.50 158.380118  68.680094 11.010
 30    15.400 53272.03946343 19.83 158.376178  68.677064 11.010
 30    15.651 53272.03946407 19.63 158.372238  68.674034 11.010
 31     1.352 53307.03951971 24.53 158.407827  68.719562  7.213
 31     1.396 53307.03952036 23.87 158.403871  68.716537  5.576
 31     1.271 53307.03952100 24.83 158.399921  68.713517  5.576
 31     1.232 53307.03952165 23.91 158.395971  68.710487  5.576
 31     1.403 53307.03952229 22.30 158.392021  68.707457  5.576
 31     1.334 53307.03952294 22.59 158.388071  68.704437  5.576
 31     1.939 53307.03952358 21.01 158.384121  68.701407  5.576
 31     1.471 53307.03952423 21.43 158.380181  68.698377  5.576
 31     1.315 53307.03952487 21.65 158.376231  68.695357  5.576
 31     1.406 53307.03952552 21.17 158.372291  68.692327  5.576
 31     1.406 53307.03952616 22.16 158.368341  68.689297  5.576
 31     1.481 53307.03952681 22.03 158.364401  68.686277  5.576
 31     1.168 53307.03952745 22.44 158.360461  68.683247  5.576
 31     7.166 53307.03952809 21.89 158.356521  68.680217  5.576
 31     7.855 53307.03952874 20.26 158.352581  68.677187  5.576
 31     9.514 53307.03952938 19.42 158.348641  68.674167  5.576
 31    10.394 53307.03953003 20.88 158.344701  68.671137  5.576
 31    11.157 53307.03953067 20.64 158.340761  68.668107  5.576
 31    12.063 53307.03953132 20.44 158.336831  68.665077  5.576
 31    12.290 53307.03953196 20.25 158.332891  68.662057  5.576
 33     8.282 53377.03942671 12.36 158.360267  68.695914  2.638
 33     8.366 53377.03942735 12.15 158.356327  68.692884  2.638
 33     8.456 53377.03942800 12.05 158.352387  68.689864  2.638
 33     8.505 53377.03942864 11.52 158.348447  68.686834  2.638
 33     8.476 53377.03942928 11.14 158.344503  68.683809  2.375
 33     8.422 53377.03942993 11.47 158.340563  68.680779  2.375
 33     8.461 53377.03943057 11.74 158.336633  68.677749  2.375
 33     8.773 53377.03943122 11.58 158.332693  68.674719  2.375
 33     9.582 53377.03943186 11.59 158.328763  68.671699  2.375
 33    10.004 53377.03943251 12.01 158.324833  68.668669  2.375
 33    11.191 53377.03943315 12.34 158.320893  68.665639  2.375
 33    11.550 53377.03943380 12.02 158.316963  68.662609  2.375
 33    11.805 53377.03943444 12.08 158.313033  68.659579  2.375
 33    12.273 53377.03943509 11.53 158.309103  68.656549  2.375
 33    13.262 53377.03943573 11.53 158.305183  68.653529  2.375
 35     6.056 53447.03944856 12.55 158.413349  68.707591  2.354
 35     6.116 53447.03944920 12.49 158.409399  68.704571  2.354
 35     5.873 53447.03944985 13.04 158.405449  68.701541  2.354
 35     6.114 53447.03945049 12.88 158.401499  68.698511  2.354
 35     5.877 53447.03945113 13.00 158.397559  68.695491  2.354
 35     5.980 53447.03945178 12.73 158.393609  68.692461  2.354
 35     6.152 53447.03945242 12.56 158.389659  68.689431  2.354
 35     6.616 53447.03945307 12.27 158.385719  68.686411  2.354
 35     7.014 53447.03945371 12.04 158.381769  68.683381  2.354
 35     7.668 53447.03945436 11.94 158.377829  68.680351  2.354
 35     8.529 53447.03945500 12.28 158.373889  68.677331  2.354
 35    10.031 53447.03945565 12.14 158.369949  68.674301  2.354
 36     4.886 53482.03953220 12.21 158.406353  68.718408  2.482
 36     5.286 53482.03953284 11.77 158.402403  68.715378  2.482
 36     4.921 53482.03953349 11.91 158.398453  68.712348  2.482
 36     5.115 53482.03953413 12.09 158.394503  68.709328  2.482
 36     5.996 53482.03953478 11.62 158.390553  68.706298  2.482
 36     6.412 53482.03953542 12.10 158.386603  68.703268  2.482
 36     7.470 53482.03953607 11.69 158.382653  68.700248  2.482
 36     7.450 53482.03953671 11.58 158.378713  68.697218  2.482
 36     7.345 53482.03953736 11.76 158.374763  68.694188  2.482
 36     7.673 53482.03953800 11.87 158.370823  68.691168  2.482
 36     7.589 53482.03953865 11.89 158.366873  68.688138  2.482
 36     7.724 53482.03953929 11.64 158.362933  68.685108  2.482
 36     7.651 53482.03953994 11.35 158.358993  68.682078  2.482
 36     7.945 53482.03954058 11.18 158.355053  68.679058  2.482
 36     8.970 53482.03954122 10.96 158.351113  68.676028  2.482
 36    10.330 53482.03954187 11.00 158.347173  68.672998  2.482
 36    11.174 53482.03954251 10.96 158.343233  68.669968  2.482
 36    11.941 53482.03954316 11.12 158.339303  68.666948  2.482
 36    12.638 53482.03954380 11.00 158.335363  68.663918  2.482
 36    12.913 53482.03954445 10.99 158.331433  68.660892  2.014
 37     3.761 53517.03953416 33.59 158.403815  68.719140 18.708
 37     3.877 53517.03953480 32.62 158.399870  68.716117 32.273
 37     3.812 53517.03953545 32.59 158.395920  68.713087 32.273
 37     3.907 53517.03953609 32.57 158.391970  68.710057 32.273
 37     4.036 53517.03953674 31.76 158.388020  68.707037 32.273
 37     4.075 53517.03953738 33.10 158.384070  68.704007 32.273
 37     4.148 53517.03953803 31.19 158.380120  68.700977 32.273
 37     4.103 53517.03953867 30.29 158.376180  68.697957 32.273
 37     3.901 53517.03953932 34.07 158.372240  68.694927 32.273
 37     4.025 53517.03953996 39.28 158.368290  68.691897 32.273
 37     3.993 53517.03954061 44.66 158.364350  68.688867 32.273
 37     3.954 53517.03954125 43.71 158.360410  68.685847 32.273
 37     3.923 53517.03954190 41.05 158.356470  68.682817 32.273
 37     3.976 53517.03954254 42.57 158.352530  68.679787 32.273
 37     3.946 53517.03954319 37.07 158.348590  68.676757 32.273
 37     3.952 53517.03954383 37.66 158.344650  68.673737 32.273
 37     3.774 53517.03954447 26.71 158.340720  68.670707 32.273
 37     8.010 53517.03954512 25.62 158.336780  68.667677 32.273
 37     3.915 53517.03954576 25.90 158.332850  68.664647 32.273
 37     4.118 53517.03954641 29.30 158.328920  68.661617 32.273
 38     7.844 53552.03955447 21.51 158.400923  68.722367  5.742
 38     7.699 53552.03955511 23.61 158.396979  68.719348  8.082
 38     8.426 53552.03955576 17.52 158.393019  68.716318  8.082
 38     8.642 53552.03955640 19.00 158.389069  68.713288  8.082
 38     8.763 53552.03955705 19.39 158.385119  68.710268  8.082
 38     8.727 53552.03955769 23.21 158.381179  68.707238  8.082
 38     8.737 53552.03955834 18.06 158.377229  68.704208  8.082
 38     8.664 53552.03955898 17.49 158.373279  68.701188  8.082
 38     8.541 53552.03955963 18.83 158.369339  68.698158  8.082
 38     8.336 53552.03956027 21.16 158.365389  68.695128  8.082
 38     8.211 53552.03956092 24.39 158.361449  68.692098  8.082
 38     8.204 53552.03956156 26.62 158.357509  68.689078  8.082
 38     8.250 53552.03956221 26.09 158.353569  68.686048  8.082
 38     8.193 53552.03956285 25.10 158.349629  68.683018  8.082
 38     8.381 53552.03956350 20.70 158.345689  68.679988  8.082
 38     8.318 53552.03956414 18.05 158.341749  68.676968  8.082
 38     8.141 53552.03956479 17.24 158.337809  68.673938  8.082
 38     7.999 53552.03956543 16.13 158.333879  68.670908  8.082
 38    10.169 53552.03956607 16.02 158.329939  68.667878  8.082
 38    10.877 53552.03956672 15.00 158.326009  68.664848  8.082
 38    12.347 53552.03956736 13.45 158.322069  68.661828  8.082
 38    12.631 53552.03956801 13.64 158.318146  68.658795 16.791
 39     2.956 53587.03950831 38.31 158.406528  68.722995 15.120
 39     2.976 53587.03950896 35.04 158.402578  68.719975 15.120
 39     2.819 53587.03950960 28.30 158.398628  68.716945 15.120
 39     2.931 53587.03951025 24.81 158.394676  68.713920 30.782
 39     2.856 53587.03951089 21.91 158.390726  68.710890 30.782
 39     8.125 53587.03951154 21.07 158.386776  68.707870 30.782
 39     2.732 53587.03951218 21.53 158.382836  68.704840 30.782
 39     2.533 53587.03951283 23.85 158.378886  68.701810 30.782
 39     5.457 53587.03951347 23.19 158.374946  68.698780 30.782
 39     2.990 53587.03951412 29.62 158.370996  68.695760 30.782
 39     3.184 53587.03951476 34.91 158.367056  68.692730 30.782
 39     3.428 53587.03951541 36.84 158.363116  68.689700 30.782
 39     2.972 53587.03951605 34.53 158.359176  68.686670 30.782
 39     3.033 53587.03951670 49.84 158.355236  68.683650 30.782
 39     2.912 53587.03951734 53.50 158.351296  68.680620 30.782
 39     3.118 53587.03951798 50.02 158.347356  68.677590 30.782
 39     3.062 53587.03951863 49.19 158.343426  68.674560 30.782
 39     3.015 53587.03951927 50.52 158.339486  68.671530 30.782
 39     3.098 53587.03951992 47.43 158.335556  68.668510 30.782
 39     3.171 53587.03952056 44.22 158.331616  68.665480 30.782
 39     3.126 53587.03952121 42.94 158.327686  68.662450 30.782
 39     3.070 53587.03952185 48.12 158.323756  68.659420 30.782
 40     3.485 53622.03947577 52.81 158.409629  68.711873 39.516
 40     3.325 53622.03947642 51.59 158.405669  68.708843 39.516
 40     3.412 53622.03947706 43.93 158.401719  68.705813 39.516
 40     3.412 53622.03947771 35.43 158.397769  68.702793 39.516
 40     3.397 53622.03947835 33.98 158.393819  68.699763 39.516
 40     3.296 53622.03947900 30.50 158.389869  68.696733 39.516
 40     3.404 53622.03947964 31.17 158.385929  68.693713 39.516
 40     3.362 53622.03948029 35.51 158.381979  68.690683 39.516
 40     3.591 53622.03948093 44.35 158.378038  68.687657 38.894
 40     3.603 53622.03948158 52.20 158.374088  68.684627 38.894
 40     3.554 53622.03948222 53.48 158.370148  68.681607 38.894
 40     3.481 53622.03948287 53.96 158.366208  68.678577 38.894
 40     3.522 53622.03948351 52.88 158.362268  68.675547 38.894
 40     3.599 53622.03948416 51.41 158.358328  68.672517 38.894
 40     3.623 53622.03948480 52.21 158.354388  68.669497 38.894
 40     3.484 53622.03948544 52.71 158.350448  68.666467 38.894
 41     4.161 53657.03950289 26.53 158.410602  68.716989  7.748
 41     3.436 53657.03950353 27.76 158.406652  68.713959  7.748
 41     3.301 53657.03950417 25.93 158.402702  68.710929  7.748
 41     3.222 53657.03950482 24.54 158.398752  68.707909  7.748
 41     4.465 53657.03950546 22.03 158.394802  68.704879  7.748
 41     4.884 53657.03950611 20.86 158.390852  68.701849  7.748
 41     6.015 53657.03950675 20.35 158.386902  68.698829  7.748
 41     6.304 53657.03950740 20.88 158.382962  68.695799  7.748
 41     6.459 53657.03950804 21.46 158.379012  68.692769  7.748
 41     1.235 53657.03950869 30.71 158.375072  68.689749  7.748
 41     1.459 53657.03950933 29.84 158.371132  68.686719  7.748
 41     7.118 53657.03950998 22.30 158.367182  68.683689  7.748
 41     7.505 53657.03951062 22.71 158.363242  68.680659  7.748
 41     8.798 53657.03951127 24.63 158.359302  68.677639  7.748
 41     9.799 53657.03951191 23.96 158.355362  68.674609  7.748
 41    10.942 53657.03951256 24.09 158.351422  68.671579  7.748
 41    11.695 53657.03951320 24.28 158.347492  68.668559  7.748
 41    12.372 53657.03951384 25.20 158.343552  68.665529  7.748
 42     0.242 53692.03948802 28.87 158.402261  68.722551 15.463
 42     0.117 53692.03948866 28.43 158.398311  68.719521 15.463
 42     0.149 53692.03948931 30.05 158.394358  68.716500 18.025
 42     0.232 53692.03948995 29.93 158.390408  68.713470 18.025
 42     0.060 53692.03949060 31.21 158.386458  68.710440 18.025
 42     0.040 53692.03949124 32.09 158.382508  68.707420 18.025
 42     0.044 53692.03949188 31.13 158.378568  68.704390 18.025
 42     0.071 53692.03949253 31.91 158.374618  68.701360 18.025
 42     0.115 53692.03949317 31.37 158.370678  68.698340 18.025
 42     0.064 53692.03949382 29.54 158.366728  68.695310 18.025
 42     0.075 53692.03949446 30.36 158.362788  68.692280 18.025
 42     0.144 53692.03949511 29.84 158.358848  68.689250 18.025
 42     0.093 53692.03949575 28.14 158.354908  68.686230 18.025
 42    -0.045 53692.03949640 27.54 158.350968  68.683200 18.025
 42    -0.086 53692.03949704 27.44 158.347028  68.680170 18.025
 42    -0.060 53692.03949769 26.57 158.343088  68.677140 18.025
 42    -0.035 53692.03949833 27.03 158.339158  68.674120 18.025
 42     0.089 53692.03949898 27.52 158.335218  68.671090 18.025
 42     0.164 53692.03949962 27.18 158.331288  68.668060 18.025
 42     0.199 53692.03950027 28.16 158.327348  68.665030 18.025
 42     0.311 53692.03950091 27.76 158.323418  68.662000 18.025
 42     0.207 53692.03950155 27.05 158.319488  68.658980 18.025
 43     0.268 53727.03941786 22.71 158.356575  68.694136  6.764
 43     8.004 53727.03941850 21.06 158.352635  68.691106  6.764
 43     0.363 53727.03941914 21.69 158.348695  68.688076  6.764
 43     8.009 53727.03941979 20.14 158.344755  68.685056  6.764
 43     0.227 53727.03942043 20.51 158.340815  68.682026  6.764
 43     6.634 53727.03942108 20.87 158.336885  68.678996  6.764
 43     7.648 53727.03942172 20.67 158.332945  68.675966  6.764
 43     0.187 53727.03942237 20.67 158.329015  68.672936  6.764
 43     0.213 53727.03942301 20.89 158.325075  68.669916  6.764
 43     0.357 53727.03942366 22.24 158.321145  68.666886  6.764
 43     0.515 53727.03942430 21.16 158.317215  68.663856  6.764
 43     0.428 53727.03942495 22.06 158.313285  68.660826  6.764
 43     0.441 53727.03942559 21.85 158.309355  68.657796  6.764
 43     4.145 53727.03942624 20.43 158.305430  68.654774  4.477
 44     0.324 53762.03936679 20.93 158.414311  68.709431  5.089
 44     0.356 53762.03936744 20.15 158.410361  68.706411  5.089
 44     0.307 53762.03936808 19.25 158.406411  68.703381  5.089
 44     4.136 53762.03936873 19.11 158.402461  68.700351  5.089
 44     3.527 53762.03936937 18.40 158.398511  68.697331  5.089
 44     4.129 53762.03937001 17.77 158.394571  68.694301  5.089
 44     4.679 53762.03937066 18.34 158.390621  68.691271  5.089
 44     4.594 53762.03937130 17.87 158.386681  68.688251  5.089
 44     4.844 53762.03937195 17.24 158.382741  68.685221  5.089
 44     5.255 53762.03937259 17.29 158.378791  68.682191  5.089
 44     5.671 53762.03937324 16.90 158.374851  68.679171  5.089
 44     7.012 53762.03937388 16.68 158.370911  68.676141  5.089
 44     8.831 53762.03937453 17.11 158.366971  68.673111  5.089
 45     3.760 53797.03937714 12.35 158.404059  68.723936  3.037
 45     3.024 53797.03937779 12.72 158.400109  68.720906  3.037
 45     2.872 53797.03937843 12.68 158.396163  68.717882  2.656
 45     2.978 53797.03937908 12.70 158.392213  68.714852  2.656
 45     2.498 53797.03937972 12.70 158.388263  68.711822  2.656
 45     1.698 53797.03938036 12.52 158.384313  68.708802  2.656
 45     5.049 53797.03938101 12.23 158.380373  68.705772  2.656
 45     2.374 53797.03938165 12.27 158.376423  68.702742  2.656
 45     5.898 53797.03938230 12.48 158.372483  68.699722  2.656
 45     7.567 53797.03938294 12.28 158.368533  68.696692  2.656
 45     7.494 53797.03938359 12.37 158.364593  68.693662  2.656
 45     7.729 53797.03938423 12.26 158.360653  68.690632  2.656
 45     7.497 53797.03938488 12.09 158.356713  68.687612  2.656
 45     7.596 53797.03938552 12.31 158.352773  68.684582  2.656
 45     8.014 53797.03938617 11.88 158.348833  68.681552  2.656
 45     7.986 53797.03938681 12.11 158.344903  68.678522  2.656
 45     8.200 53797.03938746 12.24 158.340963  68.675502  2.656
 45     8.920 53797.03938810 12.74 158.337023  68.672472  2.656
 45     9.821 53797.03938875 13.19 158.333093  68.669442  2.656
 45    10.346 53797.03938939 13.22 158.329163  68.666412  2.656
 45    10.541 53797.03939004 13.43 158.325223  68.663382  2.656
 45    10.828 53797.03939068 13.28 158.321293  68.660352  2.656
 45    11.276 53797.03939132 13.34 158.317368  68.657325  2.506
 47     0.829 53867.03943673 17.85 158.407764  68.715924 13.295
 47     4.856 53867.03943738 17.37 158.403814  68.712894 13.295
 47     7.241 53867.03943802  8.46 158.399864  68.709874 13.295
 47     7.309 53867.03943867  6.97 158.395914  68.706844 13.295
 47     5.987 53867.03943931  5.78 158.391959  68.703821 16.862
 47     2.608 53867.03943996  7.25 158.388009  68.700791 16.862
 47     2.495 53867.03944060  7.82 158.384069  68.697761 16.862
 47     2.454 53867.03944125 10.86 158.380119  68.694741 16.862
 47     2.244 53867.03944189 16.90 158.376179  68.691711 16.862
 47     0.725 53867.03944254 23.75 158.372229  68.688681 16.862
 47     0.869 53867.03944318 24.39 158.368289  68.685651 16.862
 47     1.501 53867.03944383 19.93 158.364349  68.682631 16.862
 47     1.421 53867.03944447 17.62 158.360409  68.679601 16.862
 47     1.282 53867.03944511 17.89 158.356469  68.676571 16.862
 47     1.399 53867.03944576 20.06 158.352529  68.673551 16.862
 47     1.147 53867.03944640 19.76 158.348589  68.670521 16.862
 47     1.004 53867.03944705 17.68 158.344659  68.667491 16.862
 47     0.721 53867.03944769 15.36 158.340719  68.664461 16.862
 48     7.913 53902.03946613 16.52 158.405401  68.718699  9.501
 48     8.156 53902.03946677 16.47 158.401451  68.715669  9.501
 48     8.539 53902.03946742 17.85 158.397498  68.712647  6.430
 48     8.574 53902.03946806 20.13 158.393548  68.709617  6.430
 48     8.674 53902.03946871 21.33 158.389598  68.706587  6.430
 48     8.722 53902.03946935 18.49 158.385648  68.703567  6.430
 48     7.969 53902.03947000 21.46 158.381708  68.700537  6.430
 48     7.603 53902.03947064 21.81 158.377758  68.697507  6.430
 48     6.713 53902.03947129 24.71 158.373818  68.694477  6.430
 48     7.628 53902.03947193 21.85 158.369868  68.691457  6.430
 48     7.995 53902.03947258 19.49 158.365928  68.688427  6.430
 48     8.119 53902.03947322 18.22 158.361988  68.685397  6.430
 48     7.983 53902.03947386 18.66 158.358048  68.682377  6.430
 48     8.125 53902.03947451 17.89 158.354108  68.679347  6.430
 48     9.074 53902.03947515 17.58 158.350168  68.676317  6.430
 48    10.165 53902.03947580 17.70 158.346228  68.673287  6.430
 48    11.275 53902.03947644 17.16 158.342298  68.670257  6.430
 48    11.955 53902.03947709 18.68 158.338358  68.667237  6.430
 48    12.778 53902.03947773 17.76 158.334428  68.664207  6.430
 48    13.287 53902.03947838 18.03 158.330488  68.661177  6.430
 49     7.939 53937.03950344 16.41 158.403938  68.724672  6.629
 49     8.022 53937.03950408 16.65 158.399978  68.721652  6.629
 49     8.089 53937.03950473 17.26 158.396028  68.718622  6.629
 49     8.192 53937.03950537 18.15 158.392078  68.715592  6.629
 49     8.589 53937.03950602 17.40 158.388128  68.712572  6.629
 49     8.717 53937.03950666 18.65 158.384178  68.709542  6.629
 49     8.722 53937.03950731 18.00 158.380226  68.706516 10.936
 49     8.761 53937.03950795 15.47 158.376276  68.703486 10.936
 49     8.060 53937.03950860 19.36 158.372336  68.700456 10.936
 49     8.327 53937.03950924 17.79 158.368386  68.697436 10.936
 49     8.158 53937.03950989 18.68 158.364446  68.694406 10.936
 49     8.197 53937.03951053 21.81 158.360496  68.691376 10.936
 49     3.312 53937.03951117 27.63 158.356556  68.688356 10.936
 49     7.899 53937.03951182 26.13 158.352616  68.685326 10.936
 49     2.753 53937.03951246 27.85 158.348676  68.682296 10.936
 49     8.020 53937.03951311 24.36 158.344736  68.679266 10.936
 49     8.064 53937.03951375 20.62 158.340796  68.676246 10.936
 49     7.868 53937.03951440 17.59 158.336856  68.673216 10.936
 49     7.735 53937.03951504 14.75 158.332926  68.670186 10.936
 49    11.563 53937.03951569 13.86 158.328986  68.667156 10.936
 49    12.136 53937.03951633 12.35 158.325056  68.664126 10.936
 49    12.769 53937.03951698 11.60 158.321116  68.661106 10.936
 49    12.982 53937.03951762 11.34 158.317186  68.658076 10.936
 50     4.284 53972.03946839 26.68 158.400893  68.725675 10.247
 50     8.496 53972.03947419 23.55 158.365359  68.698434  9.002
 50     8.376 53972.03947484 26.37 158.361419  68.695404  9.002
 50     8.346 53972.03947548 27.14 158.357469  68.692374  9.002
 50     8.655 53972.03947613 26.12 158.353529  68.689344  9.002
 50     8.674 53972.03947677 23.17 158.349589  68.686324  9.002
 50     8.687 53972.03947742 20.64 158.345649  68.683294  9.002
 50     8.655 53972.03947806 20.86 158.341719  68.680264  9.002
 50     8.555 53972.03947871 19.32 158.337779  68.677234  9.002
 50     8.472 53972.03947935 16.31 158.333839  68.674214  9.002
 50     9.919 53972.03948000 15.11 158.329909  68.671184  9.002
 50    10.742 53972.03948064 15.07 158.325969  68.668154  9.002
 50    11.781 53972.03948129 14.87 158.322039  68.665124  9.002
 50    12.241 53972.03948193 15.93 158.318109  68.662094  9.002
 50    12.979 53972.03948257 16.59 158.314179  68.659064  9.002
 50    14.252 53972.03948322 15.75 158.310249  68.656044  9.002
 52     4.541 54042.03948044 12.04 158.410349  68.712432  4.143
 52     4.370 54042.03948109 12.58 158.406399  68.709412  4.143
 52     4.627 54042.03948173 12.45 158.402449  68.706382  4.143
 52     4.790 54042.03948238 13.85 158.398499  68.703352  4.143
 52     5.309 54042.03948302 13.27 158.394559  68.700332  4.143
 52     5.432 54042.03948366 13.25 158.390609  68.697302  4.143
 52     5.756 54042.03948431 12.91 158.386669  68.694272  4.143
 52     5.949 54042.03948495 13.30 158.382719  68.691252  4.143
 52     6.100 54042.03948560 14.54 158.378779  68.688222  4.143
 52     6.550 54042.03948624 13.16 158.374829  68.685192  4.143
 52     6.781 54042.03948689 12.75 158.370889  68.682162  4.143
 52     7.004 54042.03948753 12.76 158.366949  68.679142  4.143
 52     8.999 54042.03948818 11.45 158.363009  68.676112  4.143
 52    10.109 54042.03948882 11.46 158.359069  68.673082  4.143
 52    11.182 54042.03948947 11.55 158.355139  68.670062  4.056
 52    11.781 54042.03949011 12.75 158.351199  68.667032  4.056
 53     3.958 54077.03947322 11.46 158.402438  68.721925  2.835
 53     3.266 54077.03947386 12.08 158.398488  68.718895  2.835
 53     3.560 54077.03947451 12.27 158.394538  68.715865  2.835
 53     3.734 54077.03947515 11.80 158.390588  68.712845  2.835
 53     3.957 54077.03947580 11.96 158.386638  68.709815  2.835
 53     5.217 54077.03947644 11.55 158.382693  68.706787  2.530
 53     6.241 54077.03947708 11.52 158.378743  68.703757  2.530
 53     7.184 54077.03947773 11.43 158.374803  68.700737  2.530
 53     6.231 54077.03947837 11.85 158.370853  68.697707  2.530
 53     7.345 54077.03947902 11.66 158.366913  68.694677  2.530
 53     7.446 54077.03947966 12.77 158.362973  68.691647  2.530
 53     7.494 54077.03948031 11.82 158.359033  68.688627  2.530
 53     7.769 54077.03948095 11.68 158.355093  68.685597  2.530
 53     7.862 54077.03948160 12.13 158.351153  68.682567  2.530
 53     8.400 54077.03948224 12.20 158.347213  68.679537  2.530
 53     8.504 54077.03948289 12.03 158.343273  68.676517  2.530
 53     9.507 54077.03948353 11.91 158.339343  68.673487  2.530
 53    10.317 54077.03948418 12.19 158.335403  68.670457  2.530
 53    11.614 54077.03948482 12.45 158.331473  68.667427  2.530
 53    11.425 54077.03948547 12.30 158.327533  68.664397  2.530
 53    12.361 54077.03948611 12.10 158.323603  68.661377  2.530
 53    12.437 54077.03948675 11.97 158.319673  68.658347  2.530
 54     8.449 54112.03942121  9.47 158.342005  68.686521  2.244
 54     8.460 54112.03942185  9.41 158.338065  68.683491  2.244
 54     8.566 54112.03942250  9.89 158.334125  68.680461  2.244
 54     8.612 54112.03942314  9.82 158.330195  68.677431  2.244
 54     8.717 54112.03942379  9.85 158.326255  68.674411  2.244
 54     8.771 54112.03942443 10.51 158.322325  68.671381  2.244
 54     9.299 54112.03942507 10.73 158.318395  68.668351  2.244
 54     9.223 54112.03942572 10.82 158.314455  68.665321  2.244
 54    10.360 54112.03942636 11.29 158.310525  68.662291  2.244
 54     9.854 54112.03942701 11.33 158.306595  68.659261  2.244
 54    11.346 54112.03942765 10.30 158.302675  68.656231  2.244
 54    10.696 54112.03942830 10.48 158.298745  68.653211  2.244
 54    10.156 54112.03942894 10.60 158.294815  68.650181  2.244
 56     8.605 54182.03940802  9.15 158.350358  68.690283  2.319
 56     8.769 54182.03940867  8.91 158.346428  68.687263  2.319
 56     8.724 54182.03940931  8.48 158.342488  68.684233  2.319
 56     8.658 54182.03940996  9.00 158.338544  68.681206  2.225
 56     8.729 54182.03941060  9.05 158.334614  68.678176  2.225
 56     9.021 54182.03941125  9.01 158.330674  68.675146  2.225
 56     8.983 54182.03941189  9.40 158.326744  68.672116  2.225
 56     9.592 54182.03941254  9.78 158.322804  68.669096  2.225
 56    10.203 54182.03941318  9.96 158.318874  68.666066  2.225
 56    10.748 54182.03941383 10.38 158.314944  68.663036  2.225
 56    11.999 54182.03941447  9.82 158.311014  68.660006  2.225
 56    13.044 54182.03941512  9.56 158.307084  68.656976  2.225
 56    14.035 54182.03941576  9.68 158.303154  68.653946  2.225
 57     3.918 54217.03942466  8.78 158.408485  68.715758  2.826
 57     3.846 54217.03942530  8.61 158.404525  68.712738  2.826
 57     3.833 54217.03942595  8.67 158.400575  68.709708  2.826
 57     4.196 54217.03942659  8.11 158.396625  68.706678  2.826
 57     4.800 54217.03942724  8.33 158.392685  68.703658  2.826
 57     4.959 54217.03942788  7.94 158.388735  68.700628  2.826
 57     5.333 54217.03942853  8.11 158.384785  68.697598  2.826
 57     6.159 54217.03942917  8.41 158.380845  68.694578  2.826
 57     6.648 54217.03942982  8.03 158.376895  68.691548  2.826
 57     6.910 54217.03943046  8.20 158.372955  68.688518  2.826
 57     7.322 54217.03943111  7.98 158.369005  68.685488  2.826
 57     8.172 54217.03943175  7.88 158.365072  68.682463  2.311
 57     7.877 54217.03943240  7.87 158.361122  68.679433  2.311
 57     8.139 54217.03943304  7.98 158.357182  68.676413  2.311
 57    10.545 54217.03943369  8.37 158.353252  68.673383  2.311
 57    11.025 54217.03943433  8.69 158.349312  68.670353  2.311
 57    11.726 54217.03943497  8.21 158.345372  68.667333  2.311
 57    12.813 54217.03943562  8.25 158.341442  68.664303  2.311
 58     8.503 54252.03945004 49.48 158.407063  68.718763 48.723
 58     8.524 54252.03945069 48.74 158.403113  68.715733 48.723
 58     8.537 54252.03945133 50.58 158.399153  68.712713 48.723
 58     8.550 54252.03945198 49.76 158.395203  68.709683 48.723
 58     8.562 54252.03945262 49.93 158.391263  68.706653 48.723
 58     8.576 54252.03945327 49.83 158.387313  68.703633 48.723
 58     8.585 54252.03945391 49.82 158.383363  68.700603 48.723
 58     8.595 54252.03945456 48.59 158.379413  68.697573 48.723
 58     8.612 54252.03945520 49.17 158.375473  68.694553 48.723
 58     8.624 54252.03945585 44.70 158.371533  68.691523 48.723
 58     8.641 54252.03945649 51.07 158.367583  68.688493 48.723
 58     8.653 54252.03945714 51.65 158.363643  68.685463 48.723
 58     8.665 54252.03945778 51.97 158.359706  68.682444 28.545
 58     8.677 54252.03945842 50.28 158.355766  68.679414 28.545
 58     8.688 54252.03945907 48.00 158.351826  68.676384 28.545
 58     8.695 54252.03945971 39.76 158.347886  68.673354 28.545
 58     8.625 54252.03946036 34.51 158.343956  68.670334 28.545
 58     8.574 54252.03946100 32.75 158.340016  68.667304 28.545
 58     8.673 54252.03946165 34.63 158.336076  68.664274 28.545
 58     8.752 54252.03946229 41.80 158.332146  68.661244 28.545
 59     3.898 54287.03945514 51.45 158.405473  68.720159 48.290
 59     3.907 54287.03945578 51.12 158.401513  68.717129 48.290
 59     3.908 54287.03945643 51.41 158.397573  68.714099 48.290
 59     3.910 54287.03945707 49.97 158.393623  68.711079 48.290
 59     3.912 54287.03945772 51.79 158.389673  68.708049 48.290
 59     3.913 54287.03945836 49.64 158.385723  68.705019 48.290
 59     3.915 54287.03945900 51.77 158.381773  68.701999 48.290
 59     3.918 54287.03945965 51.09 158.377833  68.698969 48.290
 59     3.919 54287.03946029 50.85 158.373883  68.695939 48.290
 59     3.919 54287.03946094 51.59 158.369943  68.692919 48.290
 59     3.922 54287.03946158 51.29 158.366003  68.689889 48.290
 59     3.923 54287.03946223 52.73 158.362063  68.686859 48.290
 59     3.922 54287.03946287 53.60 158.358123  68.683829 48.290
 59     3.932 54287.03946352 53.48 158.354177  68.680808 40.531
 59     3.936 54287.03946416 50.61 158.350237  68.677778 40.531
 59     3.939 54287.03946481 51.59 158.346307  68.674748 40.531
 59     3.940 54287.03946545 52.18 158.342367  68.671718 40.531
 59     3.940 54287.03946610 51.55 158.338437  68.668698 40.531
 59     3.941 54287.03946674 50.82 158.334497  68.665668 40.531
 59     3.946 54287.03946739 52.34 158.330567  68.662638 40.531
 59     3.949 54287.03946803 52.28 158.326637  68.659608 40.531
 60     3.892 54322.03945222 24.10 158.407648  68.720223 13.319
 60     3.765 54322.03945286 21.93 158.403698  68.717193 13.319
 60     3.608 54322.03945351 21.49 158.399748  68.714163 13.319
 60     3.045 54322.03945415 20.80 158.395798  68.711143 13.319
 60     8.265 54322.03945480 17.13 158.391848  68.708113 13.319
 60     8.310 54322.03945544 16.47 158.387898  68.705083 13.319
 60     2.476 54322.03945609 26.59 158.383948  68.702063 13.319
 60     7.805 54322.03945673 18.03 158.380008  68.699033 13.319
 60     7.561 54322.03945738 20.79 158.376058  68.696003 13.319
 60     5.593 54322.03945802 25.31 158.372118  68.692973 13.319
 60     2.602 54322.03945867 27.14 158.368168  68.689953 13.319
 60     2.664 54322.03945931 25.36 158.364228  68.686923 13.319
 60     2.537 54322.03945996 28.13 158.360288  68.683893 13.319
 60     2.612 54322.03946060 32.09 158.356355  68.680873 17.475
 60     2.486 54322.03946125 29.28 158.352415  68.677843 17.475
 60     2.377 54322.03946189 25.18 158.348475  68.674813 17.475
 60     8.460 54322.03946254 17.27 158.344535  68.671783 17.475
 60    10.792 54322.03946318 16.14 158.340605  68.668763 17.475
 60    11.757 54322.03946382 15.47 158.336665  68.665733 17.475
 60     7.986 54322.03946447 20.03 158.332735  68.662703 17.475
 61     8.084 54357.03941700 28.94 158.360268  68.696097 12.345
 61     8.274 54357.03941765 29.47 158.356318  68.693067 12.345
 61     8.592 54357.03941829 25.81 158.352378  68.690037 12.345
 61     8.646 54357.03941894 26.93 158.348438  68.687017 12.345
 61     8.613 54357.03941958 24.65 158.344508  68.683987 12.345
 61     8.650 54357.03942023 23.78 158.340561  68.680959 16.074
 61     8.458 54357.03942087 23.76 158.336631  68.677929 16.074
 61     8.387 54357.03942152 19.44 158.332691  68.674899 16.074
 61     8.413 54357.03942216 16.78 158.328761  68.671879 16.074
 61     9.210 54357.03942281 16.48 158.324821  68.668849 16.074
 61    11.031 54357.03942345 16.10 158.320891  68.665819 16.074
 61    12.305 54357.03942410 15.68 158.316961  68.662789 16.074
 61    12.992 54357.03942474 15.49 158.313031  68.659759 16.074
 61    13.349 54357.03942539 18.91 158.309101  68.656729 16.074
 61    13.916 54357.03942603 21.27 158.305171  68.653699 16.074
 62     1.164 54392.03939304 35.65 158.407489  68.718787 27.125
 62     1.257 54392.03939368 37.20 158.403529  68.715767 27.125
 62     1.288 54392.03939433 35.65 158.399579  68.712737 27.125
 62     1.182 54392.03939497 37.15 158.395629  68.709707 27.125
 62     1.168 54392.03939561 38.34 158.391689  68.706687 27.125
 62     1.256 54392.03939626 38.89 158.387739  68.703657 27.125
 62     1.203 54392.03939690 36.68 158.383789  68.700627 27.125
 62     1.106 54392.03939755 31.84 158.379849  68.697607 27.125
 62     1.323 54392.03939819 32.89 158.375899  68.694577 27.125
 62     1.280 54392.03939884 35.53 158.371959  68.691547 27.125
 62     1.241 54392.03939948 31.04 158.368019  68.688517 27.125
 62     1.068 54392.03940013 30.67 158.364069  68.685497 27.125
 62     1.089 54392.03940077 29.35 158.360129  68.682467 27.125
 62     1.311 54392.03940142 31.30 158.356189  68.679437 27.125
 62     1.340 54392.03940206 34.19 158.352249  68.676416 13.897
 62     1.375 54392.03940271 37.65 158.348319  68.673386 13.897
 62     1.373 54392.03940335 43.09 158.344379  68.670356 13.897
 62     1.519 54392.03940400 41.46 158.340449  68.667326 13.897
 62     1.244 54392.03940464 44.34 158.336509  68.664296 13.897
 62     1.232 54392.03940528 37.32 158.332579  68.661276 13.897
 63     6.550 54427.03936109 17.43 158.405556  68.723538  2.857
 63     5.049 54427.03936173 18.02 158.401606  68.720508  2.857
 63     5.215 54427.03936238 17.67 158.397656  68.717478  2.857
 63     5.986 54427.03936302 18.25 158.393706  68.714458  2.857
 63     6.827 54427.03936367 17.15 158.389756  68.711428  2.857
 63     7.220 54427.03936431 16.95 158.385806  68.708398  2.857
 63     7.462 54427.03936495 17.11 158.381866  68.705378  2.857
 63     7.725 54427.03936560 16.61 158.377916  68.702348  2.857
 63     7.924 54427.03936624 16.82 158.373976  68.699318  2.857
 63     8.001 54427.03936689 16.90 158.370026  68.696298  2.857
 63     8.090 54427.03936753 17.10 158.366086  68.693268  2.857
 63     8.192 54427.03936818 17.31 158.362146  68.690238  2.857
 63     8.240 54427.03936882 16.42 158.358206  68.687208  2.857
 63     8.096 54427.03936947 16.27 158.354266  68.684188  2.857
 63     8.025 54427.03937011 16.39 158.350326  68.681158  2.857
 63     8.056 54427.03937076 16.66 158.346386  68.678128  2.857
 63     9.057 54427.03937140 16.52 158.342450  68.675103  2.714
 63    10.231 54427.03937205 16.07 158.338510  68.672073  2.714
 63    10.895 54427.03937269 15.89 158.334580  68.669043  2.714
 63    11.670 54427.03937334 16.21 158.330650  68.666013  2.714
 63    11.915 54427.03937398 15.82 158.326710  68.662993  2.714
 63    12.398 54427.03937462 15.90 158.322780  68.659963  2.714
 64     4.364 54462.03937088 12.79 158.411125  68.716097  2.562
 64     4.526 54462.03937153 12.93 158.407175  68.713067  2.562
 64     4.907 54462.03937217 12.38 158.403225  68.710037  2.562
 64     5.086 54462.03937282 12.58 158.399275  68.707017  2.562
 64     5.532 54462.03937346 12.24 158.395325  68.703987  2.562
 64     6.194 54462.03937411 12.54 158.391375  68.700957  2.562
 64     6.517 54462.03937475 12.07 158.387425  68.697937  2.562
 64     6.560 54462.03937540 12.09 158.383485  68.694907  2.562
 64     6.773 54462.03937604 12.25 158.379535  68.691877  2.562
 64     7.001 54462.03937668 12.44 158.375595  68.688857  2.562
 64     7.164 54462.03937733 12.14 158.371655  68.685827  2.562
 64     7.213 54462.03937797 12.29 158.367705  68.682797  2.562
 64     7.564 54462.03937862 12.04 158.363765  68.679767  2.562
 64     8.179 54462.03937926 12.14 158.359832  68.676740  2.406
 64    10.453 54462.03937991 12.09 158.355892  68.673720  2.406
 64    10.032 54462.03938055 11.94 158.351952  68.670690  2.406
 64    11.604 54462.03938120 12.38 158.348012  68.667660  2.406
 64    12.508 54462.03938184 12.27 158.344082  68.664630  2.406
 65     6.157 54497.03936927 11.73 158.403055  68.721490  2.554
 65     5.988 54497.03936992 11.50 158.399112  68.718469  2.427
 65     6.185 54497.03937056 11.94 158.395162  68.715439  2.427
 65     6.402 54497.03937121 11.89 158.391212  68.712409  2.427
 65     6.798 54497.03937185 11.62 158.387262  68.709389  2.427
 65     6.897 54497.03937250 11.40 158.383312  68.706359  2.427
 65     7.602 54497.03937314 11.26 158.379372  68.703329  2.427
 65     7.674 54497.03937379 11.46 158.375422  68.700309  2.427
 65     7.785 54497.03937443 11.58 158.371482  68.697279  2.427
 65     7.974 54497.03937508 11.28 158.367532  68.694249  2.427
 65     8.032 54497.03937572 11.42 158.363592  68.691219  2.427
 65     8.107 54497.03937637 11.76 158.359652  68.688199  2.427
 65     8.214 54497.03937701 11.34 158.355712  68.685169  2.427
 65     8.176 54497.03937765 11.79 158.351772  68.682139  2.427
 65     8.194 54497.03937830 11.95 158.347832  68.679109  2.427
 65     8.273 54497.03937894 12.36 158.343902  68.676089  2.427
 65     9.095 54497.03937959 12.54 158.339962  68.673059  2.427
 65     9.490 54497.03938023 12.29 158.336032  68.670029  2.427
 65    10.321 54497.03938088 11.65 158.332092  68.666999  2.427
 65    10.704 54497.03938152 11.87 158.328162  68.663979  2.427
 65    11.435 54497.03938217 11.92 158.324222  68.660949  2.427
 65    12.264 54497.03938281 11.91 158.320301  68.657915  2.289
 66     4.900 54532.03938423 11.38 158.408017  68.715632  2.285
 66     5.080 54532.03938487 11.06 158.404067  68.712612  2.285
 66     5.433 54532.03938552 11.04 158.400117  68.709582  2.285
 66     5.471 54532.03938616 10.95 158.396167  68.706552  2.285
 66     6.190 54532.03938681 10.64 158.392227  68.703532  2.285
 66     6.448 54532.03938745 10.96 158.388277  68.700502  2.285
 66     6.731 54532.03938810 10.96 158.384327  68.697472  2.285
 66     6.993 54532.03938874 10.43 158.380387  68.694452  2.285
 66     7.080 54532.03938939 11.04 158.376437  68.691422  2.285
 66     7.194 54532.03939003 10.89 158.372497  68.688392  2.285
 66     7.306 54532.03939068 10.76 158.368557  68.685372  2.285
 66     7.624 54532.03939132 10.52 158.364617  68.682342  2.285
 66     7.798 54532.03939197 10.68 158.360677  68.679312  2.285
 66     9.749 54532.03939261 10.79 158.356737  68.676282  2.285
 66    10.272 54532.03939325 10.64 158.352797  68.673252  2.285
 66    10.822 54532.03939390 10.88 158.348857  68.670232  2.285
 66    11.408 54532.03939454 10.68 158.344927  68.667202  2.285
 66    12.459 54532.03939519 10.92 158.340988  68.664176  2.279
 67     8.559 54567.03937996 11.91 158.360633  68.696312  2.137
 67     8.556 54567.03938061 11.94 158.356693  68.693292  2.137
 67     8.708 54567.03938125 11.96 158.352753  68.690262  2.137
 67     8.645 54567.03938190 11.83 158.348813  68.687232  2.137
 67     8.558 54567.03938254 11.73 158.344873  68.684202  2.137
 67     8.550 54567.03938318 11.79 158.340933  68.681172  2.137
 67     8.657 54567.03938383 12.14 158.337003  68.678152  2.137
 67     8.792 54567.03938447 11.61 158.333063  68.675122  2.137
 67     8.782 54567.03938512 12.26 158.329133  68.672092  2.137
 67     9.657 54567.03938576 12.16 158.325193  68.669062  2.137
 67     9.834 54567.03938641 12.48 158.321263  68.666032  2.137
 67    10.797 54567.03938705 12.75 158.317332  68.663004  2.127
 67    11.722 54567.03938770 12.79 158.313402  68.659984  2.127
 67    12.755 54567.03938834 12.32 158.309472  68.656954  2.127
 67    13.643 54567.03938899 11.94 158.305542  68.653924  2.127
 68     0.633 54602.03937912 28.52 158.406954  68.717763 13.975
 68     0.745 54602.03937977 24.18 158.403004  68.714733 13.975
 68     0.683 54602.03938041 23.04 158.399054  68.711703 13.975
 68     0.588 54602.03938106 23.27 158.395104  68.708683 13.975
 68     0.613 54602.03938170 21.27 158.391154  68.705653 13.975
 68     0.822 54602.03938235 23.56 158.387202  68.702626 27.118
 68     0.798 54602.03938299 25.82 158.383252  68.699596 27.118
 68     0.646 54602.03938364 21.70 158.379312  68.696566 27.118
 68     0.558 54602.03938428 20.86 158.375362  68.693546 27.118
 68     0.822 54602.03938492 25.02 158.371422  68.690516 27.118
 68     0.700 54602.03938557 24.98 158.367482  68.687486 27.118
 68     0.691 54602.03938621 24.02 158.363542  68.684466 27.118
 68     0.869 54602.03938686 28.30 158.359602  68.681436 27.118
 68     0.844 54602.03938750 27.35 158.355662  68.678406 27.118
 68     0.826 54602.03938815 29.01 158.351722  68.675376 27.118
 68     0.697 54602.03938879 29.02 158.347782  68.672356 27.118
 68     0.765 54602.03938944 27.68 158.343842  68.669326 27.118
 68     0.818 54602.03939008 28.50 158.339912  68.666296 27.118
 68     0.752 54602.03939073 37.53 158.335972  68.663266 27.118
 69     7.314 54637.03939005 22.08 158.406571  68.721701  7.014
 69     7.601 54637.03939069 21.09 158.402621  68.718671  7.014
 69     7.707 54637.03939134 19.50 158.398671  68.715641  7.014
 69     7.471 54637.03939198 22.20 158.394721  68.712621  7.014
 69     7.932 54637.03939262 22.43 158.390771  68.709591  7.014
 69     8.195 54637.03939327 22.71 158.386821  68.706561  7.014
 69     5.464 54637.03939391 23.93 158.382871  68.703541  7.014
 69     5.655 54637.03939456 24.89 158.378931  68.700511  7.014
 69     7.453 54637.03939520 24.46 158.374981  68.697481  7.014
 69     7.887 54637.03939585 22.68 158.371041  68.694461  7.014
 69     8.010 54637.03939649 20.07 158.367101  68.691431  7.014
 69     8.198 54637.03939714 19.81 158.363151  68.688401  7.014
 69     8.211 54637.03939778 19.70 158.359211  68.685371  7.014
 69     8.104 54637.03939843 18.23 158.355271  68.682351  7.014
 69     8.132 54637.03939907 18.83 158.351331  68.679321  7.014
 69     8.154 54637.03939972 19.23 158.347401  68.676291  7.014
 69     9.265 54637.03940036 18.28 158.343461  68.673261  7.014
 69    10.589 54637.03940101 17.52 158.339521  68.670241  7.014
 69    11.679 54637.03940165 17.06 158.335591  68.667211  7.014
 69    11.904 54637.03940229 18.25 158.331650  68.664183 17.333
 69    12.899 54637.03940294 18.37 158.327720  68.661153 17.333
 70     2.918 54672.03939364 30.24 158.403916  68.721211 17.832
 70     2.714 54672.03939429 27.65 158.399966  68.718181 17.832
 70     2.561 54672.03939493 28.20 158.396016  68.715151 17.832
 70     2.594 54672.03939558 26.98 158.392056  68.712131 17.832
 70     2.479 54672.03939622 26.06 158.388116  68.709101 17.832
 70     2.538 54672.03939686 24.51 158.384166  68.706071 17.832
 70     2.739 54672.03939751 24.12 158.380216  68.703051 17.832
 70     5.538 54672.03939815 23.29 158.376276  68.700021 17.832
 70     2.969 54672.03939880 29.56 158.372326  68.696991 17.832
 70     2.911 54672.03939944 30.88 158.368386  68.693971 17.832
 70     2.957 54672.03940009 35.25 158.364446  68.690941 17.832
 70     3.375 54672.03940073 33.51 158.360496  68.687911 17.832
 70     2.949 54672.03940138 38.73 158.356556  68.684881 17.832
 70     3.013 54672.03940202 42.30 158.352616  68.681861 17.832
 70     2.977 54672.03940267 37.12 158.348686  68.678831 17.832
 70     2.728 54672.03940331 27.54 158.344746  68.675801 17.832
 70     7.303 54672.03940396 21.28 158.340806  68.672771 17.832
 70     2.699 54672.03940460 19.86 158.336876  68.669751 17.832
 70     8.118 54672.03940525 17.65 158.332936  68.666721 17.832
 70     7.614 54672.03940589 17.97 158.329004  68.663690 17.046
 70     3.083 54672.03940653 23.78 158.325074  68.660660 17.046
 71     4.495 54707.03935291 17.46 158.403908  68.724224  6.842
 71     3.545 54707.03935355 20.43 158.399955  68.721201 16.262
 71     2.271 54707.03935419 23.97 158.396005  68.718171 16.262
 71     3.510 54707.03935484 20.30 158.392055  68.715141 16.262
 71     4.575 54707.03935548 17.51 158.388105  68.712121 16.262
 71     8.087 54707.03935613 16.44 158.384155  68.709091 16.262
 71     5.973 54707.03935677 17.24 158.380215  68.706061 16.262
 71     7.408 54707.03935742 18.25 158.376265  68.703041 16.262
 71     7.421 54707.03935806 20.76 158.372325  68.700011 16.262
 71     7.994 54707.03935871 20.04 158.368375  68.696981 16.262
 71     8.129 54707.03935935 20.23 158.364435  68.693951 16.262
 71     8.221 54707.03936000 22.11 158.360495  68.690931 16.262
 71     1.821 54707.03936064 26.53 158.356555  68.687901 16.262
 71     1.961 54707.03936129 31.82 158.352615  68.684871 16.262
 71     1.975 54707.03936193 37.12 158.348675  68.681841 16.262
 71     1.927 54707.03936258 36.86 158.344735  68.678811 16.262
 71     1.882 54707.03936322 33.92 158.340805  68.675791 16.262
 71     1.799 54707.03936386 30.78 158.336865  68.672761 16.262
 71     1.776 54707.03936451 26.72 158.332935  68.669731 16.262
 71     1.855 54707.03936515 22.74 158.328995  68.666701 16.262
 71     2.325 54707.03936580 16.89 158.325065  68.663671 16.262
 71     2.557 54707.03936644 15.84 158.321133  68.660645 16.803
 71    12.525 54707.03936709 14.11 158.317203  68.657615 16.803
 72     4.332 54742.03935889 17.82 158.409212  68.717797 10.508
 72     3.886 54742.03935953 17.39 158.405262  68.714767 10.508
 72     2.935 54742.03936018 27.05 158.401312  68.711747 10.508
 72     2.913 54742.03936082 29.35 158.397362  68.708717 10.508
 72     4.407 54742.03936147 19.06 158.393412  68.705687 10.508
 72     5.170 54742.03936211 15.27 158.389462  68.702667 10.508
 72     3.068 54742.03936276 30.24 158.385522  68.699637 10.508
 72     5.097 54742.03936340 22.71 158.381572  68.696607 10.508
 72     6.276 54742.03936405 19.36 158.377632  68.693587 10.508
 72     6.750 54742.03936469 19.05 158.373682  68.690557 10.508
 72     6.834 54742.03936534 19.10 158.369742  68.687527 10.508
 72     7.004 54742.03936598 18.47 158.365802  68.684507 10.508
 72     7.058 54742.03936662 21.09 158.361862  68.681477 10.508
 72     7.057 54742.03936727 23.98 158.357922  68.678447 10.508
 72     7.995 54742.03936791 18.85 158.353982  68.675417 10.508
 72     8.606 54742.03936856 16.47 158.350042  68.672397 10.508
 72     9.092 54742.03936920 16.83 158.346112  68.669367 10.508
 72    10.000 54742.03936985 17.27 158.342172  68.666337 10.508
 72    11.430 54742.03937049 16.16 158.338238  68.663312 12.853
 73     0.720 54777.03933490 27.84 158.403088  68.720835 14.216
 73     0.578 54777.03933555 27.53 158.399138  68.717805 14.216
 73     0.719 54777.03933619 27.09 158.395188  68.714775 14.216
 73     0.767 54777.03933683 26.75 158.391238  68.711755 14.216
 73     0.782 54777.03933748 26.96 158.387288  68.708725 14.216
 73     0.713 54777.03933812 28.72 158.383348  68.705695 14.216
 73     0.773 54777.03933877 27.80 158.379398  68.702675 14.216
 73     0.733 54777.03933941 28.57 158.375458  68.699645 14.216
 73     0.815 54777.03934006 27.65 158.371508  68.696615 14.216
 73     0.781 54777.03934070 28.15 158.367568  68.693595 14.216
 73     0.640 54777.03934135 28.87 158.363628  68.690565 14.216
 73     0.682 54777.03934199 27.53 158.359688  68.687535 14.216
 73     0.577 54777.03934264 27.32 158.355748  68.684505 14.216
 73     0.634 54777.03934328 27.62 158.351808  68.681485 14.216
 73     0.649 54777.03934393 27.23 158.347868  68.678455 14.216
 73     0.675 54777.03934457 28.44 158.343928  68.675425 14.216
 73     0.750 54777.03934522 29.65 158.339998  68.672395 14.216
 73     0.791 54777.03934586 31.00 158.336058  68.669375 14.216
 73     0.705 54777.03934651 30.40 158.332128  68.666345 14.216
 73     0.714 54777.03934715 32.11 158.328191  68.663314  7.835
 73     0.733 54777.03934779 30.00 158.324261  68.660284  7.835
 74     3.682 54812.03935271 19.79 158.412353  68.715313  3.800
 74     2.954 54812.03935336 19.60 158.408403  68.712283  3.800
 74     2.739 54812.03935400 20.23 158.404453  68.709263  3.800
 74     3.437 54812.03935464 18.74 158.400503  68.706233  3.800
 74     3.920 54812.03935529 19.15 158.396553  68.703203  3.800
 74     4.349 54812.03935593 19.30 158.392603  68.700183  3.800
 74     4.663 54812.03935658 19.13 158.388663  68.697153  3.800
 74     5.156 54812.03935722 18.35 158.384713  68.694123  3.800
 74     5.512 54812.03935787 19.33 158.380773  68.691103  3.800
 74     6.039 54812.03935851 18.50 158.376823  68.688073  3.800
 74     6.070 54812.03935916 18.16 158.372883  68.685043  3.800
 74     6.680 54812.03935980 17.91 158.368943  68.682023  3.800
 74     6.837 54812.03936045 18.57 158.365003  68.678993  3.800
 74     8.300 54812.03936109 18.49 158.361063  68.675963  3.800
 74     9.233 54812.03936174 18.20 158.357123  68.672933  3.800
 74    11.769 54812.03936238 18.13 158.353183  68.669913  3.800
 74    11.902 54812.03936303 18.16 158.349243  68.666883  3.800
 75     3.228 54847.03933479 14.53 158.402261  68.722888  2.915
 75     2.052 54847.03933544 15.01 158.398311  68.719858  2.915
 75     1.920 54847.03933608 14.65 158.394361  68.716828  2.915
 75     1.288 54847.03933673 15.10 158.390411  68.713808  2.915
 75     2.058 54847.03933737 14.85 158.386461  68.710778  2.915
 75     1.653 54847.03933802 14.19 158.382511  68.707748  2.915
 75     1.860 54847.03933866 13.97 158.378561  68.704728  2.915
 75     5.777 54847.03933931 13.82 158.374621  68.701698  2.915
 75     6.494 54847.03933995 13.96 158.370681  68.698668  2.915
 75     6.426 54847.03934060 15.04 158.366731  68.695638  2.915
 75     6.371 54847.03934124 14.67 158.362791  68.692618  2.915
 75     6.732 54847.03934189 14.46 158.358851  68.689588  2.915
 75     7.580 54847.03934253 13.93 158.354911  68.686558  2.915
 75     7.640 54847.03934317 14.33 158.350971  68.683528  2.915
 75     7.862 54847.03934382 14.26 158.347031  68.680508  2.915
 75     8.069 54847.03934446 14.03 158.343091  68.677478  2.915
 75     8.793 54847.03934511 14.15 158.339161  68.674448  2.915
 75     9.563 54847.03934575 14.20 158.335221  68.671418  2.915
 75     9.917 54847.03934640 14.47 158.331291  68.668398  2.915
 75    10.416 54847.03934704 14.71 158.327351  68.665368  2.915
 75    10.549 54847.03934769 14.82 158.323424  68.662335  2.635
 75    11.232 54847.03934833 14.64 158.319494  68.659305  2.635
 76     3.485 54882.03935601 13.53 158.406422  68.716562  2.930
 76     2.669 54882.03935665 13.26 158.402472  68.713542  2.930
 76     2.538 54882.03935730 13.03 158.398522  68.710512  2.930
 76     2.760 54882.03935794 12.87 158.394572  68.707482  2.930
 76     3.127 54882.03935859 12.62 158.390632  68.704462  2.930
 76     3.546 54882.03935923 12.53 158.386682  68.701432  2.930
 76     4.820 54882.03935988 12.33 158.382732  68.698402  2.930
 76     5.225 54882.03936052 11.95 158.378792  68.695382  2.930
 76     4.821 54882.03936117 12.76 158.374842  68.692352  2.930
 76     5.888 54882.03936181 12.58 158.370902  68.689322  2.930
 76     6.675 54882.03936245 12.95 158.366962  68.686302  2.930
 76     7.428 54882.03936310 12.06 158.363022  68.683272  2.930
 76     8.097 54882.03936374 12.02 158.359082  68.680242  2.930
 76     7.646 54882.03936439 12.33 158.355142  68.677212  2.930
 76     9.968 54882.03936503 12.07 158.351202  68.674192  2.930
 76     9.049 54882.03936568 13.03 158.347262  68.671162  2.930
 76    10.908 54882.03936632 13.04 158.343332  68.668132  2.930
 76    11.948 54882.03936697 12.49 158.339388  68.665108  2.447
 76    11.611 54882.03936761 13.86 158.335458  68.662078  2.447
 77     8.113 54917.03934462 11.29 158.353353  68.692391  2.529
 77     8.215 54917.03934526 11.19 158.349413  68.689361  2.529
 77     8.419 54917.03934591 10.93 158.345473  68.686331  2.529
 77     8.267 54917.03934655 11.03 158.341533  68.683311  2.529
 77     8.276 54917.03934720 11.21 158.337593  68.680281  2.529
 77     8.399 54917.03934784 11.26 158.333663  68.677251  2.529
 77     8.173 54917.03934849 11.39 158.329723  68.674221  2.529
 77     8.500 54917.03934913 12.07 158.325793  68.671191  2.529
 77     8.943 54917.03934977 12.38 158.321853  68.668171  2.529
 77     9.225 54917.03935042 12.76 158.317928  68.665136  2.261
 77     9.701 54917.03935106 12.84 158.313988  68.662106  2.261
 77     9.557 54917.03935171 12.74 158.310058  68.659086  2.261
 77     9.732 54917.03935235 12.48 158.306128  68.656056  2.261
 77     7.520 54917.03935300 12.42 158.302208  68.653026  2.261
 78     2.735 54952.03934915 13.31 158.407754  68.718477  2.916
 78     3.672 54952.03934979 12.75 158.403804  68.715447  2.916
 78     2.743 54952.03935044 12.88 158.399854  68.712427  2.916
 78     2.722 54952.03935108 12.55 158.395904  68.709397  2.916
 78     3.730 54952.03935173 12.31 158.391954  68.706367  2.916
 78     4.146 54952.03935237 12.49 158.388004  68.703337  2.916
 78     6.193 54952.03935301 12.51 158.384054  68.700317  2.916
 78     6.200 54952.03935366 11.83 158.380115  68.697287  2.499
 78     6.689 54952.03935430 11.76 158.376165  68.694257  2.499
 78     6.817 54952.03935495 12.11 158.372225  68.691237  2.499
 78     7.249 54952.03935559 12.29 158.368275  68.688207  2.499
 78     7.147 54952.03935624 12.64 158.364335  68.685177  2.499
 78     7.499 54952.03935688 12.41 158.360395  68.682147  2.499
 78     8.245 54952.03935753 11.98 158.356455  68.679127  2.499
 78     9.516 54952.03935817 12.40 158.352515  68.676097  2.499
 78     9.949 54952.03935882 12.18 158.348585  68.673067  2.499
 78    10.869 54952.03935946 12.03 158.344645  68.670037  2.499
 78    11.773 54952.03936011 12.36 158.340705  68.667017  2.499
 78    12.377 54952.03936075 12.53 158.336775  68.663987  2.499
 78    12.299 54952.03936140 12.49 158.332835  68.660957  2.499
 79     7.673 54987.03937367 17.94 158.405716  68.718728  6.292
 79     7.725 54987.03937432 17.20 158.401766  68.715698  6.292
 79     7.987 54987.03937496 18.26 158.397816  68.712678  6.292
 79     8.213 54987.03937560 17.97 158.393866  68.709648  6.292
 79     8.416 54987.03937625 17.37 158.389916  68.706618  6.292
 79     8.306 54987.03937689 18.33 158.385966  68.703598  6.292
 79     7.428 54987.03937754 20.07 158.382026  68.700568  6.292
 79     7.482 54987.03937818 21.88 158.378076  68.697538  6.292
 79     7.461 54987.03937883 22.02 158.374136  68.694518  6.292
 79     7.792 54987.03937947 20.72 158.370186  68.691488  6.292
 79     7.899 54987.03938012 19.00 158.366246  68.688458  6.292
 79     7.982 54987.03938076 19.20 158.362306  68.685438  6.292
 79     7.989 54987.03938141 18.28 158.358366  68.682408  6.292
 79     8.021 54987.03938205 18.15 158.354426  68.679378  6.292
 79     7.974 54987.03938270 19.04 158.350486  68.676348  6.292
 79     8.292 54987.03938334 17.59 158.346546  68.673318  6.292
 79    11.076 54987.03938399 16.19 158.342616  68.670298  6.292
 79    11.929 54987.03938463 16.72 158.338676  68.667268  6.292
 79    12.785 54987.03938528 14.88 158.334741  68.664241 21.344
 79    13.204 54987.03938592 16.33 158.330811  68.661211 21.344
 80     3.677 55022.03936576 17.89 158.406960  68.721701 12.454
 80     3.510 55022.03936640 18.06 158.403010  68.718671 12.454
 80     2.665 55022.03936705 21.34 158.399060  68.715641 12.454
 80     2.994 55022.03936769 16.74 158.395110  68.712621 12.454
 80     2.993 55022.03936834 15.97 158.391160  68.709591 12.454
 80     7.749 55022.03936898 15.06 158.387210  68.706561 12.454
 80     6.414 55022.03936962 15.04 158.383260  68.703541 12.454
 80     5.631 55022.03937027 17.10 158.379320  68.700511 12.454
 80     2.961 55022.03937091 19.27 158.375370  68.697481 12.454
 80     2.629 55022.03937156 26.20 158.371430  68.694461 12.454
 80     2.602 55022.03937220 27.57 158.367490  68.691431 12.454
 80     3.630 55022.03937285 22.51 158.363540  68.688401 12.454
 80     2.448 55022.03937349 23.64 158.359600  68.685371 12.454
 80     2.664 55022.03937414 26.26 158.355660  68.682351 12.454
 80     2.667 55022.03937478 27.11 158.351720  68.679321 12.454
 80     7.224 55022.03937543 22.02 158.347790  68.676291 12.454
 80     7.489 55022.03937607 19.20 158.343850  68.673261 12.454
 80     8.055 55022.03937672 14.46 158.339910  68.670241 12.454
 80     8.146 55022.03937736 14.12 158.335980  68.667211 12.454
 80     7.822 55022.03937801 15.25 158.332047  68.664181 13.717
 80    12.831 55022.03937865 12.78 158.328117  68.661151 13.717
 81     3.556 55057.03936244 16.53 158.403164  68.719838 19.893
 81     1.583 55057.03936308 21.32 158.399214  68.716808 19.893
 81     2.325 55057.03936373 19.47 158.395264  68.713788 19.893
 81     2.571 55057.03936437 17.08 158.391314  68.710758 19.893
 81     3.351 55057.03936502 16.16 158.387364  68.707728 19.893
 81     1.692 55057.03936566 20.04 158.383424  68.704698 19.893
 81     1.722 55057.03936631 24.08 158.379474  68.701678 19.893
 81     1.503 55057.03936695 27.80 158.375534  68.698648 19.893
 81     1.581 55057.03936760 35.63 158.371584  68.695618 19.893
 81     1.607 55057.03936824 32.06 158.367644  68.692598 19.893
 81     1.522 55057.03936889 24.56 158.363704  68.689568 19.893
 81     1.470 55057.03936953 23.00 158.359764  68.686538 19.893
 81     1.896 55057.03937018 28.66 158.355824  68.683508 19.893
 81     1.628 55057.03937082 33.09 158.351884  68.680488 19.893
 81     1.756 55057.03937147 34.25 158.347944  68.677458 19.893
 81     1.617 55057.03937211 34.31 158.344004  68.674428 19.893
 81     1.559 55057.03937276 27.35 158.340074  68.671398 19.893
 81     1.444 55057.03937340 23.17 158.336134  68.668378 19.893
 81     1.515 55057.03937404 20.13 158.332204  68.665348 19.893
 81     7.121 55057.03937469 17.08 158.328262  68.662315 14.276
 81     6.561 55057.03937533 17.72 158.324332  68.659285 14.276
 82     4.596 55092.03931781 53.13 158.402081  68.727514 51.221
 82     4.558 55092.03932426 50.00 158.362599  68.697240 41.195
 82     4.585 55092.03932490 50.17 158.358659  68.694210 41.195
 82     4.596 55092.03932554 50.70 158.354719  68.691190 41.195
 82     4.622 55092.03932619 50.85 158.350779  68.688160 41.195
 82     4.665 55092.03932683 50.75 158.346839  68.685130 41.195
 82     4.687 55092.03932748 50.08 158.342899  68.682100 41.195
 82     4.725 55092.03932812 51.00 158.338969  68.679070 41.195
 82     4.721 55092.03932877 50.48 158.335029  68.676050 41.195
 82     4.711 55092.03932941 49.44 158.331089  68.673020 41.195
 82     4.669 55092.03933006 48.10 158.327159  68.669990 41.195
 82     4.551 55092.03933070 45.85 158.323229  68.666960 41.195
 82     4.538 55092.03933135 45.25 158.319299  68.663930 41.195
 82     4.570 55092.03933199 45.09 158.315368  68.660903 13.236
 82     4.649 55092.03933264 43.93 158.311438  68.657883 13.236
 82     4.821 55092.03933328 47.41 158.307508  68.654853 13.236
 83     0.488 55127.03930269 31.32 158.405830  68.716970 19.761
 83     0.653 55127.03930334 30.59 158.401880  68.713950 19.761
 83     1.970 55127.03930398 29.12 158.397930  68.710920 19.761
 83     1.058 55127.03930463 29.29 158.393980  68.707890 19.761
 83     0.592 55127.03930527 29.61 158.390030  68.704870 19.761
 83     0.545 55127.03930592 31.52 158.386090  68.701840 19.761
 83     0.319 55127.03930656 32.88 158.382140  68.698810 19.761
 83     0.643 55127.03930721 33.55 158.378200  68.695790 19.761
 83     0.609 55127.03930785 46.74 158.374250  68.692760 19.761
 83     0.405 55127.03930850 37.96 158.370310  68.689730 19.761
 83     0.122 55127.03930914 35.26 158.366370  68.686710 19.761
 83     0.206 55127.03930978 35.93 158.362430  68.683680 19.761
 83     0.303 55127.03931043 36.62 158.358490  68.680650 19.761
 83     0.372 55127.03931107 40.64 158.354550  68.677620 19.761
 83     0.597 55127.03931172 43.02 158.350610  68.674600 19.761
 83     0.550 55127.03931236 43.70 158.346670  68.671570 19.761
 83     0.449 55127.03931301 45.59 158.342740  68.668540 19.761
 83     0.493 55127.03931365 46.11 158.338800  68.665516 10.271
 83     0.438 55127.03931430 39.56 158.334870  68.662486 10.271
 84     3.202 55162.03928006 19.99 158.403556  68.722820  4.612
 84     2.481 55162.03928070 21.12 158.399606  68.719790  4.612
 84     2.415 55162.03928135 20.58 158.395656  68.716760  4.612
 84     1.698 55162.03928199 20.27 158.391706  68.713740  4.612
 84     1.449 55162.03928264 20.28 158.387756  68.710710  4.612
 84     3.545 55162.03928328 19.42 158.383806  68.707680  4.612
 84     1.868 55162.03928392 19.48 158.379866  68.704660  4.612
 84     5.098 55162.03928457 19.25 158.375916  68.701630  4.612
 84     1.781 55162.03928521 20.63 158.371976  68.698600  4.612
 84     1.296 55162.03928586 20.31 158.368026  68.695570  4.612
 84     7.052 55162.03928650 20.18 158.364086  68.692550  4.612
 84     1.057 55162.03928715 21.52 158.360146  68.689520  4.612
 84     0.483 55162.03928779 21.50 158.356206  68.686490  4.612
 84     5.190 55162.03928844 22.19 158.352266  68.683460  4.612
 84     7.747 55162.03928908 21.17 158.348326  68.680440  4.612
 84     8.145 55162.03928973 21.33 158.344386  68.677410  4.612
 84     8.984 55162.03929037 20.47 158.340446  68.674380  4.612
 84     9.116 55162.03929102 22.10 158.336516  68.671350  4.612
 84     0.588 55162.03929166 22.94 158.332576  68.668330  4.612
 84     0.488 55162.03929231 23.07 158.328646  68.665300  4.612
 84     0.583 55162.03929295 23.90 158.324714  68.662268  3.833
 84    10.438 55162.03929360 23.12 158.320784  68.659238  3.833
 85     3.825 55197.03929371 17.57 158.409338  68.715148  2.796
 85     3.313 55197.03929435 17.16 158.405388  68.712128  2.796
 85     3.561 55197.03929500 16.35 158.401428  68.709098  2.796
 85     3.314 55197.03929564 16.33 158.397478  68.706068  2.796
 85     4.248 55197.03929629 15.94 158.393538  68.703048  2.796
 85     4.536 55197.03929693 15.99 158.389588  68.700018  2.796
 85     4.516 55197.03929758 15.86 158.385638  68.696988  2.796
 85     5.446 55197.03929822 16.17 158.381698  68.693968  2.796
 85     4.262 55197.03929887 17.41 158.377748  68.690938  2.796
 85     5.815 55197.03929951 16.51 158.373808  68.687908  2.796
 85     6.158 55197.03930015 15.50 158.369868  68.684888  2.796
 85     6.919 55197.03930080 16.23 158.365918  68.681858  2.796
 85     7.581 55197.03930144 16.18 158.361978  68.678828  2.796
 85     8.580 55197.03930209 16.48 158.358038  68.675798  2.796
 85     9.665 55197.03930273 16.91 158.354108  68.672778  2.796
 85    10.907 55197.03930338 16.89 158.350168  68.669748  2.796
 85    11.602 55197.03930402 17.15 158.346228  68.666718  2.796
 85    12.299 55197.03930467 16.86 158.342299  68.663694  3.044
 86     1.776 55232.03928862 14.46 158.368604  68.700879  2.630
 86     1.555 55232.03928926 14.58 158.364664  68.697849  2.630
 86     6.295 55232.03928991 14.76 158.360724  68.694829  2.630
 86     6.578 55232.03929055 14.83 158.356784  68.691799  2.630
 86     6.426 55232.03929120 14.46 158.352844  68.688769  2.630
 86     6.847 55232.03929184 13.99 158.348904  68.685739  2.630
 86     7.902 55232.03929248 14.06 158.344964  68.682719  2.630
 86     7.172 55232.03929313 14.60 158.341024  68.679689  2.630
 86     8.132 55232.03929377 13.91 158.337084  68.676659  2.630
 86     8.938 55232.03929442 14.07 158.333154  68.673629  2.630
 86     9.225 55232.03929506 14.48 158.329224  68.670599  2.630
 86     9.832 55232.03929571 15.34 158.325284  68.667579  2.630
 86    10.314 55232.03929635 15.72 158.321356  68.664546  2.689
 86    11.174 55232.03929700 15.80 158.317426  68.661516  2.689
 86    11.106 55232.03929764 15.57 158.313496  68.658496  2.689
 86    11.119 55232.03929829 14.96 158.309566  68.655466  2.689
 87     3.527 55267.03928843 15.90 158.405918  68.717067  2.684
 87     3.444 55267.03928908 15.49 158.401958  68.714047  2.684
 87     2.963 55267.03928972 15.36 158.398008  68.711017  2.684
 87     2.887 55267.03929037 14.92 158.394058  68.707987  2.684
 87     3.881 55267.03929101 14.11 158.390118  68.704967  2.684
 87     4.524 55267.03929165 14.06 158.386168  68.701937  2.684
 87     5.011 55267.03929230 13.72 158.382218  68.698907  2.684
 87     5.094 55267.03929294 14.35 158.378278  68.695887  2.684
 87     5.151 55267.03929359 14.49 158.374328  68.692857  2.684
 87     6.212 55267.03929423 14.26 158.370388  68.689827  2.684
 87     6.562 55267.03929488 14.68 158.366448  68.686807  2.684
 87     7.163 55267.03929552 15.02 158.362508  68.683777  2.684
 87     7.921 55267.03929617 13.95 158.358568  68.680747  2.684
 87     8.752 55267.03929681 14.18 158.354628  68.677717  2.684
 87     9.702 55267.03929746 14.02 158.350688  68.674697  2.684
 87    10.531 55267.03929810 14.48 158.346748  68.671667  2.684
 87    11.035 55267.03929875 14.52 158.342818  68.668637  2.684
 87    12.044 55267.03929939 14.71 158.338877  68.665611  2.597
 87    12.063 55267.03930004 14.76 158.334947  68.662581  2.597
 88     3.627 55302.03926375 13.29 158.401337  68.726179  2.537
 88     7.306 55302.03926955 12.71 158.365803  68.698932  2.413
 88     7.550 55302.03927020 12.74 158.361863  68.695902  2.413
 88     7.744 55302.03927084 12.56 158.357923  68.692872  2.413
 88     7.656 55302.03927149 12.45 158.353983  68.689852  2.413
 88     7.462 55302.03927213 12.32 158.350043  68.686822  2.413
 88     8.086 55302.03927278 12.11 158.346103  68.683792  2.413
 88     8.157 55302.03927342 11.96 158.342163  68.680762  2.413
 88     8.071 55302.03927407 12.30 158.338233  68.677732  2.413
 88     8.231 55302.03927471 12.00 158.334293  68.674712  2.413
 88     9.276 55302.03927535 12.83 158.330363  68.671682  2.413
 88     9.558 55302.03927600 12.58 158.326423  68.668652  2.413
 88    10.248 55302.03927664 13.10 158.322493  68.665622  2.413
 88    10.640 55302.03927729 13.03 158.318563  68.662592  2.413
 88    11.219 55302.03927793 13.52 158.314631  68.659561  2.311
 88    12.081 55302.03927858 13.25 158.310701  68.656541  2.311
 89     3.664 55337.03926192 35.58 158.407256  68.722400 30.450
 89     3.585 55337.03926256 35.48 158.403296  68.719370 30.450
 89     3.516 55337.03926321 33.19 158.399346  68.716350 30.450
 89     3.571 55337.03926385 34.17 158.395396  68.713320 30.450
 89     3.606 55337.03926450 33.74 158.391446  68.710290 30.450
 89     3.717 55337.03926514 36.98 158.387506  68.707270 30.450
 89     3.755 55337.03926579 36.80 158.383556  68.704240 30.450
 89     3.698 55337.03926643 37.01 158.379606  68.701210 30.450
 89     3.552 55337.03926708 34.37 158.375666  68.698190 30.450
 89     3.637 55337.03926772 34.72 158.371716  68.695160 30.450
 89     3.639 55337.03926836 35.63 158.367776  68.692130 30.450
 89     3.840 55337.03926901 37.33 158.363836  68.689100 30.450
 89     3.850 55337.03926965 39.52 158.359896  68.686080 30.450
 89     3.747 55337.03927030 38.62 158.355956  68.683050 30.450
 89     3.616 55337.03927094 34.71 158.352016  68.680020 30.450
 89     3.640 55337.03927159 33.14 158.348072  68.676996 25.367
 89     3.767 55337.03927223 33.21 158.344142  68.673966 25.367
 89     3.676 55337.03927288 32.26 158.340202  68.670936 25.367
 89     3.665 55337.03927352 31.19 158.336262  68.667906 25.367
 89     3.741 55337.03927417 32.54 158.332332  68.664886 25.367
 89     3.762 55337.03927481 37.03 158.328402  68.661856 25.367
 89     3.979 55337.03927546 40.40 158.324472  68.658826 25.367
 90     7.687 55372.03925231 19.28 158.405172  68.720187  8.222
 90     7.895 55372.03925296 17.91 158.401222  68.717157  8.222
 90     8.123 55372.03925360 17.58 158.397272  68.714127  8.222
 90     8.239 55372.03925424 17.78 158.393322  68.711107  8.222
 90     8.395 55372.03925489 15.98 158.389372  68.708077  8.222
 90     8.390 55372.03925553 16.70 158.385432  68.705047  8.222
 90     8.242 55372.03925618 16.85 158.381482  68.702027  8.222
 90     7.895 55372.03925682 17.81 158.377542  68.698997  8.222
 90     7.786 55372.03925747 19.97 158.373592  68.695967  8.222
 90     7.933 55372.03925811 19.81 158.369652  68.692947  8.222
 90     7.974 55372.03925876 20.35 158.365712  68.689917  8.222
 90     7.943 55372.03925940 21.11 158.361762  68.686887  8.222
 90     3.589 55372.03926005 27.48 158.357822  68.683857  8.222
 90     3.505 55372.03926069 28.41 158.353882  68.680837  8.222
 90     3.429 55372.03926134 27.20 158.349952  68.677807  8.222
 90     7.568 55372.03926198 22.67 158.346012  68.674777  8.222
 90     7.945 55372.03926263 18.57 158.342072  68.671747  8.222
 90     8.495 55372.03926327 16.51 158.338142  68.668727  8.222
 90    11.728 55372.03926391 14.80 158.334202  68.665697  8.222
 90    12.839 55372.03926456 13.38 158.330277  68.662666 17.705
 90    13.842 55372.03926520 12.70 158.326337  68.659636 17.705
 91     1.694 55407.03927265 21.70 158.409754  68.716807 23.968
 91     1.689 55407.03927330 26.49 158.405804  68.713777 23.968
 91     1.542 55407.03927394 35.89 158.401854  68.710757 23.968
 91     2.857 55407.03927459 35.51 158.397904  68.707727 23.968
 91     1.519 55407.03927523 31.06 158.393954  68.704697 23.968
 91     1.692 55407.03927588 31.99 158.390004  68.701677 23.968
 91     1.713 55407.03927652 25.20 158.386064  68.698647 23.968
 91     1.730 55407.03927717 31.30 158.382114  68.695617 23.968
 91     5.954 55407.03927781 32.04 158.378174  68.692597 23.968
 91     1.727 55407.03927846 25.02 158.374224  68.689567 23.968
 91     1.482 55407.03927910 25.84 158.370284  68.686537 23.968
 91     1.566 55407.03927974 25.08 158.366344  68.683507 23.968
 91     1.533 55407.03928039 25.32 158.362404  68.680487 23.968
 91     1.539 55407.03928103 26.50 158.358464  68.677457 23.968
 91     1.572 55407.03928168 25.72 158.354524  68.674427 23.968
 91     1.604 55407.03928232 23.68 158.350584  68.671397 23.968
 91     1.646 55407.03928297 24.58 158.346654  68.668377 23.968
 91     1.755 55407.03928361 23.69 158.342714  68.665347 23.968
 92     4.240 55442.03927100 50.30 158.405861  68.722316 49.350
 92     4.248 55442.03927165 51.40 158.401911  68.719286 49.350
 92     4.251 55442.03927229 50.40 158.397961  68.716256 49.350
 92     4.260 55442.03927294 51.33 158.394011  68.713236 49.350
 92     4.270 55442.03927358 52.78 158.390061  68.710206 49.350
 92     4.259 55442.03927422 52.01 158.386111  68.707176 49.350
 92     4.246 55442.03927487 52.53 158.382171  68.704146 49.350
 92     4.249 55442.03927551 53.09 158.378221  68.701126 49.350
 92     4.259 55442.03927616 52.88 158.374281  68.698096 49.350
 92     4.292 55442.03927680 52.49 158.370331  68.695066 49.350
 92     4.303 55442.03927745 51.43 158.366391  68.692046 49.350
 92     4.300 55442.03927809 50.72 158.362451  68.689016 49.350
 92     4.279 55442.03927874 50.86 158.358511  68.685986 49.350
 92     4.321 55442.03927938 49.07 158.354571  68.682956 49.350
 92     4.361 55442.03928003 47.44 158.350631  68.679936 49.350
 92     4.380 55442.03928067 43.66 158.346691  68.676906 49.350
 92     4.375 55442.03928132 38.45 158.342751  68.673876 49.350
 92     4.283 55442.03928196 31.45 158.338821  68.670846 49.350
 92     4.107 55442.03928261 24.95 158.334881  68.667826 49.350
 92     4.260 55442.03928325 22.53 158.330951  68.664796 49.350
 92     4.358 55442.03928390 21.07 158.327016  68.661763 17.352
 92     4.425 55442.03928454 26.29 158.323086  68.658733 17.352
 93     3.966 55477.03921149 22.16 158.402124  68.728395  5.519
 93     6.279 55477.03921858 34.51 158.358706  68.695091 11.886
 93     6.259 55477.03921923 32.03 158.354766  68.692071 11.886
 93     8.092 55477.03921987 29.93 158.350826  68.689041 11.886
 93     8.457 55477.03922052 27.01 158.346886  68.686011 11.886
 93     8.531 55477.03922116 29.40 158.342946  68.682981 11.886
 93     8.477 55477.03922181 28.34 158.339016  68.679951 11.886
 93     8.262 55477.03922245 26.65 158.335076  68.676931 11.886
 93     8.363 55477.03922310 23.45 158.331146  68.673901 11.886
 93    10.145 55477.03922374 19.60 158.327206  68.670871 11.886
 93    11.088 55477.03922439 18.19 158.323276  68.667841 11.886
 93    11.512 55477.03922503 19.05 158.319346  68.664821 11.886
 93    11.841 55477.03922568 20.06 158.315410  68.661784  9.358
 93    11.979 55477.03922632 20.30 158.311480  68.658764  9.358
 93    12.630 55477.03922697 20.12 158.307550  68.655734  9.358
