# NaN NaN NaN ;Mean Elev.(m), Avg Gradient(m/km), RMS Gradient(m/km) - SRTM1     
#   -6.643   0.058  10.405 ;Mean Elev.(m), Avg Gradient(m/km), RMS Gradient(m/km) - ASTER GDEM
#   10.183   0.029   4.575 ;Mean Elev.(m), Avg Gradient(m/km), RMS Gradient(m/km) - GMTED2010 
  6 154.803163  67.549434    14.522    14.519  3 52419.04563717 43.347
  8 154.800551  67.549317    16.050    15.802  3 52489.04564057 20.193
  9 154.789379  67.550164    15.508    15.500  3 52524.04561643 23.347
 10 154.801968  67.547054     6.819     6.772  3 52559.04566641 43.711
 11 154.792692  67.549195    11.517    13.586  3 52594.04566876 27.604
 12 154.816382  67.546718    14.195    14.212  3 52629.04559573 20.715
 13 154.797072  67.548602    15.206    15.209  3 52664.04563051 17.583
 14 154.821572  67.548002    14.588    14.513  3 52699.04560440 18.278
 15 154.802704  67.548447    15.097    14.971  3 52734.04563051 15.164
 16 154.784702  67.550517     8.988     5.754  3 52769.04562909 29.583
 17 154.815533  67.547951    15.769    15.733  4 52804.04565502 22.541
 18 154.809459  67.546390    14.945    14.761  3 52839.04571816 19.018
 19 154.804381  67.546835     6.474     6.468  3 52874.04575787 28.222
 21 154.824097  67.547894     5.735     5.730  3 52944.04566840 33.343
 22 154.808483  67.547241    13.142    12.768  3 52979.04572376 19.765
 23 154.791534  67.549177    13.294    13.294  2 53014.04572221 16.066
 24 154.810887  67.547113    14.108    14.186  4 53049.04569349 15.030
 25 154.787828  67.549547    13.991    13.991  2 53084.04572943 13.591
 26 154.805702  67.547707    14.808    14.809  4 53119.04569942 13.740
 27 154.799039  67.548675    13.973    13.976  3 53154.04575077 42.806
 28 154.807544  67.547532    13.912    13.912  4 53189.04573986 47.943
 29 154.798958  67.550173    15.293    15.266  3 53224.04575425 18.667
 30 154.784612  67.549966     8.338     8.338  2 53259.04572988 50.966
 31 154.803101  67.549047     6.972     6.996  3 53294.04575380 43.657
 32 154.800551  67.548861     6.043     6.060  3 53329.04572734 25.456
 33 154.793447  67.549089     9.092     9.092  2 53364.04567930 17.836
 35 154.793396  67.549275     6.340     6.340  2 53434.04569330 17.501
 36 154.808652  67.547489     6.061     6.104  4 53469.04573483 15.799
 37 154.795138  67.549107     6.318     6.318  2 53504.04577943 30.877
 38 154.796784  67.548147    15.401    15.331  3 53539.04577708 19.896
 39 154.792414  67.550619    15.441    15.513  3 53574.04577502 26.136
 40 154.784643  67.550153    12.607    12.607  2 53609.04572525 20.133
 41 154.811976  67.547474    12.408    14.855  3 53644.04572720 27.020
 42 154.793574  67.549783     5.670     5.677  3 53679.04574529 31.074
 43 154.792330  67.549021     8.731     5.490  3 53714.04567379 26.586
 44 154.821265  67.547074    13.691    13.523  3 53749.04558805 23.671
 45 154.800140  67.548004    13.979    13.608  3 53784.04561911 15.287
 46 154.784739  67.549870    13.297    13.297  2 53819.04558073 14.465
 47 154.804897  67.548586    14.614    14.506  3 53854.04565988 13.670
 48 154.808065  67.546898    15.082    15.276  3 53889.04566851 24.866
 49 154.794113  67.549409     9.690     9.690  2 53924.04573575 53.031
 51 154.825120  67.547367    15.661    15.514  3 53994.04565718 18.177
 52 154.811839  67.546709     6.802     6.819  4 54029.04571691 34.225
 53 154.800367  67.548367    14.534    14.657  3 54064.04571082 18.108
 54 154.789121  67.549765    13.791    13.702  3 54099.04567766 12.941
 55 154.810805  67.546423    15.212    15.136  4 54134.04563488 12.002
 57 154.809456  67.546629    15.065    14.916  4 54204.04563905 10.050
 58 154.803499  67.549111    10.272    10.276  3 54239.04567324 35.499
 59 154.798830  67.547451    12.200    12.184  3 54274.04569109 52.912
 60 154.803630  67.549176    15.189    15.237  3 54309.04569246 17.105
 61 154.790691  67.549793     9.814     9.802  3 54344.04567005 48.850
 62 154.806922  67.547308     8.651     8.643  4 54379.04562847 46.392
 63 154.796996  67.549301     6.158     6.158  2 54414.04561803 25.960
 64 154.811455  67.547683    13.776    13.772  4 54449.04559509 14.212
 65 154.803975  67.549166    14.651    14.557  3 54484.04561193 12.101
 66 154.809033  67.546849    14.943    14.880  4 54519.04560900 13.105
 67 154.792228  67.549834    15.002    14.721  3 54554.04562388 12.821
 69 154.796806  67.547645    15.299    15.085  3 54624.04562234 23.068
 70 154.798406  67.547993    15.334    15.251  3 54659.04563099 17.145
 71 154.794322  67.548300    12.702    14.774  3 54694.04561148 24.364
 72 154.807875  67.547264     9.663     9.444  4 54729.04558497 49.944
 73 154.801372  67.549999     9.682     6.864  3 54764.04558907 27.736
 74 154.810865  67.547087    14.754    14.743  4 54799.04557848 22.566
 75 154.798444  67.548881    14.889    14.843  3 54834.04557983 15.973
 76 154.812789  67.547851    14.827    14.869  3 54869.04557495 15.893
 77 154.788524  67.549252    15.152    15.209  3 54904.04558957 13.754
 78 154.806052  67.547031    14.831    14.968  3 54939.04556617  4.800
 79 154.801683  67.547254     9.289     9.300  3 54974.04559721 31.408
 80 154.797189  67.549795    15.292    15.369  3 55009.04561100 21.318
 81 154.802777  67.549008    12.380    14.799  3 55044.04560079 24.059
 82 154.792920  67.550416    13.492    15.104  3 55079.04557769 23.220
 83 154.806180  67.547749     6.065     6.047  4 55114.04553337 49.326
 84 154.798531  67.549009     5.553     5.553  2 55149.04553365 25.140
 85 154.810871  67.547676    13.375    13.458  3 55184.04551581 19.141
 86 154.796321  67.549797    14.696    15.119  3 55219.04553132 16.466
 87 154.808777  67.546829    13.762    13.706  3 55254.04551222 16.183
 88 154.788544  67.549113    14.213    13.935  3 55289.04552138 15.085
 89 154.798909  67.548727     5.602     5.615  3 55324.04549905 33.939
 90 154.798433  67.549907    15.517    15.585  3 55359.04549727 20.371
 91 154.805656  67.547543     7.675     7.692  3 55394.04550140 52.154
 92 154.801182  67.547275    15.101    15.097  3 55429.04551334 16.143
 93 154.790324  67.549482    14.203    14.203  2 55464.04547634 22.523
