-153330.032    -2.554     0.00    2.94
-152960.549    -2.125     1.16    3.05
-152591.148    -2.270    -0.39    3.01
-152221.828    -0.110     5.85    5.84
-151852.589     2.711     7.64    7.25
-151483.431     4.179     3.98    6.69
-151114.355     5.365     3.21    6.26
-150745.360     4.051    -3.56    6.34
-150376.445     1.474    -6.99    4.94
-150007.612    -0.500    -5.35    4.82
-149638.860    -0.895    -1.07    4.73
-149270.189    -0.600     0.80    4.24
-148901.598    -0.301     0.81    4.22
-148533.089    -0.974    -1.83    5.33
-148164.660    -3.480    -6.80    5.95
-147796.312    -5.799    -6.30    4.31
-147428.044    -5.558     0.65    3.39
-147059.857    -4.115     3.92    3.67
-146691.751    -1.796     6.30    2.68
-146323.725    -1.340     1.24    2.07
-145955.779    -1.931    -1.61    2.63
-145587.914    -3.262    -3.62    2.95
-145220.130    -3.685    -1.15    2.75
-144852.425    -3.469     0.59    3.03
-144484.801    -4.118    -1.76    3.58
-144117.257    -5.590    -4.01    4.54
-143749.793    -6.578    -2.69    4.66
-143382.409    -6.895    -0.86    4.43
-143015.105    -5.568     3.61    4.37
-142647.882    -3.781     4.87    3.43
-142280.738    -2.370     3.84    2.12
-141913.674    -1.953     1.14    1.60
-141546.689    -2.063    -0.30    1.37
-141179.785    -1.635     1.17    2.53
-140812.960    -1.010     1.70    3.56
-140446.215    -1.194    -0.50    3.66
-140079.550    -0.568     1.71    3.94
-139712.964    -0.538     0.08    3.76
-139346.458    -0.844    -0.83    2.91
-138980.031     0.453     3.54    3.05
-138613.683     1.913     3.98    3.72
-138247.415     2.011     0.27    4.14
-137881.226     1.074    -2.56    4.35
-137515.117    -0.644    -4.69    4.13
-137149.086    -2.664    -5.52    2.71
-136783.135    -4.051    -3.79    0.70
-136417.263    -4.330    -0.76    0.20
-136051.470    -4.370    -0.11    0.00
-135685.756    -4.370     0.00    0.00
-135320.120    -4.370     0.00    0.00
-134954.564    -4.191     0.49    0.60
-134589.087    -3.419     2.11    1.96
-134223.688    -3.223     0.54    2.05
-133858.368    -3.170     0.14    2.02
-133493.127    -3.146     0.07    1.96
-133127.965    -1.500     4.51    4.20
-132762.881     1.042     6.96    5.16
-132397.348     4.736    10.11    5.08
-132015.818     7.768     7.95    3.65
-131634.375     8.651     2.31    2.48
-131253.020     8.940     0.76    2.67
-130871.751    10.458     3.98    5.16
-130490.570    14.254     9.96    7.08
-130109.476    18.920    12.25    5.43
-129728.469    21.750     7.43    2.29
-129347.549    22.383     1.66    0.97
-128966.715    22.085    -0.78    1.16
-128585.969    21.426    -1.73    1.51
-128205.309    19.751    -4.40    2.65
-127824.736    18.162    -4.17    2.65
-127444.250    17.432    -1.92    2.72
-127063.850    17.672     0.63    3.45
-126683.537    17.791     0.31    4.04
-126303.310    18.043     0.66    4.13
-125923.170    18.184     0.37    4.30
-125543.117    16.451    -4.56    4.56
-125163.149    14.125    -6.12    4.34
-124783.268    13.340    -2.07    3.96
-124403.473    13.254    -0.23    2.96
-124023.764    13.758     1.33    2.52
-123644.141    13.640    -0.31    2.67
-123264.604    12.587    -2.77    3.24
-122885.154    10.353    -5.89    3.51
-122505.789     9.328    -2.70    4.10
-122126.510    10.336     2.66    5.38
-121747.317    10.963     1.65    6.11
-121368.209    11.064     0.27    6.21
-120989.187    10.475    -1.55    5.66
-120610.251    10.042    -1.14    4.62
-120231.401    11.467     3.76    4.23
-119852.636    11.501     0.09    4.19
-119473.956    10.063    -3.80    5.10
-119095.362     7.904    -5.70    5.18
-118716.853     6.875    -2.72    4.05
-118338.429     7.175     0.79    3.81
-117960.091     8.226     2.78    3.37
-117581.838     7.936    -0.77    3.64
-117203.670     6.140    -4.75    4.00
-116825.587     3.732    -6.37    3.49
-116447.589     2.120    -4.27    2.40
-116069.676     1.760    -0.95    2.29
-115691.848     3.370     4.26    3.86
-115314.105     5.057     4.47    3.83
-114936.446     5.030    -0.07    3.65
-114558.872     3.701    -3.52    3.82
-114181.383     0.569    -8.30    4.20
-113803.979    -2.787    -8.89    4.59
-113426.659    -4.490    -4.51    4.75
-113049.423    -5.591    -2.92    4.49
-112672.272    -5.279     0.83    4.23
-112295.206    -5.104     0.46    3.66
-111918.223    -3.935     3.10    2.77
-111541.325    -3.490     1.18    2.75
-111164.512    -2.984     1.34    2.95
-110787.782    -1.263     4.57    2.85
-110411.137    -0.090     3.11    3.37
-110034.575     0.587     1.80    3.21
-109658.098     0.750     0.43    2.66
-109281.704     0.963     0.57    2.33
-108905.394     1.818     2.27    2.17
-108529.169     2.166     0.92    2.50
-108153.027     4.084     5.10    4.95
-107776.968     6.216     5.67    5.92
-107400.994     7.044     2.20    5.77
-107025.103     6.362    -1.81    5.65
-106649.295     3.984    -6.33    5.34
-106273.571     1.226    -7.34    3.59
-105897.931    -0.380    -4.28    2.90
-105522.374    -1.240    -2.29    3.45
-105146.900    -0.350     2.37    5.18
-104771.509     1.630     5.27    5.72
-104396.202     2.151     1.39    5.59
-104020.978     1.120    -2.75    5.97
-103645.837    -0.685    -4.81    5.66
-103270.779    -3.120    -6.49    5.18
-102895.804    -2.907     0.57    6.01
-102520.912    -1.471     3.83    6.17
-102146.103     0.002     3.93    5.84
-101771.377     1.240     3.30    5.81
-101396.733     0.716    -1.40    6.52
-101022.173    -1.875    -6.92    7.54
-100647.695    -3.530    -4.42    6.28
-100273.299    -4.237    -1.89    5.41
 -99898.987    -3.216     2.73    5.77
 -99524.756    -0.855     6.31    4.72
 -99150.608    -1.250    -1.06    5.24
 -98776.543    -4.823    -9.55    5.70
 -98402.560    -8.269    -9.22    4.21
 -98028.659   -10.594    -6.22    3.62
 -97654.841   -11.748    -3.09    3.49
 -97281.105   -11.838    -0.24    3.59
 -96907.450   -11.946    -0.29    3.87
 -96533.878   -12.816    -2.33    3.92
 -96160.388   -13.400    -1.57    3.87
 -95786.980   -10.174     8.64    9.09
 -95413.654    -1.637    22.87   15.04
 -95040.410     6.793    22.59   15.39
 -94667.248    15.344    22.92   10.23
 -94294.167    18.580     8.67    7.71
 -93921.168    17.307    -3.41    8.51
 -93548.251    15.181    -5.70    9.40
 -93175.416    14.244    -2.51   11.50
 -92802.662    16.520     6.10   14.73
 -92429.989    21.545    13.48   16.25
 -92057.398    25.430    10.43   13.27
 -91684.888    27.054     4.36   10.08
 -91312.460    27.771     1.93    7.42
 -90940.113    27.609    -0.44    4.81
 -90567.847    29.130     4.09    4.04
 -90195.663    30.456     3.56    4.32
 -89823.559    31.977     4.09    5.79
 -89451.537    31.482    -1.33    8.11
 -89079.596    28.963    -6.77    9.15
 -88707.735    26.337    -7.06    8.11
 -88335.956    25.998    -0.91    7.18
 -87964.257    28.140     5.76    9.55
 -87592.640    30.869     7.34   11.55
 -87221.103    31.310     1.19   12.35
 -86849.647    29.608    -4.58   12.78
 -86478.271    29.650     0.11   12.39
 -86106.976    31.970     6.25   12.63
 -85735.762    39.256    19.63   13.54
 -85364.628    47.579    22.43   13.23
 -84993.575    56.283    23.46   11.24
 -84622.602    61.044    12.83   10.06
 -84251.709    64.135     8.33    9.39
 -83880.897    64.450     0.85   10.41
 -83510.165    63.469    -2.65   11.52
 -83139.513    64.913     3.90   11.31
 -82768.941    68.239     8.98   10.50
 -82398.450    74.000    15.55   12.17
 -82028.038    80.946    18.75   12.63
 -81657.707    89.467    23.01   14.00
 -81287.455    95.997    17.64   13.43
 -80917.284   103.939    21.46   11.94
 -80547.192   110.165    16.82   13.67
 -80177.180   117.001    18.48   14.60
 -79807.247   123.630    17.92   13.58
 -79437.395   128.770    13.90   11.22
 -79067.622   128.761    -0.02   10.59
 -78697.929   124.311   -12.04   12.81
 -78328.315   112.773   -31.22   17.69
 -77958.780   100.589   -32.97   17.20
 -77589.326    86.354   -38.53   15.12
 -77219.950    74.844   -31.16   15.09
 -76850.654    64.482   -28.06   13.49
 -76481.437    59.330   -13.96   11.71
 -76112.299    57.177    -5.83   12.42
 -75743.241    60.387     8.70   15.09
 -75374.262    66.684    17.07   17.93
 -75005.361    72.750    16.44   20.57
 -74636.540    77.587    13.12   20.53
 -74267.798    85.211    20.68   22.93
 -73899.135    89.763    12.35   25.93
 -73530.550    97.922    22.14   29.38
 -73162.045   102.722    13.03   29.76
 -72793.618   108.268    15.06   29.25
 -72425.270   111.967    10.04   28.03
 -72057.001   112.124     0.43   25.18
 -71688.810   107.054   -13.77   21.92
 -71320.698   101.341   -15.52   19.88
 -70952.664    93.217   -22.07   18.27
 -70584.709    85.185   -21.83   16.98
 -70216.832    79.048   -16.68   13.02
 -69849.034    74.382   -12.69    8.04
 -69481.314    72.140    -6.10    5.94
 -69113.672    69.599    -6.91    5.93
 -68746.109    67.542    -5.60    6.73
 -68378.624    65.888    -4.50    6.75
 -68011.216    66.160     0.74    6.98
 -67643.887    65.150    -2.75    7.13
 -67276.636    62.248    -7.90    9.25
 -66909.463    57.032   -14.21   13.46
 -66542.368    48.640   -22.86   14.90
 -66175.351    39.974   -23.61   13.66
 -65808.412    33.073   -18.81   11.26
 -65441.550    29.099   -10.83    7.91
 -65074.766    26.743    -6.42    6.19
 -64708.060    25.609    -3.09    7.82
 -64341.432    21.337   -11.65    8.71
 -63974.881    19.114    -6.06    7.59
 -63608.408    18.472    -1.75    6.33
 -63242.012    20.393     5.24    7.20
 -62875.694    22.344     5.33    6.60
 -62509.453    23.600     3.43    5.43
 -62143.289    24.191     1.62    4.80
 -61777.203    22.970    -3.34    3.34
 -61411.194    23.416     1.22    3.52
 -61045.262    23.328    -0.24    3.77
 -60679.407    23.334     0.02    4.17
 -60313.630    23.520     0.51    4.66
 -59947.929    23.175    -0.94    3.91
 -59582.306    23.198     0.06    3.37
 -59216.759    22.939    -0.71    3.33
 -58851.289    21.303    -4.48    2.73
 -58485.897    19.505    -4.92    2.22
 -58120.581    17.650    -5.08    4.67
 -57755.342    14.586    -8.39    7.42
 -57378.438    10.926    -9.71    8.26
 -56997.161     6.956   -10.41    8.69
 -56615.970     3.207    -9.83    8.54
 -56234.864     0.912    -6.02    7.41
 -55853.842     0.256    -1.72    6.88
 -55472.905     1.260     2.64    6.79
 -55092.053     1.877     1.62    5.83
 -54711.286     2.685     2.12    5.67
 -54330.603     3.135     1.18    9.18
 -53950.005     3.217     0.21   11.93
 -53569.491     2.438    -2.05   13.01
 -53189.062     0.369    -5.44   11.56
 -52808.718    -4.092   -11.73    6.37
 -52428.458    -5.203    -2.92    3.98
 -52048.282    -1.656     9.33    7.50
 -51668.190     0.260     5.04    9.85
 -51288.183    -1.239    -3.95   13.15
 -50908.260    -4.033    -7.36   14.58
 -50528.420    -9.064   -13.25   10.89
 -50148.665   -11.681    -6.89    6.73
 -49768.994    -9.013     7.03    5.63
 -49389.407    -6.153     7.54    4.79
 -49009.904    -4.380     4.67    5.20
 -48630.485    -2.414     5.18    5.10
 -48251.149    -2.906    -1.30    5.32
 -47871.897    -3.737    -2.19    6.15
 -47492.729    -5.431    -4.47    7.35
 -47113.644    -6.338    -2.39    7.55
 -46734.643    -7.350    -2.67    6.31
 -46355.726    -8.392    -2.75    4.96
 -45976.892    -8.319     0.19    3.49
 -45598.141    -9.854    -4.05    3.28
 -45219.473   -11.329    -3.90    2.93
 -44840.889   -12.859    -4.04    1.99
 -44462.389   -13.239    -1.00    1.40
 -44083.971   -12.783     1.20    1.55
 -43705.636   -12.610     0.46    1.54
 -43327.385   -12.781    -0.45    1.75
 -42949.217   -12.648     0.35    1.66
 -42571.131   -12.816    -0.44    1.41
 -42193.128   -13.562    -1.97    2.01
 -41815.209   -13.555     0.02    3.00
 -41437.372   -10.762     7.39    6.54
 -41059.618    -7.865     7.67    7.59
 -40681.946    -3.195    12.36    6.55
 -40304.357     0.587    10.02    3.80
 -39926.851     2.537     5.17    2.61
 -39549.428     3.472     2.48    2.53
 -39172.086     3.024    -1.19    4.33
 -38794.828     0.909    -5.60    7.22
 -38417.651    -3.554   -11.83    9.24
 -38040.557    -8.149   -12.19    7.58
 -37663.545   -11.881    -9.90    3.55
 -37286.616   -12.620    -1.96    2.35
 -36909.768   -12.615     0.01    2.29
 -36533.003   -13.086    -1.25    2.32
 -36156.320   -12.081     2.67    2.82
 -35779.718   -10.636     3.84    3.05
 -35403.199    -9.183     3.86    3.04
 -35026.762    -7.350     4.87    4.27
 -34650.406    -5.623     4.59    5.76
 -34274.132    -5.665    -0.11    6.33
 -33897.940    -6.197    -1.41    6.51
 -33521.830    -7.464    -3.37    6.34
 -33145.801    -7.328     0.36    7.14
 -32769.854    -3.648     9.79    9.67
 -32393.989    -1.478     5.78    9.64
 -32018.205    -2.845    -3.64    9.38
 -31642.502    -6.019    -8.45    6.88
 -31266.881    -7.525    -4.01    4.66
 -30891.341    -7.166     0.96    4.55
 -30515.882    -6.865     0.80    4.83
 -30140.504    -6.606     0.69    4.54
 -29765.208    -6.381     0.60    4.21
 -29389.993    -5.737     1.72    3.65
 -29014.859    -4.952     2.09    4.52
 -28639.806    -4.088     2.30    5.62
 -28264.833    -4.855    -2.05    5.70
 -27889.942    -6.490    -4.36    5.02
 -27515.132    -9.298    -7.49    3.58
 -27140.402   -10.628    -3.55    2.87
 -26765.753   -11.095    -1.24    2.54
 -26391.185   -10.849     0.65    2.96
 -26016.698   -10.071     2.08    3.71
 -25642.291    -7.985     5.57    7.54
 -25267.964    -4.139    10.28   10.35
 -24893.719    -0.731     9.11   10.11
 -24519.553     1.401     5.70    9.05
 -24145.468    -0.710    -5.64    9.79
 -23771.463    -4.650   -10.53    7.67
 -23397.539    -7.288    -7.05    6.32
 -23023.695    -9.511    -5.95    4.19
 -22649.931    -9.762    -0.67    3.16
 -22276.247    -9.653     0.29    2.21
 -21902.643    -8.996     1.76    2.28
 -21529.120    -8.315     1.83    2.47
 -21155.676    -7.474     2.25    2.31
 -20782.312    -7.003     1.26    1.82
 -20409.028    -6.783     0.59    1.59
 -20035.824    -7.002    -0.59    1.53
 -19662.700    -7.265    -0.71    1.42
 -19289.655    -7.224     0.11    1.63
 -18916.690    -6.977     0.66    1.33
 -18543.805    -6.496     1.29    1.28
 -18170.999    -6.299     0.53    1.60
 -17798.273    -6.068     0.62    2.73
 -17425.627    -5.080     2.65    5.69
 -17053.059    -4.329     2.02    7.24
 -16680.572    -4.316     0.04    6.89
 -16308.163    -5.068    -2.02    5.14
 -15935.834    -5.715    -1.74    3.82
 -15563.584    -6.340    -1.68    2.50
 -15191.413    -6.718    -1.02    1.65
 -14819.321    -6.968    -0.67    1.29
 -14447.309    -7.142    -0.47    0.81
 -14075.375    -7.154    -0.03    0.93
 -13703.520    -7.189    -0.10    0.97
 -13331.745    -7.568    -1.02    0.47
 -12960.048    -7.812    -0.66    0.50
 -12588.430    -7.623     0.51    1.11
 -12216.891    -5.578     5.50    6.49
 -11845.430     0.124    15.35   15.04
 -11474.049     5.932    15.64   17.11
 -11102.745    10.768    13.03   16.96
 -10731.521    11.826     2.85   16.85
 -10360.375     8.608    -8.67   15.37
  -9989.307     7.484    -3.03   15.93
  -9618.318     6.776    -1.91   15.99
  -9247.407     5.135    -4.42   14.28
  -8876.575     3.651    -4.00   12.58
  -8505.821     2.172    -3.99   11.70
  -8135.145     3.426     3.38   13.76
  -7764.547     3.967     1.46   14.59
  -7394.028     3.789    -0.48   12.68
  -7023.586     1.240    -6.88   10.35
  -6653.223    -1.370    -7.05    8.65
  -6282.938    -3.757    -6.45    4.22
  -5912.730    -2.381     3.72    4.76
  -5542.601    -0.700     4.54    4.57
  -5172.549     1.388     5.64    4.06
  -4802.575     0.869    -1.40    4.45
  -4432.679    -0.401    -3.43    5.11
  -4062.860    -1.434    -2.79    4.60
  -3693.120    -2.978    -4.18    3.98
  -3323.456    -3.172    -0.52    4.42
  -2953.871    -2.477     1.88    4.87
  -2584.363    -1.422     2.85    4.67
  -2214.932    -0.083     3.63    5.76
  -1845.579     3.279     9.10   12.32
  -1476.303     6.797     9.52   15.00
  -1107.104     8.474     4.54   14.95
   -737.983     6.949    -4.13   11.31
   -368.939     4.484    -6.68    9.20
      0.028     2.768    -4.65    7.49
    368.918     0.343    -6.58    5.07
    737.731    -0.078    -1.14    4.96
   1106.466    -0.139    -0.16    5.38
   1475.125    -0.349    -0.57    4.87
   1843.707    -1.015    -1.80    3.43
   2212.212    -1.556    -1.47    2.58
   2580.640    -2.240    -1.86    0.42
   2948.991    -2.339    -0.27    0.17
   3317.265    -2.293     0.12    0.54
   3685.463    -1.886     1.11    1.41
   4053.584    -1.539     0.94    1.78
   4421.629    -1.485     0.15    1.81
   4789.597    -1.818    -0.91    1.44
   5157.489    -2.091    -0.74    0.96
   5525.304    -2.068     0.06    1.05
   5893.042    -2.132    -0.17    0.87
   6260.705    -2.285    -0.42    0.48
   6628.291    -2.503    -0.59    0.80
   6995.800    -3.026    -1.42    0.94
   7363.234    -3.530    -1.37    0.99
   7730.591    -4.016    -1.32    0.77
   8097.872    -4.235    -0.60    0.43
   8465.077    -4.230     0.01    0.35
   8832.206    -4.214     0.04    0.36
   9199.259    -4.196     0.05    0.38
   9566.236    -4.081     0.31    0.46
   9933.138    -3.975     0.29    0.49
  10299.963    -3.981    -0.02    0.49
  10666.713    -4.030    -0.13    0.48
  11033.386    -4.094    -0.17    0.45
  11399.985    -4.068     0.07    0.46
  11766.507    -3.843     0.61    0.50
  12132.954    -3.599     0.67    0.42
  12499.325    -3.393     0.56    0.15
  12865.621    -3.317     0.21    0.52
  13231.841    -3.073     0.66    1.11
  13597.986    -2.974     0.27    1.13
  13964.055    -3.104    -0.35    0.76
  14330.050    -3.170    -0.18    0.68
  14695.968    -3.338    -0.46    0.18
  15061.812    -3.370    -0.09    0.00
  15427.580    -3.370     0.00    0.00
  15793.274    -3.370     0.00    0.00
  16158.892    -3.370     0.00    0.00
  16524.435    -3.370     0.00    0.00
  16889.903    -3.370     0.00    0.00
  17262.040    -3.370     0.00    0.00
  17643.150    -3.370     0.00    0.00
  18024.178    -3.370     0.00    0.00
  18405.123    -3.370     0.00    0.00
  18785.986    -3.370     0.00    0.00
  19166.765    -3.581    -0.55    0.41
  19547.463    -3.838    -0.67    0.50
  19928.077    -4.118    -0.74    0.44
  20308.610    -4.328    -0.55    0.20
  20689.059    -4.370    -0.11    0.00
  21069.427    -4.370     0.00    0.00
  21449.712    -3.662     1.86    2.03
  21829.915    -3.062     1.58    2.63
  22210.036    -1.443     4.26    3.68
  22590.075    -0.315     2.97    3.80
  22970.031     0.893     3.18    3.54
  23349.906     1.499     1.60    3.30
  23729.698     0.589    -2.40    3.09
  24109.409     2.956     6.23    6.15
  24489.037     7.300    11.44   12.47
  24868.584    12.697    14.22   20.34
  25248.049    17.209    11.89   22.72
  25627.433    20.584     8.90   23.27
  26006.734    24.109     9.29   23.12
  26385.954    28.136    10.62   22.59
  26765.093    32.300    10.98   22.10
  27144.150    37.911    14.80   19.87
  27523.125    44.994    18.69   18.65
  27902.020    55.774    28.45   17.50
  28280.832    69.321    35.76   22.36
  28659.564    87.552    48.14   22.47
  29038.214    97.807    27.08   19.19
  29416.783   101.855    10.69   20.99
  29795.271   101.952     0.26   23.71
  30173.677   100.975    -2.58   25.29
  30552.003    94.970   -15.87   25.16
  30930.248    84.388   -27.98   25.94
  31308.411    69.768   -38.66   19.65
  31686.494    59.485   -27.20   15.13
  32064.496    58.807    -1.79   16.96
  32442.417    61.319     6.65   17.66
  32820.258    67.547    16.48   18.90
  33198.018    79.330    31.19   24.20
  33575.697    98.192    49.94   31.36
  33953.295   114.495    43.17   25.74
  34330.813   111.736    -7.31   26.35
  34708.251    98.778   -34.33   29.94
  35085.608    79.135   -52.05   28.04
  35462.884    64.403   -39.05   20.83
  35840.081    67.864     9.18   28.72
  36217.197    78.443    28.05   31.86
  36594.232    87.198    23.22   28.24
  36971.188    90.749     9.42   23.24
  37348.063    83.061   -20.40   18.61
  37724.859    72.130   -29.01   18.58
  38101.574    62.673   -25.10   14.73
  38478.210    60.058    -6.94   12.47
  38854.765    66.077    15.98   14.14
  39231.240    74.542    22.48   15.98
  39607.636    87.036    33.19   16.82
  39983.952    96.771    25.87   13.97
  40360.188   102.904    16.30   11.32
  40736.345   104.307     3.73   11.58
  41112.422    98.040   -16.66   14.63
  41488.419    89.564   -22.54   16.84
  41864.337    77.151   -33.02   17.32
  42240.175    66.201   -29.13   15.97
  42615.934    56.098   -26.89   15.25
  42991.613    48.726   -19.62   13.74
  43367.213    41.098   -20.31   16.40
  43742.734    33.172   -21.10   19.81
  44118.176    22.006   -29.74   21.23
  44493.538    13.805   -21.85   17.94
  44868.821     6.300   -20.00    4.35
  45244.026     7.461     3.09    4.54
  45619.151    10.415     7.87    5.76
  45994.197    11.704     3.44    5.22
  46369.164    12.630     2.47    5.43
  46744.052    12.472    -0.42    5.53
  47118.862    11.267    -3.21    4.67
  47493.593    11.224    -0.12    4.50
  47868.245    11.495     0.72    4.49
  48242.818    13.672     5.81    5.58
  48617.312    18.012    11.59    8.40
  48991.728    25.213    19.23   10.71
  49366.066    32.485    19.43    9.97
  49740.325    38.286    15.50    9.44
  50114.505    43.097    12.86    7.70
  50488.608    46.890    10.14    6.67
  50862.631    50.430     9.46    5.13
  51236.577    52.967     6.78    5.58
  51610.444    54.531     4.18    7.21
  51984.233    55.438     2.43    9.76
  52357.944    57.619     5.83   11.53
  52731.577    59.417     4.81   13.36
  53105.131    62.318     7.77   14.94
  53478.608    66.782    11.95   16.33
  53852.007    71.587    12.87   16.58
  54225.327    74.917     8.92   15.25
  54598.570    76.705     4.79   12.64
  54971.735    79.736     8.12   12.30
  55344.823    84.704    13.32   13.06
  55717.832    91.372    17.87   13.43
  56090.764    99.098    20.72   11.88
  56463.619   105.674    17.64    9.65
  56836.395   110.853    13.89    6.73
  57209.095   114.293     9.23    4.37
  57581.716   114.967     1.81    4.18
  57954.260   113.797    -3.14    5.34
  58326.727   110.692    -8.33    7.07
  58699.117   105.471   -14.02    8.03
  59071.429    99.098   -17.12    9.59
  59443.664    92.019   -19.02    9.71
  59815.822    84.716   -19.62    9.23
  60187.903    82.358    -6.34    8.97
  60559.906    85.130     7.45   12.85
  60931.833    93.385    22.20   15.17
  61303.682   103.010    25.88   10.88
  61675.455   107.189    11.24    7.04
  62047.150   107.285     0.26    6.05
  62418.769   103.800    -9.38    7.10
  62790.311    97.630   -16.61    8.57
  63161.776    90.114   -20.23   10.57
  63533.165    82.308   -21.02    9.49
  63904.476    78.545   -10.13    6.84
  64275.712    78.676     0.35    6.99
  64646.870    83.092    11.90    8.15
  65017.952    87.769    12.60    8.22
  65388.958    90.023     6.08    8.18
  65759.887    90.861     2.26    8.72
  66130.740    91.651     2.13    8.78
  66501.516    92.651     2.70   10.21
  66872.216    93.460     2.18   11.81
  67242.840    93.275    -0.50   10.91
  67613.387    91.981    -3.49    9.68
  67983.859    91.673    -0.83    8.56
  68354.254    92.028     0.96    8.20
  68724.573    94.838     7.59    8.18
  69094.816    98.828    10.77    9.38
  69464.984   102.513     9.95    9.67
  69835.075   106.469    10.69   10.19
  70205.090   110.598    11.16   10.46
  70575.030   115.044    12.02   11.92
  70944.894   121.210    16.67   13.24
  71314.682   126.304    13.77   12.66
  71684.394   129.236     7.93   10.46
  72054.031   130.765     4.13   12.38
  72423.592   135.705    13.37   16.46
  72793.077   142.999    19.74   15.11
  73162.487   146.823    10.35   10.36
  73531.822   141.353   -14.81   16.19
  73901.081   129.930   -30.93   21.63
  74270.265   115.428   -39.28   21.66
  74639.373   101.482   -37.78   18.21
  75008.406    92.672   -23.87   14.21
  75377.364    86.596   -16.47   12.41
  75746.247    83.103    -9.47   14.12
  76115.054    79.839    -8.85   12.55
  76483.787    78.920    -2.49   13.33
  76852.444    83.597    12.68   20.37
  77221.026    91.350    21.04   25.12
  77589.534    99.717    22.70   24.32
  77957.966   107.565    21.30   23.97
  78326.324   120.426    34.91   28.04
  78694.606   136.118    42.61   31.41
  79062.814   146.821    29.07   25.75
  79430.948   149.153     6.33   24.55
  79799.006   144.447   -12.78   30.15
  80166.990   134.630   -26.68   35.73
  80534.899   117.066   -47.74   36.23
  80902.734    98.050   -51.69   33.81
  81270.494    82.167   -43.19   27.65
  81638.180    70.815   -30.87   17.40
  82005.791    70.282    -1.45   17.97
  82373.328    77.109    18.57   25.88
  82740.791    83.800    18.21   30.84
  83108.179    80.856    -8.01   32.17
  83475.493    71.572   -25.27   32.08
  83842.733    56.706   -40.48   29.56
  84209.898    46.271   -28.42   23.15
  84576.990    38.514   -21.13   17.79
  84944.007    32.256   -17.05   12.68
  85310.951    27.694   -12.43    8.48
  85677.820    25.737    -5.33    5.41
  86044.616    25.355    -1.04    5.15
  86411.337    24.608    -2.04    4.27
  86777.985    24.537    -0.19    4.84
  87144.559    23.856    -1.86    5.58
  87511.059    22.394    -3.99    6.06
  87877.486    19.684    -7.40    4.63
  88243.839    18.162    -4.15    3.50
  88610.118    18.608     1.22    4.72
  88976.324    22.141     9.65    7.94
  89342.456    28.152    16.42   10.45
  89708.514    35.404    19.81   10.72
  90074.500    43.768    22.85    9.42
  90440.411    50.673    18.87   10.19
  90806.250    58.050    20.16   10.60
  91172.015    68.514    28.61   15.95
  91537.707    79.221    29.28   18.14
  91905.437    90.641    31.05   17.42
  92286.385    92.243     4.20   21.10
  92667.252    91.047    -3.14   27.55
  93048.039    83.576   -19.62   31.04
  93428.745    75.662   -20.79   27.91
  93809.371    73.102    -6.73   23.95
  94189.916    73.749     1.70   22.89
  94570.381    76.341     6.81   22.48
  94950.766    78.554     5.82   23.89
  95331.070    77.192    -3.58   24.37
  95711.294    73.071   -10.84   25.33
  96091.438    67.423   -14.86   26.59
  96471.502    58.641   -23.11   24.77
  96851.486    50.101   -22.47   21.05
  97231.390    43.254   -18.02   15.31
  97611.214    38.386   -12.82   11.08
  97990.958    35.501    -7.60    8.69
  98370.622    33.471    -5.35    6.30
  98750.207    32.992    -1.26    4.08
  99129.712    33.005     0.04    2.45
  99509.137    32.458    -1.44    3.03
  99888.482    31.894    -1.49    3.71
 100267.748    30.834    -2.79    3.42
 100646.934    29.619    -3.21    2.05
 101026.040    29.576    -0.11    1.60
 101405.068    29.959     1.01    1.46
 101784.015    29.780    -0.47    1.55
 102162.884    29.441    -0.90    1.55
 102541.673    29.315    -0.33    1.43
 102920.383    29.441     0.33    1.35
 103299.014    29.543     0.27    1.12
 103677.565    29.564     0.06    1.01
 104056.037    29.499    -0.17    1.02
 104434.431    29.410    -0.24    1.31
 104812.745    29.391    -0.05    1.52
 105190.980    29.817     1.13    1.96
 105569.137    30.210     1.04    1.98
 105947.214    30.739     1.40    1.83
 106325.213    30.869     0.35    1.35
 106703.133    30.336    -1.41    1.27
 107080.974    30.119    -0.58    1.29
 107458.737    29.920    -0.53    1.31
 107836.421    29.663    -0.68    1.52
 108214.026    28.985    -1.80    1.78
 108591.553    27.784    -3.18    2.18
 108969.001    25.920    -4.94    2.42
 109346.371    24.399    -4.03    2.55
 109723.663    22.834    -4.15    2.07
 110100.876    21.553    -3.40    1.81
 110478.011    20.856    -1.85    1.69
 110855.068    21.278     1.12    2.85
 111232.046    21.802     1.39    3.42
 111608.947    22.190     1.03    3.29
 111985.769    21.856    -0.89    3.21
 112362.513    20.322    -4.07    2.38
 112739.179    19.684    -1.70    2.08
 113115.768    19.311    -0.99    1.82
 113492.278    19.501     0.50    1.49
 113868.711    19.454    -0.12    1.44
 114245.065    19.347    -0.28    1.63
 114621.342    19.729     1.01    1.99
 114997.542    20.021     0.78    2.23
 115373.663    21.178     3.08    2.34
 115749.707    21.091    -0.23    2.56
 116125.673    21.275     0.49    2.88
 116501.562    22.241     2.57    3.03
 116877.374    23.010     2.05    2.78
 117253.108    24.774     4.69    1.92
 117628.764    25.652     2.34    1.75
 118004.344    25.819     0.45    1.80
 118379.846    26.032     0.57    1.84
 118755.270    25.697    -0.89    1.88
 119130.618    25.673    -0.06    2.21
 119505.888    25.888     0.57    2.20
 119881.082    26.417     1.41    2.06
 120256.198    27.243     2.20    2.33
 120631.237    27.183    -0.16    2.34
 121006.199    27.147    -0.10    2.33
 121381.085    27.350     0.54    2.25
 121755.893    26.906    -1.19    1.78
 122130.625    27.017     0.30    1.44
 122505.280    26.851    -0.44    1.23
 122879.858    26.748    -0.27    1.63
 123254.360    26.480    -0.71    1.83
 123628.785    25.974    -1.35    2.46
 124003.133    25.802    -0.46    2.69
 124377.405    25.286    -1.38    2.30
 124751.600    25.596     0.83    1.85
 125125.719    26.028     1.15    1.35
 125499.761    25.941    -0.23    1.53
 125873.728    25.499    -1.18    1.63
 126247.617    24.563    -2.50    1.66
 126621.431    23.141    -3.80    2.09
 126995.168    22.102    -2.78    1.75
 127368.830    21.912    -0.51    1.73
 127742.415    21.839    -0.20    2.45
 128115.924    21.902     0.17    2.20
 128489.357    22.069     0.45    1.90
 128862.714    21.989    -0.22    2.17
 129235.995    22.465     1.28    2.21
 129609.200    23.763     3.48    2.79
 129982.329    24.223     1.23    3.11
 130355.383    23.529    -1.86    3.78
 130728.360    22.967    -1.51    3.87
 131101.262    20.857    -5.66    2.94
 131474.089    20.260    -1.60    2.16
 131846.840    20.832     1.53    2.31
 132219.515    21.630     2.14    2.32
 132592.115    22.699     2.87    1.96
 132964.639    23.076     1.01    1.42
 133337.088    22.816    -0.70    1.43
 133709.461    22.412    -1.08    1.37
 134081.759    22.176    -0.63    1.30
 134453.982    21.858    -0.85    1.56
 134826.129    21.328    -1.43    2.03
 135198.202    20.952    -1.01    2.20
 135570.199    20.699    -0.68    2.57
 135942.121    22.021     3.56    3.12
 136313.968    22.732     1.91    3.06
 136685.740    22.770     0.10    2.93
 137057.437    22.516    -0.68    2.48
 137429.059    21.006    -4.06    2.62
 137800.606    20.352    -1.76    2.47
 138172.078    19.467    -2.38    2.02
 138543.475    18.774    -1.86    2.00
 138914.798    19.060     0.77    2.34
 139286.046    19.762     1.89    3.14
 139657.220    20.543     2.10    3.45
 140028.318    20.729     0.50    3.32
 140399.342    20.285    -1.19    3.35
 140770.292    20.243    -0.11    3.26
 141141.167    20.839     1.61    3.18
 141511.968    22.434     4.30    3.27
 141882.694    23.793     3.66    2.90
 142253.346    24.146     0.95    3.49
 142623.923    24.278     0.36    3.35
 142994.427    24.597     0.86    3.10
 143364.856    25.180     1.57    3.15
 143735.211    25.673     1.33    3.34
 144105.492    26.039     0.99    3.43
 144475.698    26.267     0.62    3.22
 144845.831    25.562    -1.90    3.00
 145215.890    25.355    -0.56    2.89
 145585.874    24.366    -2.67    2.55
 145955.785    23.575    -2.14    2.24
 146325.622    23.201    -1.01    1.85
 146695.385    23.197    -0.01    1.51
 147065.074    23.804     1.64    1.81
 147434.690    24.409     1.64    1.57
 147804.232    24.902     1.33    1.48
 148173.700    25.083     0.49    1.37
 148543.095    25.076    -0.02    1.39
 148912.416    25.742     1.81    1.57
 149281.663    26.152     1.11    1.91
 149650.837    26.945     2.15    2.31
 150019.938    28.052     3.00    2.31
 150388.965    27.894    -0.43    2.49
 150757.919    26.664    -3.33    3.15
 151126.800    25.263    -3.80    3.02
 151495.607    23.434    -4.96    2.17
 151864.341    22.641    -2.15    2.02
 152233.002    21.814    -2.24    1.61
 152601.590    21.512    -0.82    1.31
 152970.104    21.451    -0.16    1.34
 153338.546    21.152    -0.81    1.88
 153706.915    21.028    -0.34    2.09
 154075.211    20.916    -0.30    1.86
 154443.433    21.352     1.19    1.77
 154811.583    21.916     1.53    1.75
 155179.660    22.974     2.88    1.77
 155547.665    23.552     1.57    1.81
 155915.596    23.404    -0.40    1.91
 156283.455    23.255    -0.41    1.89
 156651.241    22.597    -1.79    1.75
 157018.955    22.014    -1.59    1.41
 157386.596    21.894    -0.33    1.32
 157754.164    21.421    -1.29    1.06
 158121.660    21.195    -0.61    1.27
 158489.084    20.607    -1.60    1.66
 158856.435    20.184    -1.15    1.84
 159223.714    20.187     0.01    1.94
 159590.921    19.608    -1.58    2.20
 159958.055    18.874    -2.00    2.43
 160325.117    19.214     0.93    3.05
 160692.107    19.674     1.25    3.14
 161059.024    20.967     3.52    2.79
 161425.870    21.874     2.47    2.01
 161792.643    21.332    -1.48    1.96
 162159.345    21.034    -0.81    1.83
 162525.974    21.475     1.20    2.24
 162892.532    22.530     2.88    2.64
 163259.018    23.733     3.28    2.20
 163625.431    24.852     3.05    1.06
 163991.773    24.774    -0.21    1.04
 164358.044    24.753    -0.06    0.96
 164724.242    24.836     0.23    0.87
 165090.369    25.118     0.77    0.96
 165456.424    25.565     1.22    0.95
 165822.408    26.130     1.54    1.20
 166188.320    26.498     1.01    1.13
 166554.160    27.037     1.47    1.41
 166932.775    27.821     2.07    1.64
 167313.480    28.206     1.01    1.51
 167694.107    28.416     0.55    1.46
 168074.655    28.700     0.74    1.68
 168455.125    27.949    -1.97    2.00
 168835.516    28.171     0.58    2.23
 169215.830    28.791     1.63    2.49
 169596.065    28.816     0.07    2.45
 169976.222    28.465    -0.92    2.25
 170356.301    27.798    -1.75    1.91
 170736.301    27.388    -1.08    1.87
 171116.224    27.685     0.78    2.41
 171496.069    28.685     2.63    2.42
 171875.836    29.845     3.05    2.08
 172255.525    30.808     2.54    1.76
 172635.137    31.239     1.14    1.34
 173014.670    31.819     1.53    1.21
 173394.126    32.452     1.67    1.62
 173773.504    33.428     2.57    2.15
 174152.805    34.474     2.76    2.08
 174532.028    35.573     2.90    1.64
 174911.173    36.585     2.67    1.76
 175290.241    37.485     2.37    2.07
 175669.232    38.897     3.72    2.35
 176048.145    39.684     2.08    2.15
 176426.980    40.052     0.97    1.96
 176805.739    40.041    -0.03    1.90
 177184.420    39.285    -1.99    1.71
 177563.024    38.506    -2.06    1.17
 177941.551    38.388    -0.31    1.37
 178320.001    38.232    -0.41    1.43
 178698.374    38.239     0.02    1.38
 179076.669    38.246     0.02    1.25
 179454.888    38.285     0.10    1.22
 179833.030    38.475     0.50    1.17
 180211.095    38.124    -0.93    0.91
 180589.083    37.987    -0.36    0.72
 180966.995    38.135     0.39    1.09
 181344.829    38.058    -0.20    1.16
 181722.587    37.850    -0.55    1.15
 182100.268    37.451    -1.05    0.85
 182477.873    36.919    -1.41    0.97
 182855.401    36.689    -0.61    0.90
 183232.853    37.228     1.43    1.15
 183610.228    37.828     1.59    1.26
 183987.527    38.597     2.04    1.12
 184364.749    39.269     1.78    1.25
 184741.895    39.956     1.82    1.64
 185118.965    40.630     1.79    1.82
 185495.959    41.014     1.02    1.67
 185872.876    41.011    -0.01    1.69
 186249.718    40.456    -1.47    1.38
 186626.483    39.880    -1.53    1.12
 187003.172    39.383    -1.32    1.16
 187379.785    38.786    -1.58    0.63
 187756.322    38.978     0.51    0.93
 188132.783    39.630     1.73    1.59
 188509.169    40.519     2.36    1.64
 188885.478    41.018     1.33    1.40
 189261.712    40.883    -0.36    1.42
 189637.870    40.351    -1.41    1.42
 190013.953    39.861    -1.30    1.33
 190389.960    39.421    -1.17    0.97
 190765.891    40.021     1.60    1.45
 191141.746    40.929     2.41    1.49
 191517.527    41.828     2.39    1.31
 191893.231    42.524     1.85    0.89
 192268.860    42.498    -0.07    0.99
 192644.414    42.979     1.28    1.26
 193019.893    43.908     2.47    1.77
 193395.296    45.344     3.83    2.18
 193770.624    47.135     4.77    2.17
 194145.877    48.240     2.94    1.45
 194521.055    48.248     0.02    1.12
 194896.158    47.582    -1.77    1.32
 195271.185    46.997    -1.56    1.41
 195646.138    47.320     0.86    1.83
 196021.015    48.740     3.79    2.60
 196395.818    50.642     5.07    2.63
 196770.546    52.739     5.59    3.15
 197145.199    54.874     5.70    3.29
 197519.777    57.347     6.60    3.27
 197894.281    59.487     5.71    2.58
 198268.709    60.652     3.11    1.58
 198643.063    61.237     1.56    1.38
 199017.343    60.419    -2.19    2.29
 199391.548    59.963    -1.22    2.37
 199765.678    59.922    -0.11    2.23
 200139.734    59.939     0.05    1.86
 200513.716    60.911     2.60    1.98
 200887.623    61.951     2.78    2.51
 201261.456    63.259     3.50    2.46
 201635.214    64.067     2.16    1.86
 202008.898    64.058    -0.02    2.31
 202382.508    64.090     0.08    2.54
 202756.044    64.608     1.39    2.41
 203129.506    65.237     1.68    2.00
 203502.894    65.454     0.58    1.57
 203876.207    64.539    -2.45    1.71
 204249.447    64.597     0.15    2.10
 204622.613    66.021     3.82    3.25
 204995.704    68.146     5.70    3.23
 205368.722    69.952     4.84    2.06
 205741.666    71.495     4.14    1.67
 206114.537    72.630     3.04    2.37
 206487.333    73.891     3.38    2.16
 206860.056    75.005     2.99    2.03
 207232.705    75.914     2.44    1.42
 207605.281    76.312     1.07    1.17
 207977.783    76.243    -0.18    1.23
 208350.212    76.021    -0.60    1.08
 208722.567    75.411    -1.64    1.60
 209094.848    75.352    -0.16    1.91
 209467.057    76.354     2.69    2.47
 209839.192    77.863     4.05    3.16
 210211.253    81.266     9.14    4.32
 210583.242    84.908     9.79    5.47
 210955.157    88.371     9.31    5.49
 211326.999    90.047     4.51    4.37
 211698.768    89.975    -0.19    3.62
 212070.463    88.585    -3.74    2.69
 212442.086    87.859    -1.96    2.03
 212813.636    88.450     1.59    2.18
 213185.113    89.582     3.05    2.49
 213556.516    90.810     3.31    2.38
 213927.847    92.124     3.54    1.59
 214299.106    93.057     2.51    1.32
 214670.291    93.871     2.19    1.55
 215041.404    94.685     2.19    1.65
 215412.444    95.461     2.09    1.80
 215783.411    96.685     3.30    2.60
 216154.305    98.319     4.40    3.17
 216525.128   101.135     7.59    3.56
 216895.877   103.596     6.63    3.17
 217266.554   105.516     5.18    2.11
 217637.159   106.641     3.03    1.63
 218007.691   107.344     1.90    1.54
 218378.151   107.519     0.47    1.49
 218748.538   107.346    -0.47    1.55
 219118.853   106.352    -2.68    1.79
 219489.096   104.676    -4.53    2.60
 219859.267   102.187    -6.72    3.84
 220229.366    99.642    -6.87    3.70
 220599.392    97.731    -5.16    3.15
 220969.347    96.496    -3.34    1.84
 221339.229    96.084    -1.11    1.51
 221709.040    95.999    -0.23    1.50
 222078.778    95.630    -1.00    1.46
 222448.445    95.550    -0.22    1.37
 222818.040    95.956     1.10    1.55
 223187.563    96.778     2.22    1.71
 223557.014    98.493     4.64    2.47
 223926.393    99.414     2.49    2.22
 224295.701    99.891     1.29    2.06
 224664.937   100.008     0.32    1.95
 225034.101    99.863    -0.39    1.38
 225403.194   100.439     1.56    1.23
 225772.216   101.397     2.60    1.61
 226141.165   102.113     1.94    1.50
 226510.044   102.856     2.01    1.52
 226878.851   103.562     1.92    1.51
 227247.587   104.256     1.88    1.75
 227616.251   104.925     1.81    1.73
 227984.844   105.823     2.43    1.70
 228353.366   106.185     0.98    1.67
 228721.816   106.687     1.36    1.45
 229090.196   106.397    -0.79    1.53
 229458.504   106.198    -0.54    1.48
 229826.741   106.619     1.14    1.58
 230194.908   107.005     1.05    1.53
 230563.003   108.084     2.93    1.48
 230931.027   108.685     1.63    1.20
 231298.980   109.055     1.00    1.06
 231666.863   109.135     0.22    1.26
 232034.675   108.912    -0.61    1.76
 232402.415   109.297     1.04    2.47
 232770.086   110.679     3.76    3.74
 233137.685   113.192     6.84    4.82
 233505.214   116.423     8.79    3.73
 233872.672   118.766     6.38    3.32
 234240.059   120.432     4.53    2.85
 234607.376   120.993     1.53    2.72
 234974.623   121.164     0.46    2.54
 235341.799   121.585     1.15    2.44
 235708.904   122.012     1.16    2.69
 236075.940   123.676     4.53    3.07
 236442.904   126.394     7.41    4.35
 236809.799   132.136    15.65    8.70
 237176.623   137.452    14.49    8.76
 237543.377   143.225    15.74    7.94
 237910.061   145.863     7.19    6.45
 238276.675   144.297    -4.27    6.84
 238643.218   143.232    -2.90    6.40
 239009.692   141.618    -4.40    4.71
 239376.096   141.182    -1.19    3.93
 239742.429   141.891     1.94    4.09
 240108.693   143.971     5.68    5.46
 240474.886   149.274    14.48   10.32
 240841.010   158.258    24.53   14.84
 241207.064   168.198    27.15   17.02
 241581.563   179.851    31.11   15.55
 241962.110   188.341    22.31   13.23
 242342.581   197.618    24.38    9.67
 242722.976   203.752    16.12    7.51
 243103.294   208.365    12.13    6.07
 243483.537   211.810     9.06    5.54
 243863.703   212.857     2.75    7.20
 244243.793   213.423     1.49    8.18
 244623.807   213.030    -1.03    9.14
 245003.744   212.320    -1.87    9.16
 245383.606   213.164     2.22    9.90
 245763.392   212.216    -2.50   11.58
 246143.102   210.766    -3.82   11.98
 246522.736   209.058    -4.50   12.23
 246902.295   205.448    -9.51   12.06
 247281.777   202.535    -7.68   11.58
 247661.184   200.248    -6.03   10.94
 248040.515   197.594    -6.99    9.75
 248419.771   196.554    -2.74    7.99
 248798.951   196.927     0.99    6.20
 249178.055   200.843    10.33    7.69
 249557.084   205.337    11.85    7.63
 249936.038   211.084    15.16    9.15
 250314.916   216.511    14.32    9.25
 250693.718   220.937    11.68    8.70
 251072.446   226.711    15.24    7.90
 251451.098   231.471    12.57    9.39
 251829.675   238.072    17.43   11.84
 252208.176   245.563    19.79   13.60
 252586.603   254.562    23.77   15.85
 252964.954   263.937    24.77   16.19
 253343.231   274.732    28.53   12.21
 253721.432   279.975    13.86    9.17
 254099.559   281.034     2.80    9.86
 254477.610   280.982    -0.14    9.92
 254855.587   282.756     4.69   10.02
 255233.489   286.021     8.64   10.07
 255611.316   292.258    16.50   12.16
 255989.068   299.538    19.27   15.14
 256366.745   307.709    21.63   15.17
 256744.348   318.710    29.13   15.28
 257121.877   334.326    41.36   25.95
 257499.330   354.747    54.09   31.95
 257876.709   384.641    79.20   38.02
 258254.014   425.153   107.35   52.29
 258631.244   474.346   130.38   69.78
 259008.400   521.297   124.46   78.03
 259385.482   563.459   111.79   87.55
 259762.489   601.195   100.07   85.50
 260139.422   619.810    49.38   76.05
 260516.281   612.353   -19.78   69.58
 260893.065   587.223   -66.68   67.72
 261269.776   555.895   -83.15   66.36
 261646.412   541.963   -36.98   58.10
 262022.974   558.715    44.48   80.68
 262399.463   563.791    13.48   82.79
 262775.877   572.996    24.45   75.23
 263152.217   597.209    64.33   75.31
 263528.484   603.118    15.70   63.63
 263904.677   600.289    -7.52   59.13
 264280.796   591.558   -23.21   59.63
 264656.841   569.403   -58.91   55.14
 265032.812   575.044    15.00   71.07
 265408.710   590.709    41.66   68.79
 265784.534   604.569    36.87   70.17
 266160.285   614.403    26.17   62.83
 266535.962   624.856    27.82   70.73
 266911.566   682.385   153.13   98.18
 267287.096   735.642   141.79   92.88
 267662.553   753.505    47.57   69.44
 268037.936   737.947   -41.44   74.73
 268413.246   682.028  -148.96   91.14
 268788.483   626.996  -146.63   71.34
 269163.647   592.641   -91.55   61.24
 269538.737   568.437   -64.52   50.55
 269913.754   564.289   -11.06   49.10
 270288.699   570.544    16.68   43.58
 270663.570   557.798   -33.99   46.51
 271038.368   535.191   -60.31   44.05
 271413.093   514.437   -55.37   45.88
 271787.745   504.569   -26.33   35.16
 272162.324   508.549    10.62   34.92
 272536.831   519.208    28.45   51.38
 272911.265   547.508    75.56   62.33
 273285.625   591.581   117.71   88.71
 273659.914   655.057   169.56  100.99
 274034.129   718.752   170.17   83.35
 274408.272   746.894    75.20   72.19
 274782.342   750.666    10.08   69.68
 275156.340   736.630   -37.52   68.06
 275530.265   702.666   -90.81   63.73
 275904.118   688.908   -36.80   58.24
 276277.898   667.252   -57.93   54.87
 276651.606   649.956   -46.27   53.41
 277025.242   642.130   -20.94   49.84
 277398.805   649.891    20.77   58.33
 277772.296   679.704    79.80   60.06
 278145.715   701.800    59.16   55.32
 278519.061   699.057    -7.35   66.49
 278892.336   683.330   -42.12   78.79
 279265.538   658.605   -66.24   75.12
 279638.668   674.079    41.46   72.36
 280011.727   706.959    88.12   67.75
 280384.713   706.198    -2.04   62.27
 280757.627   695.532   -28.59   65.80
 281130.470   669.118   -70.83   63.69
 281503.241   648.112   -56.34   49.53
 281875.939   627.573   -55.10   67.47
 282248.567   604.700   -61.37   71.20
 282621.122   602.745    -5.25   65.88
 282993.606   623.430    55.52   68.74
 283366.018   643.403    53.62   55.48
 283738.358   647.421    10.79   50.74
 284110.627   625.198   -59.68   55.96
 284482.824   607.665   -47.10   60.92
 284854.950   616.619    24.06   58.50
 285227.005   632.828    43.56   56.80
 285598.988   656.837    64.53   47.97
 285970.900   663.078    16.78   48.85
 286342.740   669.853    18.22   52.70
 286714.509   670.493     1.72   53.10
 287086.207   644.959   -68.68   67.07
 287457.834   618.877   -70.17   75.54
 287829.389   585.072   -90.96   54.57
 288200.874   588.502     9.23   52.97
 288572.287   655.975   181.62   99.29
 288943.630   731.259   202.69  106.99
 289314.901   782.475   137.92   80.73
 289686.102   792.246    26.32   66.99
 290057.231   749.828  -114.27   87.56
 290428.290   693.526  -151.70   81.00
 290799.278   635.975  -155.10   67.00
 291170.195   606.986   -78.14   70.53
 291541.041   589.886   -46.10   77.87
 291911.817   567.374   -60.70   69.26
 292282.521   556.244   -30.02   54.72
 292653.156   540.939   -41.28   40.89
 293023.720   529.944   -29.67   36.46
 293394.213   534.485    12.25   38.98
 293764.635   539.741    14.19   49.51
 294134.988   557.350    47.54   48.11
