# NaN NaN NaN ;Mean Elev.(m), Avg Gradient(m/km), RMS Gradient(m/km) - SRTM1     
#   13.939   0.628   4.062 ;Mean Elev.(m), Avg Gradient(m/km), RMS Gradient(m/km) - ASTER GDEM
#   34.887  -1.307   4.328 ;Mean Elev.(m), Avg Gradient(m/km), RMS Gradient(m/km) - GMTED2010 
  7 150.811318  65.883782    29.533    29.514  3 52476.05200594 27.620
  8 150.812440  65.883031    31.911    30.025  3 52511.05195890 23.004
  9 150.818738  65.873159    28.428    28.444  5 52546.05198033 34.914
 10 150.811962  65.877066    30.965    30.903  6 52581.05200273 25.227
 11 150.805393  65.888314    34.122    34.075  4 52616.05197066 18.162
 12 150.816506  65.872854    32.006    32.170  7 52651.05195018 17.210
 13 150.810974  65.883633    33.894    33.945  4 52686.05193822 15.523
 14 150.813302  65.880298    33.352    33.353  5 52721.05198865 14.474
 15 150.803592  65.892145    34.011    34.065  3 52756.05201028 13.276
 17 150.820797  65.874494    30.991    30.645  5 52826.05203159 32.912
 18 150.820468  65.873911    30.253    28.923  5 52861.05207735 26.139
 19 150.810244  65.883557    28.413    28.434  4 52896.05210626 35.452
 20 150.804440  65.890220    27.218    27.229  4 52931.05205335 47.297
 21 150.819934  65.872609    32.077    32.173  4 52966.05205227 16.264
 22 150.807730  65.884299    34.014    33.911  4 53001.05208141 15.202
 23 150.805685  65.889146    34.163    34.136  4 53036.05202969 14.650
 24 150.815493  65.882682    33.722    33.732  3 53071.05205196 14.427
 25 150.803871  65.892024    34.122    34.127  3 53106.05203046 12.765
 26 150.814230  65.873768    29.449    29.450  6 53141.05206061 36.659
 27 150.810787  65.876089    32.577    32.573  6 53176.05209060 42.171
 28 150.812174  65.883701    34.200    34.353  3 53211.05210810 21.667
 29 150.810042  65.883416    28.862    28.868  4 53246.05207638 43.941
 30 150.816448  65.873205    32.686    32.026  7 53281.05206294 29.574
 31 150.812443  65.875595    31.928    31.367  7 53316.05207503 24.099
 32 150.812620  65.882434    33.214    33.569  3 53351.05203949 20.182
 33 150.817578  65.873008    30.919    30.675  6 53386.05202522 20.394
 34 150.812916  65.874044    31.294    31.274  7 53421.05202880 19.626
 36 150.810540  65.882963    28.339    28.737  3 53491.05211793 16.367
 37 150.812451  65.875767    29.623    29.637  7 53526.05210195 48.667
 38 150.806371  65.885422    29.202    29.195  4 53561.05212869 48.868
 39 150.810951  65.883301    31.932    30.412  4 53596.05206768 29.352
 40 150.817584  65.873332    29.581    28.826  6 53631.05206336 38.213
 41 150.813106  65.883185    27.833    27.814  3 53666.05208484 42.597
 42 150.812497  65.882777    33.565    33.594  3 53701.05203631 22.708
 43 150.806736  65.887353    33.689    33.729  4 53736.05194593 23.017
 44 150.815119  65.872245    32.889    32.615  7 53771.05195193 18.821
 45 150.810023  65.884881    33.278    33.220  4 53806.05194150 19.934
 47 150.813256  65.874109    31.857    31.845  6 53876.05201077 29.252
 48 150.814200  65.883531    29.689    29.683  3 53911.05205747 31.537
 49 150.807033  65.886587    33.325    33.729  5 53946.05207564 36.641
 50 150.806529  65.886051    34.517    34.633  4 53981.05202136 20.842
 52 150.815577  65.873927    31.612    31.242  7 54051.05204461 16.919
 53 150.810493  65.882712    33.945    33.929  3 54086.05203533 12.621
 54 150.804550  65.893413    33.786    33.642  3 54121.05195934 11.653
 55 150.813428  65.881468    33.905    34.022  3 54156.05199443 11.293
 56 150.805770  65.888377    34.068    34.215  4 54191.05195797 11.070
 57 150.811302  65.876274    28.098    28.053  6 54226.05200657 17.797
 58 150.811354  65.877058    33.123    32.791  6 54261.05202631 24.878
 59 150.813981  65.881495    32.784    33.017  3 54296.05202982 26.877
 60 150.811015  65.883148    34.222    34.347  3 54331.05202142 19.183
 61 150.806268  65.888457    30.276    29.796  4 54366.05196401 41.291
 62 150.813579  65.880511    31.508    32.471  5 54401.05196389 25.584
 63 150.807371  65.885631    33.948    34.169  5 54436.05192048 14.450
 64 150.814894  65.872695    31.358    31.303  6 54471.05194944 13.319
 65 150.806507  65.885672    32.950    33.065  4 54506.05193345 12.417
 66 150.812383  65.879056    31.919    32.335  4 54541.05196319 12.111
 67 150.807242  65.887380    33.353    33.354  4 54576.05193447 12.000
 68 150.814933  65.882570    34.951    34.846  3 54611.05195415 34.459
 69 150.813880  65.882574    29.119    29.107  4 54646.05196169 46.087
 70 150.811920  65.882798    28.330    28.312  3 54681.05196273 42.815
 71 150.806824  65.887800    29.193    28.472  5 54716.05191158 42.236
 72 150.812007  65.875150    28.653    28.632  7 54751.05193540 40.926
 73 150.807879  65.884116    33.277    33.841  4 54786.05190173 24.412
 74 150.813741  65.874968    32.478    32.930  7 54821.05192871 18.235
 75 150.809812  65.884287    33.741    33.762  4 54856.05189779 16.897
 76 150.812063  65.883722    33.809    33.771  3 54891.05193104 14.674
 77 150.804839  65.889230    34.174    34.197  4 54926.05189572 13.500
 78 150.811159  65.875815    29.606    29.603  7 54961.05193063 31.709
 79 150.811514  65.882632    32.813    32.364  4 54996.05195097 22.554
 80 150.811878  65.881980    28.839    28.829  3 55031.05194083 41.843
 81 150.811291  65.883769    30.179    28.294  4 55066.05193036 25.945
 82 150.804306  65.890206    28.344    28.338  4 55101.05187128 47.624
 83 150.811555  65.875554    30.529    30.884  7 55136.05187766 20.742
 84 150.806718  65.884401    33.748    33.785  5 55171.05183883 14.390
 85 150.813292  65.876353    32.896    33.074  6 55206.05187088 15.506
 86 150.806580  65.887535    34.027    33.959  5 55241.05184416 14.256
 87 150.810768  65.883293    33.805    33.776  3 55276.05186368 13.284
 88 150.807020  65.886647    31.671    32.632  4 55311.05182841 15.110
 89 150.814065  65.882569    33.032    32.801  4 55346.05183286 41.128
 90 150.809679  65.883505    29.881    29.874  4 55381.05182555 45.535
 91 150.812941  65.874090    29.070    28.487  7 55416.05185380 28.222
 92 150.808772  65.883606    31.755    30.514  4 55451.05183659 32.250
 93 150.806342  65.890154    27.882    27.875  4 55486.05175960 45.658
