# NaN NaN NaN ;Mean Elev.(m), Avg Gradient(m/km), RMS Gradient(m/km) - SRTM1     
#   -3.081  -8.510  31.840 ;Mean Elev.(m), Avg Gradient(m/km), RMS Gradient(m/km) - ASTER GDEM
#   31.040  -8.364  33.398 ;Mean Elev.(m), Avg Gradient(m/km), RMS Gradient(m/km) - GMTED2010 
 10 152.011620  66.531062    17.107    17.107  2 52563.43850829 49.105
 13 152.014612  66.530158    23.920    23.920  2 52668.43849343 22.535
 14 152.010007  66.530575    24.177    24.177  2 52703.43847276 21.156
 19 152.011305  66.528856    17.979    17.979  2 52878.43862972 51.494
 26 152.007099  66.530035    24.844    24.844  2 53123.43856086 16.163
 28 152.019869  66.531236    24.483    24.483  2 53193.43861280 38.174
 30 152.025998  66.532717    22.465    22.465  2 53263.43858078 35.840
 33 152.030612  66.532776    17.120    17.120  2 53368.43853544 28.105
 34 152.010663  66.530104    17.122    17.122  2 53403.43856569 23.322
 35 152.025281  66.533089    17.122    17.122  2 53438.43855424 23.830
 38 152.014061  66.530432    23.797    23.797  2 53543.43864654 43.726
 40 152.024846  66.532573    24.132    24.132  2 53613.43858248 40.324
 43 152.029151  66.531983    16.819    16.819  2 53718.43852970 28.181
 44 152.010026  66.530834    16.634    16.634  2 53753.43845137 26.735
 47 152.006756  66.529747    25.985    25.985  2 53858.43852895  3.447
 52 152.012256  66.530055    24.437    24.437  2 54033.43858079 19.454
 55 152.008833  66.529504    26.188    26.188  2 54138.43850443 14.234
 56 152.022520  66.531766    26.165    26.165  2 54173.43851084 14.146
 57 152.007506  66.529202    21.160    21.160  2 54208.43851029 13.440
 58 152.015890  66.529994    30.894    30.894  2 54243.43854198 25.842
 60 152.019057  66.530603    19.997    19.997  2 54313.43855497 46.682
 62 152.010736  66.529894    18.120    18.120  2 54383.43849276 50.310
 65 152.019773  66.530944    19.705    19.705  2 54488.43847377 20.222
 66 152.011116  66.531113    16.798    16.798  2 54523.43847638 19.690
 68 152.015508  66.529255    21.139    21.139  2 54593.43847214 18.333
 69 152.016519  66.531136    27.098    27.098  2 54628.43848720 34.575
 73 152.019235  66.530385    16.923    16.923  2 54768.43844713 36.106
 75 152.015994  66.531246    16.701    16.701  2 54838.43844098 25.104
 76 152.010364  66.528970    16.766    16.766  2 54873.43844499 22.037
 78 152.008620  66.528815    19.952    19.952  2 54943.43843801 14.430
 81 152.016915  66.529586    18.472    18.472  2 55048.43846391 45.855
 82 152.028431  66.531900    24.154    24.154  2 55083.43843369 48.994
 84 152.019771  66.530261    16.672    16.672  2 55153.43839222 26.703
 85 152.006555  66.529948    17.940    17.940  2 55188.43838443 20.688
 87 152.013721  66.530466    24.873    24.873  2 55258.43838015 18.219
 93 152.029864  66.533377    21.738    21.738  2 55468.43833127 46.511
