# NaN NaN NaN ;Mean Elev.(m), Avg Gradient(m/km), RMS Gradient(m/km) - SRTM1     
#  116.241 -14.690  31.281 ;Mean Elev.(m), Avg Gradient(m/km), RMS Gradient(m/km) - ASTER GDEM
#  123.471 -14.171  32.509 ;Mean Elev.(m), Avg Gradient(m/km), RMS Gradient(m/km) - GMTED2010 
  7 154.330046  64.321559    97.514    97.514  2 52448.03836351 45.866
  8 154.331370  64.322305   111.617   111.566  3 52483.03835198 45.122
  9 154.329600  64.321986   111.409   111.409  2 52518.03830955 43.324
 10 154.339136  64.317750   110.094   110.094  2 52553.03835981 36.178
 11 154.333946  64.318385   110.520   110.545  4 52588.03833985 33.296
 12 154.330353  64.323789   111.281   111.281  2 52623.03829584 19.311
 13 154.339063  64.318043   111.980   111.980  2 52658.03831110 16.145
 15 154.339005  64.318719   111.078   110.785  3 52728.03833293 16.030
 20 154.332201  64.320769   110.029   109.799  3 52903.03844505 31.630
 22 154.339619  64.318885   111.584   111.584  2 52973.03841663 16.762
 23 154.330744  64.321133   111.406   111.406  2 53008.03842560 12.852
 25 154.330715  64.323521   111.715   111.715  2 53078.03841492 11.401
 26 154.341322  64.318302   111.409   111.409  2 53113.03838589 20.071
 27 154.333597  64.318279   111.302   111.336  3 53148.03843060 38.014
 28 154.341484  64.317990   114.128   114.128  2 53183.03843022 35.835
 29 154.334416  64.320267   111.600   111.674  3 53218.03845424 38.172
 31 154.341206  64.319125   110.878   110.882  3 53288.03843259 46.236
 32 154.342028  64.318352   110.494   110.494  2 53323.03840863 23.369
 33 154.331919  64.319813   111.798   111.798  2 53358.03837344 17.044
 35 154.332605  64.319640   111.914   111.901  3 53428.03838363 14.112
 37 154.332390  64.321410   111.508   111.547  3 53498.03847296 34.476
 38 154.333876  64.317512   111.566   111.463  3 53533.03845565 37.837
 39 154.329807  64.323846   110.397   110.397  2 53568.03847360 42.549
 40 154.330147  64.323730   112.054   112.054  2 53603.03841901 43.635
 41 154.341239  64.317579   110.230   110.282  3 53638.03841787 47.762
 42 154.332929  64.319671   110.038   110.047  3 53673.03843834 36.627
 43 154.333004  64.321033   110.358   110.216  3 53708.03836953 24.072
 45 154.341260  64.317157   111.644   111.644  2 53778.03830784 17.297
 47 154.340981  64.318093   111.968   111.965  3 53848.03833860 13.289
 49 154.330267  64.322159   110.713   110.713  2 53918.03841966 32.908
 54 154.328921  64.323714   111.387   111.387  2 54093.03837580 13.648
 56 154.330863  64.318756   112.008   112.044  3 54163.03834601  9.928
 58 154.339818  64.318645   112.936   112.992  3 54233.03835910 42.629
 59 154.334941  64.317381   113.763   113.631  3 54268.03837822 37.872
 60 154.335335  64.317515   111.292   111.315  3 54303.03838218 45.220
 61 154.332943  64.321043   111.837   111.778  3 54338.03836722 43.671
 62 154.340420  64.316346   111.767   111.767  2 54373.03831544 45.311
 63 154.333007  64.319261   110.448   110.448  2 54408.03831306 34.651
 65 154.336301  64.318164   110.598   110.471  3 54478.03830234 15.631
 67 154.331458  64.319739   111.669   111.650  3 54548.03831594 11.337
 68 154.339505  64.319139   111.856   111.999  3 54583.03828622 11.804
 69 154.335683  64.317075   113.895   113.922  4 54618.03830732 41.592
 70 154.334946  64.319764   111.551   111.509  3 54653.03831886 39.286
 71 154.332076  64.321440   111.250   111.235  3 54688.03830811 46.453
 73 154.333141  64.319119   109.636   109.793  3 54758.03828431 43.005
 75 154.335754  64.316281   111.897   111.950  4 54828.03828278 15.546
 77 154.332527  64.321042   111.671   111.677  3 54898.03828217 10.962
 78 154.341007  64.317339   111.729   111.729  2 54933.03824895 11.694
 79 154.335725  64.317956   113.263   113.282  4 54968.03828337 43.452
 80 154.333452  64.318785   111.897   111.880  3 55003.03830331 43.486
 81 154.336305  64.318379   110.049   110.033  3 55038.03828995 44.450
 82 154.330196  64.320812   111.475   111.475  2 55073.03827538 35.133
 84 154.332927  64.320748   110.004   110.055  3 55143.03822679 22.063
 86 154.333882  64.318059   110.905   110.797  3 55213.03822177 13.642
 88 154.331752  64.320922   111.734   111.734  2 55283.03821504 12.101
 89 154.333592  64.318565   109.299   109.171  3 55318.03818496 20.990
 90 154.331694  64.318469   111.774   111.788  3 55353.03818807 39.010
 92 154.334083  64.316960   111.688   111.735  3 55423.03820590 41.155
 93 154.330899  64.321711   113.238   113.186  3 55458.03817760 35.934
