# NaN NaN NaN ;Mean Elev.(m), Avg Gradient(m/km), RMS Gradient(m/km) - SRTM1     
#   -3.589  -1.228   9.914 ;Mean Elev.(m), Avg Gradient(m/km), RMS Gradient(m/km) - ASTER GDEM
#    9.071  -0.314   6.227 ;Mean Elev.(m), Avg Gradient(m/km), RMS Gradient(m/km) - GMTED2010 
  7 157.592307  68.079116     3.776     3.870  8 52467.03955545 29.069
  8 157.580268  68.075196     3.780     3.830  9 52502.03954832 31.266
 10 157.596072  68.080380     2.245     1.495  8 52572.03956979 38.386
 11 157.586536  68.077055     2.754     0.852  8 52607.03952931 26.413
 12 157.608921  68.083990     5.264     5.076  9 52642.03952521 18.729
 13 157.584511  68.076616     3.444     4.572  9 52677.03951397 18.266
 14 157.605442  68.081405     4.722     4.578  6 52712.03954315 16.418
 15 157.559009  68.065241    37.577    37.580  4 52747.03957431 17.570
 17 157.609125  68.080018     9.085     9.084  4 52817.03958874 46.557
 18 157.610930  68.084718     3.041     3.057  8 52852.03963853 31.784
 20 157.576050  68.074275     4.386     2.041  9 52922.03963080 28.313
 22 157.601947  68.078404     1.736     1.328  5 52992.03961527 18.516
 23 157.576731  68.069140    38.259    38.259  2 53027.03958330 16.343
 24 157.598722  68.074070    38.073    38.073  2 53062.03959088 15.265
 25 157.564339  68.069848    36.404    36.356  6 53097.03961652 14.857
 28 157.597449  68.081007     9.141     9.084  8 53202.03966471 17.334
 29 157.590801  68.078144     9.870     9.943  8 53237.03963457 15.519
 31 157.597383  68.080759     2.647     2.608  8 53307.03965542 21.477
 33 157.565260  68.067517    38.062    38.086  5 53377.03956015 11.476
 36 157.584700  68.070456    38.603    38.603  2 53482.03966984  8.602
 37 157.591811  68.078736     5.188     5.110  9 53517.03967019 46.869
 38 157.581232  68.075910     7.609     9.382  9 53552.03969179 23.930
 39 157.588831  68.078043     6.052     6.108  8 53587.03964531 46.594
 40 157.610556  68.082201     4.863     4.869  6 53622.03960955 49.539
 41 157.605901  68.082741     1.808     1.881  9 53657.03963762 31.470
 42 157.582677  68.076086     2.411     0.530  9 53692.03962533 28.854
 45 157.584555  68.077446     2.811     2.263  7 53797.03951446 15.478
 48 157.595184  68.079836    10.238    10.188  8 53902.03960183 17.182
 49 157.580199  68.075191     3.725     3.757  9 53937.03964140 29.800
 50 157.575570  68.074636     6.420     6.438  8 53972.03960668 42.251
 52 157.611601  68.082728     3.771     2.063  6 54042.03961421 18.661
 53 157.584809  68.076970     6.020     6.140  8 54077.03961021 15.284
 54 157.553326  68.062597    37.910    37.910  2 54112.03955369 14.938
 56 157.557622  68.063378    38.325    38.325  2 54182.03954115 13.353
 58 157.598672  68.081423    10.418    10.436  9 54252.03958543 52.476
 59 157.591573  68.078251     6.125     5.236  8 54287.03959149 28.155
 60 157.597423  68.081365     4.235     4.108  8 54322.03958792 42.901
 61 157.572715  68.073768     5.229     5.226  9 54357.03954916 48.288
 62 157.599162  68.081464     1.804     1.783  9 54392.03952842 39.009
 63 157.584063  68.075545     3.945     2.824  8 54427.03949873 17.666
 64 157.597141  68.074222    38.368    38.368  2 54462.03950723 13.061
 65 157.585460  68.076541    36.802    36.821  8 54497.03950627 13.234
 66 157.597928  68.076791    37.552    37.634  4 54532.03951993 13.450
 67 157.563687  68.066379    38.295    38.369  4 54567.03951373 11.672
 68 157.600494  68.081943     1.445     1.304  8 54602.03951418 26.123
 69 157.590646  68.078294     9.351     9.231  9 54637.03952672 18.909
 70 157.588073  68.077779     4.134     4.139  9 54672.03953031 47.604
 71 157.582454  68.076206     2.965     3.000  8 54707.03949054 35.374
 72 157.602728  68.082013     7.624     8.133  8 54742.03949395 21.762
 73 157.587408  68.077410     0.925     0.905  9 54777.03947157 27.741
 74 157.605825  68.079538     2.425     2.694  6 54812.03948777 20.431
 75 157.575240  68.070313    37.784    38.229  4 54847.03947340 17.757
 77 157.564147  68.068533    37.425    37.508  6 54917.03947710 13.893
 78 157.604966  68.085702    10.194     8.628  6 54952.03948356 13.810
 79 157.593593  68.078363     8.624     8.434  7 54987.03950970 19.493
 80 157.592979  68.079801     3.247     3.265  8 55022.03950211 33.069
 81 157.589305  68.077909     3.073     3.173  8 55057.03949879 50.366
 82 157.573043  68.073414     6.351     6.369  8 55092.03945674 44.995
 83 157.599488  68.081182     0.953     0.934  8 55127.03943775 42.702
 84 157.583978  68.076346     0.560     0.530  9 55162.03941737 29.462
 85 157.608516  68.083930     0.688     0.694  9 55197.03942780 25.412
 87 157.599551  68.081268     2.961     2.526  8 55267.03942349 16.631
 88 157.576136  68.075090     1.364     1.446  8 55302.03940203 17.210
 89 157.595048  68.082020     8.470     8.506  5 55337.03939794 37.380
 90 157.591284  68.078284     7.609     7.913  8 55372.03938866 19.728
 91 157.605180  68.082522     2.392     2.402  9 55407.03940739 28.930
 92 157.588117  68.077356     6.892     7.360  8 55442.03940800 32.189
 93 157.573136  68.074296     7.224     7.595  8 55477.03935042 25.462
