# NaN NaN NaN ;Mean Elev.(m), Avg Gradient(m/km), RMS Gradient(m/km) - SRTM1     
#    8.556  -8.941  13.209 ;Mean Elev.(m), Avg Gradient(m/km), RMS Gradient(m/km) - ASTER GDEM
#    1.118  -6.374  31.269 ;Mean Elev.(m), Avg Gradient(m/km), RMS Gradient(m/km) - GMTED2010 
  7     1.391 52461.03137182 28.41 161.566003  68.930567 12.144
  7     1.305 52461.03137246 21.21 161.561983  68.927547 12.144
  7     1.330 52461.03137311 21.47 161.557963  68.924517 12.144
  7     2.019 52461.03137375 20.69 161.553943  68.921497 12.144
  7     2.163 52461.03137440 20.54 161.549923  68.918477 12.144
  7     2.655 52461.03137504 20.40 161.545903  68.915457 12.144
  7     2.129 52461.03137569 27.73 161.541883  68.912437 12.144
  7     3.658 52461.03137633 22.82 161.537863  68.909417 12.144
  8     2.511 52496.03137072 45.58 161.564788  68.935840 23.107
  8     2.324 52496.03137137 45.86 161.560758  68.932820 23.107
  8     2.270 52496.03137201 46.23 161.556738  68.929800 23.107
  8     2.394 52496.03137266 46.31 161.552718  68.926780 23.107
  8     2.330 52496.03137330 46.47 161.548698  68.923760 23.107
 11     0.953 52601.03139283 23.28 161.560694  68.941390  8.672
 11     1.776 52601.03139347 23.39 161.556664  68.938370  8.672
 11     2.195 52601.03139412 22.85 161.552644  68.935350  8.672
 11     2.321 52601.03139476 22.86 161.548614  68.932320  8.672
 11     2.315 52601.03139541 23.71 161.544594  68.929300  8.672
 11     2.390 52601.03139605 23.25 161.540574  68.926280  8.672
 11     3.089 52601.03139669 22.68 161.536554  68.923260  8.672
 12     0.111 52636.03135621 22.86 161.571120  68.931582  4.168
 12     0.088 52636.03135686 23.71 161.567090  68.928562  4.168
 12     0.233 52636.03135750 23.70 161.563070  68.925542  4.168
 12     0.454 52636.03135815 23.42 161.559050  68.922522  4.168
 12     0.415 52636.03135879 24.04 161.555020  68.919502  4.168
 12     0.532 52636.03135944 23.21 161.551000  68.916482  4.168
 12     1.200 52636.03136008 23.19 161.546980  68.913462  4.168
 12     1.299 52636.03136073 22.94 161.542960  68.910442  4.168
 12     1.635 52636.03136137 22.68 161.538940  68.907422  4.168
 12     1.858 52636.03136201 22.24 161.534930  68.904392  4.168
 13     1.654 52671.03136229 18.18 161.562271  68.935742  4.011
 13     0.709 52671.03136294 18.59 161.558251  68.932722  4.011
 13     1.185 52671.03136358 19.17 161.554221  68.929702  4.011
 13     1.137 52671.03136423 19.18 161.550201  68.926682  4.011
 13     1.526 52671.03136487 19.17 161.546181  68.923662  4.011
 13     1.675 52671.03136552 19.63 161.542161  68.920642  4.011
 13     1.556 52671.03136616 19.83 161.538141  68.917622  4.011
 13     2.084 52671.03136681 18.91 161.534121  68.914602  4.011
 16     2.226 52776.03133507 18.06 161.558482  68.940267 11.639
 16     1.676 52776.03133572 19.21 161.554452  68.937247 11.639
 16     1.504 52776.03133636 19.30 161.550432  68.934227 11.639
 16     1.707 52776.03133701 21.70 161.546412  68.931207 11.639
 16     1.286 52776.03133765 22.38 161.542392  68.928187 11.639
 16     0.358 52776.03133830 26.45 161.538372  68.925167 11.639
 16     0.246 52776.03133894 28.57 161.534352  68.922147 11.639
 17     4.798 52811.03141324 38.34 161.568584  68.928332 18.075
 17     3.478 52811.03141388 37.83 161.564564  68.925312 18.075
 17     3.937 52811.03141453 38.68 161.560534  68.922292 18.075
 19     1.802 52881.03150502 45.78 161.563807  68.934303 26.565
 19     1.616 52881.03150566 45.89 161.559777  68.931283 26.565
 19     1.858 52881.03150631 45.33 161.555757  68.928263 26.565
 19     1.854 52881.03150695 45.97 161.551737  68.925243 26.565
 19     1.912 52881.03150760 46.53 161.547717  68.922223 26.565
 19     1.978 52881.03150824 46.34 161.543697  68.919203 26.565
 19     1.728 52881.03150889 46.31 161.539677  68.916183 26.565
 19     2.019 52881.03150953 42.63 161.535657  68.913163 26.565
 20     2.318 52916.03146196 27.31 161.559891  68.937144 19.938
 20     2.611 52916.03146261 23.54 161.555861  68.934124 19.938
 20     2.928 52916.03146325 23.63 161.551841  68.931104 19.938
 20     4.178 52916.03146389 22.81 161.547821  68.928084 19.938
 20     4.013 52916.03146454 24.86 161.543801  68.925064 19.938
 20     4.348 52916.03146518 23.63 161.539781  68.922044 19.938
 20     4.372 52916.03146583 27.28 161.535761  68.919024 19.938
 22    -0.040 52986.03144359 23.01 161.568474  68.929845  4.040
 22     0.020 52986.03144423 22.51 161.564444  68.926825  4.040
 22     0.208 52986.03144488 22.54 161.560424  68.923805  4.040
 22     0.267 52986.03144552 22.73 161.556404  68.920785  4.040
 22     0.059 52986.03144617 22.82 161.552384  68.917765  4.040
 22     0.133 52986.03144681 22.80 161.548364  68.914745  4.040
 22     0.765 52986.03144746 21.72 161.544344  68.911725  4.040
 22     1.306 52986.03144810 21.13 161.540334  68.908705  4.040
 22     1.804 52986.03144875 20.73 161.536314  68.905685  4.040
 23     0.633 53021.03143277 17.53 161.560811  68.935205  3.108
 23     0.679 53021.03143341 17.60 161.556781  68.932175  3.108
 23     0.986 53021.03143405 17.43 161.552761  68.929155  3.108
 23     1.434 53021.03143470 17.04 161.548741  68.926135  3.108
 23     1.245 53021.03143534 18.27 161.544721  68.923115  3.108
 23     1.683 53021.03143599 17.81 161.540701  68.920095  3.108
 23     1.802 53021.03143663 17.12 161.536681  68.917075  3.108
 25     0.513 53091.03145622 13.29 161.566807  68.952022  2.141
 25     0.562 53091.03145686 13.54 161.562777  68.949002  2.141
 25     0.528 53091.03145751 13.66 161.558747  68.945982  2.141
 25     0.969 53091.03145815 13.68 161.554727  68.942962  2.141
 25     1.072 53091.03145880 14.10 161.550697  68.939932  2.141
 25     1.107 53091.03145944 14.13 161.546677  68.936912  2.141
 25     1.784 53091.03146008 13.88 161.542647  68.933892  2.141
 25     1.884 53091.03146073 13.73 161.538627  68.930872  2.141
 25     2.211 53091.03146137 14.04 161.534607  68.927852  2.141
 27     5.295 53161.03149133 30.17 161.563760  68.935826 23.255
 27    15.011 53161.03149198 28.75 161.559740  68.932806 23.255
 27    11.553 53161.03149262 35.46 161.555710  68.929786 23.255
 27     5.292 53161.03149327 31.64 161.551690  68.926766 23.255
 27     5.867 53161.03149391 34.19 161.547670  68.923746 23.255
 27     6.172 53161.03149455 28.99 161.543650  68.920726 23.255
 27     5.063 53161.03149520 28.05 161.539630  68.917706 23.255
 27     5.241 53161.03149584 30.12 161.535610  68.914686 23.255
 28     3.460 53196.03148907 23.67 161.567834  68.934639 13.136
 28     3.867 53196.03148972 16.49 161.563804  68.931619 13.136
 28     3.460 53196.03149036 14.57 161.559784  68.928599 13.136
 28     3.523 53196.03149101 13.07 161.555764  68.925579 13.136
 28     3.905 53196.03149165 12.87 161.551744  68.922559 13.136
 28     4.297 53196.03149230 13.36 161.547724  68.919539 13.136
 28     5.551 53196.03149294 14.32 161.543704  68.916519 13.136
 28     5.752 53196.03149359 17.98 161.539684  68.913499 13.136
 29    19.124 53231.03147448 15.63 161.559904  68.929133 15.372
 29     2.966 53231.03147513 17.89 161.555884  68.926113 15.372
 29     3.028 53231.03147577 16.49 161.551864  68.923093 15.372
 29     3.332 53231.03147642 19.70 161.547844  68.920073 15.372
 29     5.023 53231.03147706 16.40 161.543824  68.917053 15.372
 29     4.120 53231.03147770 19.80 161.539804  68.914033 15.372
 29     4.075 53231.03147835 25.12 161.535794  68.911013 15.372
 30     2.307 53266.03144018 18.79 161.567215  68.952863  8.569
 30     1.512 53266.03144082 18.72 161.563183  68.949842 26.168
 30     1.862 53266.03144146 17.83 161.559153  68.946822 26.168
 30     2.254 53266.03144211 18.83 161.555133  68.943802 26.168
 30     2.786 53266.03144275 17.70 161.551103  68.940782 26.168
 30     3.305 53266.03144340 18.64 161.547083  68.937762 26.168
 30     2.111 53266.03144404 20.62 161.543063  68.934742 26.168
 30     2.081 53266.03144469 29.01 161.539043  68.931712 26.168
 30     2.637 53266.03144533 31.11 161.535023  68.928692 26.168
 31     0.352 53301.03149350 25.24 161.564070  68.933052  5.252
 31     0.543 53301.03149414 24.40 161.560040  68.930032  5.252
 31     1.020 53301.03149479 24.38 161.556020  68.927012  5.252
 31     0.677 53301.03149543 24.68 161.551990  68.923992  5.252
 31     1.782 53301.03149608 23.60 161.547970  68.920972  5.252
 31     0.524 53301.03149672 23.80 161.543950  68.917952  5.252
 31     0.487 53301.03149737 24.00 161.539930  68.914932  5.252
 31     1.712 53301.03149801 23.31 161.535910  68.911912  5.252
 32     1.505 53336.03146413 14.65 161.561382  68.934078  3.525
 32     1.649 53336.03146477 14.95 161.557352  68.931058  3.525
 32     2.210 53336.03146541 14.17 161.553332  68.928038  3.525
 32     2.148 53336.03146606 15.53 161.549312  68.925018  3.525
 32     2.440 53336.03146670 14.92 161.545292  68.921998  3.525
 32     2.547 53336.03146735 15.07 161.541272  68.918978  3.525
 32     2.699 53336.03146799 16.48 161.537252  68.915958  3.525
 33     0.233 53371.03139823 14.29 161.571374  68.951798  2.156
 33     0.960 53371.03139887 14.00 161.567344  68.948778  2.156
 33     1.097 53371.03139952 14.17 161.563314  68.945758  2.156
 33     1.513 53371.03140016 14.14 161.559294  68.942738  2.156
 33     2.156 53371.03140081 14.63 161.555264  68.939718  2.156
 33     1.956 53371.03140145 14.71 161.551244  68.936688  2.156
 33     2.148 53371.03140210 14.78 161.547224  68.933668  2.156
 33     2.301 53371.03140274 14.62 161.543204  68.930648  2.156
 33     2.572 53371.03140338 14.27 161.539184  68.927628  2.156
 33     2.794 53371.03140403 14.12 161.535164  68.924608  2.156
 35     0.947 53441.03142003 14.07 161.570010  68.950523  3.415
 35     0.967 53441.03142068 13.77 161.565980  68.947503  3.415
 35     1.926 53441.03142197 14.06 161.557930  68.941463  3.415
 35     2.374 53441.03142261 14.94 161.553910  68.938433  3.415
 35     1.531 53441.03142326 13.98 161.549880  68.935413  3.415
 35     1.976 53441.03142390 14.59 161.545860  68.932393  3.415
 35     2.190 53441.03142455 14.35 161.541840  68.929373  3.415
 35     2.431 53441.03142519 14.30 161.537820  68.926353  3.415
 35     2.664 53441.03142584 14.22 161.533800  68.923333  3.415
 36     2.340 53476.03149334 11.32 161.542268  68.915324  2.011
 36     2.022 53476.03149399 11.74 161.538248  68.912304  2.011
 36     2.218 53476.03149463 11.69 161.534228  68.909284  2.011
 38     4.734 53546.03151984 14.43 161.562225  68.939485  9.993
 38     3.623 53546.03152049 15.18 161.558195  68.936465  9.993
 38     3.906 53546.03152113 13.41 161.554175  68.933445  9.993
 38     3.230 53546.03152177 14.96 161.550145  68.930425  9.993
 38     3.736 53546.03152242 13.58 161.546125  68.927405  9.993
 38     4.043 53546.03152306 14.17 161.542105  68.924385  9.993
 38     4.583 53546.03152371 14.47 161.538085  68.921365  9.993
 38     5.106 53546.03152435 19.32 161.534065  68.918345  9.993
 39     3.056 53581.03149473 21.19 161.557934  68.935311 17.183
 39     1.461 53581.03149537 18.89 161.553904  68.932291 17.183
 39     1.931 53581.03149602 16.98 161.549884  68.929271 17.183
 39     1.744 53581.03149666 24.76 161.545864  68.926251 17.183
 39     2.067 53581.03149731 23.00 161.541844  68.923231 17.183
 39     2.454 53581.03149795 24.89 161.537824  68.920211 17.183
 39     2.434 53581.03149860 28.86 161.533804  68.917191 17.183
 40     3.830 53616.03144631 15.58 161.568273  68.952140 20.176
 40     3.662 53616.03144696 16.11 161.564253  68.949120 20.176
 40     2.980 53616.03144760 16.00 161.560223  68.946100 20.176
 40     3.268 53616.03144825 16.39 161.556193  68.943080 20.176
 40     3.291 53616.03144889 17.56 161.552173  68.940060 20.176
 40     3.453 53616.03144954 18.13 161.548143  68.937030 20.176
 40     3.544 53616.03145018 18.38 161.544123  68.934010 20.176
 40     3.998 53616.03145083 24.35 161.540103  68.930990 20.176
 42     2.365 53686.03146991 26.98 161.562287  68.937313  9.911
 42     2.181 53686.03147055 27.40 161.558257  68.934293  9.911
 42     1.797 53686.03147120 28.13 161.554237  68.931273  9.911
 42     1.976 53686.03147184 26.05 161.550217  68.928253  9.911
 42     1.918 53686.03147248 28.38 161.546187  68.925223  9.911
 42     1.852 53686.03147313 27.48 161.542167  68.922203  9.911
 42     1.982 53686.03147377 26.41 161.538147  68.919183  9.911
 42     2.059 53686.03147442 25.06 161.534127  68.916163  9.911
 43     2.153 53721.03139551 22.89 161.559224  68.940066  6.617
 43     2.160 53721.03139616 23.43 161.555194  68.937036  6.617
 43     1.906 53721.03139680 22.76 161.551174  68.934016  6.617
 43     1.997 53721.03139745 22.48 161.547154  68.930996  6.617
 43     2.410 53721.03139809 22.58 161.543134  68.927976  6.617
 43     2.149 53721.03139874 22.08 161.539114  68.924956  6.617
 43     2.216 53721.03139938 22.14 161.535094  68.921936  6.617
 45     2.339 53791.03135167 13.40 161.565904  68.935013  5.192
 45     1.872 53791.03135231 14.25 161.561884  68.931993  5.192
 45     2.079 53791.03135296 14.22 161.557854  68.928973  5.192
 45     1.985 53791.03135360 14.25 161.553834  68.925953  5.192
 45     2.016 53791.03135425 13.63 161.549814  68.922933  5.192
 45     2.038 53791.03135489 14.07 161.545794  68.919913  5.192
 45     2.004 53791.03135554 14.43 161.541774  68.916893  5.192
 45     1.925 53791.03135618 14.05 161.537754  68.913873  5.192
 45     2.461 53791.03135683 13.89 161.533744  68.910853  5.192
 47     0.616 53861.03140296 14.20 161.567211  68.932887  3.049
 47     0.669 53861.03140360 14.14 161.563191  68.929867  3.049
 47     0.446 53861.03140425 14.28 161.559171  68.926847  3.049
 47     0.690 53861.03140489 14.29 161.555141  68.923827  3.049
 47     0.365 53861.03140554 14.54 161.551121  68.920807  3.049
 47     0.939 53861.03140618 14.40 161.547101  68.917787  3.049
 47     1.217 53861.03140683 14.54 161.543081  68.914767  3.049
 47     0.354 53861.03140747 14.81 161.539061  68.911747  3.049
 47     1.666 53861.03140811 14.25 161.535041  68.908727  3.049
 48    13.512 53896.03142393 17.28 161.560285  68.925669 11.399
 48    12.158 53896.03142458 17.43 161.556265  68.922649 11.399
 48     5.120 53896.03142522 18.45 161.552235  68.919629 11.399
 48     4.520 53896.03142587 19.44 161.548215  68.916609 11.399
 48     4.541 53896.03142651 20.11 161.544205  68.913589 11.399
 48     4.887 53896.03142716 24.82 161.540185  68.910559 11.399
 48     6.242 53896.03142780 24.51 161.536165  68.907539 11.399
 49     2.861 53931.03147322 15.19 161.558599  68.938327 15.523
 49     2.671 53931.03147386 13.46 161.554579  68.935307 15.523
 49     2.662 53931.03147451 15.68 161.550549  68.932287 15.523
 49     2.583 53931.03147515 15.70 161.546529  68.929267 15.523
 49     3.079 53931.03147580 13.98 161.542509  68.926237 15.523
 49     3.654 53931.03147644 14.05 161.538489  68.923217 15.523
 52     0.968 54036.03145566 36.56 161.548550  68.915515 17.022
 52     0.225 54036.03145630 38.59 161.544530  68.912495 17.022
 52     0.015 54036.03145694 39.88 161.540510  68.909475 17.022
 52     0.800 54036.03145759 34.99 161.536500  68.906455 17.022
 53    -0.166 54071.03144646 24.20 161.563580  68.933407  4.065
 53    -0.064 54071.03144710 24.87 161.559560  68.930387  4.065
 53    -0.105 54071.03144774 24.92 161.555540  68.927367  4.065
 53    -0.085 54071.03144839 25.39 161.551520  68.924347  4.065
 53    -0.033 54071.03144903 24.45 161.547500  68.921327  4.065
 53    -0.187 54071.03144968 24.96 161.543480  68.918307  4.065
 53    -0.193 54071.03145032 24.40 161.539460  68.915287  4.065
 53    -0.122 54071.03145097 24.59 161.535440  68.912267  4.065
 54     1.114 54106.03139535 17.43 161.568976  68.952434  4.907
 54     1.367 54106.03139599 17.27 161.564956  68.949414  4.907
 54     1.300 54106.03139663 17.46 161.560926  68.946394  4.907
 54     1.119 54106.03139728 18.39 161.556896  68.943374  4.907
 54     1.545 54106.03139792 17.77 161.552875  68.940349  3.179
 54     1.738 54106.03139857 17.95 161.548855  68.937329  3.179
 54     1.417 54106.03139921 18.18 161.544835  68.934309  3.179
 54     1.816 54106.03139986 18.10 161.540805  68.931289  3.179
 54     1.901 54106.03140050 18.47 161.536785  68.928269  3.179
 55     1.596 54141.03137980 16.43 161.567049  68.929788  3.776
 55     0.143 54141.03138044 16.22 161.563029  68.926768  3.776
 55     0.527 54141.03138109 17.17 161.558999  68.923748  3.776
 55     0.589 54141.03138173 17.30 161.554979  68.920728  3.776
 55     0.217 54141.03138238 17.22 161.550959  68.917708  3.776
 55     0.056 54141.03138302 17.64 161.546939  68.914688  3.776
 55     0.143 54141.03138366 17.55 161.542919  68.911668  3.776
 55     0.383 54141.03138431 17.64 161.538899  68.908648  3.776
 55     0.354 54141.03138495 17.51 161.534889  68.905628  3.776
 56     1.145 54176.03137901 13.41 161.559149  68.938364  3.385
 56     0.829 54176.03137965 14.03 161.555129  68.935344  3.385
 56     1.015 54176.03138030 13.95 161.551099  68.932324  3.385
 56     1.422 54176.03138094 13.88 161.547079  68.929304  3.385
 56     1.445 54176.03138159 14.09 161.543059  68.926284  3.385
 56     0.513 54176.03138223 14.13 161.539040  68.923256  2.636
 56     0.966 54176.03138288 14.28 161.535020  68.920236  2.636
 57     0.994 54211.03138651 13.32 161.566137  68.930975  1.915
 57     0.850 54211.03138715 13.43 161.562117  68.927955  1.915
 57     0.907 54211.03138779 13.85 161.558092  68.924934  2.587
 57     0.940 54211.03138844 13.67 161.554072  68.921914  2.587
 57     0.245 54211.03138908 14.13 161.550052  68.918894  2.587
 57     0.349 54211.03138973 14.14 161.546032  68.915874  2.587
 57     0.492 54211.03139037 13.96 161.542012  68.912854  2.587
 57     0.425 54211.03139102 14.16 161.537992  68.909834  2.587
 60     3.076 54316.03142664 16.23 161.555399  68.928936 16.835
 60     2.470 54316.03142728 17.79 161.551379  68.925916 16.835
 60     1.912 54316.03142793 21.15 161.547362  68.922889 17.375
 60     1.983 54316.03142857 25.26 161.543342  68.919869 17.375
 60     3.154 54316.03142922 22.28 161.539322  68.916849 17.375
 60     2.667 54316.03142986 27.87 161.535302  68.913829 17.375
 62     0.210 54386.03136448 49.02 161.569110  68.933202 26.880
 62     0.160 54386.03136512 53.29 161.565080  68.930182 26.880
 62     0.144 54386.03136577 52.43 161.561060  68.927162 26.880
 62     0.153 54386.03136641 52.54 161.557030  68.924142 26.880
 62     0.206 54386.03136706 51.20 161.553010  68.921122 26.880
 62     0.261 54386.03136770 52.56 161.548990  68.918097 35.827
 62     0.106 54386.03136835 52.25 161.544970  68.915077 35.827
 62     0.221 54386.03136899 48.49 161.540950  68.912057 35.827
 62     0.099 54386.03136964 42.86 161.536940  68.909037 35.827
 63     1.037 54421.03134186 28.00 161.562221  68.940007  6.444
 63     0.779 54421.03134250 27.18 161.558191  68.936987  6.444
 63     1.001 54421.03134315 26.80 161.554171  68.933967  6.444
 63     1.293 54421.03134379 26.68 161.550141  68.930947  6.444
 63     1.644 54421.03134444 26.45 161.546121  68.927927  6.444
 63     1.657 54421.03134508 28.05 161.542101  68.924907  6.444
 63     1.959 54421.03134573 28.58 161.538081  68.921887  6.444
 63     1.907 54421.03134637 29.80 161.534069  68.918856  7.075
 65     0.933 54491.03134385 17.01 161.560863  68.935467  3.697
 65     1.071 54491.03134450 17.51 161.556833  68.932447  3.697
 65     1.391 54491.03134514 16.78 161.552813  68.929427  3.697
 65     1.613 54491.03134579 17.35 161.548793  68.926407  3.697
 65     1.755 54491.03134643 16.98 161.544773  68.923387  3.697
 65     2.027 54491.03134708 17.20 161.540753  68.920367  3.697
 65     2.102 54491.03134772 16.75 161.536733  68.917347  3.697
 66     1.769 54526.03135364 13.92 161.548259  68.915282  2.007
 66     1.960 54526.03135428 13.58 161.544239  68.912262  2.007
 66     2.181 54526.03135493 13.86 161.540219  68.909232  2.007
 66     2.034 54526.03135557 14.16 161.536199  68.906212  2.007
 67     3.210 54561.03135199 12.47 161.558715  68.937866  4.826
 67     2.806 54561.03135264 12.24 161.554685  68.934846  4.826
 67     3.011 54561.03135328 12.41 161.550665  68.931826  4.826
 67     2.849 54561.03135393 12.63 161.546645  68.928806  4.826
 67     3.087 54561.03135457 12.78 161.542625  68.925786  4.826
 67     2.808 54561.03135522 12.32 161.538605  68.922766  4.826
 67     2.429 54561.03135586 13.18 161.534585  68.919746  4.826
 68    20.330 54596.03134859  7.12 161.545756  68.919966  4.050
 68     3.379 54596.03134924  7.03 161.541736  68.916946  4.050
 68     3.799 54596.03134988  7.06 161.537726  68.913916  4.050
 68     4.226 54596.03135053  7.17 161.533706  68.910896  4.050
 69     3.464 54631.03135974 21.42 161.562200  68.933122  5.015
 69     3.132 54631.03136038 20.56 161.558180  68.930102  5.015
 69     3.221 54631.03136103 19.71 161.554160  68.927082  5.015
 69     2.973 54631.03136167 20.21 161.550130  68.924062  5.015
 69     2.615 54631.03136232 20.81 161.546110  68.921042  5.015
 69     3.893 54631.03136296 21.25 161.542090  68.918022  5.015
 69     4.790 54631.03136361 22.51 161.538070  68.915002  5.015
 70    14.657 54666.03136558 18.99 161.564307  68.935252 15.770
 70     9.227 54666.03136623 18.41 161.560277  68.932232 15.770
 70     4.192 54666.03136687 17.45 161.556257  68.929212 15.770
 70     3.998 54666.03136751 16.70 161.552237  68.926192 15.770
 70     4.239 54666.03136816 17.12 161.548207  68.923172 15.770
 70     4.661 54666.03136880 17.96 161.544187  68.920152 15.770
 70     5.299 54666.03136945 18.26 161.540167  68.917132 15.770
 70     7.634 54666.03137009 19.68 161.536147  68.914112 15.770
 71     3.073 54701.03133396 23.14 161.559307  68.938837 17.085
 71     2.610 54701.03133461 21.83 161.555287  68.935817 17.085
 71     2.527 54701.03133525 18.77 161.551257  68.932797 17.085
 71     1.315 54701.03133590 24.94 161.547237  68.929777 17.085
 71     1.742 54701.03133654 25.62 161.543217  68.926757 17.085
 71     2.215 54701.03133719 26.74 161.539197  68.923737 17.085
 71     2.139 54701.03133783 29.12 161.535177  68.920717 17.085
 72     3.288 54736.03132681 21.08 161.564419  68.925615 12.962
 72     0.372 54736.03132746 22.75 161.560399  68.922595 12.962
 72     0.839 54736.03132810 22.98 161.556379  68.919575 12.962
 72     1.272 54736.03132875 23.42 161.552359  68.916555 12.962
 72     1.081 54736.03132939 22.47 161.548339  68.913535 12.962
 72     2.664 54736.03133004 20.34 161.544319  68.910515 12.962
 72     2.766 54736.03133068 21.91 161.540299  68.907495 12.962
 72     2.664 54736.03133132 22.97 161.536279  68.904475 12.962
 73     1.902 54771.03131779 24.56 161.545698  68.923581  7.648
 73     2.064 54771.03131843 23.75 161.541678  68.920561  7.648
 73     2.313 54771.03131908 23.13 161.537658  68.917541  7.648
 73     3.033 54771.03131972 21.32 161.533638  68.914511  7.648
 74     1.053 54806.03131970 20.04 161.568851  68.930144  6.162
 74    -0.097 54806.03132034 21.14 161.564821  68.927124  6.162
 74     0.009 54806.03132099 22.63 161.560801  68.924104  6.162
 74     0.032 54806.03132163 22.56 161.556781  68.921084  6.162
 74     0.001 54806.03132228 21.48 161.552761  68.918064  6.162
 74    -0.329 54806.03132292 21.33 161.548741  68.915044  6.162
 74     0.823 54806.03132357 20.16 161.544721  68.912024  6.162
 74     1.058 54806.03132421 19.78 161.540701  68.909004  6.162
 74     1.234 54806.03132486 20.13 161.536681  68.905984  6.162
 75     1.802 54841.03131080 16.55 161.563550  68.934281  3.095
 75     1.697 54841.03131144 17.15 161.559520  68.931261  3.095
 76     1.094 54876.03132056 15.83 161.566061  68.932269  4.944
 76     1.370 54876.03132121 15.47 161.562031  68.929249  4.944
 76     2.273 54876.03132185 15.44 161.558011  68.926229  4.944
 76     1.238 54876.03132250 15.58 161.553991  68.923209  4.944
 76     1.427 54876.03132314 15.57 161.549971  68.920189  4.944
 76     1.737 54876.03132378 15.71 161.545951  68.917169  4.944
 76     1.840 54876.03132443 15.97 161.541931  68.914149  4.944
 76     1.838 54876.03132507 16.00 161.537911  68.911119  4.944
 77     1.267 54911.03131551 12.47 161.557873  68.939941  2.576
 77     1.189 54911.03131616 12.51 161.553843  68.936921  2.576
 77     1.202 54911.03131680 13.60 161.549823  68.933901  2.576
 77     1.580 54911.03131745 12.91 161.545803  68.930881  2.576
 77     1.766 54911.03131809 13.05 161.541783  68.927861  2.576
 77     1.916 54911.03131874 13.37 161.537763  68.924841  2.576
 77     2.053 54911.03131938 12.74 161.533743  68.921821  2.576
 78     0.812 54946.03131299 14.00 161.568150  68.932360  2.296
 78     0.727 54946.03131363 14.26 161.564130  68.929340  2.296
 78     0.861 54946.03131428 14.32 161.560100  68.926320  2.296
 78     1.055 54946.03131492 13.70 161.556080  68.923300  2.296
 78     1.421 54946.03131557 13.89 161.552060  68.920280  2.296
 78     1.453 54946.03131621 13.90 161.548040  68.917260  2.296
 78     1.623 54946.03131686 13.75 161.544020  68.914240  2.296
 78     1.715 54946.03131750 13.51 161.540000  68.911220  2.296
 78     1.819 54946.03131815 13.65 161.535980  68.908190  2.296
 79    22.672 54981.03133934 24.03 161.560899  68.932856 13.106
 79    19.103 54981.03133999 24.13 161.556879  68.929836 13.106
 79     4.095 54981.03134063 22.67 161.552859  68.926816 13.106
 79     3.640 54981.03134128 23.09 161.548829  68.923796 13.106
 79     4.370 54981.03134192 23.65 161.544809  68.920776 13.106
 79     4.546 54981.03134257 23.37 161.540789  68.917756 13.106
 79     3.773 54981.03134321 30.86 161.536769  68.914736 13.106
 81     3.521 55051.03133567 18.65 161.559938  68.931242 12.218
 81     3.201 55051.03133632 18.83 161.555918  68.928222 12.218
 81     2.914 55051.03133696 19.19 161.551898  68.925202 12.218
 81     2.239 55051.03133761 20.02 161.547878  68.922182 12.218
 81     2.189 55051.03133825 22.74 161.543858  68.919162 12.218
 81     3.528 55051.03133889 21.92 161.539838  68.916142 12.218
 81     2.642 55051.03133954 32.43 161.535818  68.913112 12.218
 82     1.193 55086.03129757 33.41 161.569477  68.950071  6.988
 82     1.249 55086.03129822 37.79 161.565447  68.947051  6.988
 82     1.995 55086.03129886 40.89 161.561427  68.944031  6.988
 82     1.586 55086.03129951 36.66 161.557397  68.941011  6.988
 82     1.336 55086.03130015 38.03 161.553377  68.937991  6.988
 82     1.451 55086.03130080 37.49 161.549353  68.934965 15.895
 82     1.390 55086.03130144 37.99 161.545333  68.931945 15.895
 82     1.355 55086.03130209 40.48 161.541303  68.928925 15.895
 82     1.390 55086.03130273 43.40 161.537293  68.925905 15.895
 82     1.457 55086.03130338 46.82 161.533273  68.922885 15.895
 83     0.483 55121.03126929 36.23 161.570852  68.931060 11.745
 83     1.067 55121.03126993 34.81 161.566822  68.928040 11.745
 83     0.704 55121.03127058 35.29 161.562802  68.925020 11.745
 83     0.998 55121.03127122 35.40 161.558782  68.922000 11.745
 84     0.939 55156.03125983 25.56 161.562272  68.939200  6.493
 84     1.311 55156.03126048 24.67 161.558247  68.936179  3.791
 84     1.557 55156.03126112 25.45 161.554227  68.933159  3.791
 84     1.663 55156.03126177 25.69 161.550207  68.930139  3.791
 84     2.061 55156.03126241 25.66 161.546187  68.927119  3.791
 84     2.043 55156.03126306 26.17 161.542157  68.924099  3.791
 85    -0.130 55191.03125898 21.48 161.568640  68.929337  3.526
 85    -0.085 55191.03125963 21.90 161.564610  68.926317  3.526
 85    -0.188 55191.03126027 21.91 161.560590  68.923297  3.526
 85     0.069 55191.03126092 22.38 161.556570  68.920277  3.526
 85    -0.048 55191.03126156 21.76 161.552550  68.917257  3.526
 85     0.739 55191.03126221 22.50 161.548530  68.914237  3.526
 85     0.935 55191.03126285 22.00 161.544510  68.911217  3.526
 85     1.000 55191.03126350 21.91 161.540490  68.908197  3.526
 85     1.350 55191.03126414 21.82 161.536470  68.905167  3.526
 86     1.029 55226.03126072 17.41 161.560827  68.936844  2.272
 86     1.465 55226.03126137 17.40 161.556797  68.933824  2.272
 86     1.442 55226.03126201 17.74 161.552777  68.930804  2.272
 86     1.618 55226.03126266 17.40 161.548757  68.927784  2.272
 86     2.087 55226.03126330 17.08 161.544737  68.924764  2.272
 86     1.479 55226.03126395 17.40 161.540717  68.921744  2.272
 86     1.962 55226.03126459 17.12 161.536697  68.918714  2.272
 87     0.920 55261.03125398 16.29 161.567177  68.934210  2.347
 87     0.763 55261.03125462 16.63 161.563147  68.931190  2.347
 87     0.927 55261.03125527 16.63 161.559127  68.928160  2.347
 87     0.926 55261.03125591 16.85 161.555107  68.925150  2.347
 87     0.787 55261.03125656 17.31 161.551077  68.922120  2.347
 87     1.010 55261.03125720 17.33 161.547057  68.919100  2.347
 87     1.108 55261.03125785 17.60 161.543037  68.916080  2.347
 87     1.269 55261.03125849 17.10 161.539017  68.913060  2.347
 87     1.311 55261.03125914 17.16 161.535007  68.910040  2.347
 88     1.134 55296.03124518 14.62 161.561763  68.940776  3.560
 88     1.072 55296.03124583 14.82 161.557733  68.937756  3.560
 88     1.088 55296.03124647 14.92 161.553706  68.934730  2.296
 88     1.169 55296.03124712 15.29 161.549686  68.931710  2.296
 88     0.901 55296.03124776 15.01 161.545666  68.928690  2.296
 88     1.207 55296.03124840 15.74 161.541646  68.925670  2.296
 88     1.374 55296.03124905 15.07 161.537626  68.922650  2.296
 88     1.300 55296.03124969 15.54 161.533606  68.919630  2.296
 89     4.358 55331.03123428 18.05 161.564263  68.936030 13.864
 89     3.990 55331.03123492 16.51 161.560243  68.933010 13.864
 89     3.878 55331.03123557 14.90 161.556223  68.929990 13.864
 89     3.999 55331.03123621 14.70 161.552193  68.926970 13.864
 89     3.796 55331.03123685 14.44 161.548173  68.923950 13.864
 89     4.395 55331.03123750 14.59 161.544153  68.920930 13.864
 89     5.510 55331.03123814 15.35 161.540133  68.917900 13.864
 89     5.264 55331.03123879 19.74 161.536113  68.914880 13.864
 90     4.071 55366.03122778 21.57 161.560805  68.935712 16.881
 90     3.505 55366.03122843 22.26 161.556785  68.932692 16.881
 90     3.323 55366.03122907 19.70 161.552765  68.929672 16.881
 90     3.465 55366.03122971 19.34 161.548745  68.926652 16.881
 90     3.795 55366.03123036 18.82 161.544725  68.923632 16.881
 90     4.703 55366.03123100 22.57 161.540705  68.920612 16.881
 90     5.511 55366.03123165 24.39 161.536685  68.917582 16.881
 91     0.183 55401.03124125 52.96 161.568779  68.929613 26.941
 91     0.319 55401.03124189 51.33 161.564749  68.926583 26.941
 91     0.192 55401.03124254 52.64 161.560729  68.923563 26.941
 91     0.312 55401.03124318 50.58 161.556709  68.920543 26.941
 91     0.213 55401.03124383 51.34 161.552689  68.917523 26.941
 91     0.159 55401.03124447 50.93 161.548669  68.914503 26.941
 91     0.202 55401.03124512 44.38 161.544649  68.911483 26.941
 91     0.014 55401.03124576 27.08 161.540629  68.908463 26.941
 91    -0.002 55401.03124641 25.47 161.536609  68.905443 26.941
 92     1.970 55436.03124451 39.15 161.565350  68.936490 25.071
 92     0.819 55436.03124516 37.01 161.561330  68.933470 25.071
 92     0.728 55436.03124580 31.69 161.557300  68.930450 25.071
 92     0.770 55436.03124645 34.67 161.553280  68.927430 25.071
 92     0.774 55436.03124709 42.32 161.549260  68.924410 25.071
 92     0.819 55436.03124774 32.30 161.545240  68.921390 25.071
 92     1.852 55436.03124838 23.09 161.541220  68.918370 25.071
 92     2.654 55436.03124903 23.42 161.537200  68.915350 25.071
 93     1.454 55471.03119450 20.87 161.567803  68.948965 13.403
 93     2.255 55471.03119514 20.51 161.563783  68.945935 13.403
 93     2.569 55471.03119579 20.15 161.559753  68.942915 13.403
 93     2.523 55471.03119643 23.07 161.555733  68.939895 13.403
