-139130.779    -5.054     0.00    0.00
-138758.583    -5.054     0.00    0.00
-138386.476    -5.054     0.00    0.00
-138014.458    -5.054     0.00    0.00
-137642.529    -5.054     0.00    0.00
-137270.689    -5.054     0.00    0.00
-136898.938    -5.054     0.00    0.00
-136527.276    -5.054     0.00    0.00
-136155.703    -5.054     0.00    0.00
-135784.219    -5.054     0.00    0.00
-135412.824    -5.054     0.00    0.00
-135041.517    -5.054     0.00    0.00
-134670.299    -5.054     0.00    0.00
-134299.170    -5.054     0.00    0.00
-133928.129    -5.054     0.00    0.00
-133557.176    -5.054     0.00    0.00
-133186.312    -5.054     0.00    0.00
-132815.536    -5.054     0.00    0.00
-132444.849    -5.054     0.00    0.00
-132074.250    -5.054     0.00    0.00
-131703.738    -5.054     0.00    0.00
-131333.315    -5.054     0.00    0.00
-130962.980    -5.054     0.00    0.00
-130592.733    -5.054     0.00    0.00
-130222.574    -5.054     0.00    0.00
-129852.502    -5.054     0.00    0.00
-129482.518    -5.054     0.00    0.00
-129112.622    -5.054     0.00    0.00
-128742.814    -5.054     0.00    0.00
-128373.093    -5.054     0.00    0.00
-128003.460    -5.054     0.00    0.00
-127633.914    -5.054     0.00    0.00
-127264.456    -5.054     0.00    0.00
-126895.085    -5.054     0.00    0.00
-126525.801    -5.054     0.00    0.00
-126156.604    -4.767     0.78    0.67
-125787.495    -4.293     1.29    1.01
-125418.472    -3.715     1.57    1.06
-125049.537    -3.100     1.67    0.97
-124680.688    -2.535     1.53    0.82
-124311.927    -2.193     0.93    0.94
-123943.252    -2.119     0.20    1.20
-123574.664    -2.440    -0.87    1.51
-123206.163    -2.825    -1.05    1.75
-122837.749    -3.181    -0.97    1.76
-122469.421    -3.427    -0.67    1.75
-122101.179    -3.499    -0.19    1.80
-121733.024    -2.942     1.51    2.41
-121364.956    -2.045     2.44    3.41
-120996.974    -1.006     2.82    3.85
-120629.078    -0.220     2.14    3.72
-120261.268     0.861     2.94    4.18
-119893.545     1.707     2.30    3.85
-119525.908     3.120     3.84    3.22
-119158.356     3.540     1.14    2.99
-118790.891     3.146    -1.07    3.25
-118423.512     2.263    -2.40    3.18
-118056.218     1.733    -1.44    2.92
-117689.011     0.742    -2.70    3.28
-117321.889    -0.498    -3.38    2.91
-116954.853    -0.910    -1.12    2.96
-116587.902    -1.274    -0.99    2.74
-116221.037    -0.467     2.20    2.76
-115854.258     0.011     1.30    2.53
-115487.564    -0.138    -0.41    2.48
-115120.955    -1.109    -2.65    2.72
-114754.432    -2.510    -3.82    2.52
-114387.994    -3.587    -2.94    2.12
-114021.641    -4.297    -1.94    1.27
-113655.373    -4.353    -0.15    1.01
-113289.191    -4.240     0.31    0.82
-112923.093    -4.093     0.40    0.65
-112557.081    -3.854     0.65    0.81
-112191.153    -3.319     1.46    1.85
-111825.311    -2.221     3.00    2.42
-111459.553    -1.963     0.71    2.46
-111093.880    -2.006    -0.12    2.05
-110728.291    -1.779     0.62    1.75
-110362.787    -1.583     0.54    1.91
-109997.368    -1.366     0.59    1.99
-109632.033    -1.606    -0.66    2.08
-109266.783    -2.262    -1.80    2.24
-108901.617    -3.009    -2.04    1.98
-108536.536    -3.512    -1.38    1.79
-108171.539    -3.953    -1.21    1.55
-107806.626    -4.064    -0.30    1.31
-107441.797    -3.976     0.24    1.21
-107077.052    -3.981    -0.01    0.99
-106712.391    -3.769     0.58    1.18
-106347.815    -3.419     0.96    1.25
-105983.322    -3.545    -0.35    1.29
-105618.913    -4.016    -1.29    0.98
-105254.588    -4.111    -0.26    0.87
-104872.679    -3.864     0.65    1.26
-104490.714    -2.111     4.59    3.74
-104108.843    -0.102     5.26    4.55
-103727.067     1.094     3.13    4.19
-103345.384     0.927    -0.44    4.41
-102963.796    -1.073    -5.24    4.04
-102582.301    -3.045    -5.17    2.82
-102200.900    -4.247    -3.15    1.10
-101819.593    -4.304    -0.15    0.94
-101438.379    -4.297     0.02    0.81
-101057.259    -4.213     0.22    0.60
-100676.233    -3.942     0.71    0.89
-100295.300    -2.615     3.48    2.12
 -99914.461    -0.756     4.88    3.38
 -99533.715     0.991     4.59    3.41
 -99153.062     2.436     3.79    2.83
 -98772.502     2.991     1.46    2.53
 -98392.036     2.856    -0.35    2.49
 -98011.662     2.882     0.07    2.61
 -97631.382     2.367    -1.35    3.17
 -97251.194     1.395    -2.56    3.36
 -96871.100     0.546    -2.24    3.20
 -96491.098    -0.545    -2.87    2.60
 -96111.189    -1.262    -1.89    1.97
 -95731.372    -1.963    -1.84    0.70
 -95351.648    -1.989    -0.07    0.59
 -94972.017    -1.718     0.71    1.54
 -94592.478    -1.687     0.08    1.52
 -94213.032    -1.795    -0.29    1.06
 -93833.677    -1.403     1.03    1.40
 -93454.416    -0.970     1.14    1.73
 -93075.246    -1.008    -0.10    1.78
 -92696.168    -1.093    -0.22    1.78
 -92317.183    -1.293    -0.53    1.83
 -91938.289    -1.218     0.20    2.25
 -91559.488    -1.245    -0.07    2.30
 -91180.778    -0.837     1.08    2.21
 -90802.160     0.303     3.01    2.72
 -90423.634     1.321     2.69    2.77
 -90045.200     3.075     4.64    3.17
 -89666.857     4.422     3.56    3.03
 -89288.606     5.329     2.40    2.27
 -88910.446     5.787     1.21    1.89
 -88532.377     6.165     1.00    2.78
 -88154.400     6.357     0.51    3.37
 -87776.515     7.003     1.71    3.68
 -87398.720     7.019     0.04    3.75
 -87021.017     6.741    -0.73    3.52
 -86643.404     6.525    -0.57    2.77
 -86265.883     6.252    -0.72    2.13
 -85888.452     6.221    -0.08    2.13
 -85511.113     6.044    -0.47    2.08
 -85133.864     5.279    -2.03    1.81
 -84756.706     4.483    -2.11    1.57
 -84379.639     4.534     0.14    3.17
 -84002.663     4.516    -0.05    4.21
 -83625.777     5.412     2.38    4.59
 -83248.981     5.992     1.54    4.54
 -82872.276     5.790    -0.54    3.91
 -82495.661     5.329    -1.23    2.77
 -82119.137     5.026    -0.80    2.90
 -81742.703     4.501    -1.40    3.03
 -81366.359     4.431    -0.19    3.04
 -80990.105     4.520     0.24    2.56
 -80613.941     4.965     1.18    2.37
 -80237.867     6.002     2.76    2.03
 -79861.883     7.644     4.37    1.80
 -79485.989     9.464     4.84    2.91
 -79110.185    11.086     4.31    2.78
 -78734.471    12.532     3.85    1.66
 -78358.846    12.799     0.71    1.45
 -77983.311    12.401    -1.06    1.51
 -77607.865    13.257     2.28    1.94
 -77232.509    15.328     5.52    3.03
 -76857.242    17.572     5.98    3.52
 -76482.064    18.599     2.74    3.45
 -76106.976    18.788     0.50    3.91
 -75731.977    19.501     1.90    4.47
 -75357.068    20.080     1.54    3.92
 -74982.247    20.497     1.11    3.22
 -74607.515    19.857    -1.71    3.80
 -74232.873    17.469    -6.38    4.51
 -73858.319    15.391    -5.55    3.93
 -73483.854    14.450    -2.51    3.24
 -73109.478    13.772    -1.81    2.33
 -72735.191    13.733    -0.11    1.96
 -72360.992    13.493    -0.64    1.90
 -71986.882    12.587    -2.42    1.81
 -71612.861    11.729    -2.30    1.65
 -71238.928    11.295    -1.16    1.93
 -70865.083    11.686     1.05    2.46
 -70491.327    12.676     2.65    2.60
 -70117.659    13.770     2.93    2.18
 -69744.079    15.033     3.38    2.16
 -69370.587    16.048     2.72    2.56
 -68997.184    16.908     2.30    2.30
 -68623.869    17.719     2.17    1.99
 -68250.641    17.861     0.38    1.93
 -67877.502    18.431     1.53    1.99
 -67504.450    19.547     2.99    2.45
 -67131.486    20.752     3.23    2.04
 -66758.610    21.740     2.65    1.38
 -66385.822    21.821     0.22    1.38
 -66013.121    22.285     1.25    1.99
 -65640.508    22.304     0.05    2.21
 -65267.982    21.679    -1.68    2.39
 -64895.543    20.899    -2.09    2.65
 -64523.193    19.693    -3.24    2.11
 -64150.929    19.672    -0.06    1.65
 -63778.752    19.497    -0.47    1.88
 -63406.663    18.835    -1.78    2.26
 -63034.661    18.946     0.30    2.40
 -62662.746    19.506     1.51    2.65
 -62290.918    20.319     2.19    2.32
 -61919.177    21.561     3.34    1.79
 -61547.523    21.575     0.04    1.82
 -61175.956    21.517    -0.16    1.70
 -60804.475    21.235    -0.76    1.76
 -60433.081    20.563    -1.81    1.72
 -60061.774    20.549    -0.04    2.32
 -59690.553    20.597     0.13    2.23
 -59319.419    20.003    -1.60    2.65
 -58948.372    18.170    -4.94    3.93
 -58577.411    15.823    -6.33    4.27
 -58206.536    14.038    -4.81    4.07
 -57835.747    12.693    -3.63    3.34
 -57465.045    12.474    -0.59    2.78
 -57094.429    13.041     1.53    2.95
 -56723.899    12.784    -0.69    3.35
 -56353.455    12.039    -2.01    3.90
 -55983.097    10.573    -3.96    4.19
 -55612.824     8.603    -5.32    3.23
 -55242.638     7.436    -3.15    1.45
 -54872.538     7.012    -1.15    0.32
 -54502.523     7.031     0.05    0.40
 -54132.594     9.282     6.08    4.12
 -53762.751    12.889     9.75    6.14
 -53392.993    17.253    11.80    5.75
 -53023.321    20.483     8.74    3.71
 -52653.734    21.544     2.87    2.68
 -52284.233    21.067    -1.29    3.01
 -51914.817    22.136     2.89    4.70
 -51545.486    24.193     5.57    6.34
 -51176.241    26.361     5.87    6.76
 -50807.080    28.036     4.54    6.15
 -50438.005    27.890    -0.39    6.78
 -50069.015    26.181    -4.63    6.69
 -49700.110    27.115     2.53    7.29
 -49331.289    29.257     5.81    7.70
 -48962.554    33.107    10.44    7.15
 -48593.904    34.689     4.29    6.43
 -48225.338    34.037    -1.77    7.09
 -47856.857    29.908   -11.21    8.45
 -47488.460    25.848   -11.02    7.53
 -47120.148    22.832    -8.19    5.04
 -46751.921    21.436    -3.79    2.51
 -46383.778    20.946    -1.33    0.00
 -46015.720    20.946     0.00    0.00
 -45647.746    20.946     0.00    0.00
 -45279.856    21.031     0.23    0.46
 -44912.050    24.231     8.70    6.72
 -44544.329    29.098    13.24    8.50
 -44176.692    33.622    12.31    7.55
 -43809.139    37.917    11.69    3.59
 -43441.669    38.010     0.25    2.43
 -43074.284    37.577    -1.18    3.24
 -42706.983    34.861    -7.39    5.60
 -42339.766    33.465    -3.80    6.51
 -41972.632    33.975     1.39    6.70
 -41605.582    34.597     1.69    6.57
 -41238.616    35.354     2.06    6.56
 -40871.733    33.432    -5.24    7.61
 -40504.934    31.107    -6.34    7.58
 -40138.218    28.536    -7.01    7.41
 -39771.586    25.544    -8.16    6.43
 -39405.037    26.078     1.46    6.64
 -39038.572    29.231     8.60    7.32
 -38672.190    31.318     5.70    6.82
 -38305.891    33.597     6.22    5.09
 -37939.675    32.622    -2.66    5.78
 -37573.542    29.586    -8.29    6.69
 -37207.493    26.389    -8.74    6.10
 -36841.526    22.976    -9.33    2.89
 -36475.642    22.003    -2.66    0.43
 -36109.842    21.946    -0.16    0.00
 -35744.124    22.771     2.26    2.32
 -35378.488    24.974     6.03    4.01
 -35012.936    26.836     5.09    4.81
 -34647.466    26.167    -1.83    5.79
 -34282.079    24.234    -5.29    6.24
 -33916.774    20.766    -9.49    4.47
 -33551.552    19.012    -4.80    0.35
 -33186.412    20.180     3.20    3.20
 -32821.355    24.812    12.69    6.83
 -32456.380    28.849    11.06    6.71
 -32091.487    32.625    10.35    3.65
 -31726.676    33.565     2.58    1.23
 -31361.948    32.728    -2.29    1.44
 -30997.302    31.030    -4.65    2.60
 -30632.738    29.446    -4.35    2.84
 -30256.570    28.782    -1.76    2.42
 -29874.775    28.161    -1.63    2.36
 -29493.073    28.369     0.54    2.03
 -29111.462    28.596     0.60    1.79
 -28729.943    28.859     0.69    1.90
 -28348.516    29.641     2.05    1.58
 -27967.180    29.850     0.55    1.84
 -27585.935    29.450    -1.05    2.29
 -27204.782    28.327    -2.95    2.67
 -26823.721    27.738    -1.54    2.83
 -26442.750    27.237    -1.32    2.69
 -26061.871    26.757    -1.26    1.91
 -25681.083    26.532    -0.59    1.39
 -25300.386    26.257    -0.72    0.99
 -24919.780    25.819    -1.15    1.67
 -24539.265    24.955    -2.27    2.21
 -24158.841    23.363    -4.19    2.64
 -23778.508    21.927    -3.78    2.45
 -23398.265    20.817    -2.92    2.00
 -23018.114    18.851    -5.17    4.14
 -22638.053    15.619    -8.50    5.69
 -22258.082    12.753    -7.54    5.40
 -21878.202    10.772    -5.22    4.17
 -21498.412    10.765    -0.02    3.71
 -21118.713    11.854     2.87    3.61
 -20739.104    12.144     0.76    3.73
 -20359.586    12.045    -0.26    3.61
 -19980.157    11.861    -0.48    3.28
 -19600.819    11.276    -1.54    3.41
 -19221.571    10.907    -0.97    3.50
 -18842.413    11.573     1.76    4.05
 -18463.345    11.657     0.22    4.43
 -18084.366    11.819     0.43    4.55
 -17705.478    12.305     1.28    4.44
 -17326.679    12.327     0.06    3.99
 -16947.970    12.965     1.69    2.97
 -16569.350    13.069     0.28    2.36
 -16190.820    12.315    -1.99    2.26
 -15812.380    12.217    -0.26    1.81
 -15434.029    10.767    -3.83    3.55
 -15055.768     8.546    -5.87    5.00
 -14677.595     7.221    -3.50    5.58
 -14299.512     7.974     1.99    6.00
 -13921.518     9.976     5.30    5.72
 -13543.614    10.568     1.57    5.55
 -13165.798     8.599    -5.21    6.24
 -12788.072     8.051    -1.45    6.20
 -12410.434     8.779     1.93    6.25
 -12032.885    11.727     7.81    5.52
 -11655.425    14.276     6.75    2.38
 -11278.054    14.622     0.92    1.28
 -10900.772    14.049    -1.52    1.26
 -10523.578    13.022    -2.72    3.05
 -10146.472    12.184    -2.22    4.54
  -9769.456    10.886    -3.44    5.75
  -9392.527    10.691    -0.52    6.04
  -9015.687    10.506    -0.49    5.95
  -8638.936    11.295     2.09    5.07
  -8262.272    11.364     0.18    4.69
  -7885.697    11.062    -0.80    5.01
  -7509.210    10.542    -1.38    5.64
  -7132.811    11.125     1.55    5.09
  -6756.501    12.344     3.24    4.55
  -6380.278    14.146     4.79    2.04
  -6004.143    14.599     1.21    1.44
  -5628.096    14.742     0.38    1.33
  -5252.136    14.839     0.26    2.07
  -4876.264    12.034    -7.46    5.89
  -4500.480     8.878    -8.40    7.16
  -4124.784     5.153    -9.91    6.75
  -3749.175     2.174    -7.93    4.16
  -3373.654     0.476    -4.52    1.85
  -2998.220     0.069    -1.08    0.84
  -2622.873     0.027    -0.11    0.71
  -2247.614     0.224     0.53    1.36
  -1872.442     0.573     0.93    2.40
  -1497.357     1.198     1.67    3.45
  -1122.359     1.858     1.76    4.25
   -747.448     2.499     1.71    4.62
   -372.625     2.724     0.60    4.83
      2.112     3.004     0.75    4.94
    376.762     2.527    -1.27    4.66
    751.325     1.845    -1.82    4.12
   1125.802     1.577    -0.72    3.84
   1500.191     1.313    -0.70    3.61
   1874.494     0.878    -1.16    3.14
   2248.711     0.326    -1.48    1.89
   2622.841     0.111    -0.57    0.99
   2996.884     0.426     0.84    2.04
   3370.841     0.897     1.26    3.10
   3744.712     1.622     1.94    4.26
   4118.496     2.485     2.31    5.37
   4492.194     3.172     1.84    6.05
   4865.806     4.986     4.86    7.33
   5239.332     5.869     2.37    7.76
   5612.772     7.446     4.22    8.32
   5986.126     7.859     1.11    8.30
   6359.394     8.183     0.87    8.14
   6732.576     7.878    -0.82    8.26
   7105.672     8.208     0.88    8.27
   7478.683     7.606    -1.61    8.11
   7851.608     7.340    -0.71    8.09
   8224.447     6.348    -2.66    7.70
   8597.200     5.724    -1.67    7.50
   8969.868     4.737    -2.65    7.08
   9342.451     4.584    -0.41    6.58
   9714.948     4.006    -1.55    6.30
  10087.360     3.032    -2.62    5.74
  10459.687     1.324    -4.59    4.11
  10831.928     0.107    -3.27    1.03
  11204.084    -0.054    -0.44    0.00
  11576.155    -0.054     0.00    0.00
  11948.141     0.330     1.03    2.18
  12320.042     1.633     3.50    5.22
  12691.858     4.238     7.01    7.61
  13063.589     6.956     7.31    9.12
  13435.235     9.811     7.68    9.50
  13806.797    12.480     7.18    9.26
  14178.274    15.517     8.18    8.29
  14549.666    18.109     6.98    7.11
  14920.973    20.544     6.56    4.13
  15292.196    22.628     5.62    3.53
  15663.335    23.685     2.85    3.31
  16034.389    25.059     3.70    4.56
  16405.359    25.824     2.06    4.34
  16776.244    25.060    -2.06    4.76
  17147.045    23.524    -4.14    4.63
  17517.762    23.571     0.13    4.93
  17888.395    24.522     2.57    5.53
  18258.944    25.636     3.00    4.91
  18629.408    25.263    -1.01    4.74
  18999.789    24.602    -1.78    4.75
  19370.086    25.784     3.19    6.07
  19740.299    29.156     9.11    7.21
  20110.428    34.994    15.77    9.76
  20480.473    40.465    14.78   10.10
  20850.435    47.279    18.42   11.95
  21220.313    53.801    17.63   11.90
  21590.107    59.341    14.98   11.10
  21959.818    64.656    14.37   10.99
  22329.446    67.572     7.89   11.41
  22698.990    69.098     4.13   13.50
  23068.451    70.866     4.79   15.07
  23437.828    70.789    -0.21   16.28
  23807.122    72.753     5.32   15.89
  24176.333    72.481    -0.74   16.31
  24545.461    73.753     3.45   16.76
  24914.506    75.789     5.52   16.49
  25283.467    73.205    -7.00   18.11
  25652.346    68.818   -11.89   16.44
  26021.142    69.450     1.71   15.03
  26389.855    71.609     5.85   14.62
  26758.485    75.276     9.95   12.30
  27127.032    77.014     4.72   10.74
  27495.497    75.664    -3.66   10.59
  27863.879    75.455    -0.57   10.23
  28232.179    74.639    -2.22   10.73
  28600.396    73.088    -4.21   11.04
  28968.530    71.503    -4.31   11.68
  29336.582    70.956    -1.49   12.24
  29704.552    70.159    -2.16   13.14
  30072.440    69.268    -2.42   13.43
  30440.245    67.080    -5.95   13.56
  30807.968    65.024    -5.59   13.13
  31175.609    63.022    -5.45   12.92
  31543.167    62.686    -0.91   13.08
  31910.644    57.629   -13.76   16.08
  32278.039    51.052   -17.90   16.81
  32645.352    44.499   -17.84   12.35
  33012.583    40.994    -9.54    9.46
  33379.732    42.878     5.13    9.92
  33746.799    46.279     9.27   10.66
  34113.785    51.359    13.84   11.65
  34480.689    58.456    19.34   10.53
  34847.511    63.359    13.37    9.48
  35214.252    66.682     9.06   10.13
  35580.911    65.099    -4.32   17.72
  35947.489    57.817   -19.87   25.10
  36313.986    48.596   -25.16   29.64
  36680.401    40.305   -22.63   30.26
  37046.735    30.997   -25.41   29.32
  37412.988    24.136   -18.73   27.83
  37779.159    16.585   -20.62   24.39
  38145.250     9.014   -20.68   18.52
  38511.259     4.024   -13.63   11.46
  38877.187     1.312    -7.41    5.94
  39243.035     0.800    -1.40    4.19
  39608.801     0.748    -0.14    3.88
  39974.487     0.720    -0.08    4.10
  40340.092     0.370    -0.96    2.13
  40705.616     0.916     1.49    2.72
  41071.059     2.994     5.69    6.63
  41436.422     6.431     9.41   10.86
  41801.704    11.237    13.16   15.16
  42166.906    14.667     9.39   17.06
  42532.027    19.436    13.06   18.50
  42897.068    21.906     6.77   18.87
  43262.028    24.509     7.13   17.73
  43626.908    25.272     2.09   16.25
  43991.708    26.527     3.44   15.65
  44362.558    28.231     4.59   16.52
  44744.181    27.388    -2.21   17.32
  45125.715    22.315   -13.30   15.66
  45507.159    18.703    -9.47   12.62
  45888.514    18.102    -1.58   11.82
  46269.780    20.596     6.54   13.70
  46650.956    24.119     9.24   14.47
  47032.044    26.348     5.85   13.99
  47413.042    27.397     2.75   12.57
  47793.951    26.935    -1.21   10.92
  48174.771    23.761    -8.34    9.55
  48555.502    19.336   -11.62    7.59
  48936.145    15.878    -9.08    4.59
  49316.698    13.925    -5.13    1.62
  49697.163    13.661    -0.69    1.09
  50077.539    14.045     1.01    1.46
  50457.827    15.586     4.05    4.65
  50838.026    19.361     9.93    8.20
  51218.136    24.132    12.55    9.11
  51598.158    28.308    10.99    7.65
  51978.092    33.629    14.00    5.76
  52357.937    36.381     7.25    5.93
  52737.694    40.094     9.78    6.14
  53117.363    43.013     7.69    5.54
  53496.944    44.767     4.62    4.64
  53876.437    46.789     5.33    5.87
  54255.841    46.475    -0.83    7.10
  54635.158    46.460    -0.04    8.52
  55014.387    47.495     2.73    8.50
  55393.528    49.357     4.91    6.79
  55772.581    51.521     5.71    5.33
  56151.547    52.769     3.29    4.30
  56530.425    54.636     4.93    3.84
  56909.215    56.693     5.43    3.91
  57287.918    58.456     4.65    3.88
  57666.533    59.691     3.26    4.78
  58045.061    57.789    -5.02    7.78
  58423.502    52.859   -13.03    8.52
  58801.855    49.075   -10.00    7.10
  59180.121    44.548   -11.97    7.89
  59558.300    41.354    -8.44    8.14
  59936.392    40.081    -3.36    8.29
  60314.397    39.987    -0.25    9.85
  60692.314    41.357     3.63    9.96
  61070.145    39.905    -3.84   11.13
  61447.889    35.101   -12.72   12.07
  61825.546    30.391   -12.47   10.78
  62203.117    30.083    -0.82    9.73
  62580.600    32.318     5.92    9.92
  62957.997    34.485     5.74    9.46
  63335.308    35.656     3.10    8.33
  63712.532    37.236     4.19    8.32
  64089.669    40.406     8.41    8.40
  64466.720    44.198    10.06    6.86
  64843.685    46.377     5.78    5.38
  65220.563    45.731    -1.71    5.07
  65597.356    44.612    -2.97    5.10
  65974.062    43.068    -4.10    5.64
  66350.681    43.237     0.45    5.92
  66727.215    42.827    -1.09    7.36
  67103.663    38.014   -12.79   10.34
  67480.025    32.175   -15.51   14.73
  67856.301    23.671   -22.60   14.97
  68232.491    15.846   -20.80   12.13
  68608.596    11.318   -12.04    9.36
  68984.614     8.436    -7.67    7.23
  69360.548     6.416    -5.37    5.53
  69736.395     5.401    -2.70    3.86
  70112.157     4.837    -1.50    2.50
  70487.834     4.681    -0.41    2.14
  70863.425     4.764     0.22    2.35
  71238.930     5.720     2.55    4.58
  71614.351     8.782     8.16    9.75
  71989.686    11.015     5.95   12.75
  72364.936    12.685     4.45   14.16
  72740.101    12.416    -0.72   13.45
  73115.180    12.033    -1.02   12.93
  73490.175    11.586    -1.19   12.82
  73865.085    10.480    -2.95   11.46
  74239.910     7.926    -6.81    8.04
  74614.650     6.097    -4.88    4.94
  74989.305     5.826    -0.72    3.60
  75363.876     6.866     2.78    4.12
  75738.361     8.916     5.47    4.52
  76112.763    10.406     3.98    4.01
  76487.079    11.905     4.00    2.89
  76861.311    12.720     2.18    1.37
  77235.459    12.581    -0.37    1.25
  77609.522    12.599     0.05    1.25
  77983.501    12.507    -0.25    1.25
  78357.396    12.475    -0.09    1.23
  78731.206    12.268    -0.55    1.19
  79104.933    12.191    -0.21    1.13
  79478.575    12.410     0.59    1.18
  79852.133    12.818     1.09    1.11
  80225.607    13.186     0.98    1.09
  80598.997    13.397     0.57    1.24
  80972.304    13.629     0.62    1.48
  81345.526    13.752     0.33    1.72
  81718.665    13.514    -0.64    2.99
  82091.720    12.472    -2.79    4.27
  82464.691    10.308    -5.80    5.35
  82837.579     8.137    -5.82    4.93
  83210.383     6.124    -5.40    4.02
  83583.103     4.683    -3.87    2.46
  83955.740     3.965    -1.93    0.20
  84328.294     3.946    -0.05    0.00
  84700.765     3.966     0.05    0.20
  85073.152     4.698     1.97    3.16
  85445.456     6.491     4.82    5.97
  85817.677     9.985     9.39   10.57
  86189.814    16.577    17.71   17.35
  86561.869    26.200    25.86   21.90
  86933.840    37.088    29.27   20.77
  87305.729    44.249    19.25   16.26
  87677.535    48.619    11.75    9.22
  88049.258    50.308     4.54    7.54
  88420.898    54.006     9.95    9.76
  88792.455    60.517    17.52   11.64
  89163.930    66.866    17.09   10.20
  89535.322    70.986    11.09    7.37
  89906.632    70.906    -0.21    6.59
  90277.859    68.081    -7.61    6.86
  90649.003    64.936    -8.47    8.10
  91020.065    61.041   -10.49   10.71
  91391.045    52.514   -22.98   14.83
  91761.943    43.461   -24.41   15.66
  92132.758    39.401   -10.95   15.20
  92503.491    41.114     4.62   17.44
  92874.142    44.346     8.72   18.58
  93244.711    44.338    -0.02   18.05
  93615.198    41.373    -8.00   17.63
  93985.603    36.045   -14.38   16.19
  94355.926    29.758   -16.97   12.59
  94726.167    24.789   -13.42    8.27
  95096.326    21.198    -9.70    4.91
  95466.404    19.817    -3.73    2.31
  95836.400    20.144     0.88    3.13
  96206.314    21.976     4.95    5.06
  96576.146    23.573     4.32    5.30
  96945.897    24.591     2.75    5.24
  97315.567    24.698     0.29    4.96
  97685.155    24.696    -0.01    4.50
  98054.662    26.995     6.22    5.98
  98424.087    31.491    12.17    8.87
  98793.431    39.035    20.42   11.80
  99162.694    45.176    16.63   10.26
  99531.876    49.826    12.59    7.91
  99900.977    49.808    -0.05    7.33
 100269.996    48.198    -4.36    5.69
 100638.935    48.015    -0.50    3.89
 101007.792    49.860     5.00    5.08
 101376.569    54.534    12.67    7.78
 101745.265    59.676    13.94    7.43
 102113.880    63.216     9.60    5.15
 102482.414    64.361     3.11    5.73
 102850.868    63.160    -3.26    6.89
 103219.241    60.455    -7.34    7.46
 103587.533    58.135    -6.30    7.27
 103955.745    55.946    -5.95    6.02
 104323.876    55.440    -1.37    4.99
 104691.927    57.799     6.41    6.40
 105059.898    61.296     9.50    7.99
 105427.788    66.976    15.44   10.65
 105795.598    73.446    17.59   13.17
 106163.328    83.009    26.00   15.30
 106530.977    95.583    34.20   19.42
 106898.547   109.661    38.30   20.16
 107266.036   124.396    40.09   19.33
 107633.445   135.552    30.36   13.86
 108000.775   142.506    18.93    8.32
 108368.024   143.188     1.86    9.95
 108735.194   140.650    -6.91   13.53
 109102.283   138.332    -6.31   15.71
 109469.293   135.250    -8.40   16.32
 109836.224   133.536    -4.67   16.57
 110203.074   133.804     0.73   15.59
 110569.845   137.686    10.58   15.96
 110936.537   148.360    29.11   18.96
 111303.149   163.323    40.81   20.59
 111669.681   179.094    43.02   21.68
 112036.135   197.789    51.01   23.01
 112402.508   219.797    60.06   31.83
 112768.803   242.622    62.31   34.72
 113135.018   268.814    71.52   34.01
 113501.154   285.776    46.32   28.52
 113867.211   297.915    33.16   21.60
 114233.189   297.025    -2.43   21.60
 114599.087   286.998   -27.40   25.31
 114964.907   264.016   -62.82   32.70
 115330.648   239.517   -66.98   32.21
 115696.310   212.693   -73.35   27.98
 116061.893   192.696   -54.70   22.55
 116427.397   174.739   -49.12   19.06
 116792.823   159.436   -41.88   19.07
 117158.170   146.815   -34.54   16.33
 117523.438   141.286   -15.14   15.67
 117888.628   137.719    -9.77   17.77
 118253.739   136.356    -3.73   19.26
 118618.771   133.946    -6.60   17.43
 118984.712   133.123    -2.25   13.44
 119366.163   135.173     5.38   11.54
 119747.528   142.998    20.52   11.37
 120128.805   153.740    28.17   15.14
 120509.996   167.156    35.19   16.44
 120891.099   179.246    31.72   14.80
 121272.115   186.862    19.99   10.13
 121653.045   185.230    -4.28   11.10
 122033.888   177.230   -21.00   13.55
 122414.644   166.599   -27.92   15.41
 122795.313   155.925   -28.04   14.68
 123175.895   149.144   -17.82   12.74
 123556.391   146.503    -6.94   13.08
 123936.801   146.094    -1.08   13.24
 124317.124   143.325    -7.28   14.59
 124697.360   136.609   -17.66   19.75
 125077.510   123.956   -33.28   23.84
 125457.574   113.381   -27.82   20.36
 125837.552   112.233    -3.02   16.28
 126217.443   118.658    16.91   16.28
 126597.249   127.591    23.52   12.50
 126976.968   133.847    16.47   11.19
 127356.601   138.720    12.84   11.77
 127736.149   143.420    12.38    9.80
 128115.610   147.978    12.01    5.68
 128494.986   148.322     0.91    6.23
 128874.275   145.817    -6.60    8.31
 129253.479   137.516   -21.89   13.63
 129632.598   123.989   -35.68   19.47
 130011.630   109.173   -39.08   25.01
 130390.578    92.967   -42.76   24.63
 130769.439    83.837   -24.10   19.29
 131148.216    83.598    -0.63   16.83
 131526.907    89.856    16.52   19.39
 131905.512    98.946    24.01   16.38
 132284.032   104.401    14.41   10.52
 132662.467   107.409     7.95    7.63
 133040.817   110.269     7.56    8.49
 133419.082   114.296    10.65    9.61
 133797.262   118.995    12.42    8.39
 134175.357   121.537     6.72    7.15
 134553.367   126.087    12.03    6.48
 134931.292   131.006    13.02    7.57
 135309.132   136.269    13.93    7.35
 135686.887   141.643    14.23    5.70
 136064.558   147.481    15.46    6.33
 136442.144   152.068    12.15    6.71
 136819.645   156.106    10.69    4.65
 137197.062   156.834     1.93    3.82
 137574.395   154.935    -5.03    4.66
 137951.643   152.794    -5.68    4.22
 138328.806   152.905     0.29    5.13
 138705.886   154.380     3.91    6.07
 139082.881   157.286     7.71    6.83
 139459.792   160.266     7.91    8.86
 139836.618   162.193     5.11   11.22
 140213.361   161.420    -2.05   12.08
 140590.019   157.587   -10.18   13.87
 140966.594   148.966   -22.89   13.05
 141343.085   140.424   -22.69   10.38
 141719.492   131.086   -24.81   10.28
 142095.814   124.076   -18.62    9.97
 142472.054   119.208   -12.94    7.46
 142848.209   116.371    -7.54    4.71
 143224.281   117.376     2.67    5.59
 143600.269   120.038     7.08    6.57
 143976.174   123.282     8.63    6.49
 144351.995   125.688     6.40    6.24
 144727.733   126.723     2.76    6.71
 145103.388   126.158    -1.51    7.28
 145478.959   123.323    -7.55    7.10
 145854.447   121.814    -4.02    5.92
 146229.851   120.636    -3.14    4.83
 146605.173   120.507    -0.34    3.73
 146980.411   120.623     0.31    2.49
 147355.567   121.176     1.47    2.39
 147730.639   122.935     4.69    3.29
 148105.628   125.764     7.54    4.33
 148480.535   130.648    13.03    5.72
 148855.359   137.466    18.19    8.79
 149230.099   145.250    20.77    9.25
 149604.758   155.166    26.46   11.55
 149979.333   166.365    29.90   13.17
 150353.826   181.636    40.77   19.71
 150728.236   199.389    47.41   22.29
 151102.564   220.660    56.82   25.04
 151476.810   244.599    63.96   29.06
 151850.973   271.374    71.55   30.81
 152225.053   288.872    46.77   25.39
 152599.052   294.036    13.81   20.99
 152972.968   282.313   -31.35   25.06
 153346.802   261.007   -56.99   25.52
 153720.554   240.211   -55.64   24.49
 154094.223   220.602   -52.47   19.10
 154467.811   205.733   -39.79   14.30
 154841.317   193.722   -32.15   10.24
 155214.741   186.356   -19.73   10.15
 155588.082   183.793    -6.86   11.09
 155961.343   186.632     7.61   15.05
 156334.521   191.873    14.04   18.42
 156707.618   196.406    12.15   18.55
 157080.633   197.175     2.06   17.24
 157453.566   192.873   -11.53   16.21
 157826.418   183.946   -23.94   16.26
 158199.188   176.461   -20.08   12.71
 158571.877   173.905    -6.86   11.34
 158944.485   176.404     6.71   14.20
 159317.011   182.066    15.20   15.77
 159689.456   186.230    11.18   16.77
 160061.820   189.319     8.30   14.88
 160434.102   192.228     7.81   14.09
 160806.304   200.558    22.38   16.60
 161178.424   213.240    34.08   18.44
 161550.463   230.272    45.77   21.40
 161922.422   249.374    51.35   23.75
 162294.299   273.588    65.11   27.72
 162666.096   292.893    51.92   25.56
 163037.811   304.006    29.89   17.09
 163409.446   298.804   -14.00   23.01
 163781.001   278.537   -54.54   30.73
 164152.474   252.279   -70.68   31.29
 164523.867   228.359   -64.40   24.29
 164895.180   212.866   -41.72   18.54
 165266.412   202.109   -28.97   14.25
 165637.563   198.592    -9.47   16.32
 166008.634   196.237    -6.35   19.02
 166379.625   197.762     4.11   21.56
 166750.535   195.160    -7.01   25.51
 167121.366   187.259   -21.30   27.53
 167492.116   175.435   -31.89   28.31
 167862.786   161.925   -36.44   24.76
 168233.375   151.036   -29.38   15.98
 168603.885   146.946   -11.04   10.28
 168974.315   153.456    17.57   15.42
 169344.665   168.206    39.82   20.65
 169714.935   189.221    56.75   28.34
 170085.125   213.397    65.30   31.01
 170455.235   245.319    86.24   35.84
 170825.266   275.077    80.41   35.55
 171195.217   306.946    86.13   34.23
 171565.088   332.690    69.60   35.30
 171934.880   357.090    65.97   35.65
 172304.592   373.405    44.12   34.95
 172674.225   379.033    15.22   34.32
 173043.778   366.650   -33.50   38.81
 173413.252   340.999   -69.42   38.84
 173782.647   310.379   -82.88   38.37
 174151.962   285.956   -66.12   32.03
 174521.198   265.395   -55.68   28.65
 174890.355   251.853   -36.68   26.53
 175259.433   242.317   -25.83   22.14
 175628.432   243.376     2.87   21.20
 175997.352   258.228    40.25   32.00
 176366.192   294.744    98.99   54.44
 176734.954   333.826   105.97   53.92
 177103.637   355.568    58.96   39.62
 177472.241   353.529    -5.53   44.03
 177840.767   316.537  -100.36   55.65
 178209.214   281.265   -95.72   42.42
 178577.582   259.725   -58.47   27.42
 178945.871   255.846   -10.53   32.00
 179314.082   256.009     0.44   35.83
 179682.214   252.774    -8.79   32.41
 180050.268   242.783   -27.14   27.12
 180418.243   230.653   -32.96   28.35
 180786.140   211.096   -53.15   33.78
 181153.959   183.059   -76.22   33.40
 181521.699   164.997   -49.11   24.15
 181889.362   152.588   -33.75   22.35
 182256.946   148.721   -10.52   25.10
 182624.451   143.892   -13.14   24.61
 182991.879   138.116   -15.72   22.48
 183359.229   132.163   -16.20   21.16
 183726.501   125.752   -17.45   20.43
 184093.695   118.289   -20.32   16.71
 184460.811   107.667   -28.93   13.51
 184827.849    99.150   -23.20   10.60
 185194.809    91.388   -21.15    7.06
 185561.692    87.574   -10.39    4.80
 185928.497    86.587    -2.69    4.79
 186295.224    91.833    14.30   10.62
 186661.874   100.064    22.45   13.84
 187028.446   112.306    33.39   19.37
 187394.941   124.667    33.72   23.96
 187761.358   142.156    47.72   31.16
 188127.698   158.619    44.93   36.98
 188493.961   177.531    51.63   39.38
 188860.146   194.501    46.34   40.54
 189226.254   210.000    42.33   35.80
 189592.285   221.309    30.89   32.22
 189958.239   231.209    27.05   27.56
 190324.115   239.977    23.96   19.97
 190689.915   244.059    11.16   20.19
 191055.637   245.688     4.45   28.41
 191421.283   248.303     7.15   35.21
 191786.852   254.283    16.36   40.94
 192152.344   266.018    32.10   37.26
 192517.759   274.177    22.33   30.24
 192883.097   270.650    -9.65   27.80
 193248.358   255.172   -42.37   34.09
 193613.543   226.040   -79.76   34.80
 193991.014   197.721   -75.01   30.61
 194372.209   172.169   -67.02   24.57
 194753.318   155.956   -42.54   17.41
 195134.343   147.206   -22.96   11.15
 195515.283   150.701     9.17   15.12
 195896.138   166.190    40.67   24.75
 196276.908   187.626    56.29   28.45
 196657.594   209.925    58.57   28.05
 197038.196   222.241    32.36   29.42
 197418.713   231.537    24.43   36.19
 197799.145   238.231    17.59   40.56
 198179.494   245.872    20.09   38.98
 198559.758   244.252    -4.26   37.34
 198939.937   228.009   -42.72   44.49
 199320.033   190.203   -99.45   58.80
 199700.044   139.782  -132.66   63.19
 200079.971    99.523  -105.95   47.68
 200459.814    69.146   -79.96   21.42
 200839.574    58.946   -26.86    5.84
 201219.249    58.598    -0.91    4.83
 201598.840    62.183     9.44    6.12
 201978.348    65.884     9.75    6.29
 202357.772    69.602     9.80    5.59
 202737.112    73.488    10.24    6.44
 203116.369    75.915     6.40    6.60
 203495.542    79.272     8.85    6.38
 203874.631    81.874     6.86    5.46
 204253.637    84.038     5.71    4.64
 204632.560    85.143     2.92    4.86
 205011.399    86.314     3.09    7.23
 205390.155    86.629     0.83    9.07
 205768.827    86.061    -1.50    9.15
 206147.416    87.007     2.50    8.90
 206525.923    87.966     2.53    9.00
 206904.346    89.300     3.52    8.91
 207282.686    89.872     1.51    9.76
 207660.943    89.537    -0.88    9.35
 208039.117    89.967     1.14    8.47
 208417.208    92.228     5.98    7.20
 208795.216    94.209     5.24    6.94
 209173.142    95.300     2.89    7.64
 209550.985    95.060    -0.63    8.57
 209928.745    94.026    -2.74    8.78
 210306.423    92.118    -5.05    7.29
 210684.018    91.729    -1.03    5.55
 211061.530    92.924     3.16    6.73
 211438.960    98.107    13.73   10.23
 211816.308   104.391    16.65   12.37
 212193.573   110.884    17.21   13.03
 212570.756   116.190    14.07   13.57
 212947.857   120.346    11.02   13.25
 213324.875   125.168    12.79   14.88
 213701.811   131.218    16.05   17.18
 214078.666   137.815    17.50   20.85
 214455.438   142.152    11.51   20.64
 214832.128   144.231     5.52   22.29
 215208.737   142.925    -3.47   22.17
 215585.263   142.550    -1.00   22.21
 215961.708   146.037     9.26   21.82
 216338.071   154.514    22.52   22.49
 216714.352   166.143    30.90   24.02
 217090.551   179.409    35.26   25.56
 217466.669   192.358    34.42   23.96
 217842.705   201.451    24.18   21.24
 218218.660   209.492    21.39   19.08
 218594.533   215.503    15.99   19.14
 218970.325   220.605    13.57   20.19
 219346.036   225.425    12.83   19.27
 219721.665   232.164    17.94   18.80
 220097.213   234.383     5.91   18.36
 220472.680   236.048     4.43   19.78
 220848.066   235.550    -1.33   20.99
 221223.370   236.712     3.10   21.86
 221598.594   243.414    17.86   22.04
 221973.736   255.902    33.28   22.18
 222348.798   270.690    39.42   24.89
 222723.779   291.350    55.09   29.93
 223098.679   315.362    64.04   34.66
 223473.498   336.630    56.73   27.02
 223848.236   351.306    39.16   21.03
 224222.894   354.013     7.22   21.31
 224597.471   344.514   -25.36   25.90
 224971.967   327.546   -45.30   30.35
 225346.383   305.997   -57.54   31.46
 225720.719   283.382   -60.41   30.92
 226094.974   263.081   -54.23   26.78
 226469.149   247.619   -41.32   24.80
 226843.243   239.143   -22.65   26.72
 227217.257   233.725   -14.49   26.51
 227591.191   236.102     6.36   23.37
 227965.045   240.664    12.20   20.93
 228338.818   246.325    15.14   16.92
 228712.512   248.112     4.78   14.97
 229086.125   241.477   -17.76   18.43
 229459.659   228.591   -34.49   20.30
 229833.113   213.206   -41.19   20.83
 230206.486   199.685   -36.21   20.96
 230579.780   186.154   -36.24   19.64
 230952.994   176.581   -25.65   19.88
 231326.129   166.446   -27.16   18.15
 231699.184   157.883   -22.95   18.12
 232072.159   147.023   -29.11   16.32
 232445.055   135.203   -31.69   16.33
 232817.871   124.382   -29.02   12.13
 233190.607   120.393   -10.70    7.07
 233563.265   121.150     2.03    6.79
 233935.843   123.809     7.14    5.48
 234308.341   125.451     4.41    3.13
 234680.761   127.377     5.17    4.37
 235053.101   130.123     7.37    6.08
 235425.362   134.198    10.95    7.26
 235797.544   139.523    14.30   10.19
 236169.646   145.817    16.91   13.08
 236541.670   152.591    18.21   17.03
 236913.615   157.456    13.08   18.29
 237285.481   158.100     1.73   17.36
 237657.268   156.401    -4.57   15.88
 238028.976   156.643     0.65   12.88
 238400.606   156.901     0.69    9.85
 238772.156   161.616    12.69   12.01
 239143.629   170.182    23.06   14.41
 239515.022   182.456    33.04   19.34
 239886.337   193.558    29.89   21.64
 240257.573   205.258    31.51   22.45
 240628.731   216.467    30.19   22.16
 240999.811   224.430    21.46   21.61
 241370.812   234.303    26.61   20.49
 241741.735   242.233    21.37   20.21
 242112.580   249.716    20.18   18.00
 242483.346   255.878    16.62   15.41
 242854.034   261.892    16.22   14.22
 243224.644   263.384     4.02   14.93
 243595.176   259.977    -9.19   19.16
 243965.630   250.424   -25.78   22.36
 244336.006   241.261   -24.74   19.73
 244706.304   236.977   -11.57   15.21
 245076.524   239.682     7.31   15.91
 245446.667   242.520     7.66   18.67
 245816.731   242.503    -0.04   24.63
 246186.718   236.672   -15.76   32.83
 246556.627   221.446   -41.16   36.25
 246926.459   205.770   -42.38   35.09
 247296.213   189.911   -42.88   31.06
 247665.889   174.409   -41.93   26.71
 248035.488   161.619   -34.60   23.04
 248405.009   148.112   -36.55   16.93
 248774.454   139.646   -22.91   12.25
 249143.820   133.663   -16.19   10.94
 249513.110   131.810    -5.02   13.73
 249882.322   134.992     8.62   18.71
 250251.457   141.522    17.69   17.94
