-178926.386    -5.533     0.00    0.00
-178554.180    -5.533     0.00    0.00
-178182.064    -5.533     0.00    0.00
-177810.037    -5.533     0.00    0.00
-177438.099    -5.533     0.00    0.00
-177066.250    -5.533     0.00    0.00
-176694.490    -5.533     0.00    0.00
-176322.820    -5.533     0.00    0.00
-175951.238    -5.533     0.00    0.00
-175579.744    -5.533     0.00    0.00
-175208.340    -5.533     0.00    0.00
-174837.024    -5.533     0.00    0.00
-174465.797    -5.533     0.00    0.00
-174094.659    -5.533     0.00    0.00
-173723.609    -5.533     0.00    0.00
-173352.648    -5.533     0.00    0.00
-172981.775    -5.533     0.00    0.00
-172610.990    -5.533     0.00    0.00
-172240.293    -5.533     0.00    0.00
-171869.685    -5.533     0.00    0.00
-171499.165    -5.533     0.00    0.00
-171128.733    -5.533     0.00    0.00
-170758.389    -5.533     0.00    0.00
-170388.132    -5.533     0.00    0.00
-170017.964    -5.533     0.00    0.00
-169647.884    -5.533     0.00    0.00
-169277.891    -5.533     0.00    0.00
-168907.986    -5.533     0.00    0.00
-168538.169    -5.533     0.00    0.00
-168168.439    -5.533     0.00    0.00
-167798.797    -5.533     0.00    0.00
-167429.242    -5.533     0.00    0.00
-167059.775    -5.533     0.00    0.00
-166690.395    -5.533     0.00    0.00
-166321.102    -5.533     0.00    0.00
-165951.896    -5.246     0.78    0.67
-165582.778    -4.771     1.29    1.01
-165213.746    -4.193     1.57    1.06
-164844.802    -3.579     1.67    0.97
-164475.945    -3.014     1.53    0.82
-164107.174    -2.672     0.93    0.94
-163738.491    -2.598     0.20    1.20
-163369.894    -2.918    -0.87    1.51
-163001.384    -3.303    -1.05    1.75
-162632.960    -3.659    -0.97    1.76
-162264.623    -3.906    -0.67    1.75
-161896.373    -3.977    -0.19    1.80
-161528.209    -3.421     1.51    2.41
-161160.132    -2.523     2.44    3.41
-160792.141    -1.485     2.82    3.85
-160424.236    -0.698     2.14    3.72
-160056.417     0.382     2.94    4.18
-159688.685     1.229     2.30    3.85
-159321.039     2.641     3.84    3.22
-158953.478     3.062     1.14    2.99
-158586.004     2.667    -1.07    3.25
-158218.616     1.784    -2.40    3.18
-157851.314     1.254    -1.44    2.92
-157484.097     0.263    -2.70    3.28
-157116.966    -0.976    -3.38    2.91
-156749.921    -1.389    -1.12    2.96
-156382.962    -1.753    -0.99    2.74
-156016.088    -0.946     2.20    2.76
-155649.299    -0.467     1.30    2.53
-155282.596    -0.616    -0.41    2.48
-154915.979    -1.588    -2.65    2.72
-154549.447    -2.988    -3.82    2.52
-154183.000    -4.065    -2.94    2.12
-153816.638    -4.776    -1.94    1.27
-153450.362    -4.832    -0.15    1.01
-153084.170    -4.718     0.31    0.82
-152718.064    -4.571     0.40    0.65
-152352.042    -4.333     0.65    0.81
-151986.106    -3.797     1.46    1.85
-151620.254    -2.699     3.00    2.42
-151254.488    -2.441     0.71    2.46
-150888.806    -2.484    -0.12    2.05
-150523.208    -2.258     0.62    1.75
-150157.696    -2.061     0.54    1.91
-149792.267    -1.845     0.59    1.99
-149426.924    -2.084    -0.66    2.08
-149061.665    -2.741    -1.80    2.24
-148696.490    -3.487    -2.04    1.98
-148331.399    -3.991    -1.38    1.79
-147966.393    -4.431    -1.21    1.55
-147601.471    -4.542    -0.30    1.31
-147236.634    -4.454     0.24    1.21
-146871.880    -4.459    -0.01    0.99
-146507.211    -4.247     0.58    1.18
-146142.625    -3.897     0.96    1.25
-145778.123    -4.024    -0.35    1.29
-145413.706    -4.494    -1.29    0.98
-145049.372    -4.589    -0.26    0.87
-144667.453    -4.342     0.65    1.26
-144285.479    -2.589     4.59    3.74
-143903.599    -0.580     5.26    4.55
-143521.813     0.615     3.13    4.19
-143140.121     0.448    -0.44    4.41
-142758.523    -1.552    -5.24    4.04
-142377.019    -3.523    -5.17    2.82
-141995.608    -4.725    -3.15    1.10
-141614.292    -4.783    -0.15    0.94
-141233.069    -4.776     0.02    0.81
-140851.940    -4.692     0.22    0.60
-140470.904    -4.421     0.71    0.89
-140089.962    -3.094     3.48    2.12
-139709.113    -1.235     4.88    3.38
-139328.357     0.513     4.59    3.41
-138947.695     1.957     3.79    2.83
-138567.126     2.513     1.46    2.53
-138186.650     2.378    -0.35    2.49
-137806.267     2.404     0.07    2.61
-137425.977     1.889    -1.35    3.17
-137045.780     0.917    -2.56    3.36
-136665.676     0.067    -2.24    3.20
-136285.665    -1.024    -2.87    2.60
-135905.747    -1.740    -1.89    1.97
-135525.921    -2.441    -1.84    0.70
-135146.187    -2.467    -0.07    0.59
-134766.547    -2.196     0.71    1.54
-134386.998    -2.165     0.08    1.52
-134007.543    -2.274    -0.29    1.06
-133628.179    -1.881     1.03    1.40
-133248.908    -1.448     1.14    1.73
-132869.729    -1.486    -0.10    1.78
-132490.642    -1.571    -0.22    1.78
-132111.647    -1.771    -0.53    1.83
-131732.744    -1.696     0.20    2.25
-131353.933    -1.724    -0.07    2.30
-130975.214    -1.315     1.08    2.21
-130596.587    -0.175     3.01    2.72
-130218.051     0.842     2.69    2.77
-129839.608     2.597     4.64    3.17
-129461.255     3.943     3.56    3.03
-129082.995     4.850     2.40    2.27
-128704.826     5.308     1.21    1.89
-128326.748     5.686     1.00    2.78
-127948.761     5.878     0.51    3.37
-127570.866     6.524     1.71    3.68
-127193.062     6.541     0.04    3.75
-126815.349     6.263    -0.73    3.52
-126437.728     6.047    -0.57    2.77
-126060.197     5.773    -0.72    2.13
-125682.757     5.742    -0.08    2.13
-125305.408     5.565    -0.47    2.08
-124928.150     4.801    -2.03    1.81
-124550.983     4.005    -2.11    1.57
-124173.907     4.056     0.14    3.17
-123796.921     4.037    -0.05    4.21
-123420.025     4.934     2.38    4.59
-123043.220     5.513     1.54    4.54
-122666.506     5.312    -0.54    3.91
-122289.882     4.850    -1.23    2.77
-121913.348     4.548    -0.80    2.90
-121536.905     4.023    -1.40    3.03
-121160.551     3.952    -0.19    3.04
-120784.288     4.041     0.24    2.56
-120408.115     4.486     1.18    2.37
-120032.032     5.524     2.76    2.03
-119656.039     7.165     4.37    1.80
-119280.135     8.986     4.84    2.91
-118904.322    10.607     4.31    2.78
-118528.598    12.054     3.85    1.66
-118152.964    12.320     0.71    1.45
-117777.419    11.923    -1.06    1.51
-117401.964    12.779     2.28    1.94
-117026.599    14.850     5.52    3.03
-116651.323    17.093     5.98    3.52
-116276.136    18.121     2.74    3.45
-115901.038    18.310     0.50    3.91
-115526.030    19.023     1.90    4.47
-115151.111    19.602     1.54    3.92
-114776.281    20.019     1.11    3.22
-114401.540    19.379    -1.71    3.80
-114026.888    16.990    -6.38    4.51
-113652.325    14.913    -5.55    3.93
-113277.851    13.972    -2.51    3.24
-112903.466    13.294    -1.81    2.33
-112529.169    13.254    -0.11    1.96
-112154.961    13.014    -0.64    1.90
-111780.842    12.109    -2.42    1.81
-111406.811    11.250    -2.30    1.65
-111032.869    10.817    -1.16    1.93
-110659.015    11.208     1.05    2.46
-110285.249    12.197     2.65    2.60
-109911.572    13.291     2.93    2.18
-109537.983    14.555     3.38    2.16
-109164.482    15.570     2.72    2.56
-108791.069    16.429     2.30    2.30
-108417.745    17.241     2.17    1.99
-108044.508    17.383     0.38    1.93
-107671.359    17.953     1.53    1.99
-107298.298    19.069     2.99    2.45
-106925.325    20.273     3.23    2.04
-106552.440    21.262     2.65    1.38
-106179.642    21.342     0.22    1.38
-105806.932    21.807     1.25    1.99
-105434.309    21.826     0.05    2.21
-105061.774    21.201    -1.68    2.39
-104689.327    20.421    -2.09    2.65
-104316.966    19.215    -3.24    2.11
-103944.693    19.194    -0.06    1.65
-103572.508    19.018    -0.47    1.88
-103200.409    18.357    -1.78    2.26
-102828.398    18.467     0.30    2.40
-102456.474    19.028     1.51    2.65
-102084.636    19.841     2.19    2.32
-101712.886    21.083     3.34    1.79
-101341.223    21.097     0.04    1.82
-100969.646    21.039    -0.16    1.70
-100598.156    20.757    -0.76    1.76
-100226.753    20.085    -1.81    1.72
 -99855.437    20.071    -0.04    2.32
 -99484.207    20.118     0.13    2.23
 -99113.063    19.524    -1.60    2.65
 -98742.007    17.691    -4.94    3.93
 -98371.036    15.345    -6.33    4.27
 -98000.152    13.560    -4.81    4.07
 -97629.354    12.215    -3.63    3.34
 -97258.643    11.995    -0.59    2.78
 -96888.017    12.562     1.53    2.95
 -96517.478    12.305    -0.69    3.35
 -96147.025    11.561    -2.01    3.90
 -95776.657    10.095    -3.96    4.19
 -95406.376     8.125    -5.32    3.23
 -95036.181     6.958    -3.15    1.45
 -94666.071     6.533    -1.15    0.32
 -94296.047     6.553     0.05    0.40
 -93926.109     8.804     6.08    4.12
 -93556.256    12.411     9.75    6.14
 -93186.489    16.775    11.80    5.75
 -92816.808    20.004     8.74    3.71
 -92447.212    21.065     2.87    2.68
 -92077.701    20.589    -1.29    3.01
 -91708.276    21.658     2.89    4.70
 -91338.936    23.715     5.57    6.34
 -90969.681    25.882     5.87    6.76
 -90600.512    27.557     4.54    6.15
 -90231.427    27.412    -0.39    6.78
 -89862.428    25.702    -4.63    6.69
 -89493.514    26.637     2.53    7.29
 -89124.684    28.779     5.81    7.70
 -88755.939    32.629    10.44    7.15
 -88387.280    34.210     4.29    6.43
 -88018.705    33.559    -1.77    7.09
 -87650.214    29.430   -11.21    8.45
 -87281.809    25.370   -11.02    7.53
 -86913.488    22.354    -8.19    5.04
 -86545.251    20.958    -3.79    2.51
 -86177.099    20.467    -1.33    0.00
 -85809.031    20.467     0.00    0.00
 -85441.048    20.467     0.00    0.00
 -85073.149    20.553     0.23    0.46
 -84705.334    23.753     8.70    6.72
 -84337.604    28.620    13.24    8.50
 -83969.957    33.143    12.31    7.55
 -83602.395    37.438    11.69    3.59
 -83234.917    37.532     0.25    2.43
 -82867.522    37.098    -1.18    3.24
 -82500.212    34.382    -7.39    5.60
 -82132.985    32.986    -3.80    6.51
 -81765.842    33.496     1.39    6.70
 -81398.783    34.118     1.69    6.57
 -81031.808    34.875     2.06    6.56
 -80664.916    32.953    -5.24    7.61
 -80298.107    30.629    -6.34    7.58
 -79931.383    28.058    -7.01    7.41
 -79564.741    25.065    -8.16    6.43
 -79198.183    25.600     1.46    6.64
 -78831.709    28.753     8.60    7.32
 -78465.317    30.840     5.70    6.82
 -78099.009    33.118     6.22    5.09
 -77732.784    32.143    -2.66    5.78
 -77366.642    29.108    -8.29    6.69
 -77000.584    25.911    -8.74    6.10
 -76634.608    22.497    -9.33    2.89
 -76268.715    21.524    -2.66    0.43
 -75902.905    21.467    -0.16    0.00
 -75537.178    22.292     2.26    2.32
 -75171.533    24.495     6.03    4.01
 -74805.972    26.357     5.09    4.81
 -74440.493    25.688    -1.83    5.79
 -74075.096    23.756    -5.29    6.24
 -73709.782    20.288    -9.49    4.47
 -73344.551    18.533    -4.80    0.35
 -72979.402    19.702     3.20    3.20
 -72614.336    24.334    12.69    6.83
 -72249.351    28.371    11.06    6.71
 -71884.449    32.146    10.35    3.65
 -71519.630    33.086     2.58    1.23
 -71154.892    32.249    -2.29    1.44
 -70790.237    30.552    -4.65    2.60
 -70425.663    28.967    -4.35    2.84
 -70049.486    28.304    -1.76    2.42
 -69667.682    27.683    -1.63    2.36
 -69285.970    27.890     0.54    2.03
 -68904.349    28.118     0.60    1.79
 -68522.821    28.381     0.69    1.90
 -68141.383    29.162     2.05    1.58
 -67760.038    29.372     0.55    1.84
 -67378.784    28.972    -1.05    2.29
 -66997.621    27.848    -2.95    2.67
 -66616.550    27.260    -1.54    2.83
 -66235.569    26.758    -1.32    2.69
 -65854.681    26.279    -1.26    1.91
 -65473.883    26.054    -0.59    1.39
 -65093.176    25.779    -0.72    0.99
 -64712.561    25.341    -1.15    1.67
 -64332.036    24.477    -2.27    2.21
 -63951.602    22.885    -4.19    2.64
 -63571.259    21.448    -3.78    2.45
 -63191.007    20.338    -2.92    2.00
 -62810.846    18.373    -5.17    4.14
 -62430.775    15.141    -8.50    5.69
 -62050.795    12.275    -7.54    5.40
 -61670.905    10.294    -5.22    4.17
 -61291.106    10.286    -0.02    3.71
 -60911.397    11.375     2.87    3.61
 -60531.779    11.665     0.76    3.73
 -60152.250    11.566    -0.26    3.61
 -59772.812    11.382    -0.48    3.28
 -59393.464    10.797    -1.54    3.41
 -59014.207    10.429    -0.97    3.50
 -58635.039    11.095     1.76    4.05
 -58255.961    11.179     0.22    4.43
 -57876.973    11.341     0.43    4.55
 -57498.075    11.826     1.28    4.44
 -57119.266    11.848     0.06    3.99
 -56740.547    12.486     1.69    2.97
 -56361.918    12.591     0.28    2.36
 -55983.379    11.836    -1.99    2.26
 -55604.929    11.738    -0.26    1.81
 -55226.568    10.289    -3.83    3.55
 -54848.297     8.067    -5.87    5.00
 -54470.115     6.743    -3.50    5.58
 -54092.022     7.495     1.99    6.00
 -53714.019     9.497     5.30    5.72
 -53336.105    10.090     1.57    5.55
 -52958.279     8.121    -5.21    6.24
 -52580.543     7.573    -1.45    6.20
 -52202.896     8.301     1.93    6.25
 -51825.337    11.248     7.81    5.52
 -51447.868    13.797     6.75    2.38
 -51070.487    14.143     0.92    1.28
 -50693.195    13.571    -1.52    1.26
 -50315.991    12.544    -2.72    3.05
 -49938.877    11.705    -2.22    4.54
 -49561.850    10.408    -3.44    5.75
 -49184.912    10.212    -0.52    6.04
 -48808.063    10.027    -0.49    5.95
 -48431.301    10.816     2.09    5.07
 -48054.629    10.886     0.18    4.69
 -47678.044    10.584    -0.80    5.01
 -47301.547    10.063    -1.38    5.64
 -46925.139    10.646     1.55    5.09
 -46548.818    11.865     3.24    4.55
 -46172.586    13.667     4.79    2.04
 -45796.441    14.121     1.21    1.44
 -45420.384    14.263     0.38    1.33
 -45044.415    14.360     0.26    2.07
 -44668.534    11.555    -7.46    5.89
 -44292.740     8.400    -8.40    7.16
 -43917.034     4.675    -9.91    6.75
 -43541.416     1.696    -7.93    4.16
 -43165.885    -0.002    -4.52    1.85
 -42790.441    -0.409    -1.08    0.84
 -42415.085    -0.451    -0.11    0.71
 -42039.816    -0.254     0.53    1.36
 -41664.634     0.095     0.93    2.40
 -41289.540     0.720     1.67    3.45
 -40914.533     1.380     1.76    4.25
 -40539.612     2.021     1.71    4.62
 -40164.779     2.246     0.60    4.83
 -39790.033     2.525     0.75    4.94
 -39415.373     2.048    -1.27    4.66
 -39040.800     1.366    -1.82    4.12
 -38666.314     1.098    -0.72    3.84
 -38291.915     0.835    -0.70    3.61
 -37917.603     0.400    -1.16    3.14
 -37543.377    -0.153    -1.48    1.89
 -37169.237    -0.368    -0.57    0.99
 -36795.184    -0.052     0.84    2.04
 -36421.217     0.419     1.26    3.10
 -36047.337     1.143     1.94    4.26
 -35673.543     2.006     2.31    5.37
 -35299.835     2.694     1.84    6.05
 -34926.214     4.508     4.86    7.33
 -34552.678     5.391     2.37    7.76
 -34179.229     6.967     4.22    8.32
 -33805.866     7.381     1.11    8.30
 -33432.588     7.705     0.87    8.14
 -33059.396     7.400    -0.82    8.26
 -32686.291     7.729     0.88    8.27
 -32313.270     7.127    -1.61    8.11
 -31940.336     6.861    -0.71    8.09
 -31567.487     5.869    -2.66    7.70
 -31194.724     5.246    -1.67    7.50
 -30822.047     4.259    -2.65    7.08
 -30449.455     4.105    -0.41    6.58
 -30076.948     3.528    -1.55    6.30
 -29704.526     2.554    -2.62    5.74
 -29332.190     0.846    -4.59    4.11
 -28959.939    -0.371    -3.27    1.03
 -28587.774    -0.533    -0.44    0.00
 -28215.693    -0.533     0.00    0.00
 -27843.698    -0.148     1.03    2.18
 -27471.787     1.155     3.50    5.22
 -27099.962     3.760     7.01    7.61
 -26728.221     6.477     7.31    9.12
 -26356.565     9.333     7.68    9.50
 -25984.994    12.001     7.18    9.26
 -25613.508    15.039     8.18    8.29
 -25242.106    17.631     6.98    7.11
 -24870.789    20.065     6.56    4.13
 -24499.556    22.150     5.62    3.53
 -24128.408    23.207     2.85    3.31
 -23757.345    24.580     3.70    4.56
 -23386.366    25.346     2.06    4.34
 -23015.471    24.581    -2.06    4.76
 -22644.660    23.046    -4.14    4.63
 -22273.933    23.092     0.13    4.93
 -21903.291    24.044     2.57    5.53
 -21532.733    25.157     3.00    4.91
 -21162.259    24.784    -1.01    4.74
 -20791.868    24.123    -1.78    4.75
 -20421.562    25.305     3.19    6.07
 -20051.340    28.677     9.11    7.21
 -19681.201    34.515    15.77    9.76
 -19311.146    39.986    14.78   10.10
 -18941.175    46.801    18.42   11.95
 -18571.287    53.323    17.63   11.90
 -18201.483    58.863    14.98   11.10
 -17831.763    64.177    14.37   10.99
 -17462.126    67.093     7.89   11.41
 -17092.573    68.620     4.13   13.50
 -16723.102    70.388     4.79   15.07
 -16353.715    70.310    -0.21   16.28
 -15984.412    72.275     5.32   15.89
 -15615.191    72.003    -0.74   16.31
 -15246.054    73.275     3.45   16.76
 -14877.000    75.311     5.52   16.49
 -14508.029    72.727    -7.00   18.11
 -14139.140    68.340   -11.89   16.44
 -13770.335    68.972     1.71   15.03
 -13401.612    71.131     5.85   14.62
 -13032.973    74.797     9.95   12.30
 -12664.416    76.535     4.72   10.74
 -12295.942    75.186    -3.66   10.59
 -11927.550    74.977    -0.57   10.23
 -11559.241    74.160    -2.22   10.73
 -11191.015    72.610    -4.21   11.04
 -10822.871    71.025    -4.31   11.68
 -10454.809    70.477    -1.49   12.24
 -10086.830    69.681    -2.16   13.14
  -9718.933    68.790    -2.42   13.43
  -9351.118    66.602    -5.95   13.56
  -8983.386    64.546    -5.59   13.13
  -8615.735    62.543    -5.45   12.92
  -8248.167    62.208    -0.91   13.08
  -7880.681    57.150   -13.76   16.08
  -7513.277    50.574   -17.90   16.81
  -7145.954    44.020   -17.84   12.35
  -6778.714    40.515    -9.54    9.46
  -6411.555    42.399     5.13    9.92
  -6044.479    45.801     9.27   10.66
  -5677.483    50.881    13.84   11.65
  -5310.570    57.977    19.34   10.53
  -4943.738    62.881    13.37    9.48
  -4576.988    66.204     9.06   10.13
  -4210.319    64.621    -4.32   17.72
  -3843.732    57.338   -19.87   25.10
  -3477.226    48.118   -25.16   29.64
  -3110.801    39.826   -22.63   30.26
  -2744.458    30.519   -25.41   29.32
  -2378.195    23.658   -18.73   27.83
  -2012.014    16.106   -20.62   24.39
  -1645.914     8.535   -20.68   18.52
  -1279.896     3.546   -13.63   11.46
   -913.958     0.834    -7.41    5.94
   -548.101     0.322    -1.40    4.19
   -182.325     0.269    -0.14    3.88
    183.370     0.242    -0.08    4.10
    548.984    -0.109    -0.96    2.13
    914.518     0.437     1.49    2.72
   1279.971     2.515     5.69    6.63
   1645.343     5.952     9.41   10.86
   2010.634    10.758    13.16   15.16
   2375.846    14.189     9.39   17.06
   2740.976    18.957    13.06   18.50
   3106.026    21.428     6.77   18.87
   3470.996    24.030     7.13   17.73
   3835.886    24.794     2.09   16.25
   4200.695    26.049     3.44   15.65
   4571.555    27.753     4.59   16.52
   4953.188    26.909    -2.21   17.32
   5334.732    21.836   -13.30   15.66
   5716.186    18.225    -9.47   12.62
   6097.551    17.624    -1.58   11.82
   6478.826    20.117     6.54   13.70
   6860.013    23.640     9.24   14.47
   7241.110    25.869     5.85   13.99
   7622.118    26.918     2.75   12.57
   8003.037    26.457    -1.21   10.92
   8383.867    23.283    -8.34    9.55
   8764.608    18.857   -11.62    7.59
   9145.261    15.400    -9.08    4.59
   9525.824    13.447    -5.13    1.62
   9906.299    13.183    -0.69    1.09
  10286.685    13.566     1.01    1.46
  10666.982    15.108     4.05    4.65
  11047.191    18.883     9.93    8.20
  11427.312    23.653    12.55    9.11
  11807.344    27.830    10.99    7.65
  12187.287    33.150    14.00    5.76
  12567.143    35.903     7.25    5.93
  12946.910    39.616     9.78    6.14
  13326.589    42.534     7.69    5.54
  13706.179    44.289     4.62    4.64
  14085.682    46.310     5.33    5.87
  14465.097    45.997    -0.83    7.10
  14844.423    45.982    -0.04    8.52
  15223.662    47.016     2.73    8.50
  15602.813    48.879     4.91    6.79
  15981.876    51.043     5.71    5.33
  16360.852    52.291     3.29    4.30
  16739.740    54.158     4.93    3.84
  17118.540    56.215     5.43    3.91
  17497.253    57.977     4.65    3.88
  17875.878    59.212     3.26    4.78
  18254.416    57.311    -5.02    7.78
  18632.866    52.381   -13.03    8.52
  19011.230    48.596   -10.00    7.10
  19389.506    44.069   -11.97    7.89
  19767.694    40.875    -8.44    8.14
  20145.796    39.603    -3.36    8.29
  20523.811    39.508    -0.25    9.85
  20901.738    40.879     3.63    9.96
  21279.579    39.427    -3.84   11.13
  21657.333    34.623   -12.72   12.07
  22035.000    29.913   -12.47   10.78
  22412.580    29.604    -0.82    9.73
  22790.074    31.840     5.92    9.92
  23167.481    34.006     5.74    9.46
  23544.801    35.177     3.10    8.33
  23922.035    36.757     4.19    8.32
  24299.182    39.928     8.41    8.40
  24676.243    43.720    10.06    6.86
  25053.218    45.899     5.78    5.38
  25430.106    45.253    -1.71    5.07
  25806.908    44.134    -2.97    5.10
  26183.624    42.590    -4.10    5.64
  26560.254    42.758     0.45    5.92
  26936.798    42.349    -1.09    7.36
  27313.255    37.535   -12.79   10.34
  27689.627    31.696   -15.51   14.73
  28065.913    23.193   -22.60   14.97
  28442.113    15.367   -20.80   12.13
  28818.227    10.840   -12.04    9.36
  29194.256     7.957    -7.67    7.23
  29570.199     5.938    -5.37    5.53
  29946.056     4.923    -2.70    3.86
  30321.828     4.358    -1.50    2.50
  30697.515     4.202    -0.41    2.14
  31073.116     4.285     0.22    2.35
  31448.631     5.242     2.55    4.58
  31824.061     8.304     8.16    9.75
  32199.406    10.536     5.95   12.75
  32574.666    12.207     4.45   14.16
  32949.841    11.938    -0.72   13.45
  33324.931    11.554    -1.02   12.93
  33699.935    11.108    -1.19   12.82
  34074.855    10.002    -2.95   11.46
  34449.690     7.448    -6.81    8.04
  34824.439     5.619    -4.88    4.94
  35199.105     5.347    -0.72    3.60
  35573.685     6.387     2.78    4.12
  35948.181     8.437     5.47    4.52
  36322.592     9.928     3.98    4.01
  36696.918    11.427     4.00    2.89
  37071.160    12.242     2.18    1.37
  37445.318    12.103    -0.37    1.25
  37819.391    12.121     0.05    1.25
  38193.380    12.028    -0.25    1.25
  38567.284    11.997    -0.09    1.23
  38941.104    11.790    -0.55    1.19
  39314.841    11.712    -0.21    1.13
  39688.493    11.932     0.59    1.18
  40062.061    12.340     1.09    1.11
  40435.544    12.707     0.98    1.09
  40808.944    12.918     0.57    1.24
  41182.261    13.150     0.62    1.48
  41555.493    13.273     0.33    1.72
  41928.641    13.036    -0.64    2.99
  42301.706    11.994    -2.79    4.27
  42674.687     9.830    -5.80    5.35
  43047.585     7.659    -5.82    4.93
  43420.399     5.645    -5.40    4.02
  43793.129     4.205    -3.87    2.46
  44165.776     3.487    -1.93    0.20
  44538.340     3.467    -0.05    0.00
  44910.820     3.487     0.05    0.20
  45283.217     4.220     1.97    3.16
  45655.531     6.013     4.82    5.97
  46027.761     9.506     9.39   10.57
  46399.909    16.099    17.71   17.35
  46771.973    25.722    25.86   21.90
  47143.955    36.610    29.27   20.77
  47515.853    43.771    19.25   16.26
  47887.669    48.141    11.75    9.22
  48259.401    49.830     4.54    7.54
  48631.051    53.528     9.95    9.76
  49002.619    60.039    17.52   11.64
  49374.103    66.388    17.09   10.20
  49745.505    70.508    11.09    7.37
  50116.824    70.428    -0.21    6.59
  50488.061    67.603    -7.61    6.86
  50859.216    64.457    -8.47    8.10
  51230.287    60.563   -10.49   10.71
  51601.277    52.036   -22.98   14.83
  51972.184    42.982   -24.41   15.66
  52343.010    38.923   -10.95   15.20
  52713.752    40.636     4.62   17.44
  53084.413    43.867     8.72   18.58
  53454.992    43.859    -0.02   18.05
  53825.488    40.894    -8.00   17.63
  54195.903    35.566   -14.38   16.19
  54566.236    29.280   -16.97   12.59
  54936.487    24.310   -13.42    8.27
  55306.656    20.720    -9.70    4.91
  55676.743    19.338    -3.73    2.31
  56046.749    19.665     0.88    3.13
  56416.673    21.497     4.95    5.06
  56786.515    23.095     4.32    5.30
  57156.276    24.113     2.75    5.24
  57525.955    24.220     0.29    4.96
  57895.553    24.217    -0.01    4.50
  58265.070    26.516     6.22    5.98
  58634.505    31.013    12.17    8.87
  59003.859    38.556    20.42   11.80
  59373.132    44.697    16.63   10.26
  59742.323    49.347    12.59    7.91
  60111.434    49.330    -0.05    7.33
  60480.463    47.720    -4.36    5.69
  60849.411    47.536    -0.50    3.89
  61218.279    49.382     5.00    5.08
  61587.065    54.055    12.67    7.78
  61955.771    59.197    13.94    7.43
  62324.395    62.737     9.60    5.15
  62692.940    63.883     3.11    5.73
  63061.403    62.681    -3.26    6.89
  63429.786    59.977    -7.34    7.46
  63798.088    57.657    -6.30    7.27
  64166.309    55.467    -5.95    6.02
  64534.450    54.962    -1.37    4.99
  64902.511    57.320     6.41    6.40
  65270.491    60.817     9.50    7.99
  65638.391    66.497    15.44   10.65
  66006.211    72.967    17.59   13.17
  66373.950    82.530    26.00   15.30
  66741.610    95.104    34.20   19.42
  67109.189   109.183    38.30   20.16
  67476.688   123.917    40.09   19.33
  67844.107   135.073    30.36   13.86
  68211.446   142.027    18.93    8.32
  68578.705   142.710     1.86    9.95
  68945.885   140.171    -6.91   13.53
  69312.984   137.853    -6.31   15.71
  69680.004   134.772    -8.40   16.32
  70046.944   133.057    -4.67   16.57
  70413.804   133.326     0.73   15.59
  70780.585   137.207    10.58   15.96
  71147.286   147.881    29.11   18.96
  71513.908   162.845    40.81   20.59
  71880.450   178.616    43.02   21.68
  72246.913   197.311    51.01   23.01
  72613.296   219.319    60.06   31.83
  72979.601   242.144    62.31   34.72
  73345.826   268.336    71.52   34.01
  73711.971   285.297    46.32   28.52
  74078.038   297.437    33.16   21.60
  74444.026   296.546    -2.43   21.60
  74809.934   286.520   -27.40   25.31
  75175.763   263.537   -62.82   32.70
  75541.514   239.039   -66.98   32.21
  75907.186   212.215   -73.35   27.98
  76272.778   192.217   -54.70   22.55
  76638.292   174.261   -49.12   19.06
  77003.728   158.957   -41.88   19.07
  77369.084   146.337   -34.54   16.33
  77734.362   140.807   -15.14   15.67
  78099.562   137.240    -9.77   17.77
  78464.682   135.877    -3.73   19.26
  78829.725   133.467    -6.60   17.43
  79195.675   132.644    -2.25   13.44
  79577.137   134.695     5.38   11.54
  79958.511   142.519    20.52   11.37
  80339.799   153.261    28.17   15.14
  80721.000   166.678    35.19   16.44
  81102.113   178.767    31.72   14.80
  81483.140   186.384    19.99   10.13
  81864.080   184.751    -4.28   11.10
  82244.933   176.751   -21.00   13.55
  82625.699   166.121   -27.92   15.41
  83006.378   155.446   -28.04   14.68
  83386.971   148.665   -17.82   12.74
  83767.477   146.025    -6.94   13.08
  84147.897   145.616    -1.08   13.24
  84528.230   142.846    -7.28   14.59
  84908.477   136.131   -17.66   19.75
  85288.637   123.478   -33.28   23.84
  85668.711   112.903   -27.82   20.36
  86048.699   111.754    -3.02   16.28
  86428.601   118.180    16.91   16.28
  86808.416   127.112    23.52   12.50
  87188.146   133.368    16.47   11.19
  87567.789   138.241    12.84   11.77
  87947.347   142.942    12.38    9.80
  88326.818   147.500    12.01    5.68
  88706.204   147.843     0.91    6.23
  89085.504   145.338    -6.60    8.31
  89464.718   137.037   -21.89   13.63
  89843.847   123.510   -35.68   19.47
  90222.890   108.695   -39.08   25.01
  90601.847    92.489   -42.76   24.63
  90980.719    83.358   -24.10   19.29
  91359.505    83.120    -0.63   16.83
  91738.207    89.377    16.52   19.39
  92116.822    98.467    24.01   16.38
  92495.353   103.923    14.41   10.52
  92873.798   106.931     7.95    7.63
  93252.158   109.790     7.56    8.49
  93630.433   113.818    10.65    9.61
  94008.623   118.517    12.42    8.39
  94386.728   121.059     6.72    7.15
  94764.748   125.609    12.03    6.48
  95142.683   130.528    13.02    7.57
  95520.534   135.790    13.93    7.35
  95898.299   141.165    14.23    5.70
  96275.980   147.003    15.46    6.33
  96653.576   151.590    12.15    6.71
  97031.088   155.627    10.69    4.65
  97408.515   156.356     1.93    3.82
  97785.857   154.457    -5.03    4.66
  98163.116   152.316    -5.68    4.22
  98540.289   152.426     0.29    5.13
  98917.379   153.902     3.91    6.07
  99294.384   156.807     7.71    6.83
  99671.305   159.787     7.91    8.86
 100048.142   161.715     5.11   11.22
 100424.895   160.942    -2.05   12.08
 100801.564   157.108   -10.18   13.87
 101178.148   148.488   -22.89   13.05
 101554.649   139.946   -22.69   10.38
 101931.066   130.607   -24.81   10.28
 102307.399   123.598   -18.62    9.97
 102683.649   118.730   -12.94    7.46
 103059.814   115.893    -7.54    4.71
 103435.896   116.897     2.67    5.59
 103811.895   119.560     7.08    6.57
 104187.810   122.804     8.63    6.49
 104563.641   125.209     6.40    6.24
 104939.389   126.245     2.76    6.71
 105315.054   125.679    -1.51    7.28
 105690.635   122.845    -7.55    7.10
 106066.133   121.336    -4.02    5.92
 106441.548   120.157    -3.14    4.83
 106816.879   120.028    -0.34    3.73
 107192.128   120.144     0.31    2.49
 107567.293   120.697     1.47    2.39
 107942.376   122.457     4.69    3.29
 108317.375   125.285     7.54    4.33
 108692.292   130.169    13.03    5.72
 109067.126   136.987    18.19    8.79
 109441.877   144.772    20.77    9.25
 109816.545   154.687    26.46   11.55
 110191.131   165.887    29.90   13.17
 110565.634   181.157    40.77   19.71
 110940.054   198.910    47.41   22.29
 111314.392   220.181    56.82   25.04
 111688.648   244.120    63.96   29.06
 112062.821   270.896    71.55   30.81
 112436.912   288.394    46.77   25.39
 112810.920   293.557    13.81   20.99
 113184.846   281.835   -31.35   25.06
 113558.690   260.529   -56.99   25.52
 113932.452   239.732   -55.64   24.49
 114306.132   220.123   -52.47   19.10
 114679.730   205.255   -39.79   14.30
 115053.246   193.244   -32.15   10.24
 115426.680   185.877   -19.73   10.15
 115800.032   183.315    -6.86   11.09
 116173.302   186.154     7.61   15.05
 116546.490   191.394    14.04   18.42
 116919.597   195.927    12.15   18.55
 117292.622   196.696     2.06   17.24
 117665.566   192.395   -11.53   16.21
 118038.428   183.467   -23.94   16.26
 118411.208   175.982   -20.08   12.71
 118783.907   173.427    -6.86   11.34
 119156.525   175.926     6.71   14.20
 119529.061   181.587    15.20   15.77
 119901.516   185.751    11.18   16.77
 120273.890   188.841     8.30   14.88
 120646.183   191.750     7.81   14.09
 121018.394   200.079    22.38   16.60
 121390.524   212.762    34.08   18.44
 121762.574   229.794    45.77   21.40
 122134.542   248.896    51.35   23.75
 122506.430   273.110    65.11   27.72
 122878.236   292.415    51.92   25.56
 123249.962   303.528    29.89   17.09
 123621.607   298.326   -14.00   23.01
 123993.172   278.059   -54.54   30.73
 124364.655   251.801   -70.68   31.29
 124736.058   227.880   -64.40   24.29
 125107.381   212.387   -41.72   18.54
 125478.623   201.630   -28.97   14.25
 125849.784   198.114    -9.47   16.32
 126220.866   195.759    -6.35   19.02
 126591.866   197.284     4.11   21.56
 126962.787   194.681    -7.01   25.51
 127333.627   186.780   -21.30   27.53
 127704.387   174.957   -31.89   28.31
 128075.067   161.447   -36.44   24.76
 128445.667   150.558   -29.38   15.98
 128816.187   146.467   -11.04   10.28
 129186.627   152.977    17.57   15.42
 129556.987   167.728    39.82   20.65
 129927.267   188.743    56.75   28.34
 130297.467   212.919    65.30   31.01
 130667.587   244.841    86.24   35.84
 131037.628   274.598    80.41   35.55
 131407.589   306.467    86.13   34.23
 131777.471   332.212    69.60   35.30
 132147.272   356.612    65.97   35.65
 132516.995   372.926    44.12   34.95
 132886.637   378.554    15.22   34.32
 133256.201   366.171   -33.50   38.81
 133625.685   340.520   -69.42   38.84
 133995.089   309.900   -82.88   38.37
 134364.415   285.477   -66.12   32.03
 134733.661   264.916   -55.68   28.65
 135102.828   251.374   -36.68   26.53
 135471.916   241.838   -25.83   22.14
 135840.925   242.897     2.87   21.20
 136209.854   257.750    40.25   32.00
 136578.705   294.265    98.99   54.44
 136947.477   333.348   105.97   53.92
 137316.170   355.090    58.96   39.62
 137684.784   353.051    -5.53   44.03
 138053.320   316.059  -100.36   55.65
 138421.776   280.787   -95.72   42.42
 138790.154   259.246   -58.47   27.42
 139158.454   255.367   -10.53   32.00
 139526.674   255.530     0.44   35.83
 139894.817   252.295    -8.79   32.41
 140262.881   242.304   -27.14   27.12
 140630.866   230.174   -32.96   28.35
 140998.773   210.618   -53.15   33.78
 141366.602   182.581   -76.22   33.40
 141734.352   164.518   -49.11   24.15
 142102.024   152.109   -33.75   22.35
 142469.618   148.243   -10.52   25.10
 142837.134   143.414   -13.14   24.61
 143204.572   137.637   -15.72   22.48
 143571.932   131.685   -16.20   21.16
 143939.214   125.273   -17.45   20.43
 144306.418   117.811   -20.32   16.71
 144673.544   107.189   -28.93   13.51
 145040.592    98.671   -23.20   10.60
 145407.562    90.909   -21.15    7.06
 145774.455    87.096   -10.39    4.80
 146141.270    86.108    -2.69    4.79
 146508.007    91.355    14.30   10.62
 146874.667    99.585    22.45   13.84
 147241.249   111.828    33.39   19.37
 147607.754   124.189    33.72   23.96
 147974.181   141.678    47.72   31.16
 148340.531   158.141    44.93   36.98
 148706.804   177.052    51.63   39.38
 149072.999   194.023    46.34   40.54
 149439.117   209.522    42.33   35.80
 149805.158   220.831    30.89   32.22
 150171.121   230.730    27.05   27.56
 150537.008   239.498    23.96   19.97
 150902.818   243.581    11.16   20.19
 151268.550   245.209     4.45   28.41
 151634.206   247.824     7.15   35.21
 151999.784   253.804    16.36   40.94
 152365.286   265.539    32.10   37.26
 152730.711   273.699    22.33   30.24
 153096.059   270.171    -9.65   27.80
 153461.331   254.694   -42.37   34.09
 153826.526   225.562   -79.76   34.80
 154204.007   197.243   -75.01   30.61
 154585.212   171.691   -67.02   24.57
 154966.332   155.477   -42.54   17.41
 155347.367   146.728   -22.96   11.15
 155728.317   150.222     9.17   15.12
 156109.183   165.712    40.67   24.75
 156489.964   187.148    56.29   28.45
 156870.661   209.446    58.57   28.05
 157251.272   221.763    32.36   29.42
 157631.800   231.059    24.43   36.19
 158012.243   237.753    17.59   40.56
 158392.602   245.394    20.09   38.98
 158772.876   243.773    -4.26   37.34
 159153.066   227.530   -42.72   44.49
 159533.172   189.725   -99.45   58.80
 159913.194   139.304  -132.66   63.19
 160293.132    99.045  -105.95   47.68
 160672.985    68.667   -79.96   21.42
 161052.755    58.467   -26.86    5.84
 161432.441    58.120    -0.91    4.83
 161812.043    61.704     9.44    6.12
 162191.561    65.406     9.75    6.29
 162570.995    69.123     9.80    5.59
 162950.346    73.010    10.24    6.44
 163329.613    75.436     6.40    6.60
 163708.796    78.794     8.85    6.38
 164087.896    81.396     6.86    5.46
 164466.913    83.560     5.71    4.64
 164845.846    84.665     2.92    4.86
 165224.695    85.836     3.09    7.23
 165603.461    86.151     0.83    9.07
 165982.144    85.583    -1.50    9.15
 166360.744    86.528     2.50    8.90
 166739.261    87.488     2.53    9.00
 167117.694    88.821     3.52    8.91
 167496.045    89.394     1.51    9.76
 167874.312    89.059    -0.88    9.35
 168252.497    89.489     1.14    8.47
 168630.598    91.750     5.98    7.20
 169008.617    93.730     5.24    6.94
 169386.553    94.821     2.89    7.64
 169764.406    94.582    -0.63    8.57
 170142.177    93.548    -2.74    8.78
 170519.865    91.639    -5.05    7.29
 170897.471    91.251    -1.03    5.55
 171274.993    92.446     3.16    6.73
 171652.434    97.629    13.73   10.23
 172029.792   103.913    16.65   12.37
 172407.068   110.405    17.21   13.03
 172784.261   115.712    14.07   13.57
 173161.372   119.867    11.02   13.25
 173538.401   124.689    12.79   14.88
 173915.348   130.740    16.05   17.18
 174292.213   137.337    17.50   20.85
 174668.995   141.673    11.51   20.64
 175045.696   143.753     5.52   22.29
 175422.315   142.447    -3.47   22.17
 175798.852   142.072    -1.00   22.21
 176175.307   145.559     9.26   21.82
 176551.680   154.036    22.52   22.49
 176927.971   165.665    30.90   24.02
 177304.181   178.930    35.26   25.56
 177680.310   191.880    34.42   23.96
 178056.356   200.972    24.18   21.24
 178432.321   209.014    21.39   19.08
 178808.205   215.025    15.99   19.14
 179184.007   220.127    13.57   20.19
 179559.728   224.947    12.83   19.27
 179935.368   231.686    17.94   18.80
 180310.927   233.905     5.91   18.36
 180686.404   235.569     4.43   19.78
 181061.800   235.071    -1.33   20.99
 181437.115   236.233     3.10   21.86
 181812.349   242.936    17.86   22.04
 182187.502   255.424    33.28   22.18
 182562.574   270.212    39.42   24.89
 182937.565   290.871    55.09   29.93
 183312.475   314.884    64.04   34.66
 183687.305   336.152    56.73   27.02
 184062.053   350.828    39.16   21.03
 184436.721   353.535     7.22   21.31
 184811.309   344.036   -25.36   25.90
 185185.816   327.067   -45.30   30.35
 185560.242   305.519   -57.54   31.46
 185934.588   282.903   -60.41   30.92
 186308.853   262.603   -54.23   26.78
 186683.038   247.141   -41.32   24.80
 187057.143   238.665   -22.65   26.72
 187431.168   233.246   -14.49   26.51
 187805.112   235.623     6.36   23.37
 188178.976   240.186    12.20   20.93
 188552.760   245.846    15.14   16.92
 188926.464   247.634     4.78   14.97
 189300.088   240.999   -17.76   18.43
 189673.632   228.113   -34.49   20.30
 190047.096   212.728   -41.19   20.83
 190420.480   199.207   -36.21   20.96
 190793.784   185.676   -36.24   19.64
 191167.009   176.103   -25.65   19.88
 191540.153   165.967   -27.16   18.15
 191913.219   157.405   -22.95   18.12
 192286.204   146.545   -29.11   16.32
 192659.110   134.725   -31.69   16.33
 193031.937   123.903   -29.02   12.13
 193404.684   119.915   -10.70    7.07
 193777.351   120.671     2.03    6.79
 194149.940   123.330     7.14    5.48
 194522.449   124.972     4.41    3.13
 194894.878   126.899     5.17    4.37
 195267.229   129.644     7.37    6.08
 195639.500   133.720    10.95    7.26
 196011.692   139.045    14.30   10.19
 196383.805   145.338    16.91   13.08
 196755.839   152.113    18.21   17.03
 197127.795   156.978    13.08   18.29
 197499.671   157.622     1.73   17.36
 197871.468   155.923    -4.57   15.88
 198243.187   156.165     0.65   12.88
 198614.827   156.422     0.69    9.85
 198986.388   161.137    12.69   12.01
 199357.870   169.704    23.06   14.41
 199729.274   181.978    33.04   19.34
 200100.599   193.079    29.89   21.64
 200471.846   204.780    31.51   22.45
 200843.014   215.988    30.19   22.16
 201214.104   223.951    21.46   21.61
 201585.116   233.825    26.61   20.49
 201956.049   241.754    21.37   20.21
 202326.904   249.238    20.18   18.00
 202697.680   255.400    16.62   15.41
 203068.379   261.414    16.22   14.22
 203438.999   262.905     4.02   14.93
 203809.542   259.498    -9.19   19.16
 204180.006   249.946   -25.78   22.36
 204550.392   240.783   -24.74   19.73
 204920.701   236.499   -11.57   15.21
 205290.931   239.204     7.31   15.91
 205661.084   242.042     7.66   18.67
 206031.159   242.025    -0.04   24.63
 206401.156   236.194   -15.76   32.83
 206771.075   220.967   -41.16   36.25
 207140.917   205.292   -42.38   35.09
 207510.681   189.433   -42.88   31.06
 207880.368   173.930   -41.93   26.71
 208249.977   161.141   -34.60   23.04
 208619.509   147.634   -36.55   16.93
 208988.963   139.446   -22.16   12.09
 209358.340   135.983    -9.37   13.11
 209727.640   140.040    10.99   21.04
 210096.862   150.010    27.00   28.85
 210466.008   164.311    38.74   30.44
 210835.076   167.701     9.18   27.99
 211204.067   155.251   -33.74   33.01
 211572.981   133.601   -58.68   31.73
 211941.818   113.141   -55.46   26.30
 212310.578    97.076   -43.56   16.13
 212679.261    87.290   -26.54   10.00
 213047.867    82.701   -12.45    6.02
 213416.396    84.137     3.90    6.59
 213784.849    88.998    13.19    9.02
 214153.224    95.946    18.86   10.83
 214521.524   102.842    18.72   11.45
 214889.746   110.422    20.58    8.74
 215257.892   113.946     9.57    7.90
 215625.962   116.017     5.62    7.78
 215993.954   116.772     2.05    7.46
 216361.871   119.957     8.65    9.90
 216729.711   126.962    19.04   13.86
 217097.475   136.669    26.39   14.30
 217465.162   146.267    26.10   12.73
 217832.773   155.541    25.22   13.06
 218200.308   165.951    28.32   15.95
 218567.767   175.825    26.87   20.19
 218935.150   189.126    36.20   21.66
 219302.457   200.914    32.09   19.90
 219669.687   212.543    31.66   19.35
 220036.842   226.769    38.74   20.76
 220403.921   239.223    33.92   20.09
 220770.923   254.169    40.72   17.57
 221137.850   260.563    17.42   16.05
 221504.702   259.663    -2.45   16.63
 221871.477   253.141   -17.78   21.02
 222238.177   245.001   -22.20   22.62
 222604.801   238.684   -17.23   23.47
 222971.350   240.265     4.31   25.29
 223337.823   248.657    22.89   24.48
 223704.220   260.446    32.17   20.93
 224070.542   268.736    22.63   16.95
 224436.789   273.603    13.29   12.11
 224802.960   271.186    -6.60   11.93
 225169.056   263.756   -20.29   17.77
 225535.076   248.756   -40.97   22.38
 225901.022   229.394   -52.90   25.05
 226266.892   215.272   -38.59   20.41
 226632.687   211.137   -11.30   16.96
 226998.407   216.595    14.92   19.81
 227364.052   232.510    43.52   23.80
 227729.622   245.036    34.26   21.90
 228095.117   247.872     7.76   25.50
 228460.537   237.467   -28.47   33.56
 228833.423   217.053   -54.74   38.25
 229214.463   192.080   -65.53   33.64
 229595.420   168.978   -60.63   28.07
 229976.294   151.354   -46.27   22.34
 230357.086   138.293   -34.29   17.63
 230737.795   129.673   -22.64   11.58
 231118.422   126.389    -8.63   10.03
 231498.966   123.067    -8.73    8.84
 231879.428   120.523    -6.69    9.32
 232259.808   122.636     5.55   13.74
 232640.106   127.489    12.76   19.84
 233020.321   136.228    22.98   26.12
 233400.455   149.269    34.30   29.77
 233780.506   158.288    23.73   33.25
 234160.475   158.822     1.40   37.56
 234540.362   143.341   -40.75   42.79
 234920.168   120.659   -59.71   38.03
 235299.891   102.105   -48.85   20.14
 235679.533    94.370   -20.37    5.91
 236059.093    98.878    11.87    8.52
 236438.571   108.392    25.07   12.75
 236817.968   118.712    27.20   15.56
 237197.283   130.575    31.27   15.26
 237576.517   141.804    29.61   18.02
 237955.669   156.188    37.93   23.53
 238334.739   175.141    49.99   28.44
 238713.728   194.565    51.24   29.42
 239092.636   211.836    45.57   28.43
 239471.463   230.728    49.86   28.15
 239850.208   245.330    38.55   28.91
 240228.872   259.574    37.61   25.96
 240607.455   264.069    11.87   23.29
 240985.957   255.627   -22.30   30.11
 241364.378   242.084   -35.78   33.92
 241742.718   227.095   -39.61   32.56
 242120.977   219.574   -19.88   32.57
 242499.155   212.105   -19.74   32.95
 242877.252   211.720    -1.02   31.24
 243255.269   208.346    -8.92   24.72
 243633.204   213.888    14.66   23.13
 244011.060   226.945    34.55   28.90
 244388.834   243.615    44.12   34.63
 244766.528   267.478    63.17   36.99
 245144.141   286.435    50.19   34.51
 245521.674   296.908    27.74   29.13
 245899.127   295.914    -2.63   29.56
 246276.499   288.155   -20.56   30.75
 246653.791   277.025   -29.50   28.08
 247031.002   259.887   -45.43   26.87
 247408.134   242.978   -44.83   31.58
 247785.185   223.054   -52.83   30.40
 248162.156   204.488   -49.24   23.12
 248539.047   192.467   -31.89   18.00
 248915.858   193.563     2.91   16.73
 249292.589   204.302    28.50   21.51
 249669.240   216.605    32.66   20.87
 250045.812   224.973    22.22   12.56
 250422.303   222.655    -6.16   14.49
 250798.715   215.467   -19.09   15.16
 251175.047   209.871   -14.87   14.72
 251551.299   208.979    -2.37   15.96
 251927.472   210.299     3.51   13.26
 252303.565   210.175    -0.33   10.58
 252679.579   201.478   -23.13   14.90
 253055.513   190.334   -29.64   16.19
 253431.368   181.363   -23.86   13.71
 253807.143   174.856   -17.31   10.70
 254182.839   172.238    -6.97   10.50
 254558.456   170.535    -4.53    8.46
 254933.994   169.808    -1.94    6.02
 255309.452   171.479     4.45    7.15
 255684.831   178.201    17.91   13.20
 256060.132   182.523    11.51   16.81
 256435.353   185.957     9.15   19.43
 256810.495   188.289     6.22   19.54
 257185.559   190.978     7.17   16.32
 257560.543   196.874    15.72   14.66
 257935.449   208.074    29.87   16.95
 258310.276   219.665    30.92   17.53
 258685.024   234.972    40.84   22.06
 259059.694   248.378    35.77   22.94
 259434.284   273.099    65.98   35.59
 259808.797   303.456    81.04   45.12
 260183.231   345.893   113.31   50.33
 260557.586   383.768   101.16   43.10
 260931.863   406.967    61.97   31.01
 261306.061   407.446     1.28   40.80
 261680.182   390.366   -45.65   55.10
 262054.223   367.403   -61.38   54.76
 262428.187   348.902   -49.46   38.23
 262802.073   346.446    -6.57   25.79
 263175.880   359.511    34.95   30.48
 263549.609   381.478    58.77   38.96
 263923.260   412.051    81.81   46.90
 264296.834   444.723    87.44   55.69
 264670.329   487.525   114.58   65.64
 265043.746   535.822   129.31   71.85
 265417.086   582.944   126.19   72.65
 265790.348   622.520   106.01   60.13
 266163.532   626.939    11.84   61.14
 266536.638   596.371   -81.91   81.02
 266909.667   549.995  -124.30   78.08
 267282.618   497.478  -140.79   58.22
 267655.491   461.434   -96.65   58.76
 268028.287   422.691  -103.91   58.85
 268401.006   386.845   -96.16   44.21
 268773.647   364.733   -59.33   30.68
 269146.210   344.854   -53.35   33.64
 269518.697   328.371   -44.24   38.91
 269891.106   314.616   -36.93   33.06
 270263.438   307.278   -19.70   21.52
 270635.693   320.297    34.97   34.68
 271007.870   350.885    82.17   50.94
 271379.971   379.751    77.56   65.98
 271751.994   410.401    82.37   76.00
 272123.941   423.836    36.11   77.39
 272495.810   429.126    14.22   77.42
 272867.603   424.360   -12.82   70.45
 273239.319   414.663   -26.08   60.17
 273610.958   406.563   -21.79   46.40
 273982.520   406.181    -1.03   36.36
 274354.006   410.509    11.65   37.01
 274725.414   418.258    20.86   37.77
 275096.747   425.608    19.79   37.92
 275468.002   436.042    28.10   44.80
 275839.182   451.223    40.89   52.79
 276210.284   460.786    25.77   48.49
 276581.311   465.233    11.98   45.24
 276952.261   465.272     0.10   32.89
 277323.134   469.654    11.81   28.94
 277693.932   483.225    36.59   35.77
 278064.653   508.737    68.80   39.33
 278435.298   538.252    79.62   53.13
 278805.866   565.618    73.83   55.22
 279176.359   589.349    64.04   52.81
 279546.776   617.410    75.74   51.90
 279917.116   646.951    79.75   68.61
 280287.381   678.848    86.13   83.23
 280657.570   725.861   126.97   92.55
 281027.683   771.368   122.93   94.71
 281397.720   820.137   131.77   89.14
 281767.681   846.011    69.92   59.90
 282137.566   830.736   -41.29   63.83
 282507.376   778.091  -142.33   81.05
 282877.111   711.324  -180.54   69.47
 283246.769   663.552  -129.21   49.62
 283616.352   629.559   -91.96   25.37
 283985.860   612.102   -47.24   18.35
 284355.292   600.422   -31.61   14.16
 284724.649   593.693   -18.21   12.69
 285093.930   586.245   -20.16   13.38
 285463.136   576.978   -25.10   16.73
 285832.267   569.007   -21.59   18.67
 286201.323   559.951   -24.53   20.34
 286570.303   550.663   -25.17   20.64
 286939.208   541.542   -24.72   20.77
 287308.039   528.882   -34.32   22.34
 287676.794   510.745   -49.17   28.09
 288045.474   488.446   -60.47   32.74
 288414.079   463.899   -66.58   28.97
 288782.609   442.605   -57.77   22.14
 289151.065   426.422   -43.91   13.43
 289519.445   421.080   -14.50   11.01
 289887.751   426.819    15.58   20.02
 290255.982   445.563    50.89   33.28
 290624.139   465.556    54.29   34.73
 290992.221   484.973    52.74   30.99
 291360.228   493.119    22.13   29.37
 291728.161   496.907    10.29   28.98
 292096.019   499.137     6.06   25.54
 292463.803   506.410    19.77   21.71
 292831.512   512.650    16.97   17.65
 293199.147   522.812    27.64   15.52
 293566.708   538.119    41.64   22.32
 293934.194   552.772    39.86   25.39
 294301.606   565.393    34.34   20.27
 294668.944   575.674    27.98   18.78
 295036.208   592.973    47.09   31.75
 295403.398   616.478    64.00   42.64
 295770.513   649.984    91.25   42.52
 296137.555   677.630    75.31   34.70
 296504.523   696.828    52.30   26.58
 296871.416   701.561    12.90   34.43
 297238.236   699.112    -6.67   41.72
