# NaN NaN NaN ;Mean Elev.(m), Avg Gradient(m/km), RMS Gradient(m/km) - SRTM1     
#    8.601  -8.342  33.877 ;Mean Elev.(m), Avg Gradient(m/km), RMS Gradient(m/km) - ASTER GDEM
#    1.049  -9.980  27.288 ;Mean Elev.(m), Avg Gradient(m/km), RMS Gradient(m/km) - GMTED2010 
  8 161.452491  68.861801     2.221     1.909  5 52485.40507905 18.752
  9 161.458121  68.862810     0.342     0.310  6 52520.40504401 32.970
 10 161.442287  68.853607     1.085     1.201  6 52555.40509398 18.169
 11 161.450538  68.860285    -0.733    -0.693  5 52590.40508354 33.373
 12 161.462092  68.864837     0.036     0.029  5 52625.40501375 27.532
 13 161.452114  68.858844    -0.181    -0.185  6 52660.40504898 21.507
 14 161.441050  68.853670    -0.099    -0.090  6 52695.40502811 19.696
 15 161.453767  68.861754    -0.166    -0.208  5 52730.40505937 17.961
 17 161.441581  68.855218     4.713     4.768  6 52800.40506086 17.686
 19 161.451862  68.858642    -0.064    -0.349  6 52870.40517020 24.035
 20 161.453668  68.861665     0.921     0.247  5 52905.40517190 22.410
 21 161.439712  68.854007    -0.320    -0.339  7 52940.40510303 33.771
 22 161.444058  68.856514     0.550     0.586  7 52975.40514933 23.603
 23 161.450684  68.858606    -0.222    -0.215  6 53010.40515388 16.847
 24 161.442184  68.854487     0.130     0.107  6 53045.40511585 16.898
 25 161.449402  68.859757     0.397     0.433  6 53080.40515059 16.373
 26 161.439561  68.853740     0.329     0.335  7 53115.40512039 14.878
 27 161.446376  68.857039     5.694     5.728  6 53150.40516783 19.866
 28 161.452529  68.861384     2.353     2.353  6 53185.40515841 22.508
 29 161.453579  68.861474     1.801     1.216  6 53220.40518414 18.864
 30 161.456637  68.863568     2.750     2.528  6 53255.40516121 18.652
 32 161.454663  68.861856     0.064     0.143  6 53325.40514603 12.982
 33 161.460277  68.864230     0.018     0.110  6 53360.40510572 14.412
 34 161.442007  68.855911    -0.286    -0.205  6 53395.40512353 13.201
 35 161.457977  68.864893    -0.161    -0.197  5 53430.40511739 13.557
 36 161.441725  68.855692     0.308     0.323  6 53465.40514422 11.314
 37 161.444209  68.858792     0.461    -0.015  6 53500.40520570  7.719
 38 161.453149  68.862174     5.565     5.891  6 53535.40519393 40.253
 39 161.449986  68.859029     0.366     0.324  6 53570.40520393 24.700
 40 161.461215  68.865210     0.535     0.512  5 53605.40515214 45.211
 41 161.442797  68.852673     2.607     2.619  5 53640.40514992 40.204
 42 161.445712  68.858254     0.098     0.142  6 53675.40517051 36.593
 43 161.462339  68.865369    -0.229    -0.222  6 53710.40510134 33.628
 44 161.440263  68.853307     0.685     0.744  6 53745.40500920 20.996
 45 161.453199  68.861147     0.461     0.436  6 53780.40504163 16.011
 46 161.467488  68.866490     0.651     0.634  4 53815.40501205 15.696
 47 161.442101  68.853721     0.348     0.390  6 53850.40507571 14.742
 48 161.451651  68.862355     6.199     7.835  6 53885.40508780 33.268
 50 161.447519  68.857611     2.258     2.084  6 53955.40515393 17.618
 51 161.466088  68.866295     4.266     4.148  5 53990.40507354 18.769
 52 161.442817  68.856055     0.666     0.692  6 54025.40513745 39.107
 53 161.455118  68.860884    -0.447    -0.455  6 54060.40513103 23.939
 54 161.459899  68.864064     0.483     0.495  5 54095.40510651 17.903
 55 161.441698  68.854150     0.772     0.808  6 54130.40505046 15.893
 56 161.454222  68.861589     0.310     0.317  5 54165.40507778 14.884
 57 161.445337  68.855019     0.121     0.164  6 54200.40505339 12.931
 58 161.447699  68.859282     2.379     2.189  6 54235.40509220 41.238
 59 161.452702  68.860416     1.834     1.826  6 54270.40511256 48.682
 60 161.451247  68.859233     0.924     1.098  6 54305.40511518 18.564
 61 161.455673  68.863222     0.902     0.895  5 54340.40509839 44.676
 62 161.445582  68.858923     2.725     2.726  6 54375.40504958 20.009
 63 161.451104  68.860816     0.342     0.351  6 54410.40504440 36.619
 64 161.442772  68.853934    -0.103    -0.117  6 54445.40501210 18.097
 65 161.452642  68.859466    -0.058    -0.018  6 54480.40503514 16.472
 66 161.441356  68.856616     0.026     0.020  6 54515.40502696 14.748
 67 161.456008  68.862605     0.051     0.033  6 54550.40504880 13.351
 68 161.449096  68.859080     0.430     0.423  6 54585.40502300 13.693
 69 161.448698  68.861009     3.818     3.873  6 54620.40504261 29.374
 70 161.450625  68.859728     8.601     8.462  6 54655.40505286 15.886
 71 161.454046  68.861745     0.545     0.816  5 54690.40503910 25.090
 72 161.443921  68.855722     0.456     0.632  7 54725.40500277 22.383
 73 161.450631  68.860955     0.961     0.956  6 54760.40501548 43.299
 74 161.440437  68.853661     0.001    -0.029  7 54795.40499571 21.590
 75 161.448596  68.861181     0.054     0.113  6 54830.40501562 15.681
 76 161.444345  68.855310     0.291     0.310  6 54865.40499080 15.290
 77 161.452442  68.862259     0.128     0.180  6 54900.40501474 14.369
 78 161.445785  68.858081    -0.027    -0.057  6 54935.40498311 13.231
 79 161.450177  68.859042     3.559     3.324  6 54970.40501606 22.194
 80 161.451113  68.858393     2.677     2.838  6 55005.40503543 20.026
 81 161.451554  68.860424    -0.254    -0.267  6 55040.40502356 48.499
 82 161.454739  68.862984     0.713     0.414  5 55075.40500627 24.966
 83 161.444905  68.857049     1.485     1.406  7 55110.40495560 27.515
 84 161.452481  68.859378    -0.038    -0.000  6 55145.40495858 32.827
 85 161.441803  68.854101     0.352     0.326  6 55180.40493169 20.717
 86 161.451991  68.861303     0.612     0.674  6 55215.40495353 20.499
 87 161.444044  68.858392    -0.343    -0.309  6 55250.40492935 18.028
 88 161.455075  68.861926    -0.435    -0.531  5 55285.40494738 16.204
 89 161.451083  68.859477     2.352     2.271  6 55320.40492015  2.332
 90 161.450628  68.861625     9.020     8.659  6 55355.40492124 18.388
 91 161.444309  68.856672     0.046     0.321  7 55390.40492053 26.252
 92 161.451456  68.860189    -0.469    -0.453  6 55425.40493796 27.518
 93 161.458456  68.862871     4.250     4.561  5 55460.40490675 19.354
