-180185.254     9.962     0.00    3.54
-179804.274     9.951    -0.03    4.06
-179423.386    11.199     3.28    4.64
-179042.589    14.157     7.77    6.02
-178661.883    17.855     9.72    6.62
-178281.268    21.111     8.55    4.60
-177900.744    22.454     3.53    4.01
-177520.311    22.937     1.27    3.32
-177139.969    23.039     0.27    4.18
-176759.718    22.750    -0.76    5.92
-176379.558    22.659    -0.24    6.84
-175999.488    23.387     1.92    6.69
-175619.509    22.671    -1.88    5.95
-175239.620    22.877     0.54    5.02
-174859.822    23.664     2.07    5.43
-174480.115    23.926     0.69    5.45
-174100.498    24.820     2.36    5.19
-173720.971    25.618     2.10    4.97
-173341.534    25.830     0.56    5.37
-172962.188    26.116     0.75    5.62
-172582.932    27.445     3.51    5.32
-172203.766    27.997     1.46    4.76
-171824.690    27.524    -1.25    4.68
-171445.703    27.633     0.29    4.96
-171066.807    26.526    -2.92    5.15
-170688.000    24.916    -4.25    4.79
-170309.284    23.478    -3.80    5.18
-169930.657    22.647    -2.20    4.52
-169552.119    22.192    -1.20    4.48
-169173.671    20.888    -3.45    4.30
-168795.313    20.195    -1.83    4.07
-168417.044    20.775     1.53    4.60
-168038.864    21.015     0.63    4.92
-167660.774    20.541    -1.25    5.83
-167282.773    18.388    -5.70    6.38
-166904.861    16.454    -5.12    4.95
-166527.038    15.859    -1.58    4.19
-166149.305    16.426     1.50    4.13
-165771.660    17.312     2.35    3.69
-165394.104    17.397     0.22    3.62
-165016.637    16.124    -3.37    3.20
-164639.259    15.534    -1.56    3.67
-164261.970    14.878    -1.74    4.68
-163884.769    13.592    -3.41    5.91
-163507.657    11.323    -6.02    6.34
-163130.634     9.703    -4.30    6.53
-162753.699     7.150    -6.77    5.34
-162376.853     5.577    -4.17    4.34
-162000.095     4.850    -1.93    3.31
-161623.425     4.853     0.01    2.44
-161246.843     6.029     3.12    2.60
-160870.350     7.301     3.38    2.80
-160493.945     8.638     3.55    3.31
-160117.628     9.290     1.73    3.10
-159741.399    10.139     2.26    2.15
-159365.258     9.974    -0.44    2.06
-158989.205    10.017     0.11    2.00
-158613.239    10.616     1.59    1.67
-158237.362    10.478    -0.37    2.04
-157861.572    10.475    -0.01    2.09
-157485.870    10.958     1.29    2.31
-157110.255    11.605     1.72    2.36
-156734.728    12.358     2.01    2.95
-156359.288    12.926     1.51    3.29
-155983.936    12.795    -0.35    3.57
-155608.671    12.416    -1.01    3.67
-155233.494    11.753    -1.77    3.24
-154858.403    11.575    -0.47    2.24
-154483.400    11.839     0.71    1.74
-154108.484    11.177    -1.77    2.41
-153733.655    10.416    -2.03    2.82
-153358.913     9.611    -2.15    2.70
-152984.258     8.740    -2.32    2.45
-152609.690     9.024     0.76    2.38
-152235.209     9.676     1.74    2.30
-151860.814    10.417     1.98    2.26
-151486.506    11.093     1.81    1.80
-151112.285    10.844    -0.67    2.15
-150738.150    10.805    -0.10    2.67
-150364.102    10.826     0.06    2.81
-149990.140    10.545    -0.75    2.74
-149616.265    11.064     1.39    2.76
-149242.476    11.886     2.20    3.42
-148868.773    12.531     1.72    3.42
-148495.156    13.545     2.72    2.93
-148121.626    13.950     1.08    2.49
-147748.182    13.270    -1.82    2.40
-147374.824    13.213    -0.15    2.22
-147001.551    12.589    -1.67    2.19
-146628.365    12.135    -1.22    2.81
-146255.265    11.633    -1.34    3.11
-145882.250    11.713     0.21    5.01
-145509.321    14.222     6.73    7.30
-145136.478    16.172     5.23    7.24
-144763.720    16.638     1.25    6.76
-144391.048    16.307    -0.89    7.32
-144018.462    15.387    -2.47    6.59
-143645.961    14.789    -1.61    6.78
-143273.545    14.193    -1.60    6.51
-142901.215    12.273    -5.16    5.11
-142528.970    12.377     0.28    4.11
-142156.810    12.601     0.60    3.80
-141784.736    13.529     2.50    4.27
-141412.746    15.657     5.72    4.00
-141040.842    17.007     3.63    4.95
-140669.023    18.912     5.12    6.22
-140297.288    18.989     0.21    7.03
-139925.638    18.931    -0.16    7.15
-139554.074    18.359    -1.54    6.64
-139182.594    18.496     0.37    5.07
-138811.198    23.785    14.24    7.19
-138439.888    26.019     6.02    6.78
-138068.662    26.138     0.32    6.35
-137697.520    25.387    -2.02    6.56
-137326.463    22.271    -8.40    4.69
-136955.490    20.397    -5.05    3.70
-136584.602    20.436     0.10    3.54
-136213.798    22.213     4.79    3.94
-135843.079    25.467     8.78    5.47
-135472.443    29.815    11.73    8.03
-135101.892    31.743     5.21    9.06
-134731.424    33.446     4.60    8.47
-134361.041    34.064     1.67    7.94
-133990.742    33.270    -2.14    8.26
-133620.527    30.835    -6.58    8.76
-133250.395    29.347    -4.02    8.31
-132880.347    27.907    -3.89    6.42
-132510.383    28.999     2.95    4.76
-132140.503    32.282     8.88    4.89
-131770.706    35.657     9.13    7.34
-131400.993    38.251     7.02    7.48
-131031.364    39.201     2.57    7.26
-130661.818    38.484    -1.94    7.13
-130292.355    36.416    -5.60    6.50
-129922.976    35.050    -3.70    6.86
-129553.680    32.378    -7.24    8.72
-129184.467    28.560   -10.34    9.02
-128815.337    23.328   -14.17    6.74
-128446.291    20.349    -8.08    3.47
-128077.327    19.701    -1.76    0.98
-127708.447    21.618     5.20    3.58
-127339.649    23.346     4.69    4.07
-126970.935    24.378     2.80    4.38
-126602.303    25.043     1.81    4.39
-126233.754    23.349    -4.60    5.03
-125865.288    21.554    -4.87    5.35
-125496.905    19.271    -6.20    4.68
-125128.604    17.532    -4.72    3.11
-124760.386    16.506    -2.79    0.70
-124392.250    16.407    -0.27    0.00
-124024.197    16.407     0.00    0.00
-123656.226    16.407     0.00    0.00
-123288.337    16.407     0.00    0.00
-122920.531    16.407     0.00    0.00
-122552.807    16.407     0.00    0.00
-122185.165    16.407     0.00    0.00
-121817.606    16.407     0.00    0.00
-121450.128    16.407     0.00    0.00
-121082.733    16.407     0.00    0.00
-120715.419    16.407     0.00    0.00
-120348.187    16.407     0.00    0.00
-119981.038    16.407     0.00    0.00
-119613.970    16.407     0.00    0.00
-119246.983    16.407     0.00    0.00
-118880.079    16.417     0.03    0.10
-118513.256    16.032    -1.05    1.36
-118146.515    15.564    -1.28    1.72
-117779.855    14.917    -1.76    2.19
-117413.277    14.301    -1.68    2.51
-117046.780    13.631    -1.83    2.80
-116680.365    12.863    -2.10    2.62
-116314.030    12.021    -2.30    2.54
-115947.778    11.426    -1.62    1.76
-115581.606    12.220     2.17    3.04
-115215.516    13.437     3.32    3.79
-114849.506    14.157     1.97    4.10
-114483.578    16.070     5.23    4.69
-114117.731    17.630     4.26    5.62
-113751.964    18.615     2.69    6.02
-113386.279    20.349     4.74    5.45
-113020.674    21.417     2.92    4.14
-112655.151    21.311    -0.29    2.75
-112289.707    19.086    -6.09    3.39
-111924.345    16.707    -6.51    3.21
-111559.063    15.513    -3.27    2.69
-111193.862    15.603     0.25    2.70
-110828.742    16.558     2.62    3.59
-110463.701    17.868     3.59    3.86
-110098.742    18.323     1.24    4.03
-109733.862    18.541     0.60    3.39
-109369.063    19.162     1.70    2.94
-108991.878    19.387     0.60    2.62
-108610.246    19.347    -0.10    2.60
-108228.704    18.524    -2.16    2.92
-107847.251    18.093    -1.13    2.84
-107465.887    17.704    -1.02    2.63
-107084.613    17.955     0.66    1.96
-106703.428    18.407     1.19    0.00
-106322.332    18.456     0.13    0.29
-105941.325    18.662     0.54    1.08
-105560.408    18.797     0.35    1.36
-105179.579    18.767    -0.08    1.31
-104798.840    19.329     1.48    2.12
-104418.189    21.951     6.89    4.89
-104037.628    23.805     4.87    4.82
-103657.155    25.669     4.90    4.03
-103276.771    26.368     1.84    3.51
-102896.475    25.053    -3.46    2.96
-102516.268    24.714    -0.89    2.32
-102136.150    24.446    -0.71    2.14
-101756.120    24.436    -0.03    2.13
-101376.179    24.271    -0.43    2.38
-100996.325    24.125    -0.38    2.75
-100616.561    22.705    -3.74    2.96
-100236.884    21.756    -2.50    2.74
 -99857.296    22.111     0.93    3.19
 -99477.796    22.582     1.24    3.46
 -99098.384    23.917     3.52    3.77
 -98719.060    25.464     4.08    3.71
 -98339.823    26.800     3.52    2.68
 -97960.675    28.253     3.83    2.08
 -97581.615    29.225     2.56    2.44
 -97202.642    26.892    -6.16    6.22
 -96823.757    23.747    -8.30    7.85
 -96444.960    19.495   -11.23    7.24
 -96066.250    18.134    -3.59    6.04
 -95687.628    22.562    11.70    8.04
 -95309.093    27.090    11.96    6.93
 -94930.645    30.203     8.23    2.82
 -94552.285    29.664    -1.42    3.81
 -94174.013    27.779    -4.98    5.02
 -93795.827    25.694    -5.51    5.27
 -93417.729    23.367    -6.15    4.78
 -93039.718    21.582    -4.72    3.25
 -92661.793    20.407    -3.11    0.00
 -92283.956    20.975     1.51    2.28
 -91906.206    24.297     8.79    5.29
 -91528.543    27.397     8.21    5.64
 -91150.966    29.007     4.26    4.85
 -90773.476    28.139    -2.30    4.73
 -90396.073    26.146    -5.28    4.53
 -90018.757    24.620    -4.04    3.59
 -89641.527    24.124    -1.32    3.16
 -89264.383    24.251     0.34    3.80
 -88887.326    24.692     1.17    4.13
 -88510.356    25.290     1.59    4.20
 -88133.472    25.056    -0.62    3.94
 -87756.674    24.662    -1.05    3.53
 -87379.962    24.114    -1.45    3.31
 -87003.336    25.054     2.50    4.16
 -86626.797    27.298     5.96    5.12
 -86250.344    28.050     2.00    5.15
 -85873.976    28.427     1.00    4.67
 -85497.695    28.044    -1.02    4.28
 -85121.499    26.516    -4.06    3.38
 -84745.390    25.486    -2.74    2.31
 -84369.366    25.024    -1.23    1.59
 -83993.427    25.667     1.71    2.21
 -83617.575    27.240     4.19    3.28
 -83241.808    28.577     3.56    3.45
 -82866.126    29.795     3.24    3.22
 -82490.530    30.254     1.22    3.11
 -82115.019    30.125    -0.34    3.07
 -81739.594    30.182     0.15    2.86
 -81364.254    30.466     0.75    2.10
 -80989.000    30.067    -1.06    2.08
 -80613.830    29.534    -1.42    2.13
 -80238.746    28.456    -2.87    2.35
 -79863.746    27.247    -3.23    2.51
 -79488.832    25.977    -3.39    2.23
 -79114.003    25.185    -2.11    1.69
 -78739.258    24.882    -0.81    1.36
 -78364.598    24.476    -1.08    0.51
 -77990.024    24.407    -0.19    0.00
 -77615.534    24.407     0.00    0.00
 -77241.128    24.407     0.00    0.00
 -76866.807    24.407     0.00    0.00
 -76492.571    24.476     0.19    0.53
 -76118.419    24.733     0.69    1.29
 -75744.352    24.720    -0.03    1.19
 -75370.369    24.535    -0.49    0.56
 -74996.470    24.714     0.48    1.36
 -74622.656    25.691     2.61    2.92
 -74248.926    27.277     4.24    4.37
 -73875.280    29.436     5.78    6.37
 -73501.718    32.042     6.98    6.55
 -73128.241    34.564     6.75    5.30
 -72754.847    35.733     3.13    3.76
 -72381.537    34.999    -1.97    2.91
 -72008.311    34.723    -0.74    3.26
 -71635.169    35.171     1.20    3.77
 -71262.111    34.629    -1.45    4.16
 -70889.136    33.179    -3.89    4.33
 -70516.245    31.447    -4.65    4.05
 -70143.438    30.644    -2.15    4.01
 -69770.714    31.932     3.45    5.10
 -69398.074    33.871     5.20    5.88
 -69025.517    34.367     1.33    5.61
 -68653.043    34.563     0.53    4.93
 -68280.653    31.436    -8.40    6.67
 -67908.346    27.493   -10.59    8.16
 -67536.123    24.083    -9.16    7.47
 -67163.982    23.268    -2.19    6.61
 -66791.925    24.506     3.33    6.30
 -66419.950    26.662     5.80    4.90
 -66048.059    28.278     4.35    2.30
 -65676.251    28.436     0.43    3.40
 -65304.525    27.174    -3.39    5.08
 -64932.883    28.083     2.45    5.79
 -64561.323    28.907     2.22    6.54
 -64189.846    28.407    -1.35    7.05
 -63818.451    29.682     3.43    6.98
 -63447.139    28.803    -2.37    8.44
 -63075.910    27.737    -2.87    9.16
 -62704.763    27.617    -0.32    9.56
 -62333.699    27.387    -0.62    9.31
 -61962.717    27.245    -0.38    8.40
 -61591.817    28.799     4.19    7.92
 -61221.000    30.482     4.54    6.83
 -60850.265    31.446     2.60    5.46
 -60479.612    28.649    -7.55    6.84
 -60109.041    25.277    -9.10    7.23
 -59738.553    22.509    -7.47    7.25
 -59368.146    21.277    -3.33    7.33
 -58997.821    21.787     1.38    7.81
 -58627.578    25.326     9.56    9.71
 -58257.417    29.457    11.16   10.14
 -57887.338    34.626    13.97    7.81
 -57517.341    36.877     6.09    5.77
 -57147.425    37.715     2.27    5.04
 -56777.591    38.547     2.25    4.72
 -56407.839    38.723     0.48    4.61
 -56038.168    36.084    -7.14    7.11
 -55668.579    31.047   -13.63    9.49
 -55299.071    25.274   -15.62    8.88
 -54929.644    24.247    -2.78    7.51
 -54560.299    26.101     5.02    7.85
 -54191.035    29.050     7.99    7.03
 -53821.852    31.332     6.18    5.09
 -53452.750    31.907     1.56    2.98
 -53083.730    31.336    -1.55    2.38
 -52714.790    30.677    -1.79    2.06
 -52345.932    29.487    -3.23    2.26
 -51977.154    28.172    -3.57    2.18
 -51608.458    28.496     0.88    3.24
 -51239.842    29.123     1.70    3.92
 -50871.307    29.308     0.50    4.10
 -50502.853    29.737     1.16    4.61
 -50134.479    29.565    -0.47    4.77
 -49766.186    28.983    -1.58    4.93
 -49397.974    28.060    -2.50    5.11
 -49029.842    26.417    -4.47    4.31
 -48661.791    24.480    -5.26    0.30
 -48293.820    24.407    -0.20    0.00
 -47925.930    24.407     0.00    0.00
 -47558.119    24.407     0.00    0.00
 -47190.390    24.407     0.00    0.00
 -46822.740    24.407     0.00    0.00
 -46455.170    24.777     1.01    0.86
 -46087.681    26.305     4.16    2.98
 -45720.272    28.308     5.45    3.94
 -45352.942    29.865     4.24    3.84
 -44985.693    31.077     3.30    4.03
 -44618.524    31.639     1.53    4.28
 -44251.434    31.154    -1.32    4.01
 -43884.424    30.545    -1.66    2.99
 -43517.494    30.326    -0.60    2.40
 -43150.644    29.238    -2.96    3.72
 -42783.873    27.396    -5.02    4.10
 -42417.182    25.367    -5.53    3.35
 -42050.571    24.015    -3.69    1.90
 -41684.039    25.027     2.76    2.86
 -41317.586    26.185     3.16    3.47
 -40951.213    27.326     3.12    4.10
 -40584.919    27.887     1.53    4.34
 -40218.705    27.469    -1.14    4.31
 -39852.569    26.328    -3.12    2.99
 -39486.513    27.376     2.86    3.91
 -39120.536    30.127     7.52    5.95
 -38754.638    32.697     7.02    5.88
 -38388.820    34.437     4.76    4.49
 -38023.080    34.917     1.31    3.80
 -37657.419    34.771    -0.40    3.62
 -37291.837    34.377    -1.08    3.12
 -36926.334    33.733    -1.76    2.75
 -36560.909    32.577    -3.16    2.30
 -36195.564    32.031    -1.50    2.01
 -35830.297    31.458    -1.57    1.76
 -35465.108    31.257    -0.55    1.89
 -35099.998    31.244    -0.04    2.09
 -34734.967    30.357    -2.43    1.76
 -34362.759    29.652    -1.89    0.86
 -33981.296    29.407    -0.64    0.00
 -33599.921    29.407     0.00    0.00
 -33218.633    29.407     0.00    0.00
 -32837.432    29.539     0.35    0.67
 -32456.318    30.023     1.27    1.60
 -32075.291    31.192     3.07    3.26
 -31694.351    33.497     6.05    5.00
 -31313.497    35.029     4.02    4.91
 -30932.731    36.641     4.23    4.44
 -30552.052    37.203     1.47    4.15
 -30171.459    35.577    -4.27    4.46
 -29790.952    34.295    -3.37    4.01
 -29410.533    34.407     0.30    3.62
 -29030.200    34.907     1.31    3.56
 -28649.953    35.867     2.52    3.02
 -28269.793    36.090     0.59    2.43
 -27889.719    35.033    -2.78    3.21
 -27509.731    33.917    -2.94    3.70
 -27129.830    32.185    -4.56    3.76
 -26750.015    30.521    -4.38    3.44
 -26370.286    29.094    -3.76    2.67
 -25990.643    28.327    -2.02    2.89
 -25611.086    23.247   -13.38    8.62
 -25231.615    16.667   -17.34   10.54
 -24852.230    10.235   -16.95    8.23
 -24472.931     6.507    -9.83    3.56
 -24093.717     5.417    -2.87    0.10
 -23714.590     5.407    -0.03    0.00
 -23335.548     5.407     0.00    0.00
 -22956.591     5.407     0.00    0.00
 -22577.720     5.407     0.00    0.00
 -22198.935     5.407     0.00    0.00
 -21820.235     5.478     0.19    0.33
 -21441.621     5.912     1.15    1.31
 -21063.091     6.437     1.39    1.89
 -20684.647     6.902     1.23    2.28
 -20306.289     7.243     0.90    2.37
 -19928.015     7.387     0.38    2.38
 -19549.827     7.355    -0.08    2.11
 -19171.723     7.597     0.64    2.14
 -18793.705     8.649     2.78    2.83
 -18415.771    10.050     3.71    3.18
 -18037.923    11.385     3.53    2.44
 -17660.159    11.217    -0.45    2.23
 -17282.480    10.494    -1.91    2.05
 -16904.885     9.297    -3.17    1.56
 -16527.376     9.607     0.82    2.06
 -16149.951    10.857     3.31    2.48
 -15772.610    11.494     1.69    2.34
 -15395.354    11.167    -0.87    2.65
 -15018.182     9.860    -3.46    2.90
 -14641.095     9.043    -2.17    2.50
 -14264.092     8.809    -0.62    2.08
 -13887.173     9.397     1.56    2.10
 -13510.339     9.896     1.33    1.98
 -13133.588     9.498    -1.06    2.28
 -12756.922     8.957    -1.44    2.27
 -12380.340     8.387    -1.51    1.85
 -12003.841     8.209    -0.47    1.61
 -11627.427     9.097     2.36    2.70
 -11251.097     9.659     1.49    2.85
 -10874.850     9.580    -0.21    2.53
 -10498.687     9.568    -0.03    2.23
 -10122.608    10.840     3.38    4.28
  -9746.612    13.607     7.36    6.18
  -9370.700    18.028    11.76    6.06
  -8994.872    20.780     7.32    4.24
  -8619.127    21.037     0.68    3.50
  -8243.466    17.997    -8.09    5.59
  -7867.887    13.492   -11.99    5.38
  -7492.393    11.207    -6.09    3.98
  -7116.981    11.244     0.10    5.00
  -6741.653    13.871     7.00    6.70
  -6366.408    16.469     6.92    6.18
  -5991.246    18.067     4.26    5.32
  -5616.167    17.850    -0.58    4.58
  -5241.170    17.710    -0.37    4.52
  -4866.257    17.448    -0.70    4.53
  -4491.427    17.172    -0.74    3.62
  -4116.680    16.427    -1.99    3.46
  -3742.015    15.469    -2.56    2.92
  -3367.433    14.397    -2.86    2.08
  -2992.934    14.417     0.05    1.71
  -2618.518    14.968     1.47    1.93
  -2244.183    14.500    -1.25    2.49
  -1869.932    12.937    -4.18    4.35
  -1495.763    10.679    -6.04    5.54
  -1121.676     7.547    -8.37    6.31
   -747.672     4.708    -7.59    5.87
   -373.750     2.687    -5.41    4.85
      0.090     0.943    -4.66    3.23
    373.848     0.111    -2.23    1.87
    747.523     1.902     4.79    6.14
   1121.117     9.760    21.04   16.69
   1494.628    17.730    21.34   21.05
   1868.057    28.507    28.86   24.25
   2241.405    35.264    18.10   24.39
   2614.671    39.284    10.77   23.65
   2987.854    36.652    -7.05   23.55
   3360.956    28.042   -23.08   23.93
   3733.977    17.750   -27.59   18.96
   4106.916     9.939   -20.95   13.90
   4479.773     3.867   -16.28    7.35
   4852.548     2.005    -5.00    3.74
   5225.242     1.376    -1.69    3.07
   5597.855     1.070    -0.82    2.67
   5970.386     0.589    -1.29    2.40
   6342.836    -0.397    -2.65    0.77
   6715.205    -0.490    -0.25    0.59
   7087.492     0.609     2.95    2.98
   7459.699     2.882     6.11    5.06
   7831.824     5.764     7.75    6.14
   8203.868     9.196     9.23    5.42
   8575.831    10.627     3.85    3.75
   8947.713    11.200     1.54    3.05
   9319.514    10.871    -0.88    3.25
   9691.234     9.977    -2.41    3.31
  10062.874     9.447    -1.43    3.31
  10434.432     8.563    -2.38    2.88
  10805.910     7.478    -2.92    0.83
  11177.308     7.720     0.65    1.24
  11548.624    11.861    11.15    8.54
  11919.861    19.213    19.80   14.32
  12291.016    30.613    30.71   19.32
  12662.092    44.427    37.23   22.34
  13033.086    57.622    35.57   21.48
  13404.001    65.337    20.80   20.44
  13774.835    68.548     8.66   19.08
  14145.589    61.682   -18.52   19.10
  14516.263    55.428   -16.87   18.35
  14886.857    51.195   -11.42   15.73
  15257.370    51.386     0.52   14.02
  15627.804    54.575     8.61   11.55
  15998.157    54.568    -0.02    8.82
  16368.431    51.386    -8.59   10.00
  16738.624    45.356   -16.29   11.33
  17108.738    38.041   -19.76   12.27
  17478.772    33.478   -12.33   15.32
  17848.727    30.568    -7.87   17.09
  18218.602    29.815    -2.04   16.18
  18588.397    27.366    -6.62   14.37
  18958.112    23.601   -10.18   11.21
  19327.748    20.365    -8.75    6.46
  19697.305    19.489    -2.37    4.01
  20066.782    20.902     3.82    4.31
  20436.179    24.353     9.34    3.77
  20805.498    28.009     9.90    5.13
  21174.737    32.668    12.62    6.65
  21543.897    38.841    16.72    8.59
  21912.978    45.028    16.76    8.43
  22281.979    50.707    15.39    6.97
  22650.902    56.459    15.59    6.62
  23019.745    63.817    19.95    9.42
  23388.510    71.003    19.48   11.86
  23757.195    78.850    21.28   12.04
  24125.802    84.993    16.66   11.76
  24494.330    91.168    16.76   12.74
  24862.779    99.716    23.20   15.03
  25231.150   110.224    28.52   18.61
  25599.441   120.937    29.09   21.35
  25967.655   128.366    20.18   21.57
  26335.789   134.282    16.07   21.13
  26703.845   140.458    16.78   20.89
  27071.823   144.844    11.92   19.09
  27439.722   145.784     2.56   16.93
  27807.543   140.548   -14.24   17.91
  28175.285   130.703   -26.77   19.86
  28542.950   118.417   -33.41   18.62
  28910.536   104.345   -38.28   19.81
  29278.043    89.265   -41.03   22.62
  29645.473    73.948   -41.69   19.06
  30012.825    62.136   -32.15   14.42
  30380.098    52.101   -27.32   10.11
  30747.294    46.170   -16.15   10.05
  31114.412    40.253   -16.12    8.91
  31481.452    35.529   -12.87    8.40
  31848.414    31.036   -12.25   10.06
  32215.298    25.825   -14.20   10.87
  32582.104    19.603   -16.96   10.40
  32948.833    15.152   -12.14    8.59
  33315.484    12.397    -7.51    5.19
  33682.058    12.055    -0.93    3.29
  34048.554    12.613     1.52    3.89
  34414.973    12.870     0.70    4.92
  34781.314    12.232    -1.74    5.41
  35147.577    10.366    -5.09    4.91
  35513.764     9.038    -3.63    4.36
  35879.873     8.809    -0.63    5.12
  36245.905     8.258    -1.51    5.55
  36611.860     6.891    -3.73    2.48
  36977.737     6.407    -1.32    0.00
  37343.538     6.407     0.00    0.00
  37709.261     6.860     1.24    1.97
  38074.907     7.670     2.21    3.36
  38440.477     8.815     3.13    4.08
  38805.969     9.282     1.28    3.90
  39171.385    10.690     3.85    6.57
  39536.724    13.592     7.94   10.10
  39901.986    14.131     1.48    9.51
  40269.604    14.098    -0.09    8.79
  40650.896    13.121    -2.56    5.99
  41032.103    12.778    -0.90    2.76
  41413.225    12.623    -0.41    2.41
  41794.263    12.130    -1.29    2.97
  42175.216    10.539    -4.18    3.67
  42556.084     8.471    -5.43    2.51
  42936.867     7.315    -3.04    1.66
  43317.565     6.838    -1.25    0.52
  43698.179     6.953     0.30    0.50
  44078.709     7.066     0.30    0.48
  44459.154     7.192     0.33    0.41
  44839.515     7.288     0.25    0.32
  45219.791     7.366     0.20    0.20
  45599.983     8.939     4.14    4.04
  45980.090    16.019    18.63   12.09
  46360.114    26.311    27.08   16.62
  46740.053    41.468    39.89   18.60
  47119.908    56.192    38.76   15.48
  47499.680    69.825    35.90   15.71
  47879.367    79.694    25.99   15.28
  48258.970    85.988    16.58   17.35
  48638.490    86.364     0.99   20.04
  49017.925    83.101    -8.60   19.93
  49397.277    80.213    -7.61   16.29
  49776.545    80.213    -0.00   13.08
  50155.730    83.268     8.06   12.63
  50534.831    85.969     7.12   11.64
  50913.848    90.772    12.67   11.07
  51292.782    97.407    17.51   11.96
  51671.633   105.950    22.55   14.65
  52050.400   118.080    32.02   16.61
  52429.084   127.490    24.85   13.62
  52807.684   130.603     8.22   10.12
  53186.201   129.503    -2.91    9.31
  53564.636   126.386    -8.23    8.01
  53942.987   124.566    -4.81    8.92
  54321.255   123.458    -2.93    9.88
  54699.440   119.829    -9.59   11.65
  55077.542   112.480   -19.44   12.18
  55455.561   107.344   -13.59    9.10
  55833.497   106.532    -2.15    8.21
  56211.351   108.133     4.24    8.90
  56589.121   112.664    11.99    8.38
  56966.809   116.139     9.20    8.66
  57344.415   121.922    15.32   11.42
  57721.938   126.813    12.95   10.37
  58099.378   128.813     5.30    9.14
  58476.736   126.059    -7.30   10.56
  58854.012   118.917   -18.93   10.41
  59231.205   110.938   -21.15    9.67
  59608.316   101.754   -24.35   10.12
  59985.344    95.438   -16.75    9.22
  60362.291    87.491   -21.08    9.19
  60739.155    82.167   -14.13    7.10
  61115.937    79.521    -7.02    5.43
  61492.638    78.927    -1.58    4.97
  61869.256    79.084     0.42    4.17
  62245.792    80.541     3.87    5.07
  62622.246    84.309    10.01    7.62
  62998.619    88.230    10.42    7.63
  63374.910    88.077    -0.41    9.27
  63751.119    80.716   -19.57   15.79
  64127.246    67.996   -33.82   18.84
  64503.292    56.792   -29.79   12.83
  64879.256    52.407   -11.66    7.31
  65255.139    54.315     5.08    7.58
  65630.940    58.244    10.45    6.16
  66006.660    59.770     4.06    6.05
  66382.298    61.613     4.91    5.68
  66757.855    64.778     8.43    6.41
  67133.331    68.331     9.46    5.56
  67508.726    71.386     8.14    4.78
  67884.039    74.701     8.83    5.63
  68259.272    79.575    12.99    7.97
  68634.423    81.917     6.24    8.27
  69009.494    83.654     4.63    8.08
  69384.483    83.617    -0.10    9.01
  69759.392    83.580    -0.10    8.45
  70134.219    82.980    -1.60    7.89
  70508.966    83.566     1.57    6.88
  70883.633    85.719     5.75    7.75
  71258.218    88.975     8.69    7.48
  71632.723    90.469     3.99    6.57
  72007.147    91.775     3.49    7.00
  72381.491    91.270    -1.35    7.02
  72755.755    93.832     6.85    8.53
  73129.937    98.603    12.75   10.33
  73504.040   102.429    10.23    9.95
  73878.062   102.173    -0.69    9.20
  74252.004    97.429   -12.69   10.44
  74625.866    93.417   -10.73    8.39
  74999.647    92.842    -1.54    6.84
  75373.349    94.891     5.48    6.64
  75746.970    98.181     8.80    6.13
  76120.512   100.667     6.66    6.61
  76493.973   103.501     7.59    7.68
  76867.354   106.209     7.25    6.29
  77240.656   107.912     4.56    5.04
  77613.878   106.407    -4.03    6.82
  77987.020   101.438   -13.32    8.29
  78360.082    94.917   -17.48    9.52
  78733.065    84.667   -27.48   13.18
  79105.968    75.178   -25.45   12.45
  79478.791    70.219   -13.30    8.56
  79851.535    69.429    -2.12    6.73
  80224.200    74.573    13.81    8.63
  80596.785    81.134    17.61    6.91
  80969.290    86.572    14.60    6.40
  81341.717    91.485    13.19    5.98
  81714.064    97.178    15.29    9.25
  82086.332   104.115    18.63    9.60
  82458.521   110.634    17.51    8.70
  82830.630   117.088    17.34    9.22
  83202.661   124.865    20.90    9.93
  83574.612   132.217    19.77    9.77
  83946.485   140.375    21.94    7.58
  84318.279   146.386    16.17    8.01
  84689.994   152.762    17.15    8.71
  85061.630   157.170    11.86    7.60
  85433.187   159.154     5.34    5.83
  85804.665   157.510    -4.43    7.23
  86176.065   151.657   -15.76   11.41
  86547.387   140.937   -28.87   16.34
  86918.629   127.725   -35.59   17.35
  87289.794   116.180   -31.10   14.35
  87660.879   110.852   -14.36    8.92
  88031.887   111.938     2.93    8.44
  88402.816   116.130    11.30    7.99
  88773.666   121.268    13.85    5.18
  89144.439   124.196     7.90    4.20
  89515.133   126.800     7.02    4.57
  89885.749   129.252     6.61    5.13
  90256.286   132.471     8.69    5.90
  90626.746   136.019     9.58    6.08
  90997.128   139.092     8.30    5.46
  91367.432   140.813     4.65    6.45
  91737.657   141.649     2.26    7.53
  92107.805   143.188     4.16    8.60
  92477.876   144.024     2.26    8.65
  92847.868   145.521     4.05    8.71
  93217.782   145.091    -1.16    8.54
  93587.619   145.565     1.28    8.08
  93957.379   145.796     0.63    7.77
  94327.060   147.472     4.53    8.04
  94696.665   149.561     5.65    8.45
  95066.191   150.809     3.38    8.75
  95435.640   150.346    -1.25    8.05
  95805.012   148.573    -4.80    8.22
  96174.307   147.396    -3.19    8.34
  96543.524   147.858     1.25    8.65
  96912.664   153.088    14.17   10.96
  97281.726   158.332    14.21   10.66
  97650.712   163.066    12.83    9.73
  98019.620   167.232    11.29   10.91
  98388.452   172.005    12.94   13.45
  98757.206   177.657    15.33   15.38
  99125.884   185.058    20.07   14.11
  99494.484   192.001    18.83   12.60
  99863.008   196.276    11.60    8.18
 100231.455   195.923    -0.96    7.64
 100599.825   193.417    -6.80    9.12
 100968.118   186.332   -19.24   12.44
 101336.335   176.207   -27.50   19.79
 101704.475   162.288   -37.80   27.11
 102072.538   145.007   -46.95   31.06
 102440.525   127.135   -48.56   24.52
 102808.435   118.761   -22.76   16.40
 103176.269   117.748    -2.75   14.74
 103544.027   127.594    26.77   19.46
 103911.708   138.255    28.99   17.75
 104279.313   144.154    16.05   12.77
 104646.841   140.133   -10.94   15.51
 105014.294   125.059   -41.02   24.91
 105381.670   105.586   -53.00   29.87
 105748.970    84.472   -57.48   26.63
 106116.194    68.428   -43.69   21.94
 106483.343    55.640   -34.83   13.45
 106850.415    49.799   -15.91    9.94
 107217.411    47.651    -5.85    8.22
 107584.331    47.228    -1.15    5.84
 107951.176    47.247     0.05    4.04
 108317.944    47.796     1.50    4.00
 108684.637    47.733    -0.17    3.73
 109051.255    46.912    -2.24    3.46
 109417.796    48.126     3.31    5.16
 109784.262    52.691    12.46   10.04
 110150.653    59.217    17.81   12.23
 110516.968    67.033    21.33   11.74
 110883.207    74.855    21.35   11.92
 111249.371    79.077    11.53   11.86
 111615.460    82.768    10.08   12.23
 111981.473    85.291     6.89   12.90
 112347.411    87.308     5.51   13.76
 112713.274    89.786     6.77   14.48
 113079.062    94.796    13.70   17.56
 113444.775    99.626    13.21   19.95
 113810.412   102.822     8.74   20.56
 114175.975   105.757     8.03   17.30
 114541.462   108.513     7.54   13.55
 114906.874   111.353     7.77   12.82
 115285.958   118.542    18.96   13.17
 115667.000   125.342    17.84   12.29
 116047.959   131.876    17.15   11.79
 116428.835   139.045    18.82   13.39
 116809.629   149.173    26.59   18.44
 117190.340   166.151    44.59   22.70
 117570.969   184.300    47.68   27.15
 117951.516   203.880    51.45   27.93
 118331.979   220.775    44.40   35.98
 118712.361   222.832     5.41   46.21
 119092.660   214.194   -22.71   54.14
 119472.877   189.813   -64.12   52.60
 119853.012   169.575   -53.23   36.58
 120233.065   154.659   -39.24   13.75
 120613.036   150.939    -9.79   10.66
 120992.925   149.545    -3.67   14.06
 121372.731   146.003    -9.33   15.44
 121752.456   146.417     1.09   14.00
 122132.099   148.309     4.98   11.23
 122511.660   154.344    15.90   12.90
 122891.140   162.288    20.93   14.23
 123270.538   171.975    25.53   14.29
 123649.854   178.183    16.37   14.17
 124029.088   186.364    21.57   14.18
 124408.241   193.514    18.86   14.88
 124787.312   202.691    24.21   15.85
 125166.302   211.073    22.12   14.98
 125545.211   218.954    20.80   14.24
 125924.038   223.928    13.13   13.94
 126302.784   229.133    13.74   14.73
 126681.449   233.418    11.31   14.89
 127060.032   240.965    19.93   13.54
 127438.535   251.751    28.49   19.92
 127816.956   274.101    59.06   33.49
 128195.296   293.495    51.25   36.13
 128573.556   317.912    64.55   42.66
 128951.734   344.729    70.91   52.57
 129329.832   384.175   104.32   69.04
 129707.848   422.102   100.32   65.31
 130085.784   456.238    90.31   45.89
 130463.639   479.633    61.91   43.37
 130841.414   500.438    55.07   51.43
 131219.108   514.820    38.07   47.81
 131596.721   527.375    33.25   46.01
 131974.254   527.471     0.25   57.40
 132351.706   518.020   -25.04   60.74
 132729.078   500.998   -45.10   56.26
 133106.369   477.588   -62.04   64.97
 133483.581   435.907  -110.49   86.02
 133860.712   381.768  -143.54   90.32
 134237.762   346.343   -93.95   70.24
 134614.733   350.165    10.14   78.10
 134991.623   385.548    93.87   83.80
 135368.434   409.572    63.75   68.13
 135745.164   409.003    -1.51   66.58
 136121.814   413.843    12.85   61.36
 136498.385   422.331    22.54   54.74
 136874.876   438.098    41.87   44.08
 137251.286   437.556    -1.44   42.98
 137627.617   413.124   -64.91   47.91
 138003.869   384.544   -75.95   32.94
 138380.040   366.493   -47.98   28.07
 138756.132   361.471   -13.35   26.70
 139132.145   372.598    29.59   33.93
 139508.078   395.428    60.72   36.25
 139883.931   416.934    57.21   29.33
 140259.705   419.141     5.87   25.25
 140635.400   410.579   -22.79   23.23
 141011.016   386.577   -63.89   34.79
 141386.552   356.956   -78.87   38.86
 141762.009   335.130   -58.13   33.66
 142137.386   319.670   -41.18   27.82
 142512.685   314.838   -12.87   30.71
 142887.905   317.550     7.23   29.97
 143263.045   323.754    16.54   23.84
 143638.107   332.373    22.98   19.56
 144013.089   342.077    25.88   19.77
 144387.993   350.975    23.73   26.77
 144762.818   351.676     1.87   32.23
 145137.564   352.093     1.11   36.66
 145512.232   350.481    -4.30   44.02
 145886.821   358.786    22.17   49.52
 146261.331   374.460    41.85   50.99
 146635.762   396.029    57.60   54.42
 147010.116   422.513    70.74   49.60
 147384.390   445.165    60.52   46.52
 147758.586   465.533    54.43   35.54
 148132.704   470.374    12.94   31.32
 148506.744   460.694   -25.88   52.11
 148880.705   448.352   -33.00   63.30
 149254.588   436.460   -31.80   59.93
 149628.392   441.643    13.87   52.84
 150002.119   474.098    86.83   64.49
 150375.768   517.109   115.10   73.11
 150749.338   554.885   101.11   70.36
 151122.830   579.449    65.76   77.03
 151496.245   566.818   -33.82   96.79
 151869.582   536.098   -82.28   94.05
 152242.840   511.594   -65.64   78.97
 152616.021   487.321   -65.04   64.01
 152989.125   462.193   -67.34   55.94
 153362.150   440.620   -57.83   50.06
 153735.098   420.096   -55.02   42.29
 154107.968   408.449   -31.23   46.58
 154480.761   403.988   -11.97   54.27
 154853.476   403.052    -2.51   63.93
 155226.114   401.952    -2.95   68.65
 155598.674   400.013    -5.20   65.47
 155971.157   407.583    20.32   63.63
 156343.563   427.471    53.40   66.00
 156715.891   445.207    47.63   64.53
 157088.142   463.620    49.46   59.01
 157460.316   468.088    12.01   50.33
 157832.413   440.928   -72.98   57.60
 158204.433   407.418   -90.07   74.79
 158576.376   349.237  -156.41   73.05
 158948.241   302.928  -124.52   62.74
 159320.030   257.820  -121.31   57.01
 159691.742   223.864   -91.34   62.52
 160063.377   186.066  -101.70   61.04
 160434.935   147.891  -102.73   42.90
 160806.417   121.975   -69.76   18.28
 161177.821   110.757   -30.20   11.50
 161549.149   103.137   -20.52    4.48
 161920.401    98.923   -11.35    5.11
 162291.576    96.396    -6.81    5.56
 162662.674    95.258    -3.07    5.92
 163033.696    94.798    -1.24    5.60
 163404.642    96.059     3.40    5.77
 163775.511   101.321    14.19    8.90
 164146.304   109.143    21.09   11.82
 164517.020   116.270    19.22   13.49
 164887.661   124.762    22.91   14.28
 165258.225   132.534    20.97   15.07
 165628.713   141.714    24.78   15.32
 165999.124   151.917    27.54   14.61
 166369.460   160.821    24.04   12.37
 166739.720   168.805    21.56   11.24
 167109.904   177.004    22.15    9.04
 167480.012   185.106    21.89   12.69
 167850.044   194.484    25.34   15.59
 168220.000   210.034    42.03   21.48
 168589.880   226.600    44.78   28.33
 168959.685   250.787    65.40   38.82
 169329.414   268.547    48.03   43.02
 169699.068   282.944    38.94   48.58
 170068.645   286.005     8.28   52.00
 170438.148   277.473   -23.09   55.04
 170807.575   261.832   -42.33   50.86
 171176.926   242.964   -51.08   43.74
 171546.202   230.686   -33.24   31.58
 171915.402   226.407   -11.59   22.00
 172284.528   229.020     7.08   19.13
 172653.578   237.973    24.26   21.24
 173022.552   254.215    44.01   27.20
 173391.452   271.811    47.69   28.32
 173760.276   300.428    77.58   33.97
 174129.026   326.290    70.12   40.83
 174497.700   360.460    92.67   45.39
 174866.299   384.912    66.33   37.76
 175234.824   387.901     8.11   39.76
 175603.273   357.630   -82.15   70.40
 175971.648   305.884  -140.46   81.12
 176339.947   257.063  -132.54   56.52
 176708.172   237.861   -52.14   28.26
 177076.323   265.838    75.98   54.92
 177444.398   312.483   126.71   68.28
 177812.399   373.581   166.01   69.46
 178180.326   413.923   109.63   63.55
 178548.178   448.858    94.96   67.56
 178915.955   467.256    50.02   62.98
 179283.658   460.907   -17.27   65.32
 179651.286   447.800   -35.65   60.06
 180018.840   447.694    -0.29   51.51
 180386.320   468.342    56.18   51.08
 180753.726   493.827    69.36   43.29
 181121.057   514.173    55.38   49.73
 181488.314   530.396    44.17   49.51
 181855.497   536.863    17.61   43.40
 182222.606   526.428   -28.42   46.68
 182589.641   502.240   -65.89   51.15
 182956.602   476.891   -69.07   42.37
 183323.488   455.062   -59.49   25.85
 183690.301   448.481   -17.94   33.75
 184057.040   440.986   -20.43   49.72
 184423.706   414.056   -73.44   64.60
 184790.297   384.596   -80.35   63.23
 185156.815   341.070  -118.74   61.16
 185523.259   300.159  -111.63   63.29
 185889.629   262.956  -101.53   52.79
 186255.926   244.869   -49.37   39.82
 186622.149   234.145   -29.28   23.93
 186988.298   227.141   -19.13   21.08
 187354.375   218.589   -23.36   23.03
 187720.377   203.641   -40.84   21.41
 188086.307   190.575   -35.70   12.73
 188452.163   188.482    -5.72   10.43
 188817.945   190.318     5.02   12.92
 189183.655   193.843     9.64   15.19
 189549.291   193.776    -0.18   17.61
 189924.078   187.651   -16.34   20.46
 190304.953   177.641   -26.28   20.16
 190685.749   168.168   -24.87   17.17
 191066.463   159.205   -23.54   13.18
 191447.097   150.298   -23.40   11.76
 191827.651   145.848   -11.69    9.93
 192208.125   145.429    -1.10    9.79
 192588.518   149.267    10.09   10.88
 192968.831   155.099    15.33    8.31
 193349.064   155.686     1.54    7.91
 193729.217   155.668    -0.05    7.63
 194109.289   157.352     4.43    9.84
 194489.282   165.278    20.86   17.30
 194869.194   178.374    34.47   23.88
 195249.027   194.245    41.78   25.12
 195628.780   205.885    30.64   23.13
 196008.453   216.300    27.43   21.92
 196388.046   223.957    20.17   24.26
 196767.560   231.290    19.32   26.67
 197146.993   237.372    16.03   28.53
 197526.348   245.098    20.36   30.06
 197905.622   253.947    23.33   35.67
 198284.817   270.949    44.83   42.29
 198663.933   291.657    54.61   49.25
 199042.969   300.566    23.50   46.56
 199421.926   295.895   -12.32   43.12
 199800.803   278.267   -46.52   38.42
 200179.601   262.546   -41.50   26.71
 200558.320   268.744    16.36   34.08
 200936.960   284.855    42.54   40.71
 201315.520   289.654    12.68   35.99
 201694.002   282.752   -18.23   35.55
 202072.404   262.983   -52.23   28.04
 202450.728   248.499   -38.28   12.52
 202828.972   246.600    -5.02   14.84
 203207.138   250.316     9.82   18.46
 203585.225   253.950     9.61   18.62
 203963.233   258.941    13.20   16.35
 204341.162   266.891    21.03   12.81
 204719.012   275.126    21.79   12.02
 205096.784   281.912    17.96   12.39
 205474.478   283.623     4.53   13.60
 205852.092   281.515    -5.58   13.63
 206229.629   282.532     2.69   16.66
 206607.086   292.494    26.39   22.22
 206984.466   306.407    36.86   25.38
 207361.767   319.102    33.64   27.04
 207738.989   327.043    21.05   26.76
 208116.134   331.200    11.02   22.45
 208493.200   338.611    19.65   22.54
 208870.188   349.494    28.86   25.33
 209247.098   361.736    32.48   26.85
 209623.930   369.918    21.71   28.07
 210000.684   375.418    14.60   29.02
 210377.360   382.537    18.90   31.26
 210753.957   391.115    22.77   36.86
 211130.478   402.504    30.24   43.64
 211506.920   421.373    50.12   49.65
 211883.284   441.224    52.74   52.74
 212259.571   454.634    35.63   53.73
 212635.780   454.149    -1.29   43.30
 213011.911   472.763    49.48   54.94
 213387.965   514.524   111.03   73.53
 213763.941   559.913   120.70   59.17
 214139.840   565.461    14.76   51.81
 214515.661   541.223   -64.48   59.55
 214891.405   509.428   -84.60   49.04
 215267.072   488.039   -56.93   37.54
 215642.661   469.407   -49.60   42.20
 216018.173   449.663   -52.57   42.97
 216393.607   437.977   -31.12   43.68
 216768.965   439.209     3.28   62.39
 217144.245   442.418     8.55   72.40
 217519.449   441.104    -3.50   75.37
 217894.575   415.084   -69.35   67.71
 218269.624   396.821   -48.69   54.07
 218644.597   397.310     1.31   62.89
 219019.492   401.637    11.54   69.79
 219394.311   388.407   -35.29   70.32
 219769.053   364.282   -64.37   61.34
 220143.718   337.949   -70.27   46.02
 220518.306   329.462   -22.65   38.41
 220892.818   330.624     3.10   45.53
 221267.253   338.140    20.07   51.79
 221641.612   328.363   -26.11   49.96
 222015.894   306.473   -58.48   43.88
 222390.100   284.831   -57.83   36.26
 222764.229   266.352   -49.38   25.22
 223138.282   249.994   -43.72   19.18
 223512.258   239.385   -28.36   18.34
 223886.159   236.005    -9.04   17.85
 224259.983   245.602    25.67   29.62
 224633.730   278.722    88.60   50.01
 225007.402   311.539    87.81   44.34
 225380.998   327.873    43.72   30.36
 225754.517   322.885   -13.35   32.97
 226127.961   315.196   -20.59   30.17
 226501.328   325.700    28.13   38.62
 226874.620   353.216    73.70   42.67
 227247.835   373.907    55.43   43.45
 227620.975   381.573    20.54   50.73
 227994.040   378.200    -9.04   48.73
 228367.028   374.587    -9.69   35.42
 228739.941   364.092   -28.14   27.12
 229112.778   348.556   -41.66   36.19
 229485.539   322.041   -71.12   42.22
 229858.225   306.027   -42.96   29.34
 230230.836   311.202    13.89   35.75
 230603.371   328.197    45.61   40.50
 230975.830   348.708    55.06   33.62
 231348.215   359.510    29.00   24.50
 231720.523   354.063   -14.63   27.41
 232092.757   340.707   -35.87   34.38
 232464.916   326.624   -37.83   27.12
 232836.999   329.262     7.09   27.74
 233209.007   350.802    57.89   37.44
 233580.940   367.482    44.84   37.18
 233952.798   363.198   -11.52   40.90
 234324.581   341.146   -59.30   50.09
 234696.289   307.073   -91.65   45.76
 235067.922   280.494   -71.51   43.06
 235439.480   261.134   -52.10   36.87
 235810.963   248.805   -33.18   33.49
 236182.372   235.202   -36.62   29.48
 236553.705   222.026   -35.48   25.13
 236924.965   207.197   -39.94   19.92
 237296.149   196.297   -29.36   14.10
 237667.259   193.663    -7.10   13.96
 238038.294   200.918    19.55   24.10
 238409.255   209.546    23.26   31.39
 238780.141   215.157    15.12   37.03
 239150.953   210.570   -12.37   41.15
 239521.691   194.681   -42.85   36.01
 239892.354   178.947   -42.44   21.00
 240262.943   170.231   -23.52   10.23
 240633.458   164.793   -14.67    9.21
 241003.898   159.907   -13.19   10.86
 241374.264   155.553   -11.75    8.65
 241744.557   153.262    -6.18    7.07
 242114.775   154.950     4.56    7.96
 242484.919   159.207    11.50    9.40
 242854.989   164.537    14.40   12.35
 243224.985   173.123    23.20   17.50
 243594.907   182.624    25.68   20.83
 243964.756   191.953    25.22   21.02
 244334.530   202.026    27.24   20.27
 244704.231   212.186    27.48   23.36
 245073.858   223.624    30.94   27.41
 245443.412   233.983    28.03   30.68
 245812.892   233.562    -1.14   33.49
 246182.298   221.907   -31.55   35.05
 246551.631   205.668   -43.96   25.36
 246920.890   202.304    -9.11   20.80
 247290.075   213.506    30.33   28.20
 247659.188   230.262    45.39   34.21
 248028.227   245.912    42.40   36.97
 248397.192   252.923    19.00   33.87
 248766.085   254.018     2.97   27.87
 249134.904   254.011    -0.02   20.26
 249503.650   261.918    21.44   28.66
 249872.323   270.820    24.14   33.49
 250240.922   284.502    37.11   34.91
 250609.449   298.977    39.27   32.28
 250977.902   307.039    21.88   24.84
 251346.283   313.624    17.87   31.11
 251714.591   311.177    -6.64   38.22
 252082.825   301.962   -25.02   44.36
 252450.987   297.551   -11.98   43.56
 252819.076   299.668     5.75   38.98
 253187.093   307.173    20.39   30.94
 253555.036   310.374     8.70   28.42
 253922.907   301.842   -23.19   30.80
 254290.705   282.131   -53.58   24.71
 254658.431   272.287   -26.76   15.91
 255026.084   272.128    -0.43   14.58
 255393.665   283.407    30.68   17.31
 255761.173   292.834    25.65   15.62
 256128.609   296.660    10.41   21.46
 256495.972   297.629     2.64   27.12
 256863.263   293.451   -11.37   30.78
 257230.482   288.231   -14.21   30.76
 257597.628   286.040    -5.97   29.06
 257964.702   289.407     9.17   28.95
 258331.704   298.607    25.06   33.34
 258698.634   313.961    41.84   33.81
 259065.492   325.953    32.68   30.18
 259432.278   329.581     9.89   25.11
 259798.992   322.234   -20.03   29.17
 260165.634   313.132   -24.82   39.04
 260532.204   299.132   -38.18   47.55
 260898.702   286.485   -34.50   48.66
 261265.128   278.651   -21.37   48.32
 261631.482   281.077     6.62   45.37
 261997.765   292.548    31.31   43.25
 262363.976   309.202    45.47   38.63
 262730.115   316.802    20.75   38.83
 263096.183   313.948    -7.80   48.12
 263462.179   301.124   -35.03   54.04
 263828.104   287.861   -36.24   54.40
 264193.957   286.462    -3.82   48.09
 264564.783   293.102    17.90   41.06
 264945.497   295.073     5.18   32.33
 265326.132   286.262   -23.14   35.02
 265706.688   268.703   -46.13   36.23
 266087.166   252.032   -43.81   40.33
 266467.566   240.209   -31.07   42.38
 266847.888   234.585   -14.78   42.92
 267228.132   235.330     1.96   42.35
 267608.297   242.478    18.80   42.65
 267988.385   259.330    44.33   43.87
 268368.394   283.192    62.78   40.42
 268748.326   300.407    45.30   32.57
 269128.179   306.802    16.83   24.35
 269507.955   294.845   -31.48   34.65
 269887.653   271.442   -61.62   35.58
 270267.273   256.762   -38.66   32.38
 270646.815   257.223     1.21   36.90
 271026.280   267.561    27.24   37.64
 271405.667   272.234    12.32   34.19
 271784.976   263.673   -22.57   37.06
 272164.208   245.822   -47.06   41.59
 272543.362   222.640   -61.13   41.30
 272922.439   200.000   -59.71   41.50
 273301.438   183.029   -44.77   37.90
 273680.360   169.747   -35.04   33.94
 274059.205   166.462    -8.67   30.26
 274437.973   159.126   -19.37   25.38
 274816.663   152.123   -18.49   24.63
 275195.276   147.329   -12.66   26.74
 275573.812   151.350    10.62   33.65
 275952.271   159.934    22.68   38.38
 276330.653   172.996    34.51   30.80
 276708.957   178.176    13.69   28.43
 277087.185   172.519   -14.95   38.93
 277465.336   157.996   -38.40   44.23
 277843.411   137.901   -53.14   46.52
 278221.408   119.231   -49.38   42.45
 278599.328    99.440   -52.36   38.86
 278977.172    79.132   -53.74   30.98
 279354.940    64.611   -38.43   18.05
 279732.630    58.242   -16.86    2.85
 280110.244    59.035     2.10    2.99
 280487.782    60.173     3.02    2.35
 280865.243    61.035     2.28    1.35
 281242.627    60.845    -0.50    1.35
 281619.935    60.840    -0.01    1.20
 281997.167    61.306     1.23    1.19
 282374.323    62.014     1.88    1.58
 282751.402    63.352     3.55    2.46
 283128.405    64.454     2.92    2.71
 283505.332    64.110    -0.91    3.47
 283882.183    62.966    -3.03    4.07
 284258.958    61.439    -4.05    3.81
 284635.656    59.558    -4.99    3.34
 285012.279    58.983    -1.53    3.06
 285388.826    58.953    -0.08    2.77
 285765.297    59.026     0.19    2.46
 286141.692    60.252     3.26    3.05
 286518.011    61.618     3.63    2.70
 286894.255    62.442     2.19    1.97
 287270.422    62.957     1.37    2.08
 287646.514    62.573    -1.02    2.31
 288022.531    62.385    -0.50    2.41
 288398.472    62.585     0.53    2.55
 288774.337    62.227    -0.95    1.97
 289150.127    62.704     1.27    2.26
 289525.842    64.151     3.85    3.62
 289901.481    66.192     5.43    4.49
 290277.045    67.198     2.68    4.24
 290652.533    68.101     2.40    3.61
 291027.947    67.722    -1.01    3.50
 291403.285    66.709    -2.70    1.94
 291778.548    66.711     0.01    1.64
 292153.735    66.276    -1.16    1.27
 292528.848    65.918    -0.95    1.39
 292903.886    65.990     0.19    1.65
 293278.848    66.307     0.84    1.70
 293653.736    67.085     2.08    1.93
 294028.549    67.609     1.40    1.88
 294403.287    67.527    -0.22    1.83
 294777.950    67.564     0.10    1.21
 295152.538    67.633     0.18    0.90
 295527.052    67.980     0.93    1.09
 295901.491    68.337     0.95    1.00
 296275.855    69.088     2.01    1.30
 296650.145    70.384     3.46    2.29
 297024.360    71.022     1.71    2.29
 297398.501    71.171     0.40    2.04
 297772.567    70.868    -0.81    2.17
 298146.559    70.168    -1.87    2.13
 298520.477    69.996    -0.46    2.17
 298894.320    70.209     0.57    2.23
 299268.089    70.517     0.82    1.95
 299641.783    70.602     0.23    1.55
 300015.404    70.789     0.50    1.20
 300388.950    71.004     0.58    1.36
 300762.422    71.596     1.58    1.46
 301135.820    71.901     0.82    1.10
 301509.144    71.508    -1.05    1.11
 301882.395    71.179    -0.88    1.08
 302255.571    71.073    -0.28    1.03
 302628.673    71.014    -0.16    1.12
 303001.702    71.085     0.19    1.16
 303374.656    70.901    -0.49    1.18
 303747.537    71.123     0.59    1.41
 304120.345    71.676     1.49    1.45
 304493.078    72.884     3.24    2.81
 304865.738    73.973     2.92    3.12
 305238.325    74.714     1.99    2.98
 305610.837    74.996     0.75    2.39
 305983.277    74.498    -1.34    2.35
 306355.643    74.061    -1.17    1.98
 306727.935    73.687    -1.00    1.70
