# NaN NaN NaN ;Mean Elev.(m), Avg Gradient(m/km), RMS Gradient(m/km) - SRTM1     
#   -6.836  -0.327   6.326 ;Mean Elev.(m), Avg Gradient(m/km), RMS Gradient(m/km) - ASTER GDEM
#   32.023   0.354   5.191 ;Mean Elev.(m), Avg Gradient(m/km), RMS Gradient(m/km) - GMTED2010 
  8 152.414217  66.707141    22.255    22.255  2 52492.04979358 24.185
 12 152.416815  66.705816    18.350    18.350  2 52632.04978020 27.321
 13 152.409046  66.709864    21.493    21.316  3 52667.04979976 21.792
 15 152.409173  66.711154    14.851    14.851  2 52737.04981199 22.787
 16 152.405010  66.714759    15.391    15.344  3 52772.04978058 18.647
 17 152.415523  66.703622    24.871    24.871  2 52807.04983647 21.094
 18 152.417692  66.706013    16.860    16.750  3 52842.04989490 33.772
 19 152.413365  66.708131    15.695    15.695  2 52877.04993327 52.313
 20 152.409645  66.711104    23.516    23.516  2 52912.04989135 17.584
 23 152.405754  66.713380    19.120    20.932  3 53017.04988099 24.127
 25 152.401509  66.717040    22.586    21.466  4 53087.04989623 15.856
 26 152.415684  66.706696    23.116    23.116  2 53122.04986766 17.603
 27 152.409987  66.709709    23.667    23.667  2 53157.04992303 51.285
 28 152.413516  66.708030    24.609    24.609  2 53192.04991579 18.121
 29 152.410566  66.709790    23.208    23.506  3 53227.04991713 18.660
 30 152.403405  66.718225    18.667    18.681  4 53262.04988926 44.043
 31 152.409143  66.709609    16.737    16.815  3 53297.04992624 37.101
 32 152.410742  66.709312    16.096    16.096  2 53332.04989828 27.770
 35 152.407000  66.713741    18.743    19.356  3 53437.04986021 21.849
 36 152.413471  66.707926    22.628    22.628  2 53472.04991334 17.479
 37 152.408212  66.709769    24.183    24.183  2 53507.04994368 26.440
 38 152.407561  66.710608    24.378    24.378  2 53542.04995014 20.483
 39 152.405949  66.714506    18.247    18.235  3 53577.04993721 50.140
 40 152.402970  66.717666    18.703    18.708  4 53612.04988886 47.505
 42 152.405555  66.713357    14.409    14.414  3 53682.04991009 37.686
 43 152.405674  66.711635    14.689    14.695  3 53717.04983785 29.379
 45 152.410041  66.708677    17.924    17.924  2 53787.04978761 25.014
 46 152.401142  66.716483    16.185    14.761  4 53822.04974123 24.619
 47 152.412372  66.708803    23.229    22.759  3 53857.04983306  4.390
 48 152.415374  66.705882    24.685    24.685  2 53892.04984646 23.303
 49 152.406255  66.713035    24.260    24.260  2 53927.04990605 18.565
 50 152.402698  66.715463    21.350    21.982  3 53962.04989036 23.683
 52 152.417901  66.706071    16.254    16.254  2 54032.04988692 36.925
 53 152.410625  66.710412    23.038    23.038  2 54067.04988035 22.735
 54 152.405016  66.715779    23.074    23.154  3 54102.04984027 14.215
 55 152.416427  66.706722    23.094    23.094  2 54137.04980854 15.710
 56 152.406217  66.714047    22.704    22.763  3 54172.04981748 14.462
 58 152.411274  66.708971    23.785    23.785  2 54242.04984615 45.184
 59 152.410899  66.708627    24.523    24.360  3 54277.04986053 22.449
 60 152.411659  66.709441    16.403    16.403  2 54312.04986121 36.059
 61 152.403267  66.713220    23.170    23.239  3 54347.04983356 27.088
 62 152.416523  66.707232    16.397    16.389  3 54382.04979851 41.680
 63 152.407803  66.713281    15.294    15.276  3 54417.04978264 37.055
 65 152.410348  66.708446    21.313    21.313  2 54487.04978046 19.138
 66 152.416223  66.707251    21.934    21.934  2 54522.04978102 18.187
 67 152.406465  66.713286    21.419    21.648  3 54557.04978995 18.226
 68 152.412416  66.708692    15.001    15.001  2 54592.04977674 12.218
 69 152.408698  66.709855    19.501    19.501  2 54627.04979236 42.658
 70 152.409757  66.708957    18.339    18.339  2 54662.04980020 48.589
 71 152.406294  66.712354    17.134    17.134  2 54697.04977532 51.341
 72 152.416013  66.706448    24.517    24.480  3 54732.04975679 20.671
 73 152.410876  66.710207    14.918    14.911  3 54767.04975487 38.711
 74 152.415524  66.705937    15.284    15.187  3 54802.04975088 32.481
 75 152.409506  66.709019    14.756    14.745  3 54837.04974743 31.091
 76 152.415837  66.706189    14.830    14.814  3 54872.04974941 25.915
 77 152.403915  66.715490    16.839    14.747  3 54907.04975429 23.320
 78 152.416117  66.708020    14.758    14.758  2 54942.04974177 21.599
 79 152.410217  66.709039    20.477    20.477  2 54977.04976958 52.209
 80 152.408439  66.710109    17.164    17.168  3 55012.04977790 48.436
 81 152.411051  66.707889    23.756    23.756  2 55047.04977013 15.328
 82 152.403678  66.714277    21.895    21.892  3 55082.04974123 52.368
 83 152.416415  66.707046    15.046    15.002  3 55117.04970218 39.521
 84 152.407532  66.710197    18.896    20.897  3 55152.04969984 26.059
 85 152.416054  66.706552    20.122    20.122  2 55187.04968889 23.933
 86 152.407854  66.710481    21.197    20.848  3 55222.04969832 22.388
 87 152.414895  66.708096    18.603    18.603  2 55257.04968480 22.278
 88 152.405488  66.715383    21.281    21.438  3 55292.04968561 19.364
 89 152.410828  66.710364    18.579    18.579  2 55327.04966856 26.122
 90 152.406505  66.710520    23.905    24.019  3 55362.04966501 22.469
 91 152.416135  66.707433    16.400    16.372  3 55397.04967259 46.865
 92 152.412309  66.709030    24.161    24.029  3 55432.04968015 15.245
 93 152.403014  66.715041    20.074    20.090  3 55467.04963899 50.845
