# NaN NaN NaN ;Mean Elev.(m), Avg Gradient(m/km), RMS Gradient(m/km) - SRTM1     
#   -8.191     NaN     NaN ;Mean Elev.(m), Avg Gradient(m/km), RMS Gradient(m/km) - ASTER GDEM
#    1.687  -0.252   2.259 ;Mean Elev.(m), Avg Gradient(m/km), RMS Gradient(m/km) - GMTED2010 
  7 159.056037  68.671533    -9.418    -9.420 14 52448.03745194 51.931
  8 159.054234  68.670962     9.296     5.626 14 52483.03744073 16.809
  9 159.050841  68.670833    14.542    17.577 13 52518.03739830 14.096
 10 159.067474  68.668953     9.332    11.664 13 52553.03744792 19.348
 11 159.061262  68.671529     0.163     0.171 14 52588.03742764 30.675
 12 159.054194  68.674050     0.541     0.533 12 52623.03738427 24.549
 13 159.065539  68.669527    12.084    15.331 15 52658.03739921 17.505
 15 159.065473  68.670185    17.370    19.187 16 52728.03742104 13.608
 16 159.039858  68.673034     4.310     4.272  4 52763.03743442  5.648
 17 159.067941  68.658577     5.339     4.956 10 52798.03740574 32.454
 18 159.082766  68.670835     4.543     3.625 10 52833.03747399 18.154
 19 159.064629  68.663914     1.047     0.579 13 52868.03751835 43.105
 20 159.054399  68.669461     0.847     0.865 14 52903.03753380 40.678
 21 159.043850  68.672443     0.168     0.149 11 52938.03747137 40.759
 22 159.069210  68.671695     0.068     0.053 14 52973.03750441 24.112
 23 159.055612  68.671162    14.262    16.027 14 53008.03751402 16.747
 24 159.064823  68.662899    14.391    22.182 12 53043.03747161 15.982
 25 159.051816  68.670503    10.321    13.265 14 53078.03750399 16.410
 26 159.066339  68.666457    12.555    19.206 13 53113.03747465 14.527
 27 159.060462  68.669848     1.510     2.061 14 53148.03751870 15.494
 28 159.071817  68.672618     9.172     8.953 14 53183.03751768 25.760
 29 159.059009  68.670349    14.549    15.054 15 53218.03754266 16.117
 30 159.044452  68.672417     9.961    10.976 11 53253.03752048 15.620
 31 159.066471  68.667223     2.086     2.085 14 53288.03752134 44.554
 32 159.066248  68.668397     6.175     2.501 14 53323.03749706 24.018
 33 159.054442  68.670153    16.868    19.034 14 53358.03746187 12.317
 34 159.064627  68.662536    20.905    27.303 11 53393.03747843 10.707
 35 159.057580  68.671419    18.861    19.405 14 53428.03747173 10.485
 36 159.064703  68.659294    24.782    31.177 11 53463.03749222  9.404
 37 159.056336  68.669918    17.125    18.337 14 53498.03756171  6.120
 38 159.061036  68.670855     7.979     7.970 15 53533.03754343 25.460
 39 159.053094  68.672396     9.397     5.150 13 53568.03756235 16.857
 40 159.051833  68.672562     9.965    10.346 13 53603.03750776 19.125
 41 159.083268  68.679433     6.150     4.392  9 53638.03750372 25.354
 42 159.058058  68.669581     0.194     0.180 15 53673.03752677 32.712
 43 159.053899  68.669850    -0.271    -0.270 14 53708.03745828 26.522
 44 159.045967  68.674775     0.169     0.178 10 53743.03736878 23.991
 45 159.065531  68.667147    10.399    16.130 14 53778.03739627 16.096
 46 159.048156  68.674368     3.625     0.522 11 53813.03737093 17.057
 47 159.065287  68.666369     9.192     2.206 14 53848.03742734 14.963
 49 159.053990  68.670754     4.643     3.701 13 53918.03750841 26.644
 50 159.050980  68.671192     2.377     2.372 13 53953.03751170 42.753
 52 159.065501  68.663171     0.974     1.001 12 54023.03749237 47.452
 53 159.067057  68.667004     0.321     0.258 11 54058.03748421 21.392
 54 159.050534  68.672504    16.258    18.307 13 54093.03746455 13.214
 55 159.065787  68.658826    22.155    28.056 10 54128.03740325 12.266
 56 159.056367  68.670387    19.812    21.828 14 54163.03743412 10.746
 57 159.063877  68.662869    22.635    27.333 12 54198.03740513 10.125
 58 159.071020  68.673268     6.502     6.600 14 54233.03744657  3.180
 59 159.062779  68.670601     5.050     5.045 15 54268.03746600 40.716
 60 159.063134  68.670654     3.270     3.274 15 54303.03746996 32.880
 61 159.054977  68.669763    14.848    16.370 14 54338.03745597 15.669
 62 159.065278  68.666289     2.202     2.190 14 54373.03740386 51.336
 63 159.058952  68.670890     0.427     0.437 15 54408.03740116 34.342
 64 159.081410  68.670155    15.153    17.200 10 54443.03736331 16.272
 65 159.064361  68.671251    17.946    20.054 15 54478.03739011 13.922
 66 159.067059  68.660965    22.579    29.559 11 54513.03738052 12.907
 67 159.057032  68.671492    19.536    20.496 14 54548.03740405 12.551
 68 159.064638  68.669247    21.574    22.284 15 54583.03737465 11.474
 69 159.065556  68.671709     7.932     7.267 15 54618.03739478 23.945
 70 159.059635  68.669816    13.763    12.787 15 54653.03740729 13.586
 71 159.054237  68.670201    10.499     7.710 14 54688.03739686 14.169
 72 159.064182  68.658934     1.126     1.017 11 54723.03735642 20.443
 73 159.058969  68.670644     1.381     1.391 14 54758.03737242 45.550
 74 159.063433  68.658865     0.179     0.187 11 54793.03735003 29.858
 75 159.065649  68.670913    11.461    15.616 15 54828.03737025 17.106
 76 159.065627  68.662648    15.386    24.374 12 54863.03734331 15.863
 77 159.054770  68.669553    14.323    16.232 14 54898.03737092 14.204
 78 159.066612  68.667303    13.356    18.440 14 54933.03733737 14.063
 79 159.062062  68.669654     5.018     5.499 15 54968.03737148 20.058
 80 159.059905  68.670316    12.426     8.273 14 55003.03739141 15.846
 81 159.064492  68.671561     5.458     3.017 15 55038.03737773 19.427
 82 159.053819  68.671156    11.929    11.192 14 55073.03736381 13.208
 83 159.091578  68.683628     5.367     4.925  7 55108.03730719 23.724
 84 159.059147  68.672308     0.299     0.060 14 55143.03731489 29.811
 85 159.065289  68.658235    14.149    25.512 11 55178.03728450 18.874
 86 159.061655  68.671141    15.707    15.051 15 55213.03730956 16.135
 87 159.064958  68.664575    20.537    25.273 12 55248.03728445 14.928
 88 159.055895  68.671155    17.520    19.093 14 55283.03730347 14.160
 89 159.059895  68.670316     0.790     0.399 14 55318.03727306 14.768
 90 159.057149  68.670166     5.021     5.016 14 55353.03727618 28.227
 91 159.090578  68.683908    10.345     6.542  7 55388.03726991 19.813
 92 159.061673  68.670230    10.575     8.120 15 55423.03729368 15.299
 93 159.052557  68.670471    14.245    12.047 14 55458.03726636 17.536
