-173260.177     1.583     0.00    2.94
-172890.690     2.012     1.16    3.05
-172521.283     1.867    -0.39    3.01
-172151.958     4.027     5.85    5.84
-171782.715     6.848     7.64    7.25
-171413.552     8.316     3.98    6.69
-171044.471     9.502     3.21    6.26
-170675.471     8.189    -3.56    6.34
-170306.552     5.611    -6.99    4.94
-169937.713     3.637    -5.35    4.82
-169568.956     3.242    -1.07    4.73
-169200.280     3.537     0.80    4.24
-168831.685     3.837     0.81    4.22
-168463.170     3.163    -1.83    5.33
-168094.737     0.657    -6.80    5.95
-167726.383    -1.661    -6.30    4.31
-167358.111    -1.421     0.65    3.39
-166989.919     0.022     3.92    3.67
-166621.808     2.341     6.30    2.68
-166253.777     2.797     1.24    2.07
-165885.827     2.206    -1.61    2.63
-165517.957     0.875    -3.62    2.95
-165150.167     0.452    -1.15    2.75
-164782.458     0.668     0.59    3.03
-164414.829     0.020    -1.76    3.58
-164047.280    -1.453    -4.01    4.54
-163679.811    -2.441    -2.69    4.66
-163312.423    -2.758    -0.86    4.43
-162945.114    -1.431     3.61    4.37
-162577.885     0.357     4.87    3.43
-162210.737     1.767     3.84    2.12
-161843.668     2.184     1.14    1.60
-161476.679     2.074    -0.30    1.37
-161109.769     2.502     1.17    2.53
-160742.940     3.127     1.70    3.56
-160376.190     2.944    -0.50    3.66
-160009.519     3.569     1.71    3.94
-159642.929     3.599     0.08    3.76
-159276.417     3.294    -0.83    2.91
-158909.986     4.591     3.54    3.05
-158543.633     6.050     3.98    3.72
-158177.360     6.149     0.27    4.14
-157811.167     5.212    -2.56    4.35
-157445.052     3.494    -4.69    4.13
-157079.017     1.473    -5.52    2.71
-156713.061     0.087    -3.79    0.70
-156347.184    -0.192    -0.76    0.20
-155981.386    -0.233    -0.11    0.00
-155615.667    -0.233     0.00    0.00
-155250.027    -0.233     0.00    0.00
-154884.466    -0.054     0.49    0.60
-154518.984     0.718     2.11    1.96
-154153.580     0.915     0.54    2.05
-153788.255     0.967     0.14    2.02
-153423.009     0.992     0.07    1.96
-153057.842     2.637     4.51    4.20
-152692.753     5.179     6.96    5.16
-152327.216     8.874    10.11    5.08
-151945.681    11.906     7.95    3.65
-151564.233    12.789     2.31    2.48
-151182.872    13.077     0.76    2.67
-150801.598    14.595     3.98    5.16
-150420.412    18.391     9.96    7.08
-150039.313    23.058    12.25    5.43
-149658.300    25.887     7.43    2.29
-149277.375    26.520     1.66    0.97
-148896.537    26.223    -0.78    1.16
-148515.785    25.563    -1.73    1.51
-148135.120    23.888    -4.40    2.65
-147754.542    22.300    -4.17    2.65
-147374.051    21.569    -1.92    2.72
-146993.646    21.810     0.63    3.45
-146613.328    21.929     0.31    4.04
-146233.096    22.180     0.66    4.13
-145852.951    22.322     0.37    4.30
-145472.892    20.588    -4.56    4.56
-145092.919    18.262    -6.12    4.34
-144713.033    17.477    -2.07    3.96
-144333.233    17.391    -0.23    2.96
-143953.519    17.895     1.33    2.52
-143573.891    17.777    -0.31    2.67
-143194.349    16.724    -2.77    3.24
-142814.893    14.490    -5.89    3.51
-142435.523    13.465    -2.70    4.10
-142056.239    14.473     2.66    5.38
-141677.041    15.101     1.65    6.11
-141297.929    15.202     0.27    6.21
-140918.902    14.613    -1.55    5.66
-140539.960    14.179    -1.14    4.62
-140161.105    15.604     3.76    4.23
-139782.335    15.639     0.09    4.19
-139403.650    14.200    -3.80    5.10
-139025.051    12.042    -5.70    5.18
-138646.537    11.012    -2.72    4.05
-138268.108    11.313     0.79    3.81
-137889.765    12.363     2.78    3.37
-137511.506    12.073    -0.77    3.64
-137133.333    10.277    -4.75    4.00
-136755.245     7.869    -6.37    3.49
-136377.242     6.257    -4.27    2.40
-135999.324     5.897    -0.95    2.29
-135621.491     7.507     4.26    3.86
-135243.743     9.194     4.47    3.83
-134866.079     9.167    -0.07    3.65
-134488.500     7.839    -3.52    3.82
-134111.006     4.706    -8.30    4.20
-133733.596     1.351    -8.89    4.59
-133356.271    -0.353    -4.51    4.75
-132979.031    -1.454    -2.92    4.49
-132601.875    -1.142     0.83    4.23
-132224.803    -0.967     0.46    3.66
-131847.816     0.203     3.10    2.77
-131470.913     0.648     1.18    2.75
-131094.094     1.153     1.34    2.95
-130717.359     2.875     4.57    2.85
-130340.708     4.047     3.11    3.37
-129964.142     4.725     1.80    3.21
-129587.659     4.887     0.43    2.66
-129211.261     5.101     0.57    2.33
-128834.946     5.955     2.27    2.17
-128458.715     6.303     0.92    2.50
-128082.568     8.222     5.10    4.95
-127706.505    10.353     5.67    5.92
-127330.525    11.181     2.20    5.77
-126954.629    10.499    -1.81    5.65
-126578.816     8.121    -6.33    5.34
-126203.087     5.363    -7.34    3.59
-125827.442     3.757    -4.28    2.90
-125451.879     2.897    -2.29    3.45
-125076.401     3.788     2.37    5.18
-124701.005     5.767     5.27    5.72
-124325.693     6.288     1.39    5.59
-123950.464     5.257    -2.75    5.97
-123575.317     3.452    -4.81    5.66
-123200.254     1.017    -6.49    5.18
-122825.274     1.230     0.57    6.01
-122450.377     2.666     3.83    6.17
-122075.563     4.140     3.93    5.84
-121700.832     5.377     3.30    5.81
-121326.184     4.853    -1.40    6.52
-120951.618     2.262    -6.92    7.54
-120577.135     0.607    -4.42    6.28
-120202.734    -0.100    -1.89    5.41
-119828.416     0.922     2.73    5.77
-119454.181     3.282     6.31    4.72
-119080.028     2.887    -1.06    5.24
-118705.958    -0.685    -9.55    5.70
-118331.970    -4.132    -9.22    4.21
-117958.064    -6.456    -6.22    3.62
-117584.240    -7.610    -3.09    3.49
-117210.499    -7.701    -0.24    3.59
-116836.840    -7.809    -0.29    3.87
-116463.263    -8.678    -2.33    3.92
-116089.768    -9.263    -1.57    3.87
-115716.355    -6.037     8.64    9.09
-115343.024     2.500    22.87   15.04
-114969.774    10.930    22.59   15.39
-114596.607    19.482    22.92   10.23
-114223.521    22.717     8.67    7.71
-113850.517    21.444    -3.41    8.51
-113477.595    19.318    -5.70    9.40
-113104.755    18.382    -2.51   11.50
-112731.996    20.657     6.10   14.73
-112359.318    25.682    13.48   16.25
-111986.722    29.567    10.43   13.27
-111614.207    31.191     4.36   10.08
-111241.774    31.909     1.93    7.42
-110869.422    31.746    -0.44    4.81
-110497.151    33.267     4.09    4.04
-110124.961    34.594     3.56    4.32
-109752.853    36.114     4.09    5.79
-109380.826    35.620    -1.33    8.11
-109008.879    33.101    -6.77    9.15
-108637.014    30.474    -7.06    8.11
-108265.229    30.136    -0.91    7.18
-107893.526    32.277     5.76    9.55
-107521.903    35.006     7.34   11.55
-107150.361    35.447     1.19   12.35
-106778.900    33.745    -4.58   12.78
-106407.519    33.787     0.11   12.39
-106036.219    36.107     6.25   12.63
-105665.000    43.393    19.63   13.54
-105293.861    51.716    22.43   13.23
-104922.803    60.420    23.46   11.24
-104551.825    65.181    12.83   10.06
-104180.927    68.272     8.33    9.39
-103810.110    68.587     0.85   10.41
-103439.373    67.606    -2.65   11.52
-103068.716    69.050     3.90   11.31
-102698.139    72.376     8.98   10.50
-102327.643    78.137    15.55   12.17
-101957.226    85.083    18.75   12.63
-101586.890    93.604    23.01   14.00
-101216.633   100.135    17.64   13.43
-100846.456   108.077    21.46   11.94
-100476.360   114.303    16.82   13.67
-100106.343   121.138    18.48   14.60
 -99736.405   127.767    17.92   13.58
 -99366.548   132.907    13.90   11.22
 -98996.770   132.899    -0.02   10.59
 -98627.071   128.448   -12.04   12.81
 -98257.452   116.910   -31.22   17.69
 -97887.913   104.726   -32.97   17.20
 -97518.453    90.492   -38.53   15.12
 -97149.073    78.982   -31.16   15.09
 -96779.772    68.620   -28.06   13.49
 -96410.550    63.467   -13.96   11.71
 -96041.407    61.315    -5.83   12.42
 -95672.343    64.525     8.70   15.09
 -95303.359    70.822    17.07   17.93
 -94934.454    76.887    16.44   20.57
 -94565.628    81.725    13.12   20.53
 -94196.880    89.349    20.68   22.93
 -93828.212    93.900    12.35   25.93
 -93459.623   102.059    22.14   29.38
 -93091.112   106.859    13.03   29.76
 -92722.680   112.406    15.06   29.25
 -92354.327   116.104    10.04   28.03
 -91986.053   116.262     0.43   25.18
 -91617.857   111.191   -13.77   21.92
 -91249.740   105.479   -15.52   19.88
 -90881.701    97.355   -22.07   18.27
 -90513.741    89.323   -21.83   16.98
 -90145.860    83.186   -16.68   13.02
 -89778.056    78.520   -12.69    8.04
 -89410.331    76.278    -6.10    5.94
 -89042.685    73.736    -6.91    5.93
 -88675.116    71.679    -5.60    6.73
 -88307.626    70.025    -4.50    6.75
 -87940.214    70.298     0.74    6.98
 -87572.880    69.288    -2.75    7.13
 -87205.624    66.386    -7.90    9.25
 -86838.446    61.169   -14.21   13.46
 -86471.346    52.777   -22.86   14.90
 -86104.324    44.111   -23.61   13.66
 -85737.379    37.211   -18.81   11.26
 -85370.513    33.236   -10.83    7.91
 -85003.724    30.881    -6.42    6.19
 -84637.013    29.747    -3.09    7.82
 -84270.379    25.474   -11.65    8.71
 -83903.823    23.252    -6.06    7.59
 -83537.345    22.609    -1.75    6.33
 -83170.944    24.530     5.24    7.20
 -82804.621    26.482     5.33    6.60
 -82438.375    27.737     3.43    5.43
 -82072.206    28.328     1.62    4.80
 -81706.115    27.107    -3.34    3.34
 -81340.101    27.553     1.22    3.52
 -80974.164    27.465    -0.24    3.77
 -80608.305    27.471     0.02    4.17
 -80242.522    27.657     0.51    4.66
 -79876.817    27.313    -0.94    3.91
 -79511.188    27.336     0.06    3.37
 -79145.637    27.077    -0.71    3.33
 -78780.162    25.441    -4.48    2.73
 -78414.764    23.642    -4.92    2.22
 -78049.443    21.788    -5.08    4.67
 -77684.199    18.724    -8.39    7.42
 -77307.290    15.063    -9.71    8.26
 -76926.009    11.093   -10.41    8.69
 -76544.812     7.345    -9.83    8.54
 -76163.700     5.050    -6.02    7.41
 -75782.673     4.393    -1.72    6.88
 -75401.731     5.398     2.64    6.79
 -75020.874     6.015     1.62    5.83
 -74640.101     6.822     2.12    5.67
 -74259.413     7.272     1.18    9.18
 -73878.810     7.354     0.21   11.93
 -73498.291     6.575    -2.05   13.01
 -73117.857     4.506    -5.44   11.56
 -72737.507     0.046   -11.73    6.37
 -72357.242    -1.066    -2.92    3.98
 -71977.061     2.482     9.33    7.50
 -71596.964     4.398     5.04    9.85
 -71216.951     2.899    -3.95   13.15
 -70837.023     0.104    -7.36   14.58
 -70457.179    -4.927   -13.25   10.89
 -70077.418    -7.544    -6.89    6.73
 -69697.742    -4.876     7.03    5.63
 -69318.150    -2.015     7.54    4.79
 -68938.641    -0.243     4.67    5.20
 -68559.216     1.723     5.18    5.10
 -68179.876     1.231    -1.30    5.32
 -67800.618     0.401    -2.19    6.15
 -67421.445    -1.294    -4.47    7.35
 -67042.355    -2.200    -2.39    7.55
 -66663.349    -3.213    -2.67    6.31
 -66284.426    -4.255    -2.75    4.96
 -65905.587    -4.181     0.19    3.49
 -65526.831    -5.716    -4.05    3.28
 -65148.158    -7.192    -3.90    2.93
 -64769.569    -8.722    -4.04    1.99
 -64391.063    -9.101    -1.00    1.40
 -64012.640    -8.646     1.20    1.55
 -63634.300    -8.472     0.46    1.54
 -63256.044    -8.644    -0.45    1.75
 -62877.870    -8.511     0.35    1.66
 -62499.779    -8.678    -0.44    1.41
 -62121.772    -9.425    -1.97    2.01
 -61743.847    -9.418     0.02    3.00
 -61366.004    -6.625     7.39    6.54
 -60988.245    -3.727     7.67    7.59
 -60610.568     0.942    12.36    6.55
 -60232.974     4.725    10.02    3.80
 -59855.463     6.674     5.17    2.61
 -59478.034     7.609     2.48    2.53
 -59100.688     7.161    -1.19    4.33
 -58723.424     5.047    -5.60    7.22
 -58346.242     0.584   -11.83    9.24
 -57969.143    -4.012   -12.19    7.58
 -57592.126    -7.743    -9.90    3.55
 -57215.191    -8.483    -1.96    2.35
 -56838.338    -8.478     0.01    2.29
 -56461.568    -8.949    -1.25    2.32
 -56084.879    -7.944     2.67    2.82
 -55708.273    -6.499     3.84    3.05
 -55331.748    -5.045     3.86    3.04
 -54955.306    -3.212     4.87    4.27
 -54578.945    -1.485     4.59    5.76
 -54202.666    -1.528    -0.11    6.33
 -53826.469    -2.059    -1.41    6.51
 -53450.353    -3.327    -3.37    6.34
 -53074.319    -3.190     0.36    7.14
 -52698.367     0.489     9.79    9.67
 -52322.496     2.660     5.78    9.64
 -51946.707     1.292    -3.64    9.38
 -51570.999    -1.882    -8.45    6.88
 -51195.373    -3.387    -4.01    4.66
 -50819.827    -3.028     0.96    4.55
 -50444.363    -2.728     0.80    4.83
 -50068.981    -2.469     0.69    4.54
 -49693.679    -2.243     0.60    4.21
 -49318.459    -1.599     1.72    3.65
 -48943.320    -0.814     2.09    4.52
 -48568.261     0.050     2.30    5.62
 -48193.284    -0.717    -2.05    5.70
 -47818.387    -2.352    -4.36    5.02
 -47443.572    -5.161    -7.49    3.58
 -47068.837    -6.491    -3.55    2.87
 -46694.183    -6.957    -1.24    2.54
 -46319.610    -6.712     0.65    2.96
 -45945.117    -5.934     2.08    3.71
 -45570.705    -3.847     5.57    7.54
 -45196.373    -0.001    10.28   10.35
 -44822.122     3.406     9.11   10.11
 -44447.952     5.538     5.70    9.05
 -44073.861     3.427    -5.64    9.79
 -43699.851    -0.512   -10.53    7.67
 -43325.922    -3.150    -7.05    6.32
 -42952.073    -5.374    -5.95    4.19
 -42578.303    -5.625    -0.67    3.16
 -42204.614    -5.515     0.29    2.21
 -41831.005    -4.859     1.76    2.28
 -41457.477    -4.177     1.83    2.47
 -41084.028    -3.337     2.25    2.31
 -40710.659    -2.866     1.26    1.82
 -40337.370    -2.645     0.59    1.59
 -39964.160    -2.864    -0.59    1.53
 -39591.031    -3.128    -0.71    1.42
 -39217.981    -3.087     0.11    1.63
 -38845.011    -2.839     0.66    1.33
 -38472.121    -2.359     1.29    1.28
 -38099.310    -2.161     0.53    1.60
 -37726.578    -1.931     0.62    2.73
 -37353.927    -0.942     2.65    5.69
 -36981.354    -0.192     2.02    7.24
 -36608.861    -0.178     0.04    6.89
 -36236.448    -0.931    -2.02    5.14
 -35864.113    -1.577    -1.74    3.82
 -35491.858    -2.202    -1.68    2.50
 -35119.682    -2.581    -1.02    1.65
 -34747.585    -2.831    -0.67    1.29
 -34375.567    -3.005    -0.47    0.81
 -34003.629    -3.016    -0.03    0.93
 -33631.769    -3.052    -0.10    0.97
 -33259.988    -3.431    -1.02    0.47
 -32888.286    -3.675    -0.66    0.50
 -32516.663    -3.485     0.51    1.11
 -32145.118    -1.441     5.50    6.49
 -31773.653     4.262    15.35   15.04
 -31402.266    10.069    15.64   17.11
 -31030.958    14.906    13.03   16.96
 -30659.728    15.963     2.85   16.85
 -30288.577    12.745    -8.67   15.37
 -29917.504    11.621    -3.03   15.93
 -29546.510    10.913    -1.91   15.99
 -29175.594     9.272    -4.42   14.28
 -28804.756     7.789    -4.00   12.58
 -28433.997     6.309    -3.99   11.70
 -28063.316     7.563     3.38   13.76
 -27692.713     8.104     1.46   14.59
 -27322.188     7.927    -0.48   12.68
 -26951.742     5.378    -6.88   10.35
 -26581.373     2.767    -7.05    8.65
 -26211.083     0.380    -6.45    4.22
 -25840.870     1.757     3.72    4.76
 -25470.735     3.438     4.54    4.57
 -25100.679     5.525     5.64    4.06
 -24730.699     5.006    -1.40    4.45
 -24360.798     3.736    -3.43    5.11
 -23990.975     2.703    -2.79    4.60
 -23621.229     1.159    -4.18    3.98
 -23251.560     0.965    -0.52    4.42
 -22881.969     1.661     1.88    4.87
 -22512.456     2.715     2.85    4.67
 -22143.020     4.054     3.63    5.76
 -21773.662     7.417     9.10   12.32
 -21404.381    10.934     9.52   15.00
 -21035.177    12.611     4.54   14.95
 -20666.051    11.086    -4.13   11.31
 -20297.002     8.621    -6.68    9.20
 -19928.029     6.906    -4.65    7.49
 -19559.135     4.480    -6.58    5.07
 -19190.317     4.059    -1.14    4.96
 -18821.576     3.999    -0.16    5.38
 -18452.912     3.788    -0.57    4.87
 -18084.325     3.123    -1.80    3.43
 -17715.815     2.582    -1.47    2.58
 -17347.382     1.898    -1.86    0.42
 -16979.025     1.798    -0.27    0.17
 -16610.746     1.844     0.12    0.54
 -16242.543     2.252     1.11    1.41
 -15874.417     2.599     0.94    1.78
 -15506.367     2.653     0.15    1.81
 -15138.394     2.319    -0.91    1.44
 -14770.497     2.047    -0.74    0.96
 -14402.677     2.069     0.06    1.05
 -14034.933     2.006    -0.17    0.87
 -13667.266     1.852    -0.42    0.48
 -13299.675     1.634    -0.59    0.80
 -12932.160     1.111    -1.42    0.94
 -12564.721     0.608    -1.37    0.99
 -12197.359     0.121    -1.32    0.77
 -11830.072    -0.097    -0.60    0.43
 -11462.862    -0.093     0.01    0.35
 -11095.728    -0.077     0.04    0.36
 -10728.670    -0.059     0.05    0.38
 -10361.688     0.056     0.31    0.46
  -9994.781     0.163     0.29    0.49
  -9627.951     0.157    -0.02    0.49
  -9261.196     0.108    -0.13    0.48
  -8894.517     0.044    -0.17    0.45
  -8527.914     0.069     0.07    0.46
  -8161.386     0.294     0.61    0.50
  -7794.934     0.538     0.67    0.42
  -7428.558     0.744     0.56    0.15
  -7062.257     0.820     0.21    0.52
  -6696.032     1.064     0.66    1.11
  -6329.882     1.163     0.27    1.13
  -5963.807     1.033    -0.35    0.76
  -5597.808     0.967    -0.18    0.68
  -5231.884     0.799    -0.46    0.18
  -4866.035     0.767    -0.09    0.00
  -4500.262     0.767     0.00    0.00
  -4134.563     0.767     0.00    0.00
  -3768.940     0.767     0.00    0.00
  -3403.392     0.767     0.00    0.00
  -3037.919     0.767     0.00    0.00
  -2665.777     0.767     0.00    0.00
  -2284.661     0.767     0.00    0.00
  -1903.628     0.767     0.00    0.00
  -1522.677     0.767     0.00    0.00
  -1141.809     0.767     0.00    0.00
   -761.024     0.557    -0.55    0.41
   -380.322     0.300    -0.67    0.50
      0.298     0.020    -0.74    0.44
    380.836    -0.191    -0.55    0.20
    761.291    -0.233    -0.11    0.00
   1141.664    -0.233     0.00    0.00
   1521.955     0.476     1.86    2.03
   1902.163     1.075     1.58    2.63
   2282.289     2.694     4.26    3.68
   2662.333     3.822     2.97    3.80
   3042.295     5.030     3.18    3.54
   3422.175     5.637     1.60    3.30
   3801.973     4.726    -2.40    3.09
   4181.689     7.093     6.23    6.15
   4561.323    11.437    11.44   12.47
   4940.875    16.834    14.22   20.34
   5320.346    21.346    11.89   22.72
   5699.734    24.721     8.90   23.27
   6079.041    28.246     9.29   23.12
   6458.267    32.273    10.62   22.59
   6837.411    36.437    10.98   22.10
   7216.473    42.048    14.80   19.87
   7595.454    49.132    18.69   18.65
   7974.353    59.912    28.45   17.50
   8353.171    73.458    35.76   22.36
   8731.908    91.689    48.14   22.47
   9110.564   101.944    27.08   19.19
   9489.138   105.992    10.69   20.99
   9867.631   106.090     0.26   23.71
  10246.043   105.112    -2.58   25.29
  10624.374    99.108   -15.87   25.16
  11002.624    88.526   -27.98   25.94
  11380.793    73.906   -38.66   19.65
  11758.882    63.623   -27.20   15.13
  12136.889    62.944    -1.79   16.96
  12514.815    65.456     6.65   17.66
  12892.661    71.685    16.48   18.90
  13270.426    83.467    31.19   24.20
  13648.111   102.330    49.94   31.36
  14025.715   118.632    43.17   25.74
  14403.238   115.874    -7.31   26.35
  14780.681   102.915   -34.33   29.94
  15158.043    83.272   -52.05   28.04
  15535.325    68.540   -39.05   20.83
  15912.527    72.001     9.18   28.72
  16289.648    82.580    28.05   31.86
  16666.689    91.336    23.22   28.24
  17043.650    94.887     9.42   23.24
  17420.531    87.199   -20.40   18.61
  17797.332    76.267   -29.01   18.58
  18174.052    66.810   -25.10   14.73
  18550.693    64.196    -6.94   12.47
  18927.254    70.214    15.98   14.14
  19303.735    78.679    22.48   15.98
  19680.136    91.173    33.19   16.82
  20056.457   100.909    25.87   13.97
  20432.698   107.041    16.30   11.32
  20808.860   108.445     3.73   11.58
  21184.942   102.178   -16.66   14.63
  21560.945    93.701   -22.54   16.84
  21936.868    81.288   -33.02   17.32
  22312.712    70.339   -29.13   15.97
  22688.476    60.235   -26.89   15.25
  23064.161    52.863   -19.62   13.74
  23439.766    45.235   -20.31   16.40
  23815.292    37.310   -21.10   19.81
  24190.739    26.144   -29.74   21.23
  24566.107    17.942   -21.85   17.94
  24941.396    10.438   -20.00    4.35
  25316.605    11.599     3.09    4.54
  25691.735    14.552     7.87    5.76
  26066.787    15.842     3.44    5.22
  26441.759    16.767     2.47    5.43
  26816.653    16.609    -0.42    5.53
  27191.468    15.405    -3.21    4.67
  27566.204    15.361    -0.12    4.50
  27940.861    15.632     0.72    4.49
  28315.440    17.810     5.81    5.58
  28689.940    22.149    11.59    8.40
  29064.361    29.351    19.23   10.71
  29438.704    36.623    19.43    9.97
  29812.968    42.423    15.50    9.44
  30187.154    47.234    12.86    7.70
  30561.261    51.028    10.14    6.67
  30935.290    54.567     9.46    5.13
  31309.241    57.104     6.78    5.58
  31683.114    58.668     4.18    7.21
  32056.908    59.576     2.43    9.76
  32430.624    61.756     5.83   11.53
  32804.262    63.554     4.81   13.36
  33177.822    66.455     7.77   14.94
  33551.304    70.919    11.95   16.33
  33924.708    75.725    12.87   16.58
  34298.034    79.054     8.92   15.25
  34671.283    80.842     4.79   12.64
  35044.453    83.874     8.12   12.30
  35417.546    88.842    13.32   13.06
  35790.561    95.509    17.87   13.43
  36163.498   103.235    20.72   11.88
  36536.357   109.811    17.64    9.65
  36909.139   114.991    13.89    6.73
  37281.844   118.430     9.23    4.37
  37654.471   119.104     1.81    4.18
  38027.020   117.934    -3.14    5.34
  38399.493   114.830    -8.33    7.07
  38771.888   109.608   -14.02    8.03
  39144.205   103.235   -17.12    9.59
  39516.445    96.156   -19.02    9.71
  39888.609    88.853   -19.62    9.23
  40260.694    86.495    -6.34    8.97
  40632.703    89.267     7.45   12.85
  41004.635    97.523    22.20   15.17
  41376.490   107.148    25.88   10.88
  41748.268   111.326    11.24    7.04
  42119.969   111.423     0.26    6.05
  42491.593   107.937    -9.38    7.10
  42863.140   101.767   -16.61    8.57
  43234.610    94.251   -20.23   10.57
  43606.004    86.445   -21.02    9.49
  43977.321    82.682   -10.13    6.84
  44348.562    82.813     0.35    6.99
  44719.725    87.230    11.90    8.15
  45090.813    91.907    12.60    8.22
  45461.824    94.161     6.08    8.18
  45832.758    94.998     2.26    8.72
  46203.616    95.788     2.13    8.78
  46574.398    96.789     2.70   10.21
  46945.103    97.597     2.18   11.81
  47315.732    97.412    -0.50   10.91
  47686.285    96.118    -3.49    9.68
  48056.762    95.811    -0.83    8.56
  48427.162    96.165     0.96    8.20
  48797.487    98.976     7.59    8.18
  49167.735   102.965    10.77    9.38
  49537.908   106.650     9.95    9.67
  49908.004   110.606    10.69   10.19
  50278.025   114.735    11.16   10.46
  50647.970   119.181    12.02   11.92
  51017.839   125.348    16.67   13.24
  51387.632   130.441    13.77   12.66
  51757.350   133.374     7.93   10.46
  52126.992   134.902     4.13   12.38
  52496.558   139.842    13.37   16.46
  52866.049   147.137    19.74   15.11
  53235.464   150.961    10.35   10.36
  53604.804   145.491   -14.81   16.19
  53974.068   134.067   -30.93   21.63
  54343.257   119.565   -39.28   21.66
  54712.371   105.619   -37.78   18.21
  55081.409    96.810   -23.87   14.21
  55450.372    90.734   -16.47   12.41
  55819.260    87.240    -9.47   14.12
  56188.073    83.976    -8.85   12.55
  56556.811    83.058    -2.49   13.33
  56925.473    87.734    12.68   20.37
  57294.061    95.488    21.04   25.12
  57662.574   103.854    22.70   24.32
  58031.011   111.702    21.30   23.97
  58399.374   124.563    34.91   28.04
  58767.662   140.256    42.61   31.41
  59135.875   150.959    29.07   25.75
  59504.014   153.290     6.33   24.55
  59872.078   148.584   -12.78   30.15
  60240.067   138.767   -26.68   35.73
  60607.981   121.203   -47.74   36.23
  60975.821   102.188   -51.69   33.81
  61343.587    86.305   -43.19   27.65
  61711.278    74.952   -30.87   17.40
  62078.894    74.419    -1.45   17.97
  62446.436    81.246    18.57   25.88
  62813.904    87.938    18.21   30.84
  63181.298    84.993    -8.01   32.17
  63548.617    75.710   -25.27   32.08
  63915.862    60.843   -40.48   29.56
  64283.033    50.409   -28.42   23.15
  64650.130    42.651   -21.13   17.79
  65017.152    36.394   -17.05   12.68
  65384.101    31.832   -12.43    8.48
  65750.976    29.875    -5.33    5.41
  66117.777    29.492    -1.04    5.15
  66484.504    28.745    -2.04    4.27
  66851.157    28.674    -0.19    4.84
  67217.736    27.993    -1.86    5.58
  67584.241    26.531    -3.99    6.06
  67950.673    23.821    -7.40    4.63
  68317.031    22.299    -4.15    3.50
  68683.316    22.745     1.22    4.72
  69049.527    26.278     9.65    7.94
  69415.664    32.289    16.42   10.45
  69781.728    39.541    19.81   10.72
  70147.718    47.905    22.85    9.42
  70513.635    54.810    18.87   10.19
  70879.479    62.188    20.16   10.60
  71245.249    72.651    28.61   15.95
  71610.946    83.359    29.28   18.14
  71978.682    94.778    31.05   17.42
  72359.635    96.380     4.20   21.10
  72740.508    95.185    -3.14   27.55
  73121.300    87.713   -19.62   31.04
  73502.012    79.800   -20.79   27.91
  73882.643    77.240    -6.73   23.95
  74263.194    77.887     1.70   22.89
  74643.664    80.478     6.81   22.48
  75024.054    82.691     5.82   23.89
  75404.364    81.329    -3.58   24.37
  75784.594    77.208   -10.84   25.33
  76164.744    71.560   -14.86   26.59
  76544.813    62.778   -23.11   24.77
  76924.803    54.238   -22.47   21.05
  77304.712    47.391   -18.02   15.31
  77684.541    42.523   -12.82   11.08
  78064.291    39.638    -7.60    8.69
  78443.961    37.608    -5.35    6.30
  78823.551    37.129    -1.26    4.08
  79203.061    37.142     0.04    2.45
  79582.491    36.595    -1.44    3.03
  79961.842    36.032    -1.49    3.71
  80341.113    34.972    -2.79    3.42
  80720.305    33.756    -3.21    2.05
  81099.417    33.713    -0.11    1.60
  81478.450    34.097     1.01    1.46
  81857.403    33.918    -0.47    1.55
  82236.277    33.578    -0.90    1.55
  82615.072    33.452    -0.33    1.43
  82993.787    33.578     0.33    1.35
  83372.423    33.680     0.27    1.12
  83750.980    33.701     0.06    1.01
  84129.458    33.637    -0.17    1.02
  84507.857    33.547    -0.24    1.31
  84886.176    33.528    -0.05    1.52
  85264.417    33.954     1.13    1.96
  85642.579    34.348     1.04    1.98
  86020.662    34.876     1.40    1.83
  86398.666    35.006     0.35    1.35
  86776.592    34.474    -1.41    1.27
  87154.439    34.256    -0.58    1.29
  87532.207    34.058    -0.53    1.31
  87909.896    33.800    -0.68    1.52
  88287.507    33.122    -1.80    1.78
  88665.039    31.921    -3.18    2.18
  89042.493    30.058    -4.94    2.42
  89419.868    28.536    -4.03    2.55
  89797.165    26.972    -4.15    2.07
  90174.384    25.690    -3.40    1.81
  90551.525    24.993    -1.85    1.69
  90928.587    25.416     1.12    2.85
  91305.571    25.939     1.39    3.42
  91682.477    26.328     1.03    3.29
  92059.304    25.993    -0.89    3.21
  92436.054    24.460    -4.07    2.38
  92812.726    23.821    -1.70    2.08
  93189.319    23.449    -0.99    1.82
  93565.835    23.638     0.50    1.49
  93942.273    23.591    -0.12    1.44
  94318.633    23.485    -0.28    1.63
  94694.916    23.866     1.01    1.99
  95071.120    24.159     0.78    2.23
  95447.248    25.316     3.08    2.34
  95823.297    25.229    -0.23    2.56
  96199.269    25.412     0.49    2.88
  96575.163    26.378     2.57    3.03
  96950.980    27.148     2.05    2.78
  97326.719    28.912     4.69    1.92
  97702.381    29.789     2.34    1.75
  98077.966    29.956     0.45    1.80
  98453.474    30.169     0.57    1.84
  98828.904    29.834    -0.89    1.88
  99204.257    29.810    -0.06    2.21
  99579.533    30.026     0.57    2.20
  99954.731    30.554     1.41    2.06
 100329.853    31.381     2.20    2.33
 100704.898    31.320    -0.16    2.34
 101079.866    31.284    -0.10    2.33
 101454.756    31.488     0.54    2.25
 101829.570    31.043    -1.19    1.78
 102204.308    31.154     0.30    1.44
 102578.968    30.988    -0.44    1.23
 102953.552    30.886    -0.27    1.63
 103328.059    30.618    -0.71    1.83
 103702.489    30.111    -1.35    2.46
 104076.843    29.940    -0.46    2.69
 104451.120    29.423    -1.38    2.30
 104825.321    29.733     0.83    1.85
 105199.445    30.165     1.15    1.35
 105573.493    30.078    -0.23    1.53
 105947.465    29.637    -1.18    1.63
 106321.360    28.701    -2.50    1.66
 106695.179    27.278    -3.80    2.09
 107068.922    26.240    -2.78    1.75
 107442.588    26.050    -0.51    1.73
 107816.179    25.976    -0.20    2.45
 108189.693    26.039     0.17    2.20
 108563.132    26.207     0.45    1.90
 108936.494    26.126    -0.22    2.17
 109309.780    26.602     1.28    2.21
 109682.991    27.901     3.48    2.79
 110056.126    28.361     1.23    3.11
 110429.185    27.666    -1.86    3.78
 110802.168    27.104    -1.51    3.87
 111175.075    24.994    -5.66    2.94
 111547.907    24.398    -1.60    2.16
 111920.664    24.969     1.53    2.31
 112293.344    25.767     2.14    2.32
 112665.949    26.836     2.87    1.96
 113038.479    27.213     1.01    1.42
 113410.933    26.953    -0.70    1.43
 113783.312    26.550    -1.08    1.37
 114155.615    26.314    -0.63    1.30
 114527.844    25.995    -0.85    1.56
 114899.997    25.465    -1.43    2.03
 115272.074    25.089    -1.01    2.20
 115644.077    24.836    -0.68    2.57
 116016.004    26.159     3.56    3.12
 116387.857    26.869     1.91    3.06
 116759.634    26.907     0.10    2.93
 117131.336    26.654    -0.68    2.48
 117502.964    25.144    -4.06    2.62
 117874.516    24.489    -1.76    2.47
 118245.994    23.604    -2.38    2.02
 118617.397    22.912    -1.86    2.00
 118988.725    23.197     0.77    2.34
 119359.978    23.899     1.89    3.14
 119731.157    24.680     2.10    3.45
 120102.261    24.866     0.50    3.32
 120473.291    24.423    -1.19    3.35
 120844.246    24.380    -0.11    3.26
 121215.126    24.977     1.61    3.18
 121585.932    26.572     4.30    3.27
 121956.664    27.930     3.66    2.90
 122327.321    28.283     0.95    3.49
 122697.904    28.415     0.36    3.35
 123068.413    28.735     0.86    3.10
 123438.848    29.318     1.57    3.15
 123809.208    29.811     1.33    3.34
 124179.494    30.176     0.99    3.43
 124549.706    30.405     0.62    3.22
 124919.844    29.700    -1.90    3.00
 125289.908    29.492    -0.56    2.89
 125659.898    28.503    -2.67    2.55
 126029.815    27.712    -2.14    2.24
 126399.657    27.339    -1.01    1.85
 126769.425    27.334    -0.01    1.51
 127139.120    27.941     1.64    1.81
 127508.741    28.546     1.64    1.57
 127878.288    29.039     1.33    1.48
 128247.762    29.221     0.49    1.37
 128617.162    29.213    -0.02    1.39
 128986.488    29.880     1.81    1.57
 129355.741    30.289     1.11    1.91
 129724.921    31.082     2.15    2.31
 130094.027    32.189     3.00    2.31
 130463.059    32.031    -0.43    2.49
 130832.019    30.801    -3.33    3.15
 131200.905    29.401    -3.80    3.02
 131569.717    27.572    -4.96    2.17
 131938.457    26.778    -2.15    2.02
 132307.123    25.951    -2.24    1.61
 132675.716    25.649    -0.82    1.31
 133044.236    25.589    -0.16    1.34
 133412.684    25.289    -0.81    1.88
 133781.058    25.165    -0.34    2.09
 134149.359    25.053    -0.30    1.86
 134517.587    25.489     1.19    1.77
 134885.742    26.053     1.53    1.75
 135253.825    27.111     2.88    1.77
 135621.834    27.689     1.57    1.81
 135989.771    27.541    -0.40    1.91
 136357.636    27.392    -0.41    1.89
 136725.427    26.734    -1.79    1.75
 137093.146    26.151    -1.59    1.41
 137460.793    26.031    -0.33    1.32
 137828.366    25.558    -1.29    1.06
 138195.868    25.332    -0.61    1.27
 138563.297    24.744    -1.60    1.66
 138930.653    24.322    -1.15    1.84
 139297.938    24.324     0.01    1.94
 139665.149    23.745    -1.58    2.20
 140032.289    23.012    -2.00    2.43
 140399.356    23.351     0.93    3.05
 140766.352    23.811     1.25    3.14
 141133.275    25.104     3.52    2.79
 141500.126    26.012     2.47    2.01
 141866.904    25.470    -1.48    1.96
 142233.611    25.172    -0.81    1.83
 142600.246    25.612     1.20    2.24
 142966.809    26.667     2.88    2.64
 143333.300    27.871     3.28    2.20
 143699.719    28.989     3.05    1.06
 144066.067    28.912    -0.21    1.04
 144432.342    28.891    -0.06    0.96
 144798.546    28.974     0.23    0.87
 145164.678    29.256     0.77    0.96
 145530.739    29.702     1.22    0.95
 145896.728    30.267     1.54    1.20
 146262.645    30.635     1.01    1.13
 146628.491    31.174     1.47    1.41
 147007.112    31.958     2.07    1.64
 147387.822    32.344     1.01    1.51
 147768.455    32.554     0.55    1.46
 148149.008    32.837     0.74    1.68
 148529.484    32.086    -1.97    2.00
 148909.881    32.308     0.58    2.23
 149290.200    32.929     1.63    2.49
 149670.441    32.953     0.07    2.45
 150050.603    32.602    -0.92    2.25
 150430.688    31.936    -1.75    1.91
 150810.694    31.525    -1.08    1.87
 151190.623    31.823     0.78    2.41
 151570.473    32.823     2.63    2.42
 151950.246    33.982     3.05    2.08
 152329.940    34.945     2.54    1.76
 152709.557    35.376     1.14    1.34
 153089.096    35.956     1.53    1.21
 153468.558    36.589     1.67    1.62
 153847.942    37.565     2.57    2.15
 154227.248    38.612     2.76    2.08
 154606.476    39.710     2.90    1.64
 154985.627    40.723     2.67    1.76
 155364.701    41.623     2.37    2.07
 155743.697    43.034     3.72    2.35
 156122.616    43.821     2.08    2.15
 156501.457    44.189     0.97    1.96
 156880.221    44.178    -0.03    1.90
 157258.908    43.423    -1.99    1.71
 157637.518    42.644    -2.06    1.17
 158016.050    42.525    -0.31    1.37
 158394.506    42.369    -0.41    1.43
 158772.884    42.376     0.02    1.38
 159151.185    42.384     0.02    1.25
 159529.410    42.423     0.10    1.22
 159907.557    42.612     0.50    1.17
 160285.628    42.262    -0.93    0.91
 160663.622    42.124    -0.36    0.72
 161041.538    42.273     0.39    1.09
 161419.379    42.196    -0.20    1.16
 161797.142    41.987    -0.55    1.15
 162174.829    41.589    -1.05    0.85
 162552.439    41.056    -1.41    0.97
 162929.973    40.827    -0.61    0.90
 163307.430    41.365     1.43    1.15
 163684.811    41.965     1.59    1.26
 164062.116    42.735     2.04    1.12
 164439.344    43.407     1.78    1.25
 164816.495    44.093     1.82    1.64
 165193.571    44.767     1.79    1.82
 165570.570    45.152     1.02    1.67
 165947.493    45.148    -0.01    1.69
 166324.340    44.593    -1.47    1.38
 166701.110    44.017    -1.53    1.12
 167077.805    43.520    -1.32    1.16
 167454.424    42.924    -1.58    0.63
 167830.967    43.116     0.51    0.93
 168207.434    43.767     1.73    1.59
 168583.825    44.656     2.36    1.64
 168960.140    45.155     1.33    1.40
 169336.379    45.020    -0.36    1.42
 169712.543    44.488    -1.41    1.42
 170088.631    43.998    -1.30    1.33
 170464.643    43.558    -1.17    0.97
 170840.580    44.159     1.60    1.45
 171216.441    45.066     2.41    1.49
 171592.227    45.965     2.39    1.31
 171967.937    46.661     1.85    0.89
 172343.572    46.635    -0.07    0.99
 172719.131    47.116     1.28    1.26
 173094.616    48.045     2.47    1.77
 173470.024    49.482     3.83    2.18
 173845.358    51.273     4.77    2.17
 174220.616    52.377     2.94    1.45
 174595.800    52.385     0.02    1.12
 174970.908    51.720    -1.77    1.32
 175345.941    51.134    -1.56    1.41
 175720.899    51.458     0.86    1.83
 176095.783    52.877     3.79    2.60
 176470.591    54.779     5.07    2.63
 176845.324    56.876     5.59    3.15
 177219.983    59.011     5.70    3.29
 177594.566    61.485     6.60    3.27
 177969.076    63.624     5.71    2.58
 178343.510    64.789     3.11    1.58
 178717.870    65.374     1.56    1.38
 179092.155    64.556    -2.19    2.29
 179466.365    64.101    -1.22    2.37
 179840.501    64.059    -0.11    2.23
 180214.563    64.077     0.05    1.86
 180588.550    65.048     2.60    1.98
 180962.462    66.089     2.78    2.51
 181336.301    67.396     3.50    2.46
 181710.065    68.204     2.16    1.86
 182083.755    68.196    -0.02    2.31
 182457.370    68.227     0.08    2.54
 182830.912    68.745     1.39    2.41
 183204.379    69.374     1.68    2.00
 183577.772    69.591     0.58    1.57
 183951.091    68.676    -2.45    1.71
 184324.336    68.734     0.15    2.10
 184697.508    70.158     3.82    3.25
 185070.605    72.284     5.70    3.23
 185443.628    74.089     4.84    2.06
 185816.578    75.632     4.14    1.67
 186189.454    76.767     3.04    2.37
 186562.256    78.029     3.38    2.16
 186934.984    79.142     2.99    2.03
 187307.639    80.051     2.44    1.42
 187680.220    80.449     1.07    1.17
 188052.728    80.381    -0.18    1.23
 188425.162    80.158    -0.60    1.08
 188797.523    79.549    -1.64    1.60
 189169.810    79.489    -0.16    1.91
 189542.024    80.491     2.69    2.47
 189914.164    82.001     4.05    3.16
 190286.231    85.404     9.14    4.32
 190658.225    89.045     9.79    5.47
 191030.146    92.509     9.31    5.49
 191401.993    94.185     4.51    4.37
 191773.768    94.112    -0.19    3.62
 192145.469    92.723    -3.74    2.69
 192517.097    91.996    -1.96    2.03
 192888.653    92.587     1.59    2.18
 193260.135    93.719     3.05    2.49
 193631.544    94.947     3.31    2.38
 194002.881    96.261     3.54    1.59
 194374.145    97.194     2.51    1.32
 194745.336    98.009     2.19    1.55
 195116.454    98.822     2.19    1.65
 195487.499    99.599     2.09    1.80
 195858.472   100.823     3.30    2.60
 196229.372   102.456     4.40    3.17
 196600.200   105.273     7.59    3.56
 196970.955   107.733     6.63    3.17
 197341.637   109.654     5.18    2.11
 197712.248   110.778     3.03    1.63
 198082.785   111.482     1.90    1.54
 198453.251   111.656     0.47    1.49
 198823.644   111.483    -0.47    1.55
 199193.964   110.489    -2.68    1.79
 199564.213   108.814    -4.53    2.60
 199934.389   106.324    -6.72    3.84
 200304.493   103.779    -6.87    3.70
 200674.525   101.868    -5.16    3.15
 201044.485   100.633    -3.34    1.84
 201414.373   100.222    -1.11    1.51
 201784.189   100.136    -0.23    1.50
 202153.933    99.767    -1.00    1.46
 202523.606    99.688    -0.22    1.37
 202893.206   100.093     1.10    1.55
 203262.734   100.915     2.22    1.71
 203632.191   102.631     4.64    2.47
 204001.576   103.551     2.49    2.22
 204370.889   104.029     1.29    2.06
 204740.131   104.145     0.32    1.95
 205109.301   104.001    -0.39    1.38
 205478.399   104.576     1.56    1.23
 205847.426   105.535     2.60    1.61
 206216.381   106.250     1.94    1.50
 206585.265   106.993     2.01    1.52
 206954.078   107.700     1.92    1.51
 207322.819   108.394     1.88    1.75
 207691.489   109.063     1.81    1.73
 208060.087   109.960     2.43    1.70
 208428.615   110.323     0.98    1.67
 208797.071   110.825     1.36    1.45
 209165.456   110.534    -0.79    1.53
 209533.769   110.335    -0.54    1.48
 209902.012   110.756     1.14    1.58
 210270.184   111.142     1.05    1.53
 210638.285   112.222     2.93    1.48
 211006.314   112.823     1.63    1.20
 211374.273   113.193     1.00    1.06
 211742.161   113.273     0.22    1.26
 212109.978   113.050    -0.61    1.76
 212477.725   113.434     1.04    2.47
 212845.400   114.816     3.76    3.74
 213213.005   117.329     6.84    4.82
 213580.540   120.560     8.79    3.73
 213948.003   122.904     6.38    3.32
 214315.396   124.570     4.53    2.85
 214682.719   125.131     1.53    2.72
 215049.971   125.301     0.46    2.54
 215417.152   125.722     1.15    2.44
 215784.263   126.149     1.16    2.69
 216151.304   127.813     4.53    3.07
 216518.274   130.531     7.41    4.35
 216885.174   136.273    15.65    8.70
 217252.004   141.589    14.49    8.76
 217618.764   147.362    15.74    7.94
 217985.453   150.001     7.19    6.45
 218352.072   148.434    -4.27    6.84
 218718.621   147.369    -2.90    6.40
 219085.100   145.756    -4.40    4.71
 219451.509   145.319    -1.19    3.93
 219817.848   146.029     1.94    4.09
 220184.117   148.108     5.68    5.46
 220550.317   153.411    14.48   10.32
 220916.446   162.395    24.53   14.84
 221282.505   172.335    27.15   17.02
 221657.009   183.988    31.11   15.55
 222037.563   192.478    22.31   13.23
 222418.039   201.756    24.38    9.67
 222798.440   207.889    16.12    7.51
 223178.764   212.503    12.13    6.07
 223559.012   215.947     9.06    5.54
 223939.184   216.994     2.75    7.20
 224319.280   217.560     1.49    8.18
 224699.299   217.167    -1.03    9.14
 225079.243   216.457    -1.87    9.16
 225459.110   217.301     2.22    9.90
 225838.902   216.353    -2.50   11.58
 226218.618   214.904    -3.82   11.98
 226598.258   213.196    -4.50   12.23
 226977.822   209.585    -9.51   12.06
 227357.310   206.672    -7.68   11.58
 227736.723   204.385    -6.03   10.94
 228116.060   201.732    -6.99    9.75
 228495.321   200.691    -2.74    7.99
 228874.507   201.065     0.99    6.20
 229253.617   204.981    10.33    7.69
 229632.651   209.475    11.85    7.63
 230011.611   215.222    15.16    9.15
 230390.494   220.648    14.32    9.25
 230769.303   225.074    11.68    8.70
 231148.036   230.849    15.24    7.90
 231526.694   235.608    12.57    9.39
 231905.276   242.209    17.43   11.84
 232283.784   249.701    19.79   13.60
 232662.216   258.699    23.77   15.85
 233040.573   268.074    24.77   16.19
 233418.855   278.869    28.53   12.21
 233797.062   284.112    13.86    9.17
 234175.194   285.172     2.80    9.86
 234553.252   285.119    -0.14    9.92
 234931.234   286.894     4.69   10.02
 235309.141   290.158     8.64   10.07
 235686.974   296.395    16.50   12.16
 236064.732   303.675    19.27   15.14
 236442.415   311.847    21.63   15.17
 236820.024   322.848    29.13   15.28
 237197.558   338.464    41.36   25.95
 237575.017   358.885    54.09   31.95
 237952.402   388.778    79.20   38.02
 238329.713   429.290   107.35   52.29
 238706.949   478.483   130.38   69.78
 239084.110   525.434   124.46   78.03
 239461.198   567.597   111.79   87.55
 239838.211   605.332   100.07   85.50
 240215.149   623.947    49.38   76.05
 240592.014   616.490   -19.78   69.58
 240968.804   591.361   -66.68   67.72
 241345.520   560.032   -83.15   66.36
 241722.162   546.101   -36.98   58.10
 242098.730   562.853    44.48   80.68
 242475.224   567.928    13.48   82.79
 242851.644   577.133    24.45   75.23
 243227.990   601.347    64.33   75.31
 243604.262   607.255    15.70   63.63
 243980.461   604.427    -7.52   59.13
 244356.586   595.696   -23.21   59.63
 244732.636   573.540   -58.91   55.14
 245108.614   579.182    15.00   71.07
 245484.517   594.847    41.66   68.79
 245860.347   608.706    36.87   70.17
 246236.103   618.540    26.17   62.83
 246611.786   628.993    27.82   70.73
 246987.395   686.523   153.13   98.18
 247362.931   739.779   141.79   92.88
 247738.394   757.642    47.57   69.44
 248113.783   742.084   -41.44   74.73
 248489.099   686.165  -148.96   91.14
 248864.341   631.133  -146.63   71.34
 249239.511   596.779   -91.55   61.24
 249614.607   572.574   -64.52   50.55
 249989.630   568.427   -11.06   49.10
 250364.580   574.682    16.68   43.58
 250739.456   561.936   -33.99   46.51
 251114.260   539.328   -60.31   44.05
 251488.991   518.574   -55.37   45.88
 251863.649   508.706   -26.33   35.16
 252238.234   512.687    10.62   34.92
 252612.746   523.346    28.45   51.38
 252987.185   551.645    75.56   62.33
 253361.552   595.718   117.71   88.71
 253735.846   659.194   169.56  100.99
 254110.067   722.889   170.17   83.35
 254484.215   751.032    75.20   72.19
 254858.291   754.804    10.08   69.68
 255232.295   740.767   -37.52   68.06
 255606.226   706.804   -90.81   63.73
 255980.084   693.045   -36.80   58.24
 256353.870   671.389   -57.93   54.87
 256727.583   654.093   -46.27   53.41
 257101.225   646.267   -20.94   49.84
 257474.794   654.029    20.77   58.33
 257848.290   683.841    79.80   60.06
 258221.715   705.938    59.16   55.32
 258595.067   703.194    -7.35   66.49
 258968.347   687.467   -42.12   78.79
 259341.555   662.743   -66.24   75.12
 259714.691   678.217    41.46   72.36
 260087.755   711.096    88.12   67.75
 260460.747   710.335    -2.04   62.27
 260833.667   699.670   -28.59   65.80
 261206.515   673.256   -70.83   63.69
 261579.292   652.250   -56.34   49.53
 261951.996   631.710   -55.10   67.47
 262324.629   608.838   -61.37   71.20
 262697.190   606.882    -5.25   65.88
 263069.679   627.567    55.52   68.74
 263442.097   647.540    53.62   55.48
 263814.443   651.558    10.79   50.74
 264186.718   629.335   -59.68   55.96
 264558.921   611.803   -47.10   60.92
 264931.052   620.756    24.06   58.50
 265303.113   636.965    43.56   56.80
 265675.101   660.974    64.53   47.97
 266047.019   667.215    16.78   48.85
 266418.865   673.991    18.22   52.70
 266790.640   674.631     1.72   53.10
 267162.343   649.097   -68.68   67.07
 267533.976   623.014   -70.17   75.54
 267905.537   589.209   -90.96   54.57
 268277.027   592.639     9.23   52.97
 268648.446   660.112   181.62   99.29
 269019.794   735.396   202.69  106.99
 269391.071   786.612   137.92   80.73
 269762.277   796.384    26.32   66.99
 270133.412   753.965  -114.27   87.56
 270504.477   697.664  -151.70   81.00
 270875.470   640.112  -155.10   67.00
 271246.393   611.124   -78.14   70.53
 271617.245   594.023   -46.10   77.87
 271988.026   571.512   -60.70   69.26
 272358.737   560.382   -30.02   54.72
 272729.377   545.077   -41.28   40.89
 273099.946   534.082   -29.67   36.46
 273470.445   538.622    12.25   38.98
 273840.873   543.878    14.19   49.51
 274211.231   561.487    47.54   48.11
