-139694.525    40.735     0.00    9.70
-139321.284    35.166   -14.92   10.62
-138948.129    30.011   -13.81    8.85
-138575.060    29.548    -1.24    9.53
-138202.077    33.647    10.99   12.29
-137829.180    39.495    15.68   11.91
-137456.368    44.591    13.67    8.77
-137083.642    47.048     6.59    5.48
-136711.001    46.062    -2.65    7.44
-136338.447    44.455    -4.31    7.88
-135965.977    43.793    -1.78    6.04
-135593.593    44.179     1.04    3.96
-135221.295    44.631     1.21    2.21
-134849.082    45.000     0.99    3.02
-134476.954    47.437     6.55    5.01
-134104.911    50.184     7.38    5.81
-133732.954    52.691     6.74    5.26
-133361.081    52.592    -0.27    4.68
-132989.294    50.715    -5.05    4.05
-132617.592    50.004    -1.91    4.37
-132245.974    49.261    -2.00    5.06
-131874.442    47.087    -5.85    5.90
-131502.994    45.822    -3.41    5.47
-131131.631    46.485     1.79    5.89
-130760.353    48.877     6.44    6.01
-130389.159    52.181     8.90    5.57
-130018.050    54.097     5.16    3.78
-129647.025    52.725    -3.70    5.97
-129276.085    49.610    -8.40    7.42
-128905.229    45.557   -10.93    6.37
-128534.458    42.052    -9.45    5.39
-128163.771    38.544    -9.46    5.23
-127793.168    35.629    -7.87    3.93
-127422.650    34.465    -3.14    3.43
-127052.215    33.475    -2.67    2.89
-126681.865    33.825     0.94    3.51
-126311.599    35.495     4.51    4.43
-125941.416    37.636     5.78    5.12
-125571.318    39.414     4.80    4.89
-125201.303    41.627     5.98    5.03
-124831.372    42.662     2.80    6.08
-124461.525    42.068    -1.61    7.63
-124091.761    42.860     2.14    8.95
-123722.082    44.195     3.61   10.01
-123352.485    46.052     5.03    9.83
-122982.973    47.933     5.09    8.75
-122613.543    50.790     7.73    6.35
-122244.197    52.792     5.42    5.49
-121874.935    55.561     7.50    5.27
-121505.755    57.004     3.91    4.90
-121136.659    55.673    -3.61    6.16
-120767.646    51.014   -12.63    8.09
-120398.717    45.204   -15.75    7.14
-120029.870    41.390   -10.34    5.61
-119661.106    38.228    -8.58    3.52
-119292.426    36.245    -5.38    3.89
-118923.828    34.837    -3.82    3.23
-118555.313    33.359    -4.01    3.84
-118186.880    30.879    -6.73    5.35
-117818.531    28.148    -7.41    5.96
-117450.264    24.783    -9.14    6.45
-117082.080    22.575    -6.00    4.99
-116713.978    24.341     4.80    6.07
-116345.959    27.037     7.33    7.17
-115978.022    32.426    14.65    7.42
-115610.168    37.187    12.94    6.61
-115242.396    41.225    10.98    4.96
-114874.706    41.783     1.52    5.06
-114507.099    41.265    -1.41    4.80
-114139.574    38.812    -6.68    5.70
-113772.131    37.360    -3.95    5.57
-113404.770    35.772    -4.32    5.55
-113037.491    34.951    -2.24    6.30
-112670.294    33.322    -4.44    6.84
-112303.178    33.223    -0.27    6.47
-111936.145    33.525     0.82    5.62
-111569.194    32.553    -2.65    5.42
-111202.324    32.000    -1.51    5.84
-110835.536    30.475    -4.16    5.11
-110468.829    28.883    -4.34    4.39
-110102.205    29.812     2.53    5.08
-109735.661    28.408    -3.83    6.17
-109369.199    26.911    -4.09    6.53
-109002.819    25.136    -4.85    5.88
-108636.520    24.995    -0.38    6.84
-108270.302    26.475     4.04    7.51
-107904.166    28.941     6.74    7.99
-107538.110    30.859     5.24    8.78
-107172.136    29.054    -4.93    9.02
-106806.243    26.534    -6.89    9.23
-106440.431    23.544    -8.17    8.04
-106074.700    22.242    -3.56    6.54
-105709.050    22.669     1.17    6.95
-105343.481    24.552     5.15    9.23
-104977.993    26.545     5.45   11.01
-104612.585    27.604     2.90   11.56
-104247.259    28.299     1.90   11.01
-103882.012    29.342     2.86   10.16
-103516.847    32.922     9.80   10.41
-103151.762    37.101    11.45    9.18
-102786.758    40.116     8.26    6.07
-102421.834    41.534     3.89    3.48
-102056.990    41.085    -1.23    3.40
-101691.350    39.990    -3.00    4.15
-101309.650    39.822    -0.44    4.73
-100928.041    41.889     5.42    5.80
-100546.521    44.909     7.92    6.12
-100165.090    47.716     7.36    4.96
 -99783.749    52.253    11.90    5.57
 -99402.498    55.245     7.85    6.03
 -99021.336    56.464     3.20    5.52
 -98640.263    56.097    -0.96    5.95
 -98259.279    54.771    -3.48    6.54
 -97878.384    55.000     0.60    5.92
 -97497.579    54.704    -0.78    6.57
 -97116.862    52.914    -4.70    7.65
 -96736.235    50.219    -7.08    8.39
 -96355.696    48.912    -3.43    7.67
 -95975.247    48.261    -1.71    6.75
 -95594.886    46.318    -5.11    6.28
 -95214.614    45.689    -1.65    6.15
 -94834.430    46.543     2.25    7.65
 -94454.335    47.269     1.91    8.94
 -94074.329    47.399     0.34    9.50
 -93694.411    45.885    -3.98    9.88
 -93314.582    44.767    -2.94    9.72
 -92934.840    45.851     2.86    8.85
 -92555.188    48.760     7.66    7.96
 -92175.623    52.915    10.95    5.48
 -91796.147    55.366     6.46    4.16
 -91416.759    55.635     0.71    4.36
 -91037.458    54.805    -2.19    4.97
 -90658.246    53.366    -3.80    5.58
 -90279.122    52.663    -1.85    6.31
 -89900.086    52.122    -1.43    6.87
 -89521.137    52.191     0.18    7.70
 -89142.276    52.916     1.92    8.42
 -88763.503    53.683     2.02    8.06
 -88384.818    54.097     1.09    7.21
 -88006.220    54.758     1.75    6.19
 -87627.710    54.730    -0.07    4.75
 -87249.287    52.465    -5.99    5.64
 -86870.951    50.776    -4.46    5.97
 -86492.703    51.051     0.73    6.32
 -86114.542    52.000     2.51    6.02
 -85736.469    54.891     7.65    3.20
 -85358.482    54.032    -2.27    3.56
 -84980.583    53.641    -1.03    3.92
 -84602.771    53.747     0.28    4.62
 -84225.045    55.111     3.61    5.09
 -83847.407    56.854     4.61    4.93
 -83469.856    57.516     1.75    5.55
 -83092.391    58.789     3.37    4.69
 -82715.013    60.253     3.88    4.45
 -82337.722    63.271     8.00    7.48
 -81960.517    64.703     3.79    9.52
 -81583.399    62.327    -6.30   11.35
 -81206.367    58.257   -10.79   10.09
 -80829.422    57.367    -2.36    8.33
 -80452.564    58.858     3.95    8.55
 -80075.791    59.594     1.95    8.60
 -79699.105    57.211    -6.33    9.62
 -79322.505    50.021   -19.09   10.52
 -78945.992    43.524   -17.26    8.37
 -78569.564    41.262    -6.01    5.83
 -78193.222    42.262     2.66    7.71
 -77816.967    46.495    11.25   11.24
 -77440.797    52.437    15.79   12.03
 -77064.714    57.453    13.34   10.79
 -76688.716    59.338     5.01    9.22
 -76312.803    58.202    -3.02    9.10
 -75936.977    57.377    -2.20    8.55
 -75561.236    56.178    -3.19    6.25
 -75185.581    55.299    -2.34    4.51
 -74810.011    53.779    -4.05    4.64
 -74434.527    50.485    -8.77    6.28
 -74059.128    47.465    -8.04    6.36
 -73683.814    45.782    -4.49    6.39
 -73308.586    42.975    -7.48    6.12
 -72933.443    40.808    -5.78    4.76
 -72558.385    40.309    -1.33    4.10
 -72183.413    39.902    -1.09    3.85
 -71808.525    43.267     8.98    8.18
 -71433.723    48.893    15.01   10.42
 -71059.005    53.495    12.28    9.37
 -70684.372    57.202     9.90    6.73
 -70309.824    58.426     3.27    4.90
 -69935.361    58.645     0.59    5.36
 -69560.983    59.921     3.41    5.62
 -69186.689    61.005     2.90    5.40
 -68812.480    63.105     5.61    5.13
 -68438.355    63.671     1.51    4.79
 -68064.315    64.638     2.58    5.34
 -67690.360    63.871    -2.05    5.75
 -67316.488    62.516    -3.62    6.07
 -66942.701    61.760    -2.02    5.63
 -66568.999    60.840    -2.46    4.81
 -66195.380    60.145    -1.86    4.99
 -65821.846    59.945    -0.54    5.68
 -65448.396    59.181    -2.05    5.62
 -65075.030    58.554    -1.68    4.90
 -64701.748    58.198    -0.95    5.02
 -64328.550    59.247     2.81    5.31
 -63955.435    60.386     3.05    5.45
 -63582.405    61.240     2.29    5.65
 -63209.458    63.287     5.49    4.70
 -62836.595    64.083     2.13    5.29
 -62463.816    65.235     3.09    6.79
 -62091.120    67.564     6.25    7.62
 -61718.508    69.465     5.10    7.14
 -61345.979    70.583     3.00    6.44
 -60973.534    69.745    -2.25    7.10
 -60601.172    66.645    -8.33    6.48
 -60228.893    64.812    -4.92    5.73
 -59856.698    62.960    -4.98    3.72
 -59484.586    62.691    -0.72    3.50
 -59112.557    62.256    -1.17    4.54
 -58740.611    61.289    -2.60    6.89
 -58368.749    58.720    -6.91    9.97
 -57996.969    56.044    -7.20   12.15
 -57625.272    53.372    -7.19   13.45
 -57253.658    51.916    -3.92   13.72
 -56882.127    50.041    -5.05   13.87
 -56510.678    49.667    -1.01   12.96
 -56139.313    50.044     1.02   12.60
 -55768.030    49.000    -2.81   12.31
 -55396.830    51.230     6.01   12.15
 -55025.712    55.058    10.31   10.45
 -54654.676    56.792     4.67    8.28
 -54283.724    59.412     7.06    5.16
 -53912.853    60.475     2.87    5.09
 -53542.065    60.495     0.05    5.33
 -53171.359    60.397    -0.27    4.98
 -52800.736    59.980    -1.12    4.07
 -52430.194    59.855    -0.34    4.39
 -52059.735    60.024     0.46    4.49
 -51689.358    58.275    -4.72    4.98
 -51319.062    56.327    -5.26    4.21
 -50948.849    56.258    -0.18    3.83
 -50578.718    57.089     2.24    3.92
 -50208.668    58.159     2.89    3.88
 -49838.701    58.594     1.18    3.98
 -49468.815    58.663     0.19    4.65
 -49099.010    57.322    -3.63    5.46
 -48729.288    56.877    -1.20    5.63
 -48359.647    56.292    -1.58    5.50
 -47990.087    54.085    -5.97    4.57
 -47620.609    54.761     1.83    4.76
 -47251.213    54.495    -0.72    4.83
 -46881.897    51.667    -7.66    6.33
 -46512.664    47.845   -10.35    8.86
 -46143.511    42.663   -14.04    9.23
 -45774.439    36.250   -17.38    8.38
 -45405.449    32.297   -10.71    7.98
 -45036.540    28.616    -9.98    5.41
 -44667.712    27.317    -3.52    4.11
 -44298.965    26.089    -3.33    4.15
 -43930.299    26.748     1.79    5.25
 -43561.713    26.544    -0.55    5.79
 -43193.209    25.355    -3.23    5.91
 -42824.785    23.250    -5.71    6.73
 -42456.442    20.798    -6.66    6.00
 -42088.180    18.848    -5.30    4.95
 -41719.999    18.083    -2.08    5.55
 -41351.898    19.921     4.99    6.17
 -40983.877    19.869    -0.14    6.38
 -40615.937    17.515    -6.40    7.24
 -40248.078    13.546   -10.79    7.12
 -39880.298    12.485    -2.88    7.26
 -39512.600    16.315    10.42   10.17
 -39144.981    21.506    14.12    9.40
 -38777.443    23.534     5.52    6.61
 -38409.984    21.403    -5.80    7.09
 -38042.606    16.713   -12.77    6.39
 -37675.308    14.031    -7.30    4.76
 -37308.090    12.557    -4.01    3.27
 -36940.952    12.809     0.69    3.44
 -36573.894    12.076    -1.99    3.17
 -36206.915     8.604    -9.46    4.96
 -35840.017     5.320    -8.95    4.84
 -35473.198     2.435    -7.87    3.61
 -35106.459     0.915    -4.14    1.73
 -34739.799     0.485    -1.17    0.00
 -34373.220     0.485     0.00    0.00
 -34006.719     0.485     0.00    0.00
 -33640.298     0.485     0.00    0.00
 -33273.957     0.485     0.00    0.00
 -32907.695     0.485     0.00    0.00
 -32541.512     0.485     0.00    0.00
 -32175.409     0.485     0.00    0.00
 -31809.385     0.485     0.00    0.00
 -31443.440     0.485     0.00    0.00
 -31077.574     0.485     0.00    0.00
 -30711.787     0.485     0.00    0.00
 -30346.079     0.485     0.00    0.00
 -29980.451     0.485     0.00    0.00
 -29614.901     0.485     0.00    0.00
 -29249.430     0.485     0.00    0.00
 -28884.038     0.485     0.00    0.00
 -28518.725     0.485     0.00    0.00
 -28153.490     0.485     0.00    0.00
 -27788.334     0.485     0.00    0.00
 -27423.257     0.485     0.00    0.00
 -27058.258     0.485     0.00    0.00
 -26680.857     0.485     0.00    0.00
 -26299.418     0.485     0.00    0.00
 -25918.066     0.485     0.00    0.00
 -25536.801     0.485     0.00    0.00
 -25155.623     0.485     0.00    0.00
 -24774.532     0.485     0.00    0.00
 -24393.528     0.534     0.13    0.36
 -24012.612     1.269     1.93    2.60
 -23631.782     2.205     2.46    3.83
 -23251.039     3.794     4.17    4.89
 -22870.383     6.867     8.07    7.69
 -22489.814    12.609    15.09   10.63
 -22109.331    18.245    14.81   10.70
 -21728.935    23.568    13.99    8.10
 -21348.626    23.653     0.23    8.63
 -20968.403    20.675    -7.83    9.81
 -20588.267    15.375   -13.94    9.27
 -20208.217    10.381   -13.14    5.63
 -19828.254     9.851    -1.39    5.25
 -19448.376    13.017     8.33    6.58
 -19068.585    16.515     9.21    6.39
 -18688.880    18.485     5.19    5.52
 -18309.262    20.356     4.93    3.62
 -17929.729    23.148     7.36    4.38
 -17550.283    26.765     9.53    6.35
 -17170.922    27.975     3.19    6.58
 -16791.647    25.277    -7.11    8.07
 -16412.458    20.789   -11.84    7.71
 -16033.355    16.185   -12.15    5.25
 -15654.338    13.432    -7.26    1.93
 -15275.406    12.765    -1.76    1.70
 -14896.560    12.560    -0.54    1.62
 -14517.799    12.525    -0.09    1.52
 -14139.124    12.148    -1.00    1.55
 -13760.535    12.000    -0.39    1.49
 -13382.030    12.159     0.42    1.55
 -13003.611    12.275     0.31    1.44
 -12625.278    11.722    -1.46    2.48
 -12247.029     8.946    -7.34    4.86
 -11868.866     5.393    -9.39    5.44
 -11490.788     2.079    -8.77    3.56
 -11112.795     0.342    -4.60    1.53
 -10734.886     0.051    -0.77    1.24
 -10357.063     0.273     0.59    1.28
  -9979.325     0.121    -0.40    1.35
  -9601.671     0.095    -0.07    1.56
  -9224.102     0.444     0.92    1.82
  -8846.618     1.525     2.86    1.98
  -8469.219     2.443     2.43    1.90
  -8091.904     3.495     2.79    2.24
  -7714.674     4.852     3.60    2.38
  -7337.528     5.546     1.84    2.21
  -6960.466     6.027     1.27    2.16
  -6583.489     4.885    -3.03    2.38
  -6206.597     4.495    -1.03    2.25
  -5829.788     4.485    -0.03    2.29
  -5453.064     4.738     0.67    2.15
  -5076.424     5.317     1.54    1.85
  -4699.868     5.474     0.42    1.81
  -4323.396     5.835     0.96    1.74
  -3947.008     6.485     1.73    1.17
  -3570.704     7.405     2.44    1.24
  -3194.483     8.571     3.10    2.05
  -2818.347     9.911     3.56    2.10
  -2442.294    10.964     2.80    1.49
  -2066.325    11.358     1.05    1.31
  -1690.440    11.732     1.00    1.46
  -1314.638    12.091     0.95    1.43
   -938.920    10.687    -3.74    4.37
   -563.285     7.364    -8.85    6.73
   -187.734     3.619    -9.97    6.62
    187.734    -0.150   -10.04    3.79
    563.119    -0.818    -1.78    2.44
    938.420     2.495     8.83    5.86
   1313.638     6.555    10.82    6.63
   1688.773    11.176    12.32    4.84
   2063.825    13.583     6.42    1.97
   2438.794    14.006     1.13    1.93
   2813.680    12.305    -4.54    4.87
   3188.482     8.289   -10.71    6.95
   3563.202     3.829   -11.90    6.70
   3937.840     0.581    -8.67    3.89
   4312.394     0.031    -1.47    2.12
   4686.866     0.818     2.10    2.17
   5061.255     1.885     2.85    1.91
   5435.561     2.296     1.10    1.94
   5809.785     4.101     4.82    3.40
   6183.926     7.808     9.91    6.97
   6557.985    14.475    17.82    9.74
   6931.962    20.689    16.62    9.10
   7305.856    27.748    18.88    8.25
   7679.668    35.364    20.37   10.47
   8053.398    47.085    31.36   14.54
   8427.045    60.965    37.15   18.71
   8800.611    77.670    44.72   18.31
   9174.094    94.135    44.09   18.46
   9547.495   108.060    37.29   13.98
   9920.814   117.781    26.04   10.53
  10294.052   123.201    14.52    8.64
  10667.207   123.975     2.07    8.24
  11040.281   120.691    -8.80   10.80
  11413.273   114.403   -16.86   13.18
  11786.183   108.965   -14.58   15.04
  12159.012   109.548     1.56   20.03
  12531.759   114.010    11.97   25.92
  12904.424   120.679    17.89   29.29
  13277.008   121.954     3.42   27.77
  13649.511   117.631   -11.61   27.18
  14021.932   102.455   -40.75   26.42
  14394.272    85.702   -44.99   23.42
  14766.530    69.335   -43.97   19.79
  15138.708    53.222   -43.29   18.83
  15510.804    39.685   -36.38   19.24
  15882.819    30.193   -25.51   13.35
  16254.753    25.586   -12.39    6.40
  16626.606    26.261     1.81    5.16
  16998.378    30.768    12.12    6.10
  17370.069    34.873    11.04    8.03
  17741.679    39.712    13.02    7.72
  18113.208    46.045    17.05    8.92
  18484.657    53.289    19.50   12.99
  18856.025    63.375    27.16   16.29
  19227.312    76.366    34.99   16.35
  19598.519    90.026    36.80   17.55
  19969.645   102.646    34.01   17.54
  20340.691   114.303    31.42   14.96
  20711.656   116.914     7.04   11.61
  21082.541   109.559   -19.83   17.47
  21453.345    97.883   -31.49   20.27
  21824.069    83.924   -37.65   14.83
  22194.713    74.829   -24.54   13.16
  22565.277    66.464   -22.57   16.57
  22935.761    59.761   -18.09   15.14
  23306.164    57.507    -6.08   11.65
  23676.488    60.169     7.19   12.37
  24046.731    69.722    25.80   16.45
  24416.895    83.455    37.10   18.92
  24786.978    97.391    37.66   23.06
  25156.982   114.756    46.93   26.70
  25526.906   131.608    45.55   29.47
  25896.751   152.155    55.56   29.65
  26266.515   165.717    36.68   23.70
  26636.201   173.637    21.42   15.63
  27005.806   165.689   -21.50   21.39
  27375.332   148.650   -46.11   24.49
  27744.779   128.313   -55.04   24.89
  28114.146   112.454   -42.94   21.36
  28483.433    97.108   -41.56   19.11
  28852.642    86.495   -28.74   15.68
  29221.771    77.750   -23.69   13.72
  29590.821    71.699   -16.40   14.15
  29959.792    66.818   -13.23   14.28
  30328.683    61.939   -13.23   15.39
  30697.496    55.452   -17.59   14.55
  31066.230    48.506   -18.84   13.73
  31434.884    43.372   -13.93   15.25
  31803.460    36.199   -19.46   18.86
  32171.957    27.808   -22.77   17.57
  32540.375    19.454   -22.67   10.92
  32908.714    15.374   -11.08    3.38
  33276.974    14.066    -3.55    1.30
  33645.156    13.575    -1.33    1.24
  34013.259    14.050     1.29    1.83
  34381.284    15.132     2.94    2.55
  34749.230    15.811     1.85    2.70
  35117.098    16.863     2.86    2.01
  35484.887    16.867     0.01    1.69
  35852.598    16.811    -0.15    1.07
  36220.231    16.697    -0.31    1.19
  36587.785    17.518     2.23    4.42
  36955.261    21.566    11.02   11.53
  37322.659    25.148     9.75   15.87
  37689.979    27.515     6.44   16.57
  38057.221    27.685     0.46   16.15
  38424.384    27.743     0.16   13.60
  38791.470    28.016     0.74   10.74
  39158.478    28.304     0.79    7.69
  39525.408    29.273     2.64    7.30
  39892.260    30.246     2.65    7.76
  40259.035    30.005    -0.66    7.88
  40625.731    29.216    -2.15    7.93
  40992.350    32.238     8.24   10.27
  41358.892    37.159    13.42   14.45
  41725.355    44.685    20.54   15.56
  42091.742    49.879    14.18   13.44
  42458.050    52.268     6.52   12.90
  42824.282    54.586     6.33   12.95
  43190.436    56.422     5.01   12.35
  43556.512    60.185    10.28   12.22
  43922.511    65.832    15.43   11.92
  44288.433    70.631    13.11   12.97
  44654.278    74.444    10.42   15.31
  45020.046    77.453     8.23   19.21
  45385.737    77.111    -0.93   21.17
  45751.350    75.963    -3.14   22.66
  46116.887    73.650    -6.33   20.67
  46482.347    70.829    -7.72   18.79
  46847.729    68.444    -6.53   14.82
  47213.035    65.924    -6.90    9.79
  47578.264    65.238    -1.88    7.06
  47950.875    67.342     5.65    8.03
  48332.146    70.857     9.22    9.04
  48713.333    76.928    15.93   13.32
  49094.434    86.038    23.90   15.32
  49475.451    95.121    23.84   15.55
  49856.383   107.206    31.72   12.74
  50237.229   118.051    28.48   14.41
  50617.992   129.548    30.19   15.06
  50998.669   143.308    36.15   18.14
  51379.262   161.341    47.38   26.65
  51759.770   180.424    50.15   32.82
  52140.194   201.904    56.46   30.00
  52520.533   213.202    29.70   26.27
  52900.788   215.124     5.05   29.53
  53280.958   207.948   -18.88   31.99
  53661.044   196.836   -29.24   31.36
  54041.046   189.293   -19.85   25.40
  54420.964   192.281     7.86   24.29
  54800.797   201.940    25.43   26.10
  55180.547   213.939    31.60   20.91
  55560.212   216.717     7.32   19.10
  55939.793   209.001   -20.33   25.81
  56319.291   191.727   -45.51   28.38
  56698.705   169.711   -58.03   25.79
  57078.034   154.091   -41.18   20.16
  57457.280   142.011   -31.85   13.32
  57836.443   135.875   -16.18   10.47
  58215.522   131.370   -11.88    9.71
  58594.517   125.192   -16.30   12.67
  58973.428   117.442   -20.45   14.63
  59352.256   110.152   -19.24   14.98
  59731.001   100.622   -25.16   15.23
  60109.662    90.392   -27.01   14.01
  60488.240    81.240   -24.17   11.57
  60866.735    75.515   -15.13    9.19
  61245.146    73.177    -6.18    8.75
  61623.474    72.660    -1.37    9.43
  62001.720    71.216    -3.82   11.81
  62379.882    69.758    -3.86   14.27
  62757.961    66.898    -7.56   16.15
  63135.957    59.454   -19.69   16.69
  63513.870    52.563   -18.23   14.01
  63891.701    46.495   -16.06    7.01
  64269.448    44.974    -4.03    4.80
  64647.113    48.172     8.47    8.95
  65024.696    52.811    12.29    9.98
  65402.195    59.681    18.20   14.06
  65779.612    67.552    20.85   15.91
  66156.947    71.021     9.19   16.05
  66534.199    73.936     7.73   13.52
  66911.369    75.289     3.59   13.37
  67288.456    77.283     5.29   14.63
  67665.461    78.118     2.21   13.77
  68042.384    79.550     3.80   13.89
  68419.224    82.712     8.39   11.56
  68795.983    83.876     3.09    9.81
  69172.659    82.300    -4.19    9.44
  69549.253    81.443    -2.27    9.22
  69925.766    81.702     0.69   12.18
  70302.196    85.368     9.74   14.84
  70678.544    91.186    15.46   16.22
  71054.811    95.306    10.95   14.16
  71430.996    98.631     8.84   11.97
  71807.099   100.536     5.07   11.68
  72183.121   103.517     7.93   11.27
  72559.060   106.264     7.31   11.00
  72934.919   110.805    12.08   10.87
  73310.695   114.248     9.16   10.82
  73686.391   119.232    13.27    9.52
  74062.005   123.598    11.62    9.34
  74437.537   129.442    15.56   11.23
  74812.989   136.077    17.67   12.55
  75188.359   144.369    22.09   12.95
  75563.647   154.370    26.65   14.65
  75938.855   167.442    34.84   19.46
  76313.982   186.281    50.22   25.98
  76689.027   205.296    50.70   28.30
  77063.992   226.836    57.44   30.58
  77438.875   250.074    61.98   36.99
  77813.678   265.052    39.96   40.08
  78188.400   271.411    16.97   38.46
  78563.041   264.975   -17.18   34.01
  78937.601   251.227   -36.70   30.18
  79312.081   230.516   -55.30   29.70
  79686.480   213.190   -46.27   29.78
  80060.798   194.732   -49.31   24.25
  80435.036   188.706   -16.10   18.61
  80809.193   195.877    19.16   21.81
  81183.270   209.048    35.21   21.30
  81557.267   218.190    24.44   14.83
  81931.183   214.943    -8.68   19.16
  82305.019   204.527   -27.86   20.64
  82678.775   191.300   -35.39   14.56
  83052.451   181.116   -27.25   10.52
  83426.046   176.794   -11.57   14.87
  83799.562   173.330    -9.28   15.96
  84172.997   179.382    16.21   20.06
  84546.353   191.692    32.97   25.90
  84919.628   209.758    48.40   26.05
  85292.824   225.289    41.62   14.26
  85665.940   229.186    10.44   11.79
  86038.976   224.366   -12.92   18.08
  86411.932   211.805   -33.68   21.45
  86784.809   197.270   -38.98   21.28
  87157.606   187.068   -27.36   19.91
  87530.324   184.026    -8.16   19.99
  87902.962   180.927    -8.32   19.25
  88275.520   185.590    12.52   19.47
  88647.999   195.485    26.56   20.37
  89020.399   207.127    31.26   20.91
  89392.720   218.496    30.53   21.13
  89764.961   228.031    25.62   19.95
  90137.123   240.361    33.13   24.36
  90509.206   258.687    49.25   33.95
  90881.210   286.874    75.77   37.78
  91253.134   314.702    74.82   40.22
  91624.980   345.762    83.52   42.28
  91996.747   392.906   126.80   66.17
  92368.435   438.347   122.25   66.25
  92740.043   474.006    95.95   45.88
  93111.574   484.917    29.37   30.68
  93483.025   470.285   -39.39   34.88
  93854.398   446.347   -64.45   35.97
  94225.692   421.066   -68.08   35.97
  94596.907   406.068   -40.40   28.89
  94968.044   401.039   -13.55   25.69
  95339.102   406.413    14.48   32.08
  95710.082   423.039    44.81   42.32
  96080.983   439.677    44.85   40.92
  96451.806   448.442    23.63   35.03
  96822.551   447.660    -2.11   27.77
  97193.217   440.259   -19.97   24.27
  97563.806   417.379   -61.74   28.89
  97934.316   393.921   -63.31   31.72
  98304.748   367.506   -71.30   31.67
  98675.101   349.912   -47.50   29.59
  99045.377   336.485   -36.26   28.69
  99415.575   330.434   -16.35   29.81
  99785.695   323.375   -19.07   31.24
 100155.737   313.444   -26.84   31.86
 100525.701   299.713   -37.11   28.04
 100895.588   286.516   -35.68   23.50
 101265.396   275.039   -31.03   20.03
 101635.127   261.495   -36.63   21.52
 102004.781   253.464   -21.73   18.93
 102374.357   249.475   -10.79   14.79
 102743.855   251.453     5.35   15.93
 103113.276   259.655    22.20   20.44
 103482.619   268.704    24.50   23.14
 103851.885   283.550    40.20   21.19
 104221.073   292.805    25.06   16.45
 104590.185   301.330    23.09   11.99
 104959.219   311.537    27.66   14.91
 105328.175   323.028    31.14   19.50
 105697.055   344.165    57.30   31.05
 106065.858   359.623    41.91   30.69
 106434.583   358.673    -2.58   29.29
 106803.232   342.052   -45.08   37.92
 107171.803   313.283   -78.05   35.10
 107540.298   293.839   -52.76   25.38
 107908.715   284.530   -25.27   19.43
 108277.056   288.943    11.98   23.19
 108645.320   299.735    29.30   26.94
 109013.508   311.317    31.45   29.57
 109381.619   324.195    34.98   32.28
 109749.653   338.391    38.57   33.48
 110117.610   355.390    46.19   36.19
 110485.491   373.496    49.21   37.45
 110853.296   392.706    52.23   38.18
 111221.024   405.762    35.50   39.40
 111588.675   410.912    14.01   40.11
 111956.251   413.041     5.79   44.30
 112323.750   412.193    -2.31   44.35
 112691.172   416.616    12.03   45.14
 113058.519   418.001     3.77   43.57
 113425.789   419.857     5.05   40.47
 113792.984   417.762    -5.71   36.42
 114160.102   412.673   -13.86   34.29
 114527.144   399.876   -34.86   32.84
 114894.110   387.850   -32.77   32.63
 115261.001   379.133   -23.76   31.39
 115627.815   371.923   -19.65   35.11
 115994.554   364.257   -20.90   37.23
 116361.216   359.811   -12.12   38.46
 116727.804   361.106     3.53   38.81
 117094.315   359.272    -5.00   34.78
 117460.751   361.296     5.52   27.78
 117827.111   357.109   -11.43   22.49
 118193.395   346.027   -30.25   26.47
 118559.605   331.289   -40.24   31.21
 118925.738   314.183   -46.72   32.67
 119291.796   294.116   -54.82   31.40
 119657.779   276.780   -47.36   26.71
 120023.687   268.432   -22.81   21.37
 120389.519   270.762     6.37   24.11
 120755.276   277.496    18.41   28.18
 121120.958   287.030    26.07   24.18
 121486.565   286.421    -1.66   18.92
 121852.096   278.269   -22.30   16.89
 122217.553   266.943   -30.99   18.49
 122585.742   259.980   -18.91   19.95
 122966.844   255.780   -11.02   23.33
 123347.864   256.315     1.40   26.06
 123728.801   260.506    11.00   23.68
 124109.655   262.911     6.31   18.83
 124490.427   257.745   -13.56   16.47
 124871.116   245.969   -30.93   20.33
 125251.722   229.685   -42.78   22.35
 125632.246   221.687   -21.02   17.24
 126012.687   228.443    17.76   25.16
 126393.046   245.985    46.12   29.27
 126773.323   266.964    55.16   27.53
 127153.518   285.018    47.48   26.66
 127533.630   302.640    46.35   25.47
 127913.660   313.018    27.31   19.58
 128293.608   315.152     5.61   17.46
 128673.474   308.193   -18.32   24.45
 129053.257   291.453   -44.07   25.89
 129432.959   275.601   -41.74   22.93
 129812.579   266.155   -24.88   19.78
 130192.117   258.883   -19.16   18.21
 130571.574   252.943   -15.65   17.97
 130950.948   249.485    -9.12   17.97
 131330.241   245.681   -10.03   14.69
 131709.452   244.681    -2.64   13.34
 132088.582   245.578     2.37   13.06
 132467.630   249.096     9.28   12.31
 132846.596   250.421     3.50   10.02
 133225.481   253.232     7.42    8.74
 133604.285   256.102     7.58    8.24
 133983.007   259.221     8.23    9.39
 134361.648   261.581     6.23   10.83
 134740.208   264.339     7.29   10.63
 135118.687   268.714    11.56   10.88
 135497.084   273.196    11.84   10.91
 135875.401   273.763     1.50   13.17
 136253.636   274.174     1.09   15.97
 136631.790   271.850    -6.15   16.57
 137009.864   271.373    -1.26   18.65
 137387.856   275.315    10.43   20.14
 137765.768   281.301    15.84   23.62
 138143.599   291.560    27.15   26.33
 138521.349   302.370    28.62   27.30
 138899.019   308.113    15.20   24.89
 139276.608   310.974     7.58   24.72
 139654.116   320.846    26.15   29.46
 140031.544   339.374    49.09   42.94
 140408.891   360.702    56.51   48.03
 140786.158   377.552    44.66   47.53
 141163.345   381.933    11.61   41.04
 141540.451   383.531     4.24   35.07
 141917.477   394.872    30.08   34.66
 142294.423   408.485    36.11   36.35
 142671.288   414.315    15.47   36.00
 143048.074   414.968     1.73   36.29
 143424.779   404.974   -26.53   30.41
 143801.404   390.609   -38.14   22.62
 144177.950   376.704   -36.92   25.36
 144554.415   366.289   -27.66   27.44
 144930.801   353.380   -34.30   24.71
 145307.107   345.702   -20.40   22.04
 145683.333   343.953    -4.65   28.88
 146059.479   351.859    21.02   37.93
 146435.546   352.421     1.50   36.72
 146811.533   347.002   -14.41   30.83
 147187.440   343.043   -10.53   25.43
 147563.268   340.757    -6.08   19.47
 147939.017   336.017   -12.61   20.29
 148314.686   329.474   -17.41   23.66
 148690.275   318.811   -28.39   23.28
 149065.786   314.087   -12.58   21.85
 149441.217   314.348     0.70   19.55
 149816.569   319.355    13.34   22.38
 150191.842   331.751    33.03   29.27
 150567.035   343.996    32.63   35.41
 150942.150   358.367    38.31   36.36
 151317.185   369.655    30.10   30.24
 151692.142   376.775    18.99   22.30
 152067.019   379.745     7.92   20.24
 152441.818   387.496    20.68   22.37
 152816.538   401.581    37.58   29.10
 153191.179   423.974    59.77   37.61
 153565.742   447.313    62.30   40.95
 153940.226   471.177    63.72   35.95
 154314.631   487.081    42.47   27.89
 154688.957   494.912    20.92   24.41
 155063.205   483.421   -30.70   33.43
 155437.375   471.186   -32.70   34.08
 155811.466   472.249     2.84   41.21
 156185.479   481.508    24.75   48.84
 156559.413   481.443    -0.17   47.08
 156933.269   468.018   -35.90   40.04
 157307.047   456.075   -31.95   37.26
 157680.747   453.716    -6.31   46.34
 158054.368   466.317    33.72   49.59
 158427.912   482.344    42.90   42.79
 158801.377   479.198    -8.42   38.62
 159174.765   472.689   -17.43   38.75
 159548.074   458.593   -37.76   41.32
 159921.306   446.953   -31.18   39.04
 160294.459   436.039   -29.24   36.00
 160667.535   429.098   -18.60   35.83
 161040.533   412.353   -44.89   37.29
 161413.454   396.159   -43.42   37.46
 161786.297   375.496   -55.41   37.19
 162159.062   353.857   -58.04   40.38
 162531.750   324.007   -80.09   37.93
 162904.360   301.368   -60.75   32.66
 163276.892   280.406   -56.26   21.33
 163649.348   269.017   -30.58   14.48
 164021.725   262.404   -17.76    8.57
 164394.026   257.496   -13.18    8.88
 164766.249   252.830   -12.53    8.90
 165138.395   252.496    -0.90   15.07
 165510.464   255.174     7.20   21.18
 165882.456   272.240    45.87   40.09
 166254.370   299.166    72.39   51.89
 166626.208   340.580   111.36   50.71
 166997.969   369.890    78.83   34.58
 167369.652   376.985    19.09   32.48
 167741.259   366.007   -29.54   43.58
 168112.789   345.326   -55.66   46.87
 168484.242   332.043   -35.75   34.00
 168855.619   337.920    15.82   30.59
 169226.918   350.560    34.04   30.84
 169598.141   363.551    34.99   24.35
 169969.288   368.411    13.09   24.44
 170340.357   366.946    -3.95   28.40
 170711.351   372.372    14.62   31.94
 171082.268   375.024     7.15   31.98
 171453.108   355.811   -51.80   44.86
 171823.872   324.485   -84.48   52.39
 172194.560   285.581  -104.94   47.33
 172565.171   254.625   -83.52   31.81
 172935.706   235.246   -52.29   16.40
 173306.165   230.345   -13.23    9.30
 173676.548   234.782    11.98   13.35
 174046.855   243.875    24.55   18.71
 174417.085   256.793    34.89   22.58
 174787.240   268.195    30.80   23.84
 175157.319   282.485    38.61   23.83
 175527.322   293.857    30.73   24.37
 175897.249   303.336    25.62   22.27
 176267.100   312.130    23.78   24.56
 176636.875   321.303    24.80   26.10
 177006.575   330.327    24.41   26.73
 177376.199   340.122    26.50   25.94
 177745.747   353.141    35.22   29.86
 178115.220   368.421    41.35   34.13
 178484.617   385.474    46.16   34.18
 178853.938   401.868    44.38   34.14
 179223.185   416.119    38.59   40.98
 179592.355   425.227    24.67   46.12
 179961.451   429.317    11.08   45.36
 180330.471   427.087    -6.04   36.14
 180699.416   424.532    -6.93   25.65
 181068.285   410.969   -36.76   30.83
 181437.080   393.755   -46.67   34.98
 181805.799   366.432   -74.09   38.70
 182174.443   343.474   -62.27   33.55
 182543.012   327.898   -42.26   23.83
 182911.507   323.851   -10.98   24.40
 183279.926   327.786    10.68   33.93
 183648.270   331.464     9.98   36.62
 184016.540   329.896    -4.26   40.84
 184384.734   313.708   -43.96   43.33
 184752.854   286.117   -74.94   39.38
 185120.899   264.044   -59.97   30.85
 185488.870   249.159   -40.45   15.46
 185856.766   252.927    10.24   22.52
 186224.587   258.507    15.17   29.18
 186592.334   260.420     5.20   30.75
 186960.006   256.313   -11.17   31.46
 187327.603   248.926   -20.09   27.96
 187695.127   246.593    -6.35   30.84
 188062.576   242.941    -9.94   30.97
 188429.950   243.443     1.37   27.24
 188797.251   251.428    21.74   30.72
 189164.477   263.012    31.54   39.08
 189531.629   281.553    50.49   43.16
 189898.707   297.422    43.22   40.59
 190265.710   310.238    34.92   38.98
 190632.640   314.859    12.59   36.93
 190999.496   319.582    12.87   34.57
 191366.277   331.107    31.42   31.40
 191732.985   349.238    49.43   33.56
 192099.619   373.607    66.46   35.41
 192466.179   395.049    58.49   34.29
 192832.665   412.985    48.93   34.61
 193199.078   413.751     2.09   41.12
 193565.417   413.930     0.49   45.74
 193931.682   414.757     2.26   46.98
 194297.874   432.711    49.02   48.30
 194663.992   456.263    64.32   48.72
 195030.036   468.889    34.49   47.64
 195396.007   466.227    -7.27   51.05
 195761.905   452.657   -37.08   52.73
 196127.729   434.053   -50.85   40.25
 196493.480   439.700    15.44   34.27
 196859.157   453.496    37.72   33.79
 197224.761   473.251    54.03   32.57
 197604.202   487.694    38.06   24.69
 197985.057   483.066   -12.15   25.08
 198365.831   461.947   -55.46   37.48
 198746.525   435.463   -69.56   39.56
 199127.139   416.418   -50.03   43.06
 199507.672   404.815   -30.49   47.90
 199888.125   390.769   -36.91   50.90
 200268.497   370.357   -53.65   45.53
 200648.790   349.531   -54.76   33.16
 201029.002   337.281   -32.21   19.86
 201409.133   335.404    -4.94   14.03
 201789.185   339.898    11.82   17.57
 202169.156   350.218    27.15   24.80
 202549.048   360.007    25.76   29.70
 202928.859   373.846    36.43   36.11
 203308.591   385.603    30.96   42.43
 203688.243   391.669    15.97   45.85
 204067.815   391.326    -0.90   43.08
 204447.307   384.811   -17.16   35.16
 204826.719   379.315   -14.48   26.11
 205206.052   373.585   -15.10   17.07
 205585.305   378.159    12.06   18.76
 205964.478   387.018    23.36   26.19
 206343.572   401.876    39.19   30.50
 206722.586   416.605    38.85   29.77
 207101.521   428.594    31.63   22.77
 207480.377   435.980    19.49   17.92
 207859.153   440.162    11.04   19.64
 208237.850   440.985     2.17   27.56
 208616.468   441.921     2.47   36.22
 208995.006   443.519     4.22   41.30
 209373.466   440.113    -9.00   45.62
 209751.846   433.678   -17.00   50.45
 210130.147   417.281   -43.34   52.68
 210508.370   398.462   -49.75   47.57
 210886.513   390.550   -20.92   43.12
 211264.577   392.667     5.60   40.78
 211642.563   397.421    12.57   41.30
 212020.469   400.940     9.31   38.55
 212398.297   401.876     2.48   37.95
 212776.047   400.350    -4.04   33.48
 213153.717   399.496    -2.26   31.34
 213531.309   400.272     2.05   27.02
 213908.823   403.227     7.83   24.81
 214286.258   406.985     9.96   20.72
 214663.614   411.926    13.09   18.91
 215040.892   419.330    19.62   16.04
 215418.092   426.294    18.46   12.07
 215795.214   427.941     4.37    8.48
 216172.257   425.134    -7.44    9.50
 216549.222   420.254   -12.94   11.11
 216926.108   417.800    -6.51   12.52
 217302.917   415.311    -6.60   14.80
 217679.648   414.876    -1.15   15.30
 218056.300   416.659     4.73   15.01
 218432.875   419.485     7.50   15.43
 218809.371   426.192    17.81   21.55
 219185.790   433.409    19.17   25.85
 219562.131   432.322    -2.89   30.69
 219938.394   424.713   -20.22   34.65
 220314.579   411.206   -35.90   33.36
 220690.687   398.322   -34.25   24.03
 221066.717   392.281   -16.06   19.82
 221442.669   394.692     6.41   23.08
 221818.544   403.184    22.59   27.13
 222194.341   413.126    26.45   28.83
 222570.061   419.387    16.66   27.08
 222945.704   417.289    -5.58   30.06
 223321.269   407.376   -26.39   34.54
 223696.757   396.775   -28.23   32.98
 224072.167   387.674   -24.24   28.67
 224447.501   386.746    -2.47   27.67
 224822.757   390.174     9.13   25.03
 225197.936   391.855     4.48   18.94
 225573.038   390.763    -2.91   15.08
 225948.063   391.055     0.78   16.05
 226323.011   397.597    17.45   21.30
 226697.882   410.292    33.86   27.07
 227072.676   425.633    40.93   28.46
 227447.393   444.061    49.17   31.62
 227822.033   471.194    72.41   36.46
 228196.597   502.757    84.25   45.65
 228571.084   529.148    70.46   40.60
 228945.494   530.735     4.24   36.63
 229319.828   529.101    -4.36   36.89
 229694.085   520.452   -23.11   40.17
 230068.266   511.439   -24.09   41.20
 230442.370   497.463   -37.35   40.76
 230816.398   470.566   -71.90   41.79
 231190.349   445.822   -66.16   39.80
 231564.224   432.845   -34.70   30.65
 231938.023   438.861    16.09   36.01
 232311.746   459.352    54.82   46.16
 232685.392   489.039    79.44   44.49
 233058.962   505.661    44.49   33.95
 233432.456   502.397    -8.74   36.01
 233805.874   482.969   -52.02   48.73
 234179.216   449.024   -90.91   49.59
 234552.482   416.335   -87.56   48.87
 234925.672   389.930   -70.74   43.85
 235298.787   369.181   -55.60   36.30
 235671.825   357.930   -30.16   28.06
 236044.788   356.033    -5.08   27.19
 236417.675   356.946     2.45   30.09
 236790.486   356.804    -0.38   29.81
 237163.221   345.246   -31.00   29.32
 237535.881   332.637   -33.83   24.13
 237908.466   326.552   -16.33   16.40
 238280.975   332.605    16.24   24.81
 238653.408   346.726    37.91   30.16
 239025.766   357.876    29.94   28.11
 239398.049   366.462    23.06   25.22
 239770.256   381.098    39.32   32.34
 240142.388   401.694    55.34   45.75
 240514.445   428.626    72.37   56.52
 240886.427   453.991    68.18   61.89
 241258.333   462.614    23.18   64.39
 241630.165   473.371    28.93   69.33
 242001.921   480.018    17.87   71.12
 242373.602   481.114     2.95   69.15
 242745.209   466.398   -39.59   68.13
 243116.740   435.118   -84.18   73.35
 243488.197   387.181  -129.03   68.14
 243859.578   356.386   -82.90   47.18
 244230.885   349.221   -19.29   37.73
 244602.117   378.232    78.13   67.49
 244973.275   422.519   119.30   69.51
 245344.358   444.771    59.95   50.60
 245715.366   430.837   -37.55   63.10
 246086.300   392.083  -104.46   72.44
 246457.159   346.532  -122.80   47.61
 246827.944   323.804   -61.29   35.10
 247198.654   311.171   -34.07   31.81
 247569.290   301.844   -25.16   29.85
 247939.851   290.078   -31.75   23.48
 248310.339   280.918   -24.72   20.23
 248680.752   272.209   -23.51   18.78
 249051.091   261.463   -29.01   21.94
 249421.355   250.235   -30.32   22.40
 249791.546   235.700   -39.26   18.59
 250161.662   226.087   -25.97   12.18
 250531.705   219.804   -16.98    8.38
 250901.673   216.207    -9.72    8.03
 251271.568   212.152   -10.96    7.37
 251641.388   207.991   -11.25    6.57
 252011.135   202.870   -13.85    6.08
 252380.808   199.298    -9.66    5.58
 252750.407   197.530    -4.78    5.34
 253119.933   197.876     0.94    6.42
 253489.384   199.344     3.97    7.28
 253858.762   200.344     2.71    7.16
 254228.067   198.862    -4.01    6.76
 254597.298   197.007    -5.02    6.01
 254966.456   195.496    -4.09    5.05
 255335.540   197.507     5.45    8.68
 255704.550   200.531     8.19    9.77
 256073.487   206.035    14.92   10.11
 256442.351   212.252    16.85   10.33
 256811.142   218.485    16.90   10.35
 257179.859   218.815     0.89   11.72
 257548.504   213.696   -13.88   14.48
 257917.075   206.083   -20.65   14.40
 258285.573   198.253   -21.25   10.10
 258653.997   193.322   -13.38    8.95
 259022.349   187.718   -15.21    6.60
 259390.628   180.866   -18.60    8.67
 259758.834   173.452   -20.13   10.62
 260126.967   166.463   -18.98   10.36
 260495.027   168.452     5.40   15.23
 260863.014   177.980    25.89   21.19
 261230.929   189.141    30.33   18.92
 261598.771   197.190    21.88   10.92
 261966.540   196.485    -1.92    9.15
 262334.237   193.002    -9.47    8.39
 262701.860   191.892    -3.02    7.12
 263069.412   193.101     3.29    5.84
 263436.891   194.996     5.15    5.97
 263804.297   199.241    11.55    7.67
 264171.631   203.094    10.49    8.63
 264538.893   208.285    14.13   10.62
 264906.082   213.685    14.70   12.16
 265273.199   221.378    20.95   15.45
 265640.243   229.985    23.45   16.70
 266007.216   235.552    15.17   16.71
 266374.116   237.474     5.24   15.45
 266740.944   236.100    -3.74   12.79
 267107.700   233.692    -6.57    9.98
 267474.385   234.474     2.13    9.67
 267840.997   235.842     3.73    8.74
 268207.537   238.605     7.53    7.12
 268574.005   241.092     6.79    8.74
 268940.401   243.408     6.32    9.93
 269306.725   246.430     8.25   10.88
 269672.978   249.941     9.58    9.90
 270039.159   253.996    11.07   11.08
 270405.268   258.462    12.20   11.16
 270771.306   263.185    12.90   11.51
 271137.272   269.521    17.31   12.19
 271503.166   274.641    13.99   14.75
 271868.989   281.520    18.80   16.45
 272244.281   286.137    12.30   16.35
 272624.974   289.732     9.44   15.44
 273005.588   295.760    15.83   15.85
 273386.124   303.723    20.92   16.79
 273766.582   314.067    27.18   16.04
 274146.961   328.697    38.45   23.43
 274527.262   345.694    44.68   31.18
 274907.485   370.822    66.07   41.38
 275287.629   407.811    97.28   57.94
 275667.696   447.867   105.37   71.91
 276047.684   484.474    96.32   73.38
 276427.595   502.936    48.58   68.00
 276807.427   513.749    28.46   60.41
 277187.181   517.685    10.36   51.87
 277566.858   527.749    26.50   43.91
 277946.456   540.417    33.37   41.43
 278325.977   545.807    14.20   41.06
 278705.421   544.852    -2.52   48.76
 279084.786   531.529   -35.11   57.55
 279464.074   523.752   -20.50   57.74
 279843.284   521.947    -4.76   58.73
 280222.417   531.030    23.95   57.66
 280601.472   539.141    21.39   53.22
 280980.449   546.035    18.19   47.54
 281359.350   545.552    -1.27   48.44
 281738.172   543.573    -5.22   50.51
 282116.918   539.951    -9.56   49.91
 282495.586   527.166   -33.75   53.04
 282874.177   505.939   -56.06   56.21
 283252.691   472.296   -88.86   51.10
 283631.128   439.613   -86.35   38.55
 284009.487   425.597   -37.04   26.73
 284387.770   433.295    20.34   35.56
 284765.976   464.564    82.66   55.49
 285144.104   515.211   133.91   68.28
 285522.156   560.199   118.97   68.91
 285900.131   590.262    79.52   51.00
 286278.029   592.007     4.62   40.01
 286655.850   571.914   -53.17   36.96
 287033.595   537.583   -90.86   43.16
 287411.263   505.532   -84.85   38.97
 287788.854   479.952   -67.73   28.76
 288166.369   460.636   -51.16   17.56
 288543.807   449.561   -29.34   19.38
 288921.169   438.439   -29.47   19.95
 289298.454   426.035   -32.87   19.90
 289675.663   411.866   -37.55   20.31
 290052.795   394.441   -46.19   22.55
 290429.851   379.973   -38.36   16.23
 290806.831   376.871    -8.23   16.52
 291183.735   379.624     7.30   24.81
 291560.563   389.978    27.47   31.72
 291937.314   404.190    37.71   34.36
 292313.989   414.849    28.29   34.08
