-124795.699     3.641     0.00    1.63
-124415.221     3.381    -0.68    1.73
-124034.835     3.104    -0.73    1.81
-123654.543     2.735    -0.97    1.69
-123274.344     2.127    -1.60    1.61
-122894.238     1.504    -1.64    1.71
-122514.225     0.766    -1.94    1.41
-122134.305     0.565    -0.53    1.11
-121754.477     0.921     0.94    1.31
-121374.742     1.479     1.47    1.59
-120995.100     2.555     2.83    2.15
-120615.550     3.611     2.78    2.16
-120236.093     4.257     1.70    1.75
-119856.728     4.703     1.18    1.38
-119477.456     4.830     0.34    1.18
-119098.275     5.091     0.69    0.99
-118719.187     4.466    -1.65    1.78
-118340.191     3.868    -1.58    1.91
-117961.288     4.074     0.54    2.36
-117582.476     4.766     1.83    2.65
-117203.756     6.663     5.01    2.35
-116825.128     7.878     3.21    1.02
-116446.592     8.341     1.22    1.05
-116068.147     8.583     0.64    1.03
-115689.795     8.656     0.19    0.97
-115311.534     8.876     0.58    0.98
-114933.364     8.901     0.07    0.91
-114555.286     9.500     1.58    0.80
-114177.299     9.832     0.88    0.86
-113799.404    10.083     0.67    0.90
-113421.600    10.470     1.02    0.79
-113043.887    10.423    -0.12    0.73
-112666.265    10.298    -0.33    0.73
-112288.735    10.270    -0.07    0.74
-111911.295    10.136    -0.35    0.81
-111533.947     9.878    -0.68    1.07
-111156.689     9.926     0.13    1.25
-110779.522     9.620    -0.81    1.35
-110402.446     9.016    -1.60    1.83
-110025.461     8.187    -2.20    2.08
-109648.566     7.284    -2.40    1.25
-109271.762     6.965    -0.85    0.75
-108895.049     7.233     0.71    0.73
-108518.426     7.878     1.71    1.12
-108141.893     8.850     2.58    1.59
-107765.450     9.476     1.66    1.29
-107389.098     9.444    -0.08    1.26
-107012.836     9.055    -1.03    1.26
-106636.664     8.591    -1.23    0.88
-106260.582     8.317    -0.73    0.82
-105884.591     8.239    -0.21    0.83
-105508.689     7.895    -0.91    0.78
-105132.877     7.695    -0.53    0.66
-104757.155     7.476    -0.58    0.96
-104381.522     7.091    -1.02    1.00
-104005.979     6.971    -0.32    0.95
-103630.526     6.970    -0.00    0.80
-103255.163     7.050     0.22    0.69
-102879.888     6.905    -0.39    0.63
-102504.704     6.356    -1.46    1.05
-102129.608     5.377    -2.61    1.53
-101754.602     4.409    -2.58    1.42
-101379.686     3.405    -2.68    0.99
-101004.858     2.376    -2.75    1.41
-100630.120     1.331    -2.79    1.86
-100255.470     0.341    -2.64    1.75
 -99880.910    -0.442    -2.09    1.23
 -99506.438    -0.197     0.66    1.24
 -99132.056     0.687     2.36    1.42
 -98757.762     1.653     2.58    1.32
 -98383.557     2.278     1.67    0.79
 -98009.440     2.192    -0.23    1.36
 -97635.412     1.989    -0.54    1.82
 -97261.473     2.294     0.81    2.36
 -96887.622     3.003     1.90    2.49
 -96513.860     3.607     1.62    2.43
 -96140.186     4.784     3.15    1.89
 -95766.600     5.361     1.54    1.01
 -95393.103     5.513     0.41    0.88
 -95019.694     5.581     0.18    0.74
 -94646.372     5.701     0.32    0.95
 -94273.139     5.473    -0.61    2.05
 -93899.994     5.095    -1.01    2.55
 -93526.937     4.946    -0.40    2.78
 -93153.968     4.850    -0.26    2.28
 -92781.086     4.699    -0.40    1.54
 -92408.292     4.466    -0.62    1.29
 -92035.586     4.544     0.21    1.18
 -91662.968     5.163     1.66    1.36
 -91290.437     5.840     1.82    0.90
 -90917.994     6.284     1.19    0.57
 -90545.638     5.501    -2.10    2.39
 -90173.369     4.416    -2.91    3.40
 -89801.188     3.012    -3.77    4.00
 -89429.094     1.541    -3.95    3.72
 -89057.087     0.117    -3.83    2.76
 -88685.168     0.692     1.55    3.34
 -88313.335     1.506     2.19    4.09
 -87941.590     2.364     2.31    4.25
 -87569.931     1.974    -1.05    4.15
 -87198.360     2.365     1.05    3.92
 -86826.875     3.062     1.88    3.77
 -86455.477     4.765     4.58    3.31
 -86084.165     6.429     4.48    1.62
 -85712.941     6.870     1.19    0.54
 -85341.803     6.907     0.10    0.55
 -84970.751     6.822    -0.23    0.60
 -84599.786     6.437    -1.04    0.79
 -84228.907     6.197    -0.65    0.83
 -83858.115     5.351    -2.28    1.85
 -83487.409     3.878    -3.97    2.90
 -83116.789     2.312    -4.23    3.23
 -82746.256     0.999    -3.54    2.89
 -82375.808    -0.005    -2.71    2.25
 -82005.447    -0.697    -1.87    1.55
 -81635.172    -1.085    -1.05    0.52
 -81264.982    -1.024     0.16    0.76
 -80894.879    -0.940     0.23    0.99
 -80524.861    -0.854     0.23    1.11
 -80154.929    -0.855    -0.00    1.11
 -79785.083    -0.755     0.27    1.43
 -79415.322    -0.876    -0.33    1.21
 -79045.647    -0.999    -0.33    0.93
 -78676.057    -1.188    -0.51    0.10
 -78306.553    -0.623     1.53    1.64
 -77937.135     0.140     2.06    2.28
 -77567.801     1.186     2.83    2.46
 -77198.553     2.031     2.29    2.14
 -76829.391     2.560     1.43    1.32
 -76460.313     2.438    -0.33    0.96
 -76091.321     2.055    -1.04    0.93
 -75722.413     1.747    -0.84    0.63
 -75353.591     1.640    -0.29    0.51
 -74984.853     1.951     0.84    0.51
 -74616.201     2.245     0.80    0.50
 -74247.633     2.473     0.62    0.47
 -73879.150     2.679     0.56    0.33
 -73510.752     2.803     0.34    0.00
 -73142.438     2.831     0.08    0.22
 -72774.209     3.083     0.68    0.73
 -72406.064     4.060     2.65    1.65
 -72038.004     5.041     2.67    1.72
 -71670.029     5.976     2.54    1.10
 -71302.138     6.209     0.63    0.77
 -70934.331     5.979    -0.62    0.83
 -70566.608     6.167     0.51    1.14
 -70198.970     6.958     2.15    1.76
 -69831.415     8.727     4.81    2.33
 -69463.945    10.489     4.79    2.30
 -69096.559    12.191     4.63    2.19
 -68729.256    13.359     3.18    2.33
 -68362.038    14.568     3.29    2.35
 -67994.904    15.095     1.44    2.33
 -67627.853    15.355     0.71    2.29
 -67260.886    14.745    -1.66    2.57
 -66894.003    13.766    -2.67    2.51
 -66527.203    13.027    -2.01    2.16
 -66160.487    13.681     1.78    2.62
 -65793.854    14.657     2.66    2.98
 -65427.305    15.784     3.07    2.48
 -65060.839    16.831     2.86    1.68
 -64694.457    16.813    -0.05    1.38
 -64328.157    16.180    -1.73    1.36
 -63961.942    16.120    -0.17    1.49
 -63595.809    16.114    -0.02    1.65
 -63229.759    16.466     0.96    1.92
 -62863.793    16.940     1.29    2.35
 -62497.909    16.916    -0.07    2.64
 -62132.108    16.332    -1.60    3.13
 -61766.391    15.879    -1.24    3.28
 -61400.756    15.062    -2.23    3.40
 -61035.203    13.955    -3.03    3.24
 -60669.734    12.775    -3.23    2.28
 -60304.347    11.884    -2.44    0.62
 -59939.043    11.803    -0.22    0.00
 -59573.821    11.899     0.26    0.43
 -59208.682    12.155     0.70    1.06
 -58843.626    11.793    -0.99    1.69
 -58478.651    11.143    -1.78    2.15
 -58113.760     9.897    -3.41    1.95
 -57748.950     9.220    -1.86    1.47
 -57384.222     9.603     1.05    1.53
 -57019.577    10.117     1.41    1.48
 -56655.014    11.211     3.00    1.23
 -56279.105    11.661     1.20    1.02
 -55897.295    11.553    -0.28    1.13
 -55515.577    11.018    -1.40    1.54
 -55133.951    10.113    -2.37    1.70
 -54752.416     9.916    -0.52    1.80
 -54370.973     9.976     0.16    1.95
 -53989.622     9.803    -0.45    2.08
 -53608.362    10.548     1.95    2.30
 -53227.194    12.136     4.17    3.17
 -52846.118    13.752     4.24    3.17
 -52465.132    15.672     5.04    2.32
 -52084.238    17.001     3.49    1.06
 -51703.436    17.529     1.39    0.58
 -51322.724    17.803     0.72    0.24
 -50942.104    17.831     0.07    0.17
 -50561.574    17.395    -1.15    1.36
 -50181.136    15.993    -3.68    2.34
 -49800.788    14.697    -3.41    2.36
 -49420.531    14.034    -1.74    1.98
 -49040.365    14.735     1.84    2.25
 -48660.290    15.707     2.56    2.21
 -48280.306    16.108     1.06    2.09
 -47900.412    15.928    -0.47    2.11
 -47520.608    15.982     0.14    2.08
 -47140.895    16.476     1.30    1.87
 -46761.273    17.251     2.04    1.18
 -46381.741    17.705     1.19    0.30
 -46002.299    17.709     0.01    0.29
 -45622.947    17.555    -0.40    0.65
 -45243.685    16.870    -1.81    1.62
 -44864.514    15.463    -3.71    2.26
 -44485.432    14.303    -3.06    2.10
 -44106.441    13.213    -2.88    1.23
 -43727.539    12.859    -0.93    0.43
 -43348.728    12.862     0.01    0.44
 -42970.006    12.803    -0.16    0.00
 -42591.373    12.803     0.00    0.00
 -42212.831    12.803     0.00    0.00
 -41834.378    12.803     0.00    0.00
 -41456.014    12.803     0.00    0.00
 -41077.740    12.803     0.00    0.00
 -40699.555    12.803     0.00    0.00
 -40321.460    12.803     0.00    0.00
 -39943.454    12.803     0.00    0.00
 -39565.537    13.370     1.50    1.51
 -39187.709    14.783     3.74    2.40
 -38809.971    16.389     4.25    2.56
 -38432.321    17.903     4.01    2.12
 -38054.760    18.336     1.15    2.69
 -37677.289    17.548    -2.09    4.12
 -37299.906    16.508    -2.76    5.22
 -36922.612    14.823    -4.46    5.77
 -36545.406    13.747    -2.85    5.80
 -36168.289    12.440    -3.46    5.33
 -35791.261    12.565     0.33    4.84
 -35414.321    13.460     2.37    4.54
 -35037.470    15.298     4.88    3.91
 -34660.707    16.366     2.83    2.60
 -34284.033    15.764    -1.60    2.48
 -33907.447    14.399    -3.62    2.38
 -33530.949    12.979    -3.77    1.25
 -33154.539    12.642    -0.89    0.37
 -32778.217    12.661     0.05    0.35
 -32401.984    12.746     0.22    0.23
 -32025.838    12.915     0.45    0.47
 -31649.780    13.736     2.18    1.64
 -31273.810    14.923     3.16    2.09
 -30897.928    15.889     2.57    1.74
 -30522.134    16.623     1.95    1.16
 -30146.427    16.434    -0.50    1.05
 -29770.808    16.065    -0.98    1.34
 -29395.277    15.879    -0.50    1.54
 -29019.833    15.679    -0.53    1.69
 -28644.476    15.677    -0.01    1.69
 -28269.207    15.105    -1.52    1.90
 -27894.025    13.934    -3.12    2.32
 -27518.930    12.355    -4.21    2.41
 -27143.923    11.456    -2.40    2.12
 -26769.002    11.041    -1.11    1.46
 -26394.169    11.187     0.39    1.07
 -26019.423    11.111    -0.20    1.78
 -25644.763     9.774    -3.57    3.44
 -25270.191     7.355    -6.46    4.57
 -24895.705     5.479    -5.01    4.46
 -24521.307     3.609    -5.00    3.56
 -24146.994     2.888    -1.93    3.00
 -23772.769     2.587    -0.80    2.57
 -23398.630     2.946     0.96    2.22
 -23024.578     3.345     1.07    2.05
 -22650.612     3.574     0.61    2.25
 -22276.733     3.293    -0.75    2.31
 -21902.939     2.851    -1.18    2.11
 -21529.233     2.385    -1.25    1.77
 -21155.612     2.441     0.15    1.67
 -20782.078     2.650     0.56    1.77
 -20408.630     3.007     0.95    2.01
 -20035.267     3.236     0.61    2.02
 -19661.991     3.033    -0.54    2.01
 -19288.801     2.690    -0.92    2.09
 -18915.697     2.473    -0.58    1.92
 -18542.678     2.678     0.55    1.84
 -18169.745     2.950     0.73    1.80
 -17796.898     3.174     0.60    1.78
 -17424.137     3.492     0.85    1.73
 -17051.461     3.607     0.31    1.73
 -16678.871     3.832     0.60    1.74
 -16306.366     3.675    -0.42    1.93
 -15933.947     3.689     0.04    2.73
 -15561.613     3.042    -1.74    3.05
 -15189.364     2.270    -2.08    3.15
 -14817.201     3.100     2.23    3.92
 -14445.123     4.212     2.99    5.01
 -14073.129     5.745     4.12    5.06
 -13701.221     6.111     0.98    4.74
 -13329.398     5.399    -1.91    4.44
 -12957.660     4.891    -1.37    3.43
 -12586.007     5.543     1.75    3.19
 -12214.439     6.188     1.74    2.95
 -11842.955     5.450    -1.99    3.29
 -11471.557     4.423    -2.77    3.65
 -11100.242     3.012    -3.80    3.31
 -10729.013     1.851    -3.13    2.00
 -10357.868     2.114     0.71    2.03
  -9986.807     3.745     4.40    3.07
  -9615.831     5.903     5.82    3.79
  -9244.940     7.707     4.86    4.10
  -8874.132    10.292     6.97    3.90
  -8503.409    12.003     4.61    4.33
  -8132.771    13.060     2.85    4.90
  -7762.216    13.060    -0.00    5.58
  -7391.745    11.289    -4.78    6.13
  -7021.359     8.754    -6.84    5.12
  -6651.056     7.216    -4.15    3.54
  -6280.838     7.019    -0.53    3.48
  -5910.703     8.308     3.48    3.00
  -5540.652     9.581     3.44    3.02
  -5170.685    11.098     4.10    3.84
  -4800.801    12.734     4.42    3.93
  -4431.002    14.117     3.74    2.98
  -4061.285    14.726     1.65    2.45
  -3691.653    13.943    -2.12    2.13
  -3322.103    12.341    -4.33    2.29
  -2952.638    10.678    -4.50    3.07
  -2583.255     9.168    -4.09    2.91
  -2213.956     8.254    -2.48    2.57
  -1844.740     8.536     0.76    2.85
  -1475.608     8.332    -0.55    3.67
  -1106.558     5.842    -6.75    5.01
   -737.592     3.159    -7.27    4.85
   -368.709     0.266    -7.84    1.69
      0.092    -0.197    -1.26    0.00
    368.809    -0.197     0.00    0.00
    737.444     0.428     1.70    2.62
   1105.996     2.270     5.00    4.49
   1474.465     4.764     6.77    5.23
   1842.851     6.880     5.74    5.64
   2211.155    10.077     8.68    7.89
   2579.376    14.803    12.84   13.43
   2947.514    20.419    15.26   14.15
   3315.570    28.341    21.52   12.56
   3683.544    34.908    17.84   10.26
   4051.435    41.401    17.65    8.48
   4419.244    44.255     7.76    7.51
   4786.971    45.345     2.96    6.68
   5154.615    45.091    -0.69    8.35
   5522.177    45.449     0.97   10.39
   5889.658    46.418     2.64   12.00
   6257.056    48.947     6.88   12.20
   6624.372    51.981     8.26   10.84
   6991.606    53.075     2.98    8.83
   7358.758    48.980   -11.15   10.11
   7725.829    43.939   -13.73   10.75
   8092.818    38.983   -13.50    8.37
   8459.725    35.638    -9.12    0.90
   8826.550    35.736     0.27    0.69
   9193.294    35.397    -0.92    1.77
   9559.956    36.534     3.10    3.58
   9926.537    38.261     4.71    6.48
  10293.036    39.587     3.62    7.68
  10659.454    39.833     0.67    8.07
  11025.790    38.357    -4.03    7.45
  11392.045    35.900    -6.71    4.48
  11758.219    36.139     0.65    3.67
  12124.312    39.046     7.94    5.89
  12490.324    41.442     6.55    6.81
  12856.254    42.058     1.68    7.22
  13222.104    41.519    -1.47    7.99
  13587.872    38.120    -9.29    9.28
  13953.560    35.058    -8.37    8.86
  14319.167    33.068    -5.44    7.61
  14684.693    33.841     2.12    7.35
  15050.138    33.065    -2.12    6.96
  15415.503    32.097    -2.65    6.24
  15780.787    33.288     3.26    7.51
  16145.990    35.373     5.71    8.63
  16511.113    34.617    -2.07    8.88
  16876.155    32.167    -6.71    9.01
  17241.117    29.591    -7.06    8.10
  17605.998    27.773    -4.98    7.41
  17970.799    26.353    -3.89    7.06
  18341.331    24.659    -4.57    6.10
  18722.968    23.173    -3.89    5.27
  19104.516    21.622    -4.06    5.79
  19485.973    21.523    -0.26    5.67
  19867.342    20.909    -1.61    6.53
  20248.621    20.629    -0.73    7.01
  20629.811    21.395     2.01    6.97
  21010.911    21.954     1.47    6.77
  21391.923    23.901     5.11    6.57
  21772.845    25.936     5.34    6.25
  22153.678    27.803     4.90    6.68
  22534.422    28.048     0.64    7.36
  22915.078    30.034     5.22    7.87
  23295.644    32.480     6.43    7.76
  23676.122    34.599     5.57    6.91
  24056.510    35.629     2.71    6.92
  24436.810    33.531    -5.52    7.97
  24817.022    31.356    -5.72    8.09
  25197.145    31.249    -0.28    7.50
  25577.179    30.182    -2.81    5.17
  25957.125    30.617     1.14    4.56
  26336.983    28.623    -5.25    5.33
  26716.752    27.861    -2.01    5.61
  27096.433    25.313    -6.71    6.17
  27476.026    23.068    -5.92    5.50
  27855.530    20.490    -6.79    6.47
  28234.947    18.185    -6.07    5.29
  28614.275    18.684     1.32    5.06
  28993.516    21.220     6.69    6.32
  29372.668    28.063    18.05    9.59
  29751.733    38.803    28.33   14.13
  30130.710    49.003    26.91   13.54
  30509.599    56.169    18.91    7.04
  30888.401    56.168    -0.00    6.82
  31267.115    54.163    -5.30    8.50
  31645.741    53.146    -2.69    7.53
  32024.280    52.943    -0.54    6.49
  32402.732    50.685    -5.97    8.10
  32781.096    47.288    -8.98    8.45
  33159.373    46.421    -2.29    7.91
  33537.563    43.874    -6.73    9.99
  33915.665    45.298     3.77   10.00
  34293.680    46.026     1.93    8.94
  34671.609    42.929    -8.19    8.45
  35049.450    41.425    -3.98    6.72
  35427.204    38.283    -8.32    6.06
  35804.871    37.063    -3.23    5.53
  36182.452    36.279    -2.08    5.24
  36559.946    34.803    -3.91    4.86
  36937.353    34.861     0.15    5.23
  37314.673    34.043    -2.17    4.91
  37691.907    34.254     0.56    5.07
  38069.054    34.803     1.46    4.66
  38446.115    34.323    -1.27    4.98
  38823.089    34.493     0.45    5.72
  39199.977    34.635     0.38    6.32
  39576.779    33.601    -2.74    7.40
  39953.495    31.853    -4.64    8.56
  40330.124    31.038    -2.16    8.31
  40706.667    30.803    -0.62    7.73
  41083.124    31.803     2.66    7.02
  41459.495    31.575    -0.61    6.39
  41835.780    27.999    -9.50    7.18
  42211.979    26.165    -4.88    6.35
  42588.093    26.086    -0.21    6.35
  42964.120    26.728     1.71    7.08
  43340.062    28.479     4.66    6.75
  43715.918    28.516     0.10    7.65
  44091.689    28.152    -0.97    7.77
  44467.374    29.086     2.48    8.60
  44842.974    30.387     3.46    8.63
  45218.488    32.733     6.25    7.35
  45593.917    34.453     4.58    6.07
  45969.260    35.224     2.05    6.71
  46344.518    36.783     4.15    6.07
  46719.691    37.734     2.54    5.31
  47094.779    38.109     1.00    6.40
  47469.782    40.273     5.77    8.13
  47844.699    42.180     5.09    8.53
  48219.532    45.911     9.95    7.89
  48594.280    50.183    11.40    6.92
  48968.943    54.264    10.89    9.27
  49343.521    57.571     8.83   10.03
  49718.014    58.793     3.26    9.60
  50092.423    58.742    -0.14    8.72
  50466.747    58.483    -0.69    8.49
  50840.986    56.353    -5.69    8.35
  51215.141    55.932    -1.13    7.17
  51589.212    56.862     2.49    7.30
  51963.198    56.374    -1.30    7.35
  52337.100    56.068    -0.82    7.67
  52710.917    52.449    -9.68    7.79
  53084.650    51.453    -2.66    7.94
  53458.299    53.752     6.15    8.75
  53831.864    56.512     7.39    8.29
  54205.345    59.772     8.73    8.23
  54578.742    57.783    -5.32   10.35
  54952.054    54.177    -9.66   10.44
  55325.283    52.763    -3.79    9.18
  55698.428    52.248    -1.38    8.80
  56071.490    53.862     4.33    8.43
  56444.467    57.068     8.59    8.38
  56817.361    60.854    10.15    9.50
  57190.171    64.813    10.62    9.73
  57562.898    69.928    13.72   10.83
  57935.541    75.930    16.11   11.51
  58308.101    82.351    17.23   10.32
  58680.577    89.068    18.03   12.14
  59052.970    98.605    25.61   18.70
  59425.280   112.970    38.58   25.76
  59797.506   126.268    35.73   29.65
  60169.649   131.506    14.07   33.04
  60541.709   130.862    -1.73   33.68
  60913.686   124.288   -17.67   26.24
  61285.580   126.149     5.01   19.01
  61657.391   137.053    29.32   24.27
  62029.119   143.322    16.87   34.88
  62400.765   155.376    32.43   50.19
  62772.327   177.983    60.84   64.50
  63143.807   206.943    77.96   67.59
  63515.204   230.423    63.22   54.14
  63886.518   234.803    11.80   41.41
  64257.750   216.268   -49.93   41.00
  64628.899   194.891   -57.59   36.25
  64999.966   173.188   -58.49   29.02
  65370.951   154.342   -50.80   32.07
  65741.853   134.239   -54.20   33.15
  66112.673   114.545   -53.11   23.18
  66483.410   105.597   -24.14   12.79
  66854.065   110.060    12.04   12.69
  67224.638   120.516    28.21   15.04
  67595.130   134.419    37.52   15.46
  67965.539   148.615    38.32   20.28
  68335.866   167.370    50.64   25.88
  68706.111   190.626    62.81   35.09
  69076.274   223.694    89.33   46.93
  69446.355   260.189    98.61   57.05
  69816.355   300.025   107.66   62.73
  70186.273   323.613    63.76   49.91
  70556.109   328.989    14.54   40.08
  70925.864   306.043   -62.06   49.51
  71295.537   274.278   -85.92   47.48
  71665.128   246.679   -74.67   29.63
  72034.639   240.496   -16.73   22.21
  72404.067   247.933    20.13   26.48
  72773.415   262.283    38.85   29.53
  73142.681   276.170    37.61   34.17
  73511.866   285.417    25.04   35.78
  73880.969   296.166    29.12   36.94
  74249.992   312.123    43.24   37.57
  74618.933   334.011    59.32   42.03
  74987.794   359.978    70.40   42.96
  75356.573   375.881    43.12   34.37
  75725.272   375.867    -0.04   41.86
  76093.890   348.130   -75.24   64.43
  76462.427   315.227   -89.27   64.14
  76830.883   279.733   -96.33   56.86
  77199.258   253.553   -71.07   51.64
  77567.553   224.068   -80.05   46.94
  77935.767   206.328   -48.18   41.09
  78303.901   189.542   -45.59   35.17
  78671.954   176.120   -36.47   36.25
  79039.926   161.511   -39.70   29.87
  79407.819   158.393    -8.48   29.30
  79775.631   158.999     1.65   34.96
  80143.362   157.116    -5.12   39.27
  80511.014   145.960   -30.34   39.07
  80878.585   128.950   -46.27   33.55
  81246.076   112.615   -44.45   22.03
  81613.487   100.898   -31.89   14.89
  81980.818    93.234   -20.86   13.40
  82348.069    89.672    -9.70   10.23
  82715.240    94.661    13.59   17.25
  83082.331   111.823    46.75   32.83
  83449.343   139.729    76.03   43.45
  83816.274   172.615    89.62   41.82
  84183.126   199.760    73.99   33.77
  84549.898   216.563    45.81   28.61
  84916.591   231.611    41.04   31.56
  85283.204   255.203    64.35   38.81
  85649.737   281.257    71.08   41.08
  86016.191   300.262    51.86   33.73
  86382.566   305.413    14.06   26.08
  86748.861   293.933   -31.34   33.89
  87115.077   266.263   -75.55   47.87
  87481.214   240.288   -70.94   48.44
  87847.272   215.213   -68.50   47.63
  88213.250   203.833   -31.09   54.94
  88579.149   173.657   -82.47   73.51
  88944.969   134.733  -106.40   82.00
  89310.710    84.824  -136.45   57.18
  89676.373    55.813   -79.33   21.38
  90041.956    48.423   -20.21    1.81
  90407.460    48.543     0.33    1.19
  90772.886    48.912     1.01    0.88
  91138.233    48.445    -1.28    2.60
  91503.501    47.233    -3.32    3.71
  91868.691    45.647    -4.34    4.09
  92233.802    45.011    -1.74    4.06
  92598.834    44.323    -1.88    3.70
  92964.391    44.343     0.05    3.49
  93345.858    43.575    -2.01    3.43
  93727.237    42.731    -2.21    3.11
  94108.529    41.793    -2.46    2.42
  94489.734    41.173    -1.63    0.93
  94870.853    41.199     0.07    0.74
  95251.884    41.164    -0.09    0.72
  95632.828    41.233     0.18    1.31
  96013.685    42.621     3.64    2.98
  96394.455    44.383     4.63    3.27
  96775.139    46.061     4.41    2.27
  97155.736    47.133     2.82    1.61
  97536.246    48.629     3.93    3.43
  97916.669    51.743     8.18    6.20
  98297.006    55.916    10.97    7.77
  98677.257    62.136    16.36   10.75
  99057.421    69.884    20.38   11.67
  99437.499    73.682     9.99    8.73
  99817.490    75.710     5.34    6.21
 100197.395    74.399    -3.45    6.85
 100577.214    70.864    -9.31    7.91
 100956.947    70.123    -1.95    9.47
 101336.593    73.003     7.59   11.89
 101716.154    79.530    17.20   15.01
 102095.629    89.211    25.51   14.00
 102475.017    97.873    22.83   10.05
 102854.320   102.292    11.65    9.81
 103233.537   102.803     1.35   10.12
 103612.669   104.601     4.74   10.00
 103991.714   109.703    13.46   11.85
 104370.674   117.334    20.14   16.06
 104749.549   127.732    27.44   16.70
 105128.338   137.085    24.69   16.31
 105507.041   135.333    -4.63   22.10
 105885.659   134.877    -1.20   22.71
 106264.192   139.673    12.67   22.48
 106642.639   146.183    17.20   25.20
 107021.001   166.343    53.28   34.36
 107399.278   188.970    59.81   33.05
 107777.470   207.803    49.79   33.69
 108155.577   221.151    35.30   30.89
 108533.599   225.914    12.60   34.66
 108911.536   224.122    -4.74   37.53
 109289.388   220.353    -9.98   31.37
 109667.155   220.287    -0.17   23.78
 110044.837   216.670    -9.58   25.44
 110422.435   210.854   -15.40   35.26
 110799.948   190.893   -52.87   36.11
 111177.376   169.523   -56.62   28.22
 111554.720   153.732   -41.84   26.49
 111931.979   143.150   -28.05   28.48
 112309.154   131.308   -31.39   24.50
 112686.244   123.873   -19.72   18.17
 113063.250   117.803   -16.10   15.02
 113440.172   116.985    -2.17   15.86
 113817.010   124.353    19.55   17.59
 114193.763   136.924    33.36   20.80
 114570.433   156.282    51.39   24.57
 114947.018   172.603    43.34   19.93
 115323.519   183.102    27.88   13.26
 115699.937   178.924   -11.10   20.63
 116076.270   163.287   -41.55   30.65
 116452.520   142.683   -54.76   30.63
 116828.685   124.357   -48.71   26.94
 117204.768   106.353   -47.87   24.64
 117580.766    91.674   -39.04   20.80
 117956.681    76.883   -39.34   16.20
 118332.512    65.845   -29.37   12.11
 118708.260    58.713   -18.98    7.71
 119083.924    57.042    -4.45    5.10
 119459.505    63.724    17.79   12.39
 119835.003    75.102    30.30   18.28
 120210.417    92.803    47.15   23.14
 120585.748   109.591    44.72   22.89
 120960.996   127.033    46.48   21.25
 121336.161   137.648    28.29   20.30
 121711.242   142.670    13.39   20.53
 122086.241   140.854    -4.84   22.56
 122461.157   134.968   -15.70   23.03
 122835.990   128.762   -16.55   20.15
 123210.740   125.126    -9.70   15.24
 123585.407   126.623     4.00   12.66
 123959.991   133.079    17.24   14.71
 124334.493   142.173    24.28   17.87
 124708.912   153.455    30.13   17.31
 125083.249   164.629    29.85   17.22
 125457.503   176.427    31.52   17.83
 125831.674   188.591    32.51   17.29
 126205.764   202.599    37.44   20.20
 126579.770   221.844    51.45   24.93
 126953.695   241.928    53.71   27.98
 127327.537   267.803    69.21   30.50
 127701.297   289.373    57.71   26.85
 128074.975   306.678    46.31   21.18
 128448.571   309.568     7.74   22.48
 128822.084   301.262   -22.24   30.79
 129195.516   284.520   -44.83   36.09
 129568.866   265.265   -51.57   37.66
 129942.134   246.507   -50.25   33.46
 130315.320   236.379   -27.14   25.53
 130688.424   237.203     2.21   23.92
 131061.447   239.271     5.54   25.40
 131434.388   239.021    -0.67   29.15
 131807.247   236.184    -7.61   31.08
 132180.025   235.591    -1.59   28.04
 132552.721   240.773    13.90   25.47
 132925.336   251.953    30.00   27.86
 133297.869   259.517    20.30   33.96
 133670.321   267.803    22.24   37.10
 134042.692   274.903    19.07   37.53
 134414.982   288.970    37.78   39.27
 134787.190   308.683    52.96   40.96
 135159.317   331.042    60.08   35.43
 135531.363   335.976    13.26   29.44
 135903.328   326.889   -24.43   29.51
 136275.212   305.985   -56.21   32.59
 136647.015   285.884   -54.06   28.64
 137018.737   270.436   -41.56   21.90
 137390.379   271.292     2.31   25.32
 137761.939   287.419    43.40   33.24
 138133.419   308.510    56.77   31.18
 138504.818   327.750    51.80   22.24
 138876.137   334.035    16.92   16.93
 139247.375   328.575   -14.71   23.23
 139618.533   300.813   -74.79   46.43
 139989.610   260.695  -108.10   54.73
 140360.606   223.530  -100.17   43.07
 140731.523   206.980   -44.62   22.69
 141102.359   220.793    37.24   35.32
 141473.114   250.599    80.39   44.35
 141843.790   285.633    94.51   39.52
 142214.385   304.772    51.64   26.94
 142584.900   312.303    20.32   22.91
 142955.335   308.713    -9.69   29.19
 143325.691   305.373    -9.02   27.71
 143695.966   299.223   -16.61   24.92
 144066.161   287.629   -31.32   23.97
 144436.277   271.762   -42.87   25.54
 144806.312   257.190   -39.38   20.63
 145176.268   245.914   -30.48   24.16
 145546.144   239.550   -17.20   31.29
 145915.941   224.613   -40.39   38.87
 146285.658   206.772   -48.25   43.85
 146655.296   180.617   -70.75   37.59
 147024.854   164.129   -44.61   26.21
 147394.332   156.867   -19.65   13.53
 147763.731   167.934    29.96   20.66
 148133.051   185.698    48.09   25.15
 148502.291   204.058    49.72   25.39
 148871.453   225.136    57.09   29.05
 149240.535   247.601    60.86   34.58
 149609.538   269.256    58.68   32.51
 149978.462   292.157    62.07   29.27
 150347.306   312.483    55.10   24.40
 150716.072   329.825    47.02   20.96
 151084.759   338.473    23.45   15.67
 151453.367   334.509   -10.75   23.78
 151821.896   313.170   -57.90   35.49
 152190.347   286.407   -72.63   34.50
 152558.718   258.242   -76.45   28.35
 152927.011   236.017   -60.34   24.19
 153295.226   213.771   -60.41   21.69
 153663.362   201.217   -34.10   15.74
 154031.419   193.564   -20.79    7.66
 154399.397   196.651     8.39   10.17
 154767.298   206.405    26.51   14.44
 155135.120   221.353    40.63   20.54
 155502.863   237.150    42.95   22.61
 155870.528   257.670    55.81   22.69
 156238.116   280.946    63.31   28.76
 156605.624   317.367    99.09   50.06
 156973.055   358.527   112.01   71.63
 157340.408   413.835   150.54   88.52
 157707.682   465.273   140.04   87.62
 158074.879   490.824    69.58   67.59
 158441.997   493.863     8.28   47.92
 158809.038   473.688   -54.96   54.88
 159176.001   428.234  -123.85   70.77
 159542.886   381.027  -128.66   64.76
 159909.694   343.522  -102.24   38.55
 160276.423   334.924   -23.44   25.93
 160643.075   337.249     6.34   23.15
 161009.650   343.702    17.60   16.28
 161376.147   340.834    -7.82   19.90
 161742.566   327.514   -36.35   24.58
 162108.908   318.597   -24.34   16.15
 162475.172   317.729    -2.37   11.08
 162841.360   327.936    27.87   21.43
 163207.469   347.259    52.78   36.88
 163573.502   380.983    92.12   59.13
 163939.457   402.645    59.19   55.35
 164305.336   400.048    -7.10   50.85
 164671.137   380.115   -54.48   53.26
 165036.861   344.084   -98.51   51.00
 165402.508   314.293   -81.47   39.95
 165768.078   289.056   -69.03   27.18
 166133.571   272.033   -46.57   21.59
 166498.987   259.718   -33.70   15.76
 166864.327   248.548   -30.57   12.66
 167229.589   240.266   -22.67   10.08
 167594.775   238.045    -6.08   11.70
 167971.823   241.578     9.37   17.53
 168353.034   252.424    28.45   21.48
 168734.160   258.813    16.76   18.49
 169115.202   253.382   -14.25   21.39
 169496.158   237.823   -40.84   25.32
 169877.029   219.015   -49.38   20.22
 170257.816   205.619   -35.18   12.01
 170638.518   196.908   -22.88    8.51
 171019.136   193.099   -10.01    7.13
 171399.669   190.376    -7.15    4.95
 171780.118   189.803    -1.51    3.35
 172160.482   192.813     7.91    5.56
 172540.761   198.854    15.88    9.69
 172920.957   210.298    30.09   15.04
 173301.068   222.864    33.06   16.63
 173681.095   237.813    39.33   15.08
 174061.037   248.866    29.09   12.38
 174440.896   257.308    22.22    9.29
 174820.671   261.720    11.61    6.39
 175200.361   264.105     6.28    6.17
 175579.968   266.318     5.83    8.68
 175959.491   271.532    13.74   13.35
 176338.930   276.940    14.25   16.42
 176718.285   280.147     8.45   20.38
 177097.556   279.885    -0.69   24.38
 177476.744   274.519   -14.15   25.77
 177855.848   270.597   -10.34   23.00
 178234.869   270.709     0.30   19.48
 178613.806   275.636    13.00   20.37
 178992.659   284.793    24.17   23.56
 179371.429   294.220    24.89   23.74
 179750.116   305.613    30.08   19.41
 180128.720   312.607    18.47   14.40
 180507.240   319.992    19.51   10.22
 180885.677   329.659    25.54   18.67
 181264.032   342.071    32.80   26.32
 181642.303   355.619    35.81   31.37
 182020.490   373.929    48.41   31.51
 182398.595   389.267    40.56   32.56
 182776.618   409.561    53.68   32.61
 183154.557   431.886    59.06   30.77
 183532.413   453.287    56.63   28.31
 183910.187   468.548    40.39   18.66
 184287.878   472.609    10.75   15.65
 184665.486   464.129   -22.45   22.07
 185043.012   448.738   -40.76   23.54
 185420.455   439.001   -25.79   19.97
 185797.816   437.143    -4.92   18.81
 186175.094   441.256    10.90   19.13
 186552.290   437.749    -9.30   22.50
 186929.404   422.865   -39.46   29.26
 187306.435   399.187   -62.79   30.39
 187683.384   376.507   -60.16   27.40
 188060.251   359.075   -46.25   20.32
 188437.036   352.237   -18.14   22.16
 188813.739   347.957   -11.36   29.09
 189190.360   343.511   -11.80   33.45
 189566.899   334.421   -24.14   34.18
 189943.356   322.782   -30.91   31.07
 190319.731   311.520   -29.92   27.43
 190696.024   306.884   -12.32   26.76
 191072.236   307.441     1.48   31.61
 191448.365   309.793     6.25   34.27
 191824.414   307.825    -5.23   33.57
 192200.380   297.195   -28.27   33.71
 192576.265   284.663   -33.33   31.21
 192952.069   274.032   -28.29   29.61
 193327.791   271.092    -7.83   36.20
 193703.432   274.615     9.38   40.24
 194078.992   270.345   -11.37   42.49
 194454.470   265.415   -13.13   45.86
 194829.867   257.220   -21.83   45.23
 195205.183   245.108   -32.27   42.46
 195580.418   233.782   -30.18   36.69
 195955.571   220.982   -34.12   29.37
 196330.644   209.102   -31.67   20.63
 196705.636   200.140   -23.90   14.82
 197080.547   193.677   -17.24   10.45
 197455.376   191.045    -7.02   10.98
 197830.126   190.762    -0.75   12.55
 198204.794   192.503     4.65   14.70
 198579.382   194.334     4.89   16.81
 198953.889   197.770     9.17   20.64
 199328.315   201.303     9.44   28.48
 199702.661   207.249    15.88   38.13
 200076.927   208.421     3.13   39.76
 200451.112   207.440    -2.62   38.94
 200825.216   203.751    -9.86   36.15
 201199.240   198.759   -13.34   32.30
 201573.184   191.504   -19.40   29.69
 201947.048   184.161   -19.64   26.80
 202320.832   174.906   -24.76   23.31
 202694.535   169.287   -15.03   18.58
 203068.158   167.126    -5.78   16.20
 203441.702   171.584    11.93   18.82
 203815.165   175.234     9.77   17.47
 204188.548   173.490    -4.67   16.99
 204561.852   164.072   -25.23   20.08
 204935.075   153.617   -28.01   21.20
 205308.219   140.564   -34.98   16.89
 205681.283   130.803   -26.16   10.53
 206054.268   123.846   -18.65    5.82
 206427.173   119.863   -10.68    4.95
 206799.998   116.944    -7.83    4.89
 207172.744   114.813    -5.72    5.64
 207545.410   113.759    -2.83    5.29
 207917.997   113.990     0.62    4.61
 208290.504   114.287     0.80    3.42
 208662.932   114.803     1.39    2.29
 209035.281   113.992    -2.18    2.59
 209407.550   112.119    -5.03    2.84
 209779.741   110.334    -4.79    2.86
 210151.852   108.792    -4.14    1.72
 210523.884   108.761    -0.08    1.61
 210895.837   108.720    -0.11    1.46
 211267.712   108.679    -0.11    1.44
 211639.507   110.308     4.38    3.91
 212011.223   121.367    29.74   18.60
 212382.861   143.189    58.71   32.66
 212754.420   174.071    83.10   40.23
 213125.900   206.642    87.67   35.51
 213497.301   234.719    75.59   28.54
 213868.624   252.540    47.99   18.03
 214239.868   258.228    15.32   12.90
 214611.033   252.462   -15.53   20.84
 214982.120   235.374   -46.04   28.83
 215353.129   217.865   -47.19   27.28
 215724.059   205.276   -33.93   22.13
 216094.911   206.906     4.39   23.71
 216465.685   219.657    34.38   28.23
 216836.380   238.171    49.94   27.36
 217206.998   257.925    53.29   27.96
 217577.537   277.236    52.11   28.66
 217947.998   292.899    42.27   24.86
 218318.381   301.834    24.12   16.34
 218688.686   298.846    -8.07   20.44
 219058.913   285.657   -35.62   29.70
 219429.062   269.466   -43.74   34.75
 219799.133   259.550   -26.79   33.89
 220169.127   261.157     4.34   32.69
 220539.042   266.781    15.20   33.98
 220908.880   273.272    17.55   33.49
 221278.641   280.292    18.98   31.07
 221648.324   284.167    10.48   28.39
 222017.929   294.470    27.87   27.72
 222387.456   312.845    49.72   32.20
 222756.907   339.001    70.79   35.64
 223126.280   371.209    87.18   41.15
 223495.575   407.867    99.25   48.67
 223864.793   454.992   127.62   57.30
 224233.934   495.659   110.15   56.14
 224602.998   517.792    59.96   46.09
 224971.984   504.473   -36.09   62.66
 225340.893   468.264   -98.14   78.40
 225709.726   402.792  -177.48   83.20
 226078.481   334.610  -184.87   63.72
 226447.159   276.876  -156.57   54.50
 226815.761   241.233   -96.68   43.33
 227184.285   226.678   -39.49   40.30
 227552.733   235.855    24.90   51.90
 227921.104   255.282    52.73   63.93
 228289.398   281.105    70.10   71.06
 228657.615   297.569    44.71   84.41
 229025.756   293.928    -9.89   98.18
 229393.820   279.520   -39.14  104.90
 229761.807   258.272   -57.73  104.07
 230129.719   238.662   -53.29   93.83
 230497.553   209.582   -79.04   81.55
 230865.311   182.992   -72.29   66.28
 231232.993   156.203   -72.85   41.85
 231600.599   142.899   -36.19   20.47
 231968.128   142.394    -1.37   14.31
 232335.581   147.709    14.46   19.99
 232702.958   149.507     4.89   21.03
 233070.259   146.136    -9.18   19.40
 233437.483   138.583   -20.56   12.14
 233804.632   134.919    -9.98    5.44
 234171.705   134.090    -2.26    2.43
 234538.701   134.803     1.94    2.34
 234905.622   135.782     2.67    1.93
 235272.467   136.222     1.20    1.61
 235639.236   136.308     0.23    1.47
 236005.930   136.792     1.32    1.63
 236372.547   137.473     1.86    1.71
 236739.089   137.614     0.38    1.55
 237105.556   137.709     0.26    1.56
 237471.947   138.048     0.92    1.88
 237838.262   138.688     1.75    2.22
 238204.502   139.466     2.12    2.39
 238570.666   140.932     4.00    2.77
 238936.755   143.413     6.78    5.79
 239302.769   147.711    11.74    9.47
 239668.707   157.696    27.28   21.17
 240034.570   173.249    42.50   38.77
 240400.358   196.929    64.73   56.01
 240766.071   214.526    48.11   63.75
 241131.709   229.855    41.92   58.50
 241497.271   249.867    54.73   62.09
 241862.759   287.955   104.19   74.19
 242228.172   319.772    87.06   72.65
 242600.573   335.658    42.65   72.41
 242981.617   305.936   -77.99   86.26
 243362.578   260.506  -119.23   76.01
 243743.456   225.636   -91.54   43.09
 244124.252   211.949   -35.94   25.77
 244504.965   204.845   -18.66   29.73
 244885.595   202.758    -5.48   39.74
 245266.144   200.834    -5.05   48.16
 245646.609   192.662   -21.48   49.91
 246026.993   180.866   -31.00   40.12
 246407.294   174.803   -15.94   30.77
 246787.512   167.561   -19.04   18.18
 247167.649   165.550    -5.29   14.42
 247547.703   164.487    -2.80   13.74
 247927.676   164.900     1.09   14.09
 248307.566   172.687    20.50   22.89
 248687.375   191.642    49.90   41.63
 249067.101   212.484    54.88   51.63
 249446.746   236.016    61.97   60.48
 249826.308   247.298    29.72   67.93
 250205.789   251.072     9.94   73.16
 250585.188   244.929   -16.19   69.39
 250964.506   245.618     1.82   58.53
 251343.742   233.397   -32.22   45.28
 251722.896   219.136   -37.60   34.11
 252101.969   208.477   -28.12   24.87
 252480.961   208.122    -0.94   26.66
 252859.871   227.719    51.71   41.84
 253238.699   265.750   100.37   49.21
 253617.447   299.111    88.07   40.10
 253996.113   319.973    55.08   28.21
 254374.697   326.537    17.33   34.19
 254753.201   325.867    -1.77   44.22
 255131.624   312.855   -34.38   58.91
 255509.965   289.999   -60.40   70.14
 255888.226   256.550   -88.41   71.15
 256266.406   224.158   -85.64   60.11
 256644.504   203.845   -53.71   47.05
 257022.522   190.133   -36.27   33.71
 257400.459   187.207    -7.74   27.95
 257778.316   184.287    -7.73   24.09
 258156.091   181.324    -7.84   23.00
 258533.786   176.207   -13.55   20.48
 258911.401   166.654   -25.29    8.81
 259288.935   163.228    -9.07    2.22
 259666.388   162.708    -1.38    1.76
 260043.761   161.683    -2.72    1.47
 260421.053   160.613    -2.84    1.74
 260798.266   159.618    -2.64    1.80
 261175.398   158.740    -2.33    1.49
 261552.449   158.007    -1.94    1.35
 261929.421   158.133     0.33    1.58
 262306.312   159.649     4.02    4.13
 262683.124   163.655    10.63    8.07
 263059.855   170.662    18.59   11.68
 263436.506   179.982    24.74   14.79
 263813.078   191.550    30.71   15.57
 264189.569   201.729    27.03   15.23
 264565.981   211.879    26.96   13.28
 264942.313   222.119    27.20   14.82
 265318.565   231.901    25.99   16.06
 265694.737   239.813    21.03   18.66
 266070.830   247.106    19.39   22.84
 266446.843   251.111    10.65   24.14
 266822.777   255.665    12.11   23.37
 267198.631   260.920    13.98   18.75
 267574.406   262.148     3.27   14.54
 267950.102   266.771    12.30   17.07
 268325.718   277.507    28.58   23.73
 268701.254   292.484    39.87   28.69
 269076.712   307.770    40.70   19.97
 269452.090   311.865    10.91   13.46
 269827.390   309.129    -7.29   17.80
 270202.610   298.750   -27.65   23.25
 270577.751   290.330   -22.44   20.95
 270952.813   289.196    -3.02   17.61
 271327.796   295.385    16.50   18.16
 271702.701   310.718    40.89   24.56
 272077.526   331.286    54.86   33.16
 272452.273   362.175    82.41   39.32
 272826.941   392.996    82.25   37.24
 273201.530   416.717    63.31   25.19
 273576.041   424.473    20.71   13.76
 273950.473   412.920   -30.85   26.06
 274324.826   392.601   -54.27   33.76
 274699.101   364.996   -73.74   35.29
 275073.298   344.290   -55.32   31.13
 275447.416   327.474   -44.94   23.26
 275821.456   319.286   -21.89   22.43
