# NaN NaN NaN ;Mean Elev.(m), Avg Gradient(m/km), RMS Gradient(m/km) - SRTM1     
#   -9.564  -0.835   5.161 ;Mean Elev.(m), Avg Gradient(m/km), RMS Gradient(m/km) - ASTER GDEM
#    5.054  -0.260   3.482 ;Mean Elev.(m), Avg Gradient(m/km), RMS Gradient(m/km) - GMTED2010 
  7 158.457837  68.760345     6.445     7.545 25 52467.03941073 17.778
  8 158.451223  68.761024     5.239     5.068 23 52502.03940263 22.429
  9 158.424234  68.717939     5.537     5.666  4 52537.03939675 28.985
 10 158.469736  68.767617     0.637     0.627 21 52572.03942377 38.697
 11 158.453655  68.759835     2.720     1.813 24 52607.03938426 23.935
 12 158.493051  68.778730     4.898     4.782 13 52642.03937758 20.572
 13 158.453550  68.760919     5.395     5.061 24 52677.03936859 16.418
 14 158.463599  68.756497     5.737     5.918 14 52712.03939970 14.372
 15 158.445046  68.763226     4.822     4.795 16 52747.03942603 13.790
 16 158.428671  68.723954     1.516     1.493  6 52782.03937236 34.926
 17 158.467434  68.755090     7.721     7.541 10 52817.03944530 21.429
 18 158.465336  68.756779     6.284     6.337 12 52852.03949573 18.622
 20 158.448780  68.761638     5.832     5.850 22 52922.03948478 22.199
 21 158.423146  68.718069     5.017     5.101  4 52957.03945843 21.176
 22 158.493387  68.779247     4.657     4.538 13 52992.03946635 18.598
 23 158.455024  68.761065     4.944     4.469 24 53027.03943631 14.653
 24 158.497780  68.780994     4.910     4.893 12 53062.03944067 14.531
 25 158.444650  68.763289     4.439     4.394 15 53097.03946921 12.989
 26 158.428204  68.723869     5.404     5.317  7 53132.03944965 10.891
 28 158.459252  68.759177     7.101     7.667 18 53202.03952062 21.311
 29 158.455972  68.759418     7.751     8.142 25 53237.03948985 21.111
 30 158.421568  68.711871     7.105     7.105  2 53272.03945602 16.245
 31 158.475204  68.770998     1.617     1.286 19 53307.03950875 24.612
 33 158.443274  68.759473     5.567     5.368 21 53377.03941317 12.894
 35 158.421259  68.713644     5.612     5.609  3 53447.03944727 12.560
 36 158.473738  68.769836     6.011     6.287 19 53482.03952124 11.776
 37 158.457280  68.759990     5.996     4.910 26 53517.03952546 33.194
 38 158.450435  68.760193     7.095     7.933 24 53552.03954641 19.686
 39 158.456028  68.760822     6.238     7.554 24 53587.03950026 31.749
 40 158.467105  68.755733     3.329     3.324 12 53622.03946643 52.330
 41 158.489887  68.777491     5.660     6.476 13 53657.03948999 23.412
 42 158.451762  68.760373     0.143     0.141 24 53692.03947996 28.224
 43 158.441545  68.759208     0.199     0.193 20 53727.03940399 23.114
 44 158.422214  68.715488     0.467     0.492  3 53762.03936550 19.591
 45 158.451573  68.760245     5.218     5.060 23 53797.03936941 12.359
 47 158.487046  68.776430     2.513     2.520 15 53867.03942384 11.657
 48 158.458875  68.759544     8.077     8.101 22 53902.03945743 22.872
 49 158.451475  68.760983     6.235     7.364 23 53937.03949570 19.329
 50 158.446427  68.760469     6.690     7.416 22 53972.03946098 23.236
 52 158.467813  68.756302     5.631     5.389 12 54042.03947109 12.696
 53 158.451935  68.759742     5.893     5.849 24 54077.03946516 12.226
 54 158.417010  68.744034     4.634     4.260  7 54112.03940896 10.235
 56 158.445217  68.762925     6.008     6.231 17 54182.03939255  8.828
 57 158.463959  68.758119     5.653     5.853 14 54217.03941563  8.436
 58 158.474428  68.770198     8.336     8.292 19 54252.03943908 51.834
 59 158.454968  68.757979     3.863     3.865 24 54287.03944708 51.109
 60 158.459138  68.759554     5.699     5.233 20 54322.03944384 26.333
 61 158.443274  68.759655     7.246     7.365 21 54357.03940347 19.839
 62 158.478810  68.773248     1.219     1.218 17 54392.03938143 40.551
 63 158.455061  68.761358     6.401     6.746 24 54427.03935303 17.888
 64 158.494371  68.779625     6.023     6.566 13 54462.03935734 12.776
 65 158.452553  68.759316     6.561     6.775 24 54497.03936122 11.571
 66 158.463488  68.757992     6.020     6.318 14 54532.03937520 11.376
 67 158.443652  68.759874     6.879     6.969 21 54567.03936642 11.816
 68 158.478277  68.772219     5.202     6.293 17 54602.03936752 19.064
 69 158.458059  68.761032     7.269     7.895 25 54637.03938167 24.541
 70 158.455396  68.760544     3.269     2.815 25 54672.03938526 34.435
 71 158.451422  68.760537     4.918     5.568 23 54707.03934517 19.966
 72 158.484521  68.775279     6.405     6.857 15 54742.03934664 18.912
 73 158.454563  68.760167     0.687     0.690 25 54777.03932652 28.590
 74 158.499586  68.781868     5.070     4.782 11 54812.03933853 19.374
 75 158.451756  68.760708     4.717     4.981 24 54847.03932674 14.208
 76 158.461895  68.758921     4.836     4.561 16 54882.03934698 12.837
 77 158.442285  68.760488     4.183     4.289 18 54917.03933011 11.617
 78 158.479091  68.772935     5.303     5.662 17 54952.03933754 12.466
 79 158.449284  68.752010     7.576     7.441 21 54987.03936658 23.244
 80 158.458442  68.761033     7.548     7.843 25 55022.03935738 16.668
 81 158.454640  68.759174     5.321     5.815 25 55057.03935406 21.300
 82 158.445632  68.760797     4.478     4.467 21 55092.03931072 52.519
 83 158.441463  68.744206     0.491     0.502 17 55127.03929689 41.665
 84 158.453056  68.760638     2.555     1.867 24 55162.03927200 24.041
 85 158.464812  68.757507     4.280     4.187 14 55197.03928468 18.479
 86 158.445723  68.759892     4.268     4.043 22 55232.03927605 14.972
 87 158.441542  68.744304     4.813     4.457 17 55267.03928263 15.623
 88 158.446869  68.760975     4.958     4.873 22 55302.03925634 13.067
 89 158.456763  68.760222     3.481     3.482 24 55337.03925386 39.790
 90 158.454673  68.758007     7.898     8.145 24 55372.03924425 19.820
 91 158.489028  68.777317     5.349     6.601 15 55407.03925976 29.309
 92 158.455362  68.760136     4.169     4.177 24 55442.03926294 49.344
 93 158.443691  68.760166     5.613     5.952 20 55477.03920472 23.051
