# NaN NaN NaN ;Mean Elev.(m), Avg Gradient(m/km), RMS Gradient(m/km) - SRTM1     
#    3.011  -0.389   5.893 ;Mean Elev.(m), Avg Gradient(m/km), RMS Gradient(m/km) - ASTER GDEM
#    7.593   0.376   4.240 ;Mean Elev.(m), Avg Gradient(m/km), RMS Gradient(m/km) - GMTED2010 
  6 154.054687  67.532741    15.508    15.491  6 52438.04766571 50.510
  7 154.056849  67.533213    10.113    10.064  6 52473.04766573 37.389
  8 154.056257  67.532977    10.698     9.533  6 52508.04763663 30.134
 11 154.047482  67.530578     8.816     7.664  5 52613.04763680 25.000
 12 154.072867  67.535793    14.314    15.541  6 52648.04761803 21.519
 13 154.061846  67.532771    13.937    13.696  7 52683.04759361 19.357
 14 154.063464  67.532145    12.506    12.694  7 52718.04765047 18.148
 15 154.032574  67.526860     8.736     7.880  5 52753.04767727 17.950
 17 154.081860  67.538511    13.902    13.948  3 52823.04769136 29.028
 18 154.081028  67.538361     8.357     8.364  3 52858.04773810 44.532
 19 154.057870  67.532391    10.025    10.050  6 52893.04777161 35.862
 20 154.037338  67.528358    10.361    10.282  5 52928.04772402 28.680
 22 154.057436  67.532423    14.692    14.738  7 52998.04773865 15.416
 23 154.040579  67.528764    12.448    12.067  5 53033.04769516 15.327
 24 154.067820  67.532610    14.930    15.796  7 53068.04770662 14.797
 25 154.035211  67.527470    12.112    12.398  5 53103.04769770 13.601
 26 154.079724  67.538584     8.788     8.833  3 53138.04770881 25.924
 27 154.063700  67.531925    15.099    15.476  7 53173.04775432 22.711
 28 154.057680  67.532580    14.061    14.210  7 53208.04776990 22.933
 29 154.056689  67.532424    10.518    10.531  6 53243.04773762 49.966
 31 154.064172  67.533857     8.271     8.264  7 53313.04774356 24.598
 32 154.058793  67.532248    10.922    11.725  6 53348.04770975 18.465
 33 154.084492  67.537996    16.427    16.126  3 53383.04767550 15.955
 34 154.069966  67.533877    15.141    15.891  7 53418.04768837 14.167
 36 154.055982  67.531721    10.731     9.957  7 53488.04777692 13.099
 37 154.065576  67.533498    15.094    15.448  7 53523.04776559 26.137
 38 154.049571  67.530778    15.642    16.642  6 53558.04779236 22.369
 39 154.056148  67.531531    10.766    10.793  6 53593.04772929 31.058
 40 154.082137  67.537863    17.300    17.240  3 53628.04771852 19.728
 41 154.063781  67.533584     9.056     7.718  7 53663.04774469 40.971
 42 154.055269  67.532915     7.421     7.435  6 53698.04770782 26.042
 43 154.047912  67.531140    13.474    13.614  5 53733.04763082 18.070
 44 154.080221  67.538253    17.292    17.482  3 53768.04760737 15.081
 45 154.054622  67.532792    15.776    15.765  6 53803.04760745 13.832
 46 154.083326  67.538083    17.215    17.251  3 53838.04762017 14.499
 47 154.067777  67.533787     8.416     8.410  7 53873.04767160 30.003
 48 154.062221  67.532741    13.967    13.951  7 53908.04771392 26.907
 49 154.050237  67.531845    10.002     9.977  5 53943.04773969 31.099
 50 154.043781  67.529869    17.602    17.615  5 53978.04769216 17.531
 52 154.073267  67.534551     9.683     7.813  4 54048.04770860 26.358
 54 154.037866  67.528846    13.175    13.710  5 54118.04763364 13.292
 55 154.061230  67.532924    15.920    16.074  7 54153.04765551 12.014
 57 154.068539  67.534207    16.470    16.535  7 54223.04766492  7.192
 58 154.061192  67.532267    15.577    15.576  6 54258.04768726 48.307
 59 154.063624  67.532593    15.606    15.858  7 54293.04768993 21.841
 60 154.058787  67.532797    15.756    16.287  7 54328.04768542 21.052
 61 154.040995  67.529692    17.508    17.392  5 54363.04763487 18.090
 62 154.068365  67.533957     9.570     8.292  7 54398.04762476 35.849
 63 154.050478  67.531970     7.740     7.762  6 54433.04758387 28.281
 64 154.075232  67.534640    15.918    16.331  4 54468.04760670 14.062
 65 154.050871  67.530448    12.824    12.898  6 54503.04760007 13.916
 66 154.063217  67.533559    14.579    15.060  7 54538.04762283 13.948
 67 154.047983  67.530950    12.823    13.380  6 54573.04760108 12.329
 68 154.063932  67.533710    15.037    14.607  7 54608.04761585 41.273
 69 154.057675  67.532035    10.280    10.267  7 54643.04762495 37.827
 70 154.059622  67.532058     9.721     9.780  6 54678.04762660 26.816
 71 154.045189  67.529957    11.378    11.800  6 54713.04758057 22.344
 72 154.065062  67.532100    12.151     9.651  7 54748.04759559 36.181
 73 154.056032  67.531756    10.802    11.356  6 54783.04756699 24.591
 74 154.068789  67.533753    15.690    15.821  7 54818.04758774 16.800
 75 154.054689  67.531701    14.651    14.491  6 54853.04756414 14.749
 76 154.060732  67.532505    15.480    15.501  6 54888.04759288 13.888
 77 154.038426  67.529546    14.902    15.252  5 54923.04756517 13.259
 78 154.068072  67.533598    12.264    11.923  7 54958.04758900 14.156
 79 154.058554  67.532331    17.319    17.242  7 54993.04761221 21.904
 80 154.056486  67.531352     9.381     9.413  6 55028.04760284 33.919
 82 154.036958  67.528495    12.871    12.754  4 55098.04754291 18.672
 83 154.065984  67.533040     7.700     7.708  7 55133.04753834 37.931
 84 154.053265  67.530954    14.331    14.250  6 55168.04750438 17.171
 85 154.066561  67.533644    15.736    15.707  7 55203.04753060 15.319
 86 154.047910  67.530859    14.264    14.247  6 55238.04751231 15.017
 87 154.058204  67.531911    14.938    15.255  7 55273.04752494 14.313
 88 154.045168  67.530745    13.774    13.634  5 55308.04749475 13.529
 89 154.063642  67.533173    16.135    16.336  7 55343.04749380 26.666
 90 154.053783  67.531174    10.559    10.501  6 55378.04748874 39.315
 91 154.068309  67.532866    10.254     9.493  6 55413.04751217 33.558
 92 154.055862  67.531141    13.124    13.403  6 55448.04750250 20.667
 93 154.038394  67.529073     9.162     9.132  5 55483.04743220 46.457
