-128647.887    25.651     0.00    6.06
-128267.730    22.165    -9.17    5.77
-127887.664    21.058    -2.91    7.50
-127507.689    20.114    -2.48    7.71
-127127.804    24.451    11.42   10.55
-126748.009    27.655     8.44    9.71
-126368.305    29.375     4.53    8.54
-125988.691    31.233     4.90    9.03
-125609.168    30.951    -0.74    9.83
-125229.735    28.628    -6.12   11.67
-124850.392    26.604    -5.34   13.47
-124471.139    26.694     0.24   13.09
-124091.976    26.556    -0.36   11.61
-123712.903    25.908    -1.71    9.13
-123333.920    25.784    -0.33    7.53
-122955.027    23.828    -5.16    7.56
-122576.224    22.344    -3.92    6.55
-122197.510    21.791    -1.46    6.14
-121818.886    22.039     0.66    6.28
-121440.352    23.027     2.61    6.26
-121061.907    22.471    -1.47    5.19
-120683.552    21.280    -3.15    4.26
-120305.286    22.441     3.07    5.32
-119927.110    23.729     3.41    5.79
-119549.023    23.431    -0.79    6.75
-119171.025    22.804    -1.66    6.26
-118793.116    21.293    -4.00    5.64
-118415.296    20.319    -2.58    4.99
-118037.566    20.167    -0.40    5.84
-117659.924    20.168     0.00    7.90
-117282.371    20.606     1.16    8.41
-116904.907    19.851    -2.00    6.93
-116527.532    17.257    -6.87    5.42
-116150.246    15.956    -3.45    5.55
-115773.048    16.095     0.37    5.80
-115395.939    16.045    -0.13    6.17
-115018.919    17.961     5.08    5.80
-114641.987    18.798     2.22    5.45
-114265.143    17.023    -4.71    5.23
-113888.388    14.053    -7.88    3.65
-113511.721    12.175    -4.99    3.12
-113135.143    12.012    -0.43    3.66
-112758.652    13.272     3.35    3.95
-112382.250    14.353     2.87    4.22
-112005.936    15.556     3.20    3.75
-111629.709    15.917     0.96    3.46
-111253.571    14.830    -2.89    3.04
-110877.521    15.247     1.11    2.68
-110501.558    15.082    -0.44    2.83
-110125.683    15.289     0.55    3.57
-109749.896    15.610     0.85    4.54
-109374.196    14.194    -3.77    5.13
-108998.584    11.961    -5.94    4.67
-108623.060     9.859    -5.60    3.09
-108247.623     8.849    -2.69    1.27
-107872.273     9.413     1.50    1.64
-107497.011    11.144     4.61    3.69
-107121.836    13.509     6.30    5.85
-106746.749    14.422     2.43    6.07
-106371.748    14.354    -0.18    5.69
-105996.834    12.889    -3.91    4.12
-105622.008    11.597    -3.45    3.57
-105247.268    11.558    -0.10    3.27
-104872.616    12.191     1.69    3.78
-104498.050    13.528     3.57    3.95
-104123.571    13.737     0.56    3.89
-103749.179    12.861    -2.34    3.86
-103374.874    13.727     2.31    4.80
-103000.655    16.307     6.90    6.73
-102626.522    20.878    12.22    8.00
-102252.477    25.604    12.63    6.83
-101878.517    27.442     4.92    5.69
-101504.644    27.814     1.00    5.28
-101130.857    26.215    -4.28    5.50
-100757.157    22.681    -9.46    5.59
-100383.543    20.270    -6.45    5.56
-100010.015    19.097    -3.14    4.57
 -99636.573    21.204     5.64    7.04
 -99263.217    25.696    12.03    9.88
 -98889.947    29.565    10.37    8.88
 -98516.763    29.441    -0.33    8.16
 -98143.665    25.720    -9.97    7.14
 -97770.652    23.153    -6.88    5.40
 -97397.725    23.422     0.72    5.38
 -97024.884    26.163     7.35    5.90
 -96652.129    29.451     8.82    4.31
 -96279.459    30.857     3.77    4.55
 -95906.875    32.891     5.46    4.88
 -95534.376    34.317     3.83    7.52
 -95161.962    33.364    -2.56   11.14
 -94789.634    29.994    -9.05   12.34
 -94417.391    27.461    -6.81   10.21
 -94045.234    29.199     4.67   10.99
 -93673.161    34.403    13.99   12.42
 -93301.174    39.722    14.30    8.34
 -92929.271    40.508     2.11    6.28
 -92557.454    42.008     4.03    9.54
 -92185.721    47.826    15.65   17.41
 -91814.074    52.306    12.05   18.27
 -91442.511    53.451     3.08   17.83
 -91071.033    49.908    -9.54   19.79
 -90699.639    39.674   -27.56   16.62
 -90328.331    33.105   -17.69   14.17
 -89957.106    28.118   -13.44   10.57
 -89585.967    28.975     2.31   11.28
 -89214.912    31.074     5.66   13.74
 -88843.941    36.663    15.07   15.44
 -88473.054    40.907    11.45   14.06
 -88102.252    43.242     6.30   10.95
 -87731.534    43.708     1.26    8.60
 -87360.901    45.039     3.59    6.10
 -86990.351    47.153     5.70    4.54
 -86619.885    50.262     8.39    5.73
 -86249.504    54.708    12.01    8.04
 -85879.206    58.867    11.23    7.71
 -85508.993    60.615     4.72    6.87
 -85138.863    58.898    -4.64    9.00
 -84768.817    58.490    -1.10   10.96
 -84398.855    59.384     2.42   10.57
 -84028.976    63.070     9.97    8.30
 -83659.181    63.913     2.28    6.41
 -83289.470    63.283    -1.71    5.83
 -82919.842    61.211    -5.61    5.59
 -82550.297    59.927    -3.47    6.02
 -82180.836    59.575    -0.95    6.84
 -81811.458    57.336    -6.06    6.72
 -81442.164    55.600    -4.70    7.37
 -81072.952    53.788    -4.91    7.52
 -80703.824    52.909    -2.38    8.10
 -80334.779    50.711    -5.96    8.93
 -79965.817    48.981    -4.69    9.45
 -79596.938    48.422    -1.51    9.60
 -79228.143    47.057    -3.70    8.88
 -78859.429    46.186    -2.36    9.55
 -78490.799    43.182    -8.15   11.04
 -78122.252    39.335   -10.44   11.06
 -77753.787    37.170    -5.88    8.72
 -77385.405    36.362    -2.19    6.90
 -77017.105    35.576    -2.13    5.83
 -76648.889    32.842    -7.43    6.77
 -76280.754    29.364    -9.45    8.13
 -75912.702    27.903    -3.97    8.15
 -75544.733    28.337     1.18    7.39
 -75176.845    30.018     4.57    7.05
 -74809.041    32.741     7.40    7.31
 -74441.318    37.354    12.55    7.30
 -74073.677    41.692    11.80    6.52
 -73706.119    44.235     6.92    6.45
 -73338.643    45.980     4.75    7.19
 -72971.248    46.118     0.38    7.54
 -72603.936    46.917     2.18    7.35
 -72236.706    46.279    -1.74    7.52
 -71869.557    45.079    -3.27    7.72
 -71502.490    44.067    -2.76    8.89
 -71135.505    43.431    -1.73    9.74
 -70768.602    39.903    -9.62    9.85
 -70401.780    34.701   -14.18   11.53
 -70035.040    26.951   -21.13   12.47
 -69668.381    19.481   -20.37    9.29
 -69301.804    15.025   -12.15    5.56
 -68935.308    16.759     4.73    9.02
 -68568.894    22.540    15.78   12.45
 -68202.561    30.587    21.97   12.75
 -67836.309    36.317    15.65    9.20
 -67470.139    37.637     3.61    7.25
 -67104.049    37.364    -0.75    7.00
 -66738.041    35.709    -4.52    5.59
 -66372.114    35.937     0.62    5.30
 -66006.267    36.318     1.04    4.69
 -65640.502    34.567    -4.79    5.16
 -65274.817    31.300    -8.93    7.70
 -64909.214    26.372   -13.48    8.92
 -64543.691    25.199    -3.21   10.19
 -64178.249    28.141     8.05   11.96
 -63812.887    34.897    18.49   11.78
 -63447.606    40.706    15.91    7.80
 -63082.406    40.759     0.14    8.39
 -62717.286    40.020    -2.02    8.17
 -62352.247    40.294     0.75    7.85
 -61987.288    41.220     2.54    7.33
 -61622.409    41.900     1.86    5.30
 -61257.611    41.039    -2.36    7.07
 -60882.073    40.057    -2.62    8.40
 -60500.442    41.014     2.51   10.02
 -60118.900    43.881     7.51   11.24
 -59737.447    49.634    15.08   10.93
 -59356.084    54.641    13.13    6.39
 -58974.810    54.694     0.14    5.49
 -58593.625    54.243    -1.18    6.60
 -58212.530    55.153     2.39    9.55
 -57831.524    56.101     2.49   10.68
 -57450.607    57.333     3.24   10.10
 -57069.778    57.283    -0.13    9.31
 -56689.039    55.878    -3.69    8.95
 -56308.389    56.863     2.59   10.13
 -55927.828    56.432    -1.13   10.74
 -55547.355    54.863    -4.12   10.10
 -55166.971    52.055    -7.38    8.15
 -54786.676    47.639   -11.61    8.56
 -54406.469    41.558   -16.00   10.33
 -54026.351    38.441    -8.20    9.19
 -53646.321    37.540    -2.37    8.43
 -53266.380    38.946     3.70    9.41
 -52886.527    43.706    12.53    7.38
 -52506.762    44.781     2.83    6.13
 -52127.086    43.313    -3.87    6.41
 -51747.498    41.951    -3.59    6.23
 -51367.998    41.491    -1.21    5.40
 -50988.586    42.147     1.73    6.06
 -50609.262    42.340     0.51    7.06
 -50230.025    43.692     3.56    9.31
 -49850.877    47.372     9.71   12.51
 -49471.817    53.481    16.12   12.33
 -49092.844    58.162    12.35    8.00
 -48713.959    57.500    -1.75    8.43
 -48335.162    52.139   -14.15   10.87
 -47956.452    48.869    -8.64    8.99
 -47577.829    44.982   -10.27    8.78
 -47199.295    41.628    -8.86    8.31
 -46820.847    42.262     1.68    7.98
 -46442.487    38.577    -9.74    9.94
 -46064.214    34.235   -11.48   13.51
 -45686.029    26.220   -21.19   12.82
 -45307.930    21.101   -13.54    7.46
 -44929.919    20.588    -1.36    6.99
 -44551.994    22.371     4.72    6.75
 -44174.157    22.831     1.22    6.77
 -43796.406    21.530    -3.44    6.67
 -43418.743    20.362    -3.09    5.86
 -43041.166    19.451    -2.41    5.47
 -42663.676    18.211    -3.28    5.27
 -42286.273    15.412    -7.42    4.22
 -41908.956    13.271    -5.67    3.42
 -41531.726    11.932    -3.55    2.85
 -41154.582    11.071    -2.28    2.18
 -40777.525    11.422     0.93    2.64
 -40400.554    12.326     2.40    3.61
 -40023.669    13.335     2.68    4.06
 -39646.871    13.483     0.39    4.13
 -39270.159    12.529    -2.53    3.29
 -38893.533    11.706    -2.18    2.18
 -38516.993    11.150    -1.48    1.75
 -38140.539    10.905    -0.65    1.53
 -37764.171    10.735    -0.45    1.19
 -37387.890    10.764     0.08    1.16
 -37011.694    10.961     0.52    1.38
 -36635.583    11.181     0.59    1.61
 -36259.559    11.331     0.40    1.79
 -35883.620    11.550     0.58    2.00
 -35507.767    11.871     0.85    1.98
 -35131.999    12.053     0.48    2.06
 -34756.317    12.522     1.25    2.53
 -34380.721    12.696     0.46    2.96
 -34005.210    12.191    -1.35    3.18
 -33629.784    11.403    -2.10    3.02
 -33254.443    10.649    -2.01    2.07
 -32879.188    10.035    -1.64    1.23
 -32504.018    10.176     0.37    1.28
 -32128.933    10.383     0.55    1.34
 -31753.933    10.308    -0.20    1.33
 -31379.018    10.382     0.20    1.36
 -31004.188    10.512     0.35    1.63
 -30629.442    10.775     0.70    1.77
 -30254.782    11.311     1.43    1.86
 -29880.206    11.932     1.66    2.02
 -29505.716    12.412     1.28    1.98
 -29131.309    12.257    -0.41    2.44
 -28756.988    11.550    -1.89    2.34
 -28382.751    10.262    -3.44    1.98
 -28008.598    10.490     0.61    2.05
 -27634.530    11.107     1.65    2.43
 -27260.546    11.235     0.34    2.45
 -26886.647    11.283     0.13    2.34
 -26512.832    10.758    -1.40    2.36
 -26139.101    10.181    -1.54    1.82
 -25765.454     9.887    -0.79    1.88
 -25391.891     9.778    -0.29    1.87
 -25018.413     9.907     0.34    2.06
 -24645.018     9.907     0.00    2.33
 -24271.707     9.966     0.16    2.29
 -23898.480     9.647    -0.85    2.00
 -23525.337     9.097    -1.47    1.69
 -23152.278     9.204     0.29    1.76
 -22779.302     8.878    -0.87    1.43
 -22406.410     8.990     0.30    1.30
 -22033.602     9.906     2.46    1.96
 -21660.877    10.922     2.73    2.14
 -21288.236    11.441     1.39    2.26
 -20915.678    12.231     2.12    2.54
 -20543.203    13.006     2.08    3.13
 -20170.812    13.663     1.77    3.78
 -19798.504    13.245    -1.12    3.92
 -19426.280    11.982    -3.39    4.23
 -19054.138     9.824    -5.80    2.33
 -18682.079     9.021    -2.16    1.21
 -18310.104     9.451     1.16    1.68
 -17938.212    10.259     2.17    2.40
 -17566.402    11.461     3.23    2.79
 -17194.675    12.301     2.26    2.83
 -16823.031    12.608     0.83    3.17
 -16451.470    11.611    -2.68    3.04
 -16079.992    10.118    -4.02    1.56
 -15708.596     9.768    -0.94    0.88
 -15337.283     9.579    -0.51    1.06
 -14966.053     9.471    -0.29    1.05
 -14594.905     9.430    -0.11    1.04
 -14223.839     9.441     0.03    0.97
 -13852.856     9.552     0.30    0.91
 -13481.955     9.411    -0.38    1.06
 -13111.136     9.331    -0.22    1.09
 -12740.400     9.239    -0.25    1.17
 -12369.745     9.199    -0.11    1.19
 -11999.173     9.026    -0.47    1.20
 -11628.683     8.520    -1.37    1.37
 -11258.275     8.161    -0.97    1.31
 -10887.949     7.951    -0.57    1.30
 -10517.705     8.471     1.41    1.68
 -10147.543     8.881     1.11    2.48
  -9777.462     9.371     1.32    2.67
  -9407.463     9.751     1.03    2.74
  -9037.546     9.601    -0.41    2.79
  -8667.711     9.909     0.83    2.18
  -8297.957    10.010     0.27    2.30
  -7928.284    10.462     1.22    2.21
  -7558.693    11.273     2.19    2.17
  -7189.184    11.771     1.35    1.98
  -6819.756    12.131     0.97    1.65
  -6450.409    12.041    -0.24    1.57
  -6081.143    12.229     0.51    1.58
  -5711.959    12.659     1.17    1.63
  -5342.856    12.701     0.11    1.87
  -4973.833    12.588    -0.31    1.49
  -4604.892    12.609     0.06    1.40
  -4236.032    12.441    -0.46    1.45
  -3867.253    12.327    -0.31    1.49
  -3498.555    11.561    -2.08    2.07
  -3129.937    10.827    -1.99    2.13
  -2761.401    10.348    -1.30    2.08
  -2392.945     9.728    -1.68    2.18
  -2024.570     8.555    -3.18    2.27
  -1656.275     7.124    -3.89    2.05
  -1288.061     6.206    -2.49    1.93
   -919.928     4.631    -4.28    2.76
   -551.874     2.734    -5.15    3.01
   -183.902     1.071    -4.52    2.70
    183.990    -0.186    -3.42    1.36
    551.802    -0.272    -0.23    2.08
    919.534     8.649    24.26   15.52
   1287.185    21.180    34.08   21.74
   1654.757    37.932    45.57   21.53
   2022.248    51.811    37.77   14.26
   2389.659    60.941    24.85   10.98
   2756.990    65.412    12.17    9.53
   3124.242    66.567     3.15    7.47
   3491.413    61.721   -13.20   10.59
   3858.504    51.760   -27.14   13.47
   4225.516    41.461   -28.06   14.20
   4592.448    31.259   -27.80   11.99
   4959.300    21.105   -27.68    9.69
   5326.073    14.911   -16.89    6.77
   5692.766    10.098   -13.13    4.40
   6059.379     6.961    -8.56    3.75
   6425.913     5.495    -4.00    3.30
   6792.368     8.161     7.28    6.62
   7158.743    13.635    14.94    9.48
   7525.039    19.491    15.99    8.11
   7891.255    22.371     7.86    6.76
   8257.393    24.139     4.83    5.78
   8623.451    22.371    -4.83    5.80
   8989.430    19.253    -8.52    5.77
   9355.330    19.351     0.27    7.74
   9721.151    20.841     4.07    9.14
  10086.893    21.731     2.43   10.09
  10452.556    23.055     3.62   10.70
  10818.140    24.305     3.42   10.58
  11183.645    25.451     3.13   10.05
  11549.072    27.199     4.78    9.04
  11914.420    29.501     6.30    7.98
  12279.689    32.835     9.13    7.27
  12644.879    37.881    13.82    7.55
  13009.991    42.611    12.95    7.90
  13375.025    48.534    16.22    7.29
  13745.236    55.271    18.20    8.95
  14126.698    64.016    22.93   10.20
  14508.073    72.343    21.83   10.35
  14889.361    78.816    16.97    8.62
  15270.562    84.011    13.63   12.10
  15651.676    88.190    10.97   15.27
  16032.703    92.755    11.98   14.62
  16413.643    93.659     2.37   10.57
  16794.497    86.931   -17.67   12.72
  17175.263    76.419   -27.61   16.50
  17555.943    62.451   -36.69   16.55
  17936.535    48.576   -36.46   13.94
  18317.042    33.221   -40.35   19.93
  18697.461    17.788   -40.57   19.18
  19077.795     5.618   -32.00   13.17
  19458.041    -1.820   -19.56    3.29
  19838.202    -2.549    -1.92    0.00
  20218.276    -2.549     0.00    0.00
  20598.263    -2.549     0.00    0.00
  20978.165    -2.549     0.00    0.00
  21357.980    -2.549     0.00    0.00
  21737.709    -2.429     0.31    0.80
  22117.352    -0.739     4.45    3.77
  22496.909     1.545     6.02    4.77
  22876.381     4.350     7.39    5.03
  23255.766     6.525     5.73    3.53
  23635.065     7.631     2.92    1.49
  24014.279     7.377    -0.67    1.47
  24393.407     7.441     0.17    1.51
  24772.449     7.788     0.92    1.64
  25151.406     8.231     1.17    1.40
  25530.277     8.305     0.20    1.30
  25909.063     8.229    -0.20    1.44
  26287.763     8.002    -0.60    1.53
  26666.378     8.360     0.95    1.62
  27044.908     8.719     0.95    1.53
  27423.352     6.591    -5.62    3.86
  27801.711     4.081    -6.63    5.00
  28179.985     3.522    -1.48    5.18
  28558.174     4.066     1.44    5.62
  28936.278     6.141     5.49    5.68
  29314.297     8.370     5.90    3.47
  29692.231     9.339     2.56    1.73
  30070.080     7.683    -4.38    3.90
  30447.844     4.261    -9.06    5.52
  30825.524     3.041    -3.23    6.65
  31203.119     6.257     8.52   11.29
  31580.629    13.502    19.19   14.77
  31958.055    24.647    29.53   16.17
  32335.396    37.441    33.91   19.47
  32712.653    54.389    44.92   24.74
  33089.825    69.885    41.09   25.26
  33466.913    80.810    28.97   18.53
  33843.917    74.976   -15.47   24.59
  34220.836    53.600   -56.71   36.25
  34597.671    26.861   -70.95   32.18
  34974.422     8.332   -49.18   19.66
  35351.089     1.171   -19.01    7.66
  35727.672     2.334     3.09    7.31
  36104.171     4.471     5.68    7.77
  36480.586     5.982     4.01    7.53
  36856.917     6.114     0.35    7.28
  37233.165     4.977    -3.02    6.98
  37609.328     3.031    -5.17    6.66
  37985.408     0.906    -5.65    5.63
  38361.405    -0.579    -3.95    4.36
  38737.318     0.921     3.99    8.20
  39113.147     5.002    10.86   12.09
  39488.893     9.603    12.24   14.97
  39864.555    17.191    20.20   18.20
  40240.134    23.532    16.88   19.18
  40615.630    28.843    14.14   16.60
  40991.042    31.951     8.28   13.15
  41366.371    34.688     7.29    9.62
  41741.617    36.581     5.04    9.84
  42116.780    41.193    12.29   10.28
  42491.860    46.591    14.39    9.50
  42866.857    50.451    10.29    7.65
  43241.771    49.831    -1.65    9.18
  43616.603    47.588    -5.98   10.65
  43991.351    46.845    -1.98   11.53
  44366.017    47.162     0.85   12.97
  44740.599    49.088     5.14   13.02
  45115.100    50.180     2.92   12.04
  45489.517    51.219     2.77   10.63
  45863.853    51.665     1.19    9.27
  46238.105    53.621     5.23    8.71
  46612.275    57.655    10.78    8.88
  46986.363    63.235    14.91    9.24
  47360.369    71.031    20.85    9.91
  47734.292    80.451    25.19   11.48
  48108.133    89.542    24.32   13.08
  48481.891    97.962    22.53   14.06
  48855.568   103.081    13.70   16.45
  49229.163   105.717     7.06   16.18
  49602.675   107.737     5.41   14.03
  49976.106   112.777    13.50   13.67
  50349.455   124.523    31.46   20.03
  50722.722   140.338    42.37   22.74
  51095.907   155.553    40.77   16.24
  51469.010   161.831    16.83    9.61
  51842.032   164.851     8.10   11.25
  52214.972   167.320     6.62   17.02
  52587.830   176.992    25.94   23.01
  52960.607   188.012    29.56   20.09
  53333.303   194.107    16.35   13.73
  53705.916   188.067   -16.21   14.16
  54078.449   177.527   -28.29   16.50
  54450.900   167.621   -26.60   13.58
  54823.270   160.334   -19.57   11.22
  55195.559   162.061     4.64   12.68
  55567.767   170.305    22.15   15.69
  55939.893   186.431    43.33   22.58
  56311.939   204.249    47.89   26.17
  56683.903   225.431    56.94   23.56
  57055.787   237.737    33.09   16.01
  57427.590   240.925     8.58   13.67
  57799.311   231.461   -25.46   23.18
  58170.952   212.914   -49.91   28.46
  58542.512   191.521   -57.57   28.25
  58913.992   169.495   -59.29   20.80
  59285.391   155.259   -38.33   19.45
  59656.709   142.555   -34.21   19.95
  60027.947   130.671   -32.01   19.91
  60399.104   119.410   -30.34   19.00
  60770.181   102.358   -45.95   22.11
  61141.177    87.805   -39.23   20.25
  61512.094    76.502   -30.47   12.85
  61882.929    74.533    -5.31   11.07
  62253.685    80.795    16.89   15.52
  62624.360    87.881    19.12   16.12
  62994.956    94.125    16.85   13.00
  63365.471    97.151     8.17   10.04
  63735.906    98.367     3.28    8.62
  64106.261   103.027    12.58   11.01
  64476.537   110.567    20.36   13.20
  64846.732   123.855    35.89   15.42
  65216.848   138.625    39.90   18.88
  65586.884   158.222    52.96   23.73
  65956.840   174.370    43.65   25.43
  66326.716   186.887    33.84   25.85
  66696.513   192.401    14.91   29.68
  67066.231   191.034    -3.70   35.21
  67435.868   184.391   -17.97   34.11
  67805.427   186.740     6.36   30.70
  68174.906   199.503    34.54   32.42
  68544.305   218.249    50.75   33.30
  68913.625   233.714    41.87   21.86
  69282.866   234.148     1.18   19.24
  69652.028   221.618   -33.94   29.19
  70021.111   197.481   -65.39   32.70
  70390.114   171.071   -71.57   27.46
  70759.039   152.571   -50.14   24.88
  71127.884   137.100   -41.94   22.13
  71496.651   127.533   -25.94   19.36
  71865.338   122.830   -12.75   19.82
  72233.947   123.199     1.00   23.36
  72602.477   119.298   -10.58   26.09
  72970.928   112.924   -17.30   26.85
  73339.301   102.694   -27.77   23.35
  73707.594    90.625   -32.77   19.26
  74075.810    79.921   -29.07   15.67
  74443.946    71.999   -21.52   12.52
  74812.004    65.795   -16.85    9.22
  75179.984    59.909   -15.99   10.29
  75547.885    53.771   -16.68   11.71
  75915.708    47.186   -17.90    9.03
  76283.453    41.643   -15.07    5.19
  76651.119    38.057    -9.75    4.46
  77018.707    34.701    -9.13    4.35
  77386.217    31.982    -7.40    4.25
  77753.649    30.397    -4.31    2.97
  78121.003    30.512     0.31    3.08
  78488.279    30.936     1.16    3.18
  78855.477    32.346     3.84    2.47
  79222.596    32.778     1.18    2.02
  79589.639    32.664    -0.31    1.89
  79956.603    32.986     0.88    1.96
  80323.489    33.658     1.83    2.35
  80690.298    35.017     3.71    2.39
  81057.029    35.472     1.24    2.13
  81423.682    37.059     4.33    2.82
  81790.258    39.594     6.91    5.15
  82156.757    45.188    15.26    9.74
  82523.178    53.829    23.58   14.10
  82889.521    64.429    28.93   15.36
  83255.787    75.247    29.53   17.98
  83621.976    83.107    21.46   19.16
  83988.087    89.565    17.64   22.32
  84354.122    92.461     7.91   23.63
  84720.079    93.967     4.11   19.82
  85085.959    96.653     7.34   16.77
  85451.761   101.983    14.57   15.78
  85817.487   111.219    25.25   18.29
  86183.136   125.377    38.72   19.34
  86548.708   141.676    44.58   21.00
  86914.203   152.746    30.29   18.19
  87279.621   157.986    14.34   20.75
  87644.962   156.216    -4.84   25.97
  88010.227   150.032   -16.93   26.48
  88375.512   145.101   -13.50   20.79
  88756.807   146.505     3.68   15.79
  89138.017   153.451    18.22   18.31
  89519.141   167.212    36.10   22.00
  89900.181   181.049    36.31   22.27
  90281.136   193.473    32.61   22.07
  90662.007   203.410    26.09   23.21
  91042.792   216.810    35.19   26.82
  91423.493   241.391    64.56   36.34
  91804.110   271.440    78.95   41.93
  92184.642   305.492    89.48   40.44
  92565.089   334.539    76.34   32.25
  92945.452   350.502    41.97   30.10
  93325.731   362.792    32.31   33.04
  93705.925   377.155    37.78   36.16
  94086.036   393.851    43.92   37.03
  94466.062   398.778    12.96   32.98
  94846.004   383.078   -41.32   50.72
  95225.861   356.441   -70.12   58.90
  95605.635   338.558   -47.09   49.97
  95985.325   351.059    32.92   53.12
  96364.931   372.738    57.11   44.68
  96744.453   378.482    15.13   33.43
  97123.891   354.396   -63.47   45.89
  97503.246   314.921  -104.05   46.84
  97882.517   278.855   -95.08   29.11
  98261.704   261.482   -45.82   17.07
  98640.808   255.849   -14.86   19.02
  99019.828   254.235    -4.26   29.01
  99398.764   250.618    -9.54   34.47
  99777.618   240.808   -25.89   34.48
 100156.387   228.886   -31.47   27.79
 100535.074   223.512   -14.19   21.21
 100913.677   221.375    -5.64   19.70
 101292.197   226.606    13.82   28.01
 101670.634   232.562    15.74   41.75
 102048.988   232.296    -0.70   50.87
 102427.259   232.538     0.64   53.09
 102805.447   223.138   -24.85   46.03
 103183.552   210.255   -34.07   34.75
 103561.574   198.267   -31.71   27.00
 103939.513   185.462   -33.88   18.59
 104317.369   176.472   -23.79   15.68
 104695.143   169.190   -19.27   12.87
 105072.834   163.370   -15.41   12.91
 105450.442   156.419   -18.41   11.53
 105827.968   147.992   -22.32   13.96
 106205.411   137.284   -28.37   13.99
 106582.772   126.348   -28.98   12.48
 106960.051   118.602   -20.53    9.84
 107337.247   113.670   -13.07    9.73
 107714.361   109.462   -11.16    8.29
 108091.393   106.348    -8.26    9.55
 108468.342   102.690    -9.70   11.20
 108845.209    99.512    -8.43   12.09
 109221.995    96.161    -8.89   10.88
 109598.698    95.390    -2.05   10.01
 109975.319    97.347     5.20   11.05
 110351.858   105.544    21.77   15.22
 110728.316   112.967    19.72   14.85
 111104.691   121.243    21.99   12.99
 111480.985   127.367    16.27   11.38
 111857.197   134.191    18.14   12.56
 112233.328   139.482    14.07   15.17
 112609.377   146.314    18.17   18.95
 112985.344   152.524    16.52   22.30
 113361.230   161.283    23.30   23.56
 113737.034   164.514     8.60   23.63
 114112.757   169.347    12.86   24.13
 114488.399   171.635     6.09   28.39
 114863.959   176.429    12.77   29.40
 115239.439   181.977    14.77   24.23
 115614.837   185.693     9.90   17.54
 115990.153   181.327   -11.63   14.17
 116365.389   176.419   -13.08   12.45
 116740.544   171.178   -13.97   11.63
 117115.617   165.318   -15.62   12.67
 117490.610   158.587   -17.95   13.56
 117865.522   153.429   -13.76   13.44
 118240.353   156.822     9.05   17.61
 118615.104   169.387    33.52   28.00
 118989.773   196.220    71.61   38.90
 119364.362   225.128    77.17   36.62
 119738.870   249.461    64.97   32.14
 120113.298   263.704    38.03   30.15
 120487.645   274.585    29.07   26.53
 120861.912   274.940     0.95   19.86
 121236.098   260.514   -38.55   28.23
 121610.204   233.864   -71.23   41.63
 121984.230   193.083  -109.02   46.84
 122358.175   159.132   -90.78   38.33
 122732.041   138.335   -55.62   19.05
 123105.826   140.609     6.08   19.14
 123479.531   153.409    34.25   22.52
 123853.155   161.472    21.58   16.22
 124226.700   158.058    -9.14   16.34
 124600.165   145.526   -33.55   18.67
 124973.550   128.940   -44.42   17.43
 125346.855   115.162   -36.90   16.63
 125720.081   103.600   -30.98   13.06
 126093.226    95.399   -21.98    9.76
 126466.292    87.582   -20.95    9.35
 126839.278    79.389   -21.96   12.46
 127212.185    74.072   -14.26   11.34
 127585.012    77.066     8.03   15.80
 127957.760    83.066    16.10   16.98
 128330.428    89.999    18.60   13.31
 128703.017    91.314     3.53   11.93
 129075.526    86.752   -12.25   12.58
 129447.956    81.822   -13.24   11.86
 129820.307    79.951    -5.02    9.52
 130192.579    81.688     4.67    9.41
 130564.771    85.507    10.26    7.70
 130936.885    85.253    -0.68    7.82
 131308.919    82.213    -8.17    9.74
 131680.874    77.999   -11.33    8.83
 132052.751    74.723    -8.81    7.42
 132424.548    70.699   -10.82    8.06
 132796.267    67.156    -9.53    9.04
 133167.907    62.956   -11.30    8.33
 133539.468    58.982   -10.69    6.56
 133910.950    54.135   -13.05    5.97
 134282.354    50.874    -8.78    6.90
 134653.679    47.940    -7.90    5.57
 135024.926    46.764    -3.17    3.71
 135396.094    46.572    -0.52    3.12
 135767.183    46.504    -0.18    3.15
 136138.194    45.997    -1.37    3.03
 136509.127    45.781    -0.58    3.09
 136879.982    46.043     0.71    3.13
 137250.758    46.399     0.96    2.95
 137621.456    47.600     3.24    3.13
 137992.076    48.430     2.24    3.63
 138362.618    48.632     0.54    4.09
 138733.082    48.503    -0.35    4.06
 139103.467    48.743     0.65    3.68
 139473.775    48.763     0.05    4.05
 139844.005    48.884     0.33    3.88
 140214.157    48.406    -1.29    3.69
 140584.231    47.260    -3.10    3.33
 140954.227    44.718    -6.87    4.27
 141324.146    44.348    -1.00    4.28
 141693.987    45.004     1.77    4.87
 142063.750    46.483     4.00    5.98
 142433.436    50.104     9.79    6.53
 142803.044    52.249     5.80    6.62
 143172.575    53.034     2.13    6.00
 143542.028    53.100     0.18    5.53
 143911.404    52.577    -1.41    4.81
 144280.703    52.384    -0.52    4.09
 144649.924    54.107     4.67    4.80
 145019.068    54.849     2.01    4.94
 145388.135    54.399    -1.22    5.42
 145757.125    52.473    -5.22    6.31
 146126.038    50.214    -6.12    5.75
 146494.873    51.556     3.64    7.61
 146863.632    55.222     9.94    9.34
 147232.314    58.135     7.90    9.09
 147600.918    56.817    -3.58    9.48
 147969.446    55.862    -2.59    7.67
 148337.897    54.653    -3.28    5.98
 148706.272    54.696     0.12    5.18
 149074.569    56.640     5.28    4.91
 149442.790    59.920     8.91    7.57
 149810.934    62.701     7.55    7.37
 150179.002    65.020     6.30    7.88
 150546.993    65.121     0.28   10.64
 150914.908    63.611    -4.11   12.79
 151282.746    59.651   -10.76   11.10
 151650.508    55.594   -11.03    7.03
 152018.194    55.209    -1.05    5.54
 152385.803    57.029     4.95    7.39
 152753.336    63.399    17.33   10.70
 153120.793    72.290    24.19   15.10
 153488.174    83.399    30.23   16.74
 153855.478    94.830    31.12   16.10
 154222.707   104.589    26.57   15.68
 154589.859   115.409    29.47   16.43
 154956.936   127.230    32.20   18.65
 155323.937   137.809    28.82   18.70
 155690.861   140.162     6.41   22.58
 156057.710   135.139   -13.69   26.00
 156424.483   122.792   -33.66   28.66
 156791.181   106.243   -45.12   23.85
 157157.803    92.994   -36.13   20.89
 157524.349    81.909   -30.24   16.52
 157890.819    78.089   -10.42   11.48
 158257.214    80.234     5.85   10.91
 158623.534    87.628    20.18   12.83
 158989.778    95.303    20.95   12.97
 159355.947   103.483    22.34   15.18
 159722.040   111.627    22.24   16.99
 160088.058   122.672    30.17   17.49
 160454.001   130.717    21.98   15.36
 160819.868   137.483    18.49   10.96
 161185.661   138.066     1.59   10.23
 161551.378   136.759    -3.57   12.57
 161917.020   134.812    -5.32   15.45
 162282.587   134.071    -2.03   17.49
 162648.079   133.659    -1.13   16.63
 163013.496   128.354   -14.52   17.53
 163389.913   112.609   -41.82   24.86
 163770.957    95.234   -45.59   25.78
 164151.919    80.743   -38.03   19.51
 164532.799    72.973   -20.40    7.91
 164913.595    72.830    -0.37    4.84
 165294.309    74.781     5.12    4.88
 165674.941    76.799     5.30    3.92
 166055.491    77.685     2.33    2.95
 166435.958    78.409     1.90    2.85
 166816.342    79.729     3.47    3.54
 167196.644    80.967     3.25    3.68
 167576.865    82.175     3.18    4.75
 167957.003    83.409     3.24    6.10
 168337.059    84.807     3.68    6.51
 168717.032    87.058     5.92    5.76
 169096.924    88.462     3.70    4.86
 169476.734    89.420     2.52    4.20
 169856.462    90.407     2.60    4.33
 170236.108    91.310     2.38    4.15
 170615.672    92.851     4.06    4.85
 170995.155    95.472     6.90    5.74
 171374.556    99.507    10.64    5.99
 171753.875   104.483    13.12    5.71
 172133.113   108.463    10.49    4.53
 172512.269   111.643     8.39    4.48
 172891.344   114.647     7.92    4.67
 173270.337   117.398     7.26    4.79
 173649.249   120.040     6.97    3.98
 174028.079   121.430     3.67    3.91
 174406.828   123.275     4.87    3.94
 174785.496   125.729     6.48    4.01
 175164.083   127.684     5.16    4.88
 175542.589   130.020     6.17    5.83
 175921.014   132.555     6.70    6.78
 176299.357   134.767     5.85    7.87
 176677.620   136.542     4.69    8.27
 177055.802   137.111     1.50    8.56
 177433.903   138.980     4.94    8.53
 177811.923   140.988     5.31    7.92
 178189.862   144.396     9.02    8.48
 178567.720   150.628    16.49    9.19
 178945.498   156.099    14.48    9.14
 179323.196   164.461    22.14    9.98
 179700.812   174.640    26.95   11.73
 180078.349   182.946    22.00   11.77
 180455.804   187.178    11.21    9.42
 180833.180   182.802   -11.59   12.76
 181210.475   175.905   -18.28   11.58
 181587.690   173.313    -6.87    8.40
 181964.824   175.031     4.55    8.43
 182341.878   181.376    16.83    9.97
 182718.852   188.018    17.62    9.74
 183095.746   190.183     5.74    8.15
 183472.560   188.596    -4.21    8.40
 183849.294   186.400    -5.83    7.20
 184225.948   185.362    -2.75    6.34
 184602.522   186.107     1.98    6.10
 184979.017   186.710     1.60    7.60
 185355.431   184.185    -6.71    9.98
 185731.766   180.811    -8.97   11.67
 186108.021   177.482    -8.84   10.90
 186484.196   173.891    -9.55    9.29
 186860.292   169.983   -10.39    7.82
 187236.308   168.616    -3.64    6.83
 187612.245   166.849    -4.70    4.75
 187988.102   166.060    -2.10    4.43
 188363.880   166.062     0.00    4.84
 188739.578   166.549     1.30    4.95
 189115.197   168.430     5.01    6.34
 189490.737   171.342     7.75    8.85
 189866.198   175.472    11.00   11.57
 190241.579   178.260     7.42   10.51
 190616.882   180.462     5.87   10.10
 190992.105   187.887    19.79   18.26
 191367.250   204.795    45.06   28.90
 191742.315   220.579    42.08   30.30
 192117.302   240.089    52.02   29.68
 192492.209   252.058    31.92   28.42
 192867.038   259.260    19.21   27.90
 193241.788   269.353    26.93   25.38
 193616.460   287.580    48.64   28.28
 193991.052   308.962    57.07   37.69
 194365.566   332.451    62.71   34.59
 194740.002   337.335    13.04   30.85
 195114.359   313.968   -62.41   51.27
 195488.637   277.199   -98.23   55.92
 195862.838   240.396   -98.34   35.05
 196236.959   223.357   -45.54   13.55
 196611.003   223.051    -0.82   11.25
 196984.968   233.620    28.26   16.26
 197358.855   247.718    37.70   21.05
 197732.664   265.691    48.07   23.51
 198106.394   284.035    49.08   22.79
 198480.047   298.472    38.63   22.73
 198853.621   313.540    40.33   27.03
 199227.118   328.125    39.04   29.43
 199600.537   343.495    41.16   32.75
 199973.877   356.855    35.78   31.52
 200347.140   369.279    33.28   30.46
 200720.325   384.951    41.99   30.77
 201093.433   394.430    25.40   30.21
 201466.462   395.643     3.25   30.84
 201839.414   385.774   -26.46   32.10
 202212.289   371.717   -37.69   26.12
 202585.086   374.053     6.27   28.11
 202957.805   391.064    45.63   37.12
 203330.447   408.398    46.51   32.57
 203703.011   413.814    14.53   28.80
 204075.499   411.951    -5.00   27.05
 204447.908   416.508    12.23   35.33
 204820.241   429.845    35.81   39.66
 205192.496   446.240    44.04   39.38
 205564.675   448.201     5.27   36.98
 205936.776   444.383   -10.26   29.94
 206308.800   457.356    34.87   36.99
 206680.747   481.395    64.62   47.29
 207052.617   513.600    86.59   46.80
 207424.410   544.234    82.38   38.62
 207796.126   565.664    57.64   30.02
 208167.765   578.749    35.20   31.61
 208539.328   581.625     7.74   29.40
 208910.814   575.855   -15.53   27.87
 209282.223   558.496   -46.73   34.84
 209653.555   531.072   -73.84   40.53
 210024.811   496.341   -93.54   40.29
 210395.991   475.247   -56.82   31.45
 210767.093   468.929   -17.02   28.33
 211138.120   494.472    68.84   55.51
 211509.070   541.894   127.82   64.75
 211879.943   581.129   105.77   46.66
 212250.741   597.359    43.77   32.50
 212621.461   577.951   -52.34   41.68
 212992.106   555.528   -60.49   30.66
 213362.675   554.688    -2.27   27.28
 213733.167   570.957    43.90   34.98
 214103.584   589.505    50.07   25.91
 214473.924   591.611     5.68   23.04
 214844.188   573.505   -48.89   33.52
 215214.377   553.376   -54.37   30.39
 215584.489   535.968   -47.03   22.72
 215954.526   531.185   -12.92   21.37
 216324.487   538.928    20.93   27.43
 216694.372   558.795    53.70   32.95
 217064.181   578.474    53.21   25.14
 217433.915   581.462     8.08   22.93
 217803.573   569.878   -31.33   34.72
 218173.155   544.653   -68.24   38.94
 218542.662   524.892   -53.47   28.19
 218912.093   517.526   -19.93   23.60
 219281.449   520.558     8.21   30.64
 219650.730   537.536    45.97   35.79
 220019.935   551.310    37.30   30.65
 220389.065   559.330    21.72   26.21
 220758.120   558.283    -2.84   22.86
 221127.099   547.906   -28.12   22.83
 221496.003   528.279   -53.19   29.75
 221864.833   502.614   -69.57   32.48
 222233.587   475.175   -74.40   31.45
 222602.266   455.040   -54.60   19.50
 222970.870   441.849   -35.78   11.65
 223339.399   433.845   -21.72    9.12
 223707.853   429.887   -10.74    8.39
 224076.233   430.821     2.53   10.99
 224444.537   437.279    17.53   17.76
 224812.767   447.792    28.54   22.81
 225180.922   460.473    34.44   27.22
 225549.003   473.032    34.11   29.47
 225917.008   486.567    36.78   31.97
 226284.940   500.580    38.08   33.48
 226652.796   516.451    43.14   35.17
 227020.579   535.494    51.77   39.16
 227388.286   554.505    51.69   43.29
 227755.920   575.484    57.06   43.02
 228123.479   597.058    58.69   49.17
 228490.964   625.547    77.51   63.98
 228858.374   649.107    64.11   75.86
 229225.710   674.473    69.04   87.39
 229592.972   684.462    27.19   81.98
 229960.160   684.253    -0.57   72.04
 230327.274   676.172   -22.01   64.80
 230694.314   672.484   -10.04   66.35
 231061.280   660.810   -31.81   68.25
 231428.171   652.000   -24.01   68.29
 231794.989   641.067   -29.80   63.46
 232161.733   632.535   -23.26   57.60
 232528.404   618.517   -38.22   49.84
 232895.000   606.734   -32.14   43.12
 233261.523   590.060   -45.48   36.07
 233627.972   571.021   -51.95   35.37
 233994.347   547.072   -65.36   32.81
 234360.649   525.734   -58.24   33.62
 234726.877   512.560   -35.97   27.97
 235093.032   507.060   -15.02   27.69
 235459.113   512.802    15.68   34.64
 235825.121   520.530    21.11   34.45
 236191.056   527.451    18.91   38.07
 236556.917   535.440    21.83   46.89
 236922.704   549.041    37.18   60.68
 237288.419   559.224    27.84   69.85
 237654.060   564.989    15.76   72.75
 238025.881   553.440   -31.06   64.60
 238406.761   532.419   -55.18   51.52
 238787.561   528.732    -9.68   44.86
 239168.281   547.190    48.47   65.61
 239548.920   588.543   108.62   88.56
 239929.478   619.834    82.21   90.11
 240309.957   644.122    63.82   90.95
 240690.355   657.182    34.33   78.52
 241070.673   655.201    -5.21   64.57
 241450.911   637.774   -45.82   53.99
 241831.068   612.704   -65.93   40.42
 242211.146   591.397   -56.05   44.34
 242591.143   577.110   -37.59   53.92
 242971.061   570.962   -16.18   55.52
 243350.898   577.215    16.46   60.30
 243730.656   595.333    47.70   65.15
 244110.334   611.572    42.76   68.21
 244489.932   614.355     7.33   68.42
 244869.451   607.275   -18.65   77.42
 245248.890   602.158   -13.49   84.36
 245628.249   618.407    42.83  100.05
 246007.529   642.788    64.27   98.70
 246386.729   654.838    31.77   94.20
 246765.849   653.429    -3.72   86.84
 247144.890   621.150   -85.15   79.44
 247523.852   588.592   -85.90   69.93
 247902.735   554.053   -91.14   53.15
 248281.538   542.429   -30.68   45.62
 248660.262   541.655    -2.04   43.99
 249038.907   545.679    10.63   37.06
 249417.473   535.483   -26.93   33.85
 249795.959   525.690   -25.87   33.41
 250174.367   525.321    -0.98   41.69
 250552.696   532.462    18.87   44.63
 250930.945   534.897     6.44   38.59
 251309.116   528.989   -15.62   34.65
 251687.208   513.560   -40.80   34.02
 252065.221   504.755   -23.29   37.17
 252443.156   501.038    -9.83   35.33
 252821.012   507.723    17.69   32.58
 253198.789   515.886    21.60   28.57
 253576.487   522.064    16.35   23.95
 253954.107   516.803   -13.93   26.30
 254331.649   504.354   -32.97   24.09
 254709.112   491.363   -34.41   25.34
 255086.496   490.225    -3.01   32.71
 255463.803   500.107    26.18   45.84
 255841.031   518.569    48.93   53.99
 256218.181   527.973    24.93   49.42
 256595.252   522.354   -14.90   44.01
 256972.245   521.396    -2.54   39.72
 257349.161   543.591    58.88   65.30
 257725.998   592.807   130.58   85.19
 258102.757   649.946   151.63   77.23
 258479.439   681.296    83.21   53.91
 258856.042   671.032   -27.25   58.82
 259232.567   642.929   -74.62   60.54
 259609.015   630.462   -33.11   64.63
 259985.385   650.029    51.98   85.53
 260361.677   684.731    92.20   86.66
 260737.891   694.340    25.54   71.01
 261114.028   659.924   -91.48   87.15
 261490.088   585.107  -198.91   99.54
 261866.069   514.603  -187.48   79.27
 262241.974   481.229   -88.77   50.97
 262617.800   497.332    42.84   72.78
 262993.550   543.896   123.90   80.17
 263369.222   589.645   121.76   58.73
 263744.817   625.372    95.11   41.80
 264120.334   638.795    35.74   37.08
 264495.774   643.878    13.54   30.74
 264871.137   628.929   -39.82   41.69
 265246.423   606.724   -59.16   44.13
 265621.632   599.118   -20.27   48.12
 265996.764   598.213    -2.41   56.98
 266371.819   601.734     9.39   56.49
 266746.797   606.474    12.64   51.60
 267121.699   625.842    51.65   64.38
 267496.523   661.508    95.13   77.37
 267871.270   703.386   111.73   61.15
 268245.941   723.844    54.59   49.58
 268620.535   714.103   -26.00   63.20
 268995.053   690.542   -62.90   74.26
 269369.494   664.549   -69.40   77.61
 269743.858   642.187   -59.72   75.48
 270118.146   620.712   -57.36   69.16
 270492.357   595.893   -66.31   64.68
 270866.492   573.875   -58.84   51.19
 271240.551   577.428     9.50   53.25
 271614.533   610.451    88.28   74.53
 271988.439   638.777    75.74   63.82
 272362.269   634.092   -12.53   59.49
 272736.023   601.370   -87.53   63.42
 273109.700   553.814  -127.24   50.85
 273483.302   515.543  -102.42   36.88
 273856.827   495.647   -53.26   24.61
 274230.276   488.187   -19.97   19.92
 274603.650   483.332   -13.00   23.03
 274976.947   470.610   -34.07   33.44
 275350.169   444.038   -71.18   38.51
 275723.315   423.542   -54.92   27.26
 276096.385   423.473    -0.19   24.20
 276469.379   446.201    60.92   41.40
 276842.298   484.690   103.19   50.49
 277215.141   518.829    91.54   53.88
 277587.908   557.741   104.37   55.31
 277960.600   598.940   110.52   56.48
 278333.217   636.182    99.93   48.98
 278705.758   658.951    61.11   31.75
 279078.223   656.537    -6.48   37.39
 279450.613   634.429   -59.36   52.07
 279822.928   599.078   -94.93   54.27
 280195.168   580.245   -50.58   42.95
 280567.332   583.707     9.30   47.64
 280939.421   596.897    35.44   55.07
 281311.436   616.451    52.55   56.99
 281683.375   623.864    19.93   56.87
 282055.239   616.951   -18.59   57.40
 282427.028   590.603   -70.85   53.89
 282798.742   561.102   -79.35   56.53
 283170.381   527.086   -91.51   52.35
 283541.945   500.766   -70.82   38.91
 283913.434   493.419   -19.77   38.58
 284284.849   492.653    -2.06   43.83
 284656.189   488.940   -10.00   45.64
 285027.454   478.896   -27.05   41.94
 285398.645   464.364   -39.14   40.68
 285769.761   452.869   -30.97   45.95
 286140.803   446.518   -17.11   53.66
 286511.770   449.103     6.97   56.32
 286882.662   464.429    41.31   52.42
 287253.480   482.187    47.88   47.46
 287624.224   501.140    51.11   45.35
 287994.893   515.627    39.07   44.72
 288365.489   528.644    35.12   37.89
 288736.009   530.951     6.22   32.07
 289106.456   526.823   -11.14   29.46
 289476.829   517.103   -26.24   28.70
 289847.127   508.033   -24.49   27.48
 290217.352   503.038   -13.49   21.84
 290587.502   497.979   -13.66   19.41
 290957.578   489.397   -23.19   20.10
 291327.581   478.723   -28.84   17.45
 291697.509   463.396   -41.42   19.69
 292067.364   438.342   -67.72   36.28
 292437.145   404.751   -90.82   49.95
 292806.852   371.385   -90.23   49.81
 293176.486   333.167  -103.37   36.84
 293546.046   312.012   -57.23   33.56
 293915.532   293.533   -50.00   30.72
 294284.945   277.825   -42.51   23.29
 294654.284   266.451   -30.79   20.67
 295023.549   253.421   -35.28   17.55
 295392.741   243.020   -28.17   12.02
