# NaN NaN NaN ;Mean Elev.(m), Avg Gradient(m/km), RMS Gradient(m/km) - SRTM1     
#   21.105   0.274   4.893 ;Mean Elev.(m), Avg Gradient(m/km), RMS Gradient(m/km) - ASTER GDEM
#   35.282  -0.204   2.652 ;Mean Elev.(m), Avg Gradient(m/km), RMS Gradient(m/km) - GMTED2010 
  7    30.006 52476.05201045 37.17 150.789155  65.862152 23.458
  7    30.261 52476.05201109 32.80 150.785995  65.859052 23.458
  7    30.286 52476.05201174 28.80 150.782835  65.855962 23.458
  7    30.389 52476.05201238 26.65 150.779675  65.852872 23.458
  7    30.313 52476.05201303 28.62 150.776515  65.849782 23.458
  7    30.502 52476.05201367 32.06 150.773355  65.846692 23.458
  7    30.466 52476.05201432 35.58 150.770195  65.843602 23.458
  7    30.601 52476.05201496 33.32 150.767035  65.840512 23.458
  8    30.314 52511.05196342 28.78 150.790295  65.861391 25.103
  8    30.305 52511.05196406 31.45 150.787125  65.858301 25.103
  8    33.304 52511.05196471 25.25 150.783965  65.855211 25.103
  8    30.386 52511.05196535 22.60 150.780805  65.852121 25.103
  8    30.854 52511.05196600 23.74 150.777645  65.849031 25.103
  8    30.698 52511.05196664 30.61 150.774485  65.845941 25.103
  8    31.369 52511.05196729 27.85 150.771335  65.842851 25.103
  9    29.570 52546.05198613 37.05 150.790262  65.845339 30.668
  9    29.672 52546.05198678 35.49 150.787102  65.842249 30.668
  9    29.569 52546.05198742 33.73 150.783942  65.839159 30.668
 10    29.591 52581.05200499 24.53 150.800886  65.866251  9.312
 10    29.313 52581.05200564 25.46 150.797716  65.863161  9.312
 10    29.491 52581.05200628 26.07 150.794556  65.860071  9.312
 10    28.677 52581.05200692 27.88 150.791396  65.856981  9.312
 10    28.998 52581.05200757 25.68 150.788226  65.853891  9.312
 10    32.098 52581.05200821 25.10 150.785066  65.850801  9.312
 10    28.997 52581.05200886 25.93 150.781906  65.847711  9.312
 10    28.974 52581.05200950 27.38 150.778746  65.844621  9.312
 10    29.309 52581.05201015 25.57 150.775586  65.841521  9.312
 10    29.444 52581.05201079 26.42 150.772426  65.838431  9.312
 11    31.091 52616.05197678 15.55 150.775331  65.858954  3.019
 11    31.653 52616.05197743 15.17 150.772171  65.855864  3.019
 11    31.775 52616.05197807 15.38 150.769011  65.852774  3.019
 11    32.456 52616.05197871 14.31 150.765851  65.849674  3.019
 12    33.687 52651.05195534 15.46 150.791193  65.848134  2.806
 12    34.034 52651.05195598 15.07 150.788033  65.845044  2.806
 12    34.753 52651.05195663 14.16 150.784873  65.841944  2.806
 12    34.591 52651.05195727 14.80 150.781713  65.838854  2.806
 13    30.711 52686.05194306 14.37 150.787237  65.860454  3.064
 13    31.098 52686.05194370 13.79 150.784077  65.857364  3.064
 13    32.176 52686.05194435 13.65 150.780917  65.854274  3.064
 13    32.461 52686.05194499 13.33 150.777757  65.851184  3.064
 13    32.847 52686.05194564 12.94 150.774597  65.848084  3.064
 13    33.089 52686.05194628 12.63 150.771437  65.844994  3.064
 13    33.390 52686.05194693 12.76 150.768277  65.841904  3.064
 14    30.860 52721.05199187 14.24 150.797468  65.864848  2.243
 14    30.780 52721.05199252 14.12 150.794308  65.861758  2.243
 14    30.856 52721.05199316 13.52 150.791148  65.858668  2.243
 14    31.790 52721.05199381 13.02 150.787978  65.855578  2.243
 14    32.703 52721.05199445 12.51 150.784818  65.852488  2.243
 14    33.093 52721.05199510 12.46 150.781658  65.849388  2.243
 14    33.636 52721.05199574 11.60 150.778498  65.846298  2.243
 14    34.090 52721.05199639 11.65 150.775338  65.843208  2.243
 14    33.945 52721.05199703 11.83 150.772178  65.840118  2.243
 16    35.358 52791.05196903 35.96 150.790062  65.842000 29.239
 16    35.870 52791.05196967 27.90 150.786902  65.838910 29.239
 16    33.535 52791.05197032 27.67 150.783742  65.835820 29.239
 17    31.052 52826.05203739 34.04 150.792315  65.846674 25.103
 17    31.123 52826.05203803 31.87 150.789155  65.843584 25.103
 17    31.256 52826.05203868 35.65 150.785995  65.840494 25.103
 17    31.419 52826.05203932 34.30 150.782835  65.837404 25.103
 18    32.766 52861.05208316 25.78 150.791990  65.846101 16.929
 18    35.327 52861.05208380 21.75 150.788830  65.843001 16.929
 18    34.628 52861.05208445 28.13 150.785670  65.839911 16.929
 18    33.987 52861.05208509 22.57 150.782510  65.836821 16.929
 19    29.259 52896.05211110 33.69 150.786501  65.860379 21.930
 19    29.250 52896.05211174 31.96 150.783341  65.857289 21.930
 19    29.425 52896.05211239 30.93 150.780181  65.854199 21.930
 19    29.528 52896.05211303 29.39 150.777021  65.851109 21.930
 19    29.486 52896.05211368 27.18 150.773861  65.848009 21.930
 19    29.440 52896.05211432 29.12 150.770701  65.844919 21.930
 19    29.735 52896.05211497 29.65 150.767541  65.841829 21.930
 21    34.665 52966.05205840 14.82 150.789875  65.843255  3.169
 21    35.013 52966.05205904 14.20 150.786715  65.840165  3.169
 21    34.867 52966.05205969 13.67 150.783555  65.837065  3.169
 22    30.668 53001.05208624 14.76 150.783985  65.861120  2.963
 22    30.988 53001.05208689 14.58 150.780825  65.858030  2.963
 22    31.712 53001.05208753 13.78 150.777665  65.854940  2.963
 22    32.131 53001.05208818 13.11 150.774505  65.851850  2.963
 22    32.595 53001.05208882 12.45 150.771345  65.848760  2.963
 22    35.245 53001.05208946 12.15 150.768185  65.845670  2.963
 23    30.407 53036.05203581 14.25 150.775624  65.859785  2.892
 23    30.523 53036.05203645 13.64 150.772464  65.856695  2.892
 23    31.309 53036.05203710 12.34 150.769304  65.853605  2.892
 23    31.776 53036.05203774 11.74 150.766144  65.850505  2.892
 24    32.477 53071.05205518 14.39 150.799660  65.867232  2.787
 24    31.149 53071.05205582 14.24 150.796500  65.864142  2.787
 24    30.522 53071.05205647 15.54 150.793330  65.861052  2.787
 24    31.495 53071.05205711 13.40 150.790170  65.857962  2.787
 24    32.053 53071.05205776 13.74 150.787010  65.854862  2.787
 24    32.620 53071.05205840 13.87 150.783850  65.851772  2.787
 24    33.091 53071.05205905 12.19 150.780690  65.848682  2.787
 24    33.486 53071.05205969 11.70 150.777530  65.845592  2.787
 24    34.069 53071.05206034 11.53 150.774370  65.842502  2.787
 24    33.942 53071.05206098 11.45 150.771210  65.839412  2.787
 26    29.741 53141.05206287 33.71 150.803148  65.862953 35.991
 26    29.766 53141.05206351 32.75 150.799988  65.859863 35.991
 26    35.437 53141.05206545 31.15 150.790498  65.850583 35.991
 26    30.022 53141.05206609 28.99 150.787338  65.847493 35.991
 26    30.121 53141.05206674 28.14 150.784168  65.844403 35.991
 26    30.185 53141.05206738 28.84 150.781018  65.841313 35.991
 26    30.179 53141.05206803 32.13 150.777858  65.838223 35.991
 27    32.848 53176.05209286 39.17 150.799703  65.865273 36.494
 27    32.829 53176.05209350 39.98 150.796543  65.862183 36.494
 27    32.783 53176.05209415 42.65 150.793383  65.859093 36.494
 27    32.814 53176.05209479 40.52 150.790213  65.856003 36.494
 27    33.147 53176.05209544 45.99 150.787053  65.852913 36.494
 27    33.160 53176.05209608 45.28 150.783893  65.849823 36.494
 27    33.036 53176.05209673 43.42 150.780733  65.846733 36.494
 27    33.119 53176.05209737 45.26 150.777573  65.843633 36.494
 27    33.175 53176.05209802 46.48 150.774413  65.840543 36.494
 28    30.583 53211.05211261 23.38 150.790019  65.862070 15.728
 28    30.631 53211.05211326 25.11 150.786849  65.858980 15.728
 28    30.711 53211.05211390 26.31 150.783689  65.855890 15.728
 28    30.631 53211.05211455 21.45 150.780529  65.852800 15.728
 28    30.758 53211.05211519 22.83 150.777369  65.849700 15.728
 28    30.744 53211.05211584 25.44 150.774209  65.846610 15.728
 28    31.066 53211.05211648 24.36 150.771049  65.843520 15.728
 28    31.074 53211.05211713 27.91 150.767889  65.840430 15.728
 29    29.452 53246.05208121 47.49 150.786305  65.860239 36.683
 29    29.629 53246.05208186 39.08 150.783145  65.857149 36.683
 29    29.800 53246.05208250 36.75 150.779985  65.854059 36.683
 29    29.837 53246.05208315 36.54 150.776825  65.850959 36.683
 29    29.811 53246.05208379 40.14 150.773665  65.847869 36.683
 29    29.822 53246.05208444 47.81 150.770505  65.844779 36.683
 29    29.931 53246.05208508 42.68 150.767345  65.841689 36.683
 30    35.117 53281.05206810 23.01 150.791125  65.848475 14.613
 30    33.962 53281.05206874 20.65 150.787965  65.845385 14.613
 30    34.525 53281.05206939 21.50 150.784805  65.842295 14.613
 30    33.325 53281.05207003 23.20 150.781645  65.839205 14.613
 31    29.217 53316.05207761 25.84 150.799777  65.863235  8.037
 31    29.484 53316.05207825 24.93 150.796617  65.860145  8.037
 31    29.358 53316.05207890 22.88 150.793457  65.857055  8.037
 31    29.288 53316.05207954 22.41 150.790287  65.853965  8.037
 31    29.462 53316.05208019 22.43 150.787127  65.850875  8.037
 31    29.495 53316.05208083 25.41 150.783967  65.847785  8.037
 31    29.578 53316.05208148 25.75 150.780807  65.844685  8.037
 31    29.719 53316.05208212 24.22 150.777647  65.841595  8.037
 31    33.771 53316.05208276 22.80 150.774487  65.838505  8.037
 32    28.662 53351.05204335 23.21 150.793637  65.863889  6.078
 32    28.727 53351.05204400 23.89 150.790467  65.860799  6.078
 32    29.319 53351.05204464 21.43 150.787307  65.857709  6.078
 32    28.906 53351.05204529 20.92 150.784147  65.854619  6.078
 32    29.139 53351.05204593 20.89 150.780987  65.851529  6.078
 32    29.439 53351.05204658 21.11 150.777827  65.848439  6.078
 32    30.846 53351.05204722 20.62 150.774667  65.845349  6.078
 32    31.023 53351.05204787 20.04 150.771507  65.842249  6.078
 33    29.109 53386.05203070 21.65 150.790674  65.846733  6.643
 33    34.014 53386.05203134 19.99 150.787514  65.843643  6.643
 33    29.113 53386.05203198 20.38 150.784354  65.840553  6.643
 34    29.581 53421.05203138 20.23 150.800262  65.861684  5.721
 34    29.585 53421.05203202 19.81 150.797092  65.858594  5.721
 34    29.067 53421.05203267 19.64 150.793932  65.855504  5.721
 34    29.490 53421.05203331 18.51 150.790772  65.852404  5.721
 34    29.372 53421.05203396 19.24 150.787612  65.849314  5.721
 34    29.515 53421.05203460 19.48 150.784452  65.846224  5.721
 34    33.647 53421.05203525 18.14 150.781292  65.843134  5.721
 34    32.495 53421.05203589 17.32 150.778132  65.840044  5.721
 34    34.016 53421.05203653 18.37 150.774982  65.836954  5.721
 36    31.019 53491.05212244  8.02 150.788381  65.861333 21.947
 36    30.256 53491.05212308  6.22 150.785211  65.858243 21.947
 36    28.575 53491.05212373  9.73 150.782051  65.855153 21.947
 36    28.564 53491.05212437  9.59 150.778891  65.852053 21.947
 36    28.184 53491.05212502 12.93 150.775731  65.848963 21.947
 36    28.390 53491.05212566 17.60 150.772571  65.845873 21.947
 36    28.482 53491.05212631 25.78 150.769411  65.842783 21.947
 37    29.831 53526.05210453 45.89 150.799789  65.863405 37.319
 37    29.988 53526.05210517 44.35 150.796629  65.860315 37.319
 37    30.010 53526.05210582 42.23 150.793459  65.857225 37.319
 37    30.060 53526.05210646 39.04 150.790299  65.854135 37.319
 37    30.317 53526.05210711 37.45 150.787139  65.851045 37.319
 37    30.380 53526.05210775 38.41 150.783979  65.847955 37.319
 37    30.354 53526.05210840 39.85 150.780819  65.844865 37.319
 37    30.384 53526.05210904 39.85 150.777659  65.841765 37.319
 37    30.450 53526.05210968 47.78 150.774499  65.838675 37.319
 38    29.901 53561.05213417 44.33 150.779467  65.859156 36.518
 38    29.948 53561.05213482 40.05 150.776307  65.856066 36.518
 38    29.971 53561.05213546 41.28 150.773147  65.852966 36.518
 38    30.038 53561.05213611 50.39 150.769987  65.849876 36.518
 38    30.128 53561.05213675 48.54 150.766827  65.846786 36.518
 39    31.085 53596.05207252 27.25 150.787219  65.860118 17.860
 39    33.819 53596.05207316 24.23 150.784059  65.857028 17.860
 39    31.027 53596.05207381 23.52 150.780899  65.853938 17.860
 39    31.093 53596.05207445 24.29 150.777739  65.850848 17.860
 39    31.229 53596.05207509 25.32 150.774579  65.847748 17.860
 39    31.260 53596.05207574 26.97 150.771419  65.844658 17.860
 39    31.329 53596.05207638 30.62 150.768269  65.841568 17.860
 40    29.688 53631.05206884 39.90 150.790674  65.847057 32.655
 40    29.765 53631.05206948 34.70 150.787514  65.843967 32.655
 40    29.892 53631.05207013 31.41 150.784354  65.840877 32.655
 40    29.726 53631.05207077 29.70 150.781194  65.837787 32.655
 41    28.621 53666.05208935 36.30 150.790947  65.861556 22.799
 41    28.755 53666.05209000 34.34 150.787777  65.858466 22.799
 41    28.983 53666.05209064 37.23 150.784617  65.855376 22.799
 41    28.989 53666.05209129 38.51 150.781457  65.852276 22.799
 41    29.060 53666.05209193 36.06 150.778297  65.849186 22.799
 41    29.127 53666.05209258 35.12 150.775137  65.846096 22.799
 41    28.967 53666.05209322 37.20 150.771977  65.843006 22.799
 42    28.360 53701.05204083 24.56 150.790342  65.861142  6.185
 42    29.765 53701.05204147 22.95 150.787182  65.858052  6.185
 42    28.414 53701.05204211 27.22 150.784022  65.854962  6.185
 42    28.416 53701.05204276 25.96 150.780862  65.851872  6.185
 42    28.812 53701.05204340 25.15 150.777702  65.848782  6.185
 42    31.442 53701.05204405 25.09 150.774542  65.845692  6.185
 42    32.649 53701.05204469 22.96 150.771382  65.842592  6.185
 43    28.922 53736.05195205 22.40 150.776681  65.857988  4.422
 43    31.121 53736.05195270 20.59 150.773531  65.854898  4.422
 43    31.667 53736.05195334 18.53 150.770371  65.851808  4.422
 43    31.951 53736.05195399 18.73 150.767211  65.848718  4.422
 44    33.426 53771.05195709 21.20 150.789811  65.847523  4.308
 44    34.245 53771.05195773 18.68 150.786651  65.844433  4.308
 44    34.567 53771.05195838 19.11 150.783491  65.841343  4.308
 44    34.709 53771.05195902 18.47 150.780331  65.838243  4.308
 45    30.292 53806.05194634 16.54 150.786291  65.861702  3.775
 45    29.950 53806.05194698 18.04 150.783131  65.858612  3.775
 45    31.014 53806.05194762 17.25 150.779971  65.855522  3.775
 45    31.891 53806.05194827 16.06 150.776811  65.852422  3.775
 45    32.394 53806.05194891 15.80 150.773651  65.849332  3.775
 45    32.487 53806.05194956 17.72 150.770491  65.846242  3.775
 45    33.014 53806.05195020 15.46 150.767331  65.843152  3.775
 47    34.177 53876.05201302 26.01 150.802174  65.863294 21.098
 47    35.538 53876.05201367 25.81 150.799014  65.860204 21.098
 47    35.390 53876.05201560 29.44 150.789524  65.850934 21.098
 47    32.246 53876.05201625 25.18 150.786364  65.847834 21.098
 47    32.282 53876.05201689 25.58 150.783204  65.844744 21.098
 47    32.193 53876.05201753 29.78 150.780044  65.841654 21.098
 47    32.165 53876.05201818 34.17 150.776884  65.838564 21.098
 48    30.275 53911.05206199 35.79 150.792033  65.861897 26.800
 48    30.276 53911.05206263 35.83 150.788873  65.858807 26.800
 48    30.332 53911.05206328 36.97 150.785703  65.855717 26.800
 48    30.386 53911.05206392 34.89 150.782543  65.852627 26.800
 48    30.426 53911.05206457 32.89 150.779383  65.849537 26.800
 48    30.437 53911.05206521 36.06 150.776223  65.846447 26.800
 48    30.484 53911.05206585 37.02 150.773063  65.843357 26.800
 48    30.574 53911.05206650 33.80 150.769903  65.840257 26.800
 49    35.276 53946.05208144 21.10 150.778545  65.858769 22.247
 49    30.619 53946.05208209 22.34 150.775385  65.855679 22.247
 49    31.067 53946.05208273 22.84 150.772225  65.852589 22.247
 49    31.411 53946.05208338 24.09 150.769065  65.849499 22.247
 49    30.949 53946.05208402 22.29 150.765905  65.846409 22.247
 50    35.666 53981.05202684 20.46 150.779633  65.859775 22.479
 50    35.655 53981.05202748 20.60 150.776473  65.856685 22.479
 50    35.927 53981.05202813 19.45 150.773313  65.853595 22.479
 50    32.753 53981.05202877 22.01 150.770153  65.850505 22.479
 50    36.603 53981.05202942 19.25 150.766993  65.847415 22.479
 51    29.695 54016.05205136 40.17 150.788063  65.840160 37.320
 51    29.817 54016.05205201 40.87 150.784903  65.837060 37.320
 52    30.762 54051.05204719 16.80 150.802913  65.861561  4.054
 52    33.549 54051.05204977 15.94 150.790273  65.849201  4.054
 52    33.674 54051.05205041 16.30 150.787103  65.846111  4.054
 52    34.289 54051.05205106 15.18 150.783943  65.843021  4.054
 52    34.340 54051.05205170 15.11 150.780793  65.839931  4.054
 52    34.204 54051.05205235 15.21 150.777633  65.836841  4.054
 53    30.289 54086.05203984 12.91 150.788343  65.861074  2.955
 53    31.239 54086.05204048 11.94 150.785173  65.857984  2.955
 53    32.234 54086.05204113 11.98 150.782013  65.854894  2.955
 53    32.642 54086.05204177 11.45 150.778853  65.851804  2.955
 53    32.883 54086.05204242 10.86 150.775693  65.848714  2.955
 53    33.070 54086.05204306 10.71 150.772533  65.845624  2.955
 53    33.482 54086.05204371 11.15 150.769383  65.842534  2.955
 55    31.156 54156.05199830 11.00 150.794440  65.862923  2.805
 55    30.392 54156.05199894 12.34 150.791270  65.859833  2.805
 55    30.564 54156.05199959 12.17 150.788110  65.856743  2.805
 55    32.561 54156.05200023 10.12 150.784950  65.853653  2.805
 55    33.100 54156.05200088 10.12 150.781790  65.850563  2.805
 55    33.498 54156.05200152  9.55 150.778630  65.847473  2.805
 55    33.496 54156.05200217  9.54 150.775470  65.844383  2.805
 55    33.829 54156.05200281  9.57 150.772310  65.841283  2.805
 56    30.603 54191.05196410 11.39 150.775717  65.859015  2.805
 56    31.201 54191.05196474 11.11 150.772557  65.855925  2.805
 56    32.505 54191.05196539  9.97 150.769397  65.852835  2.805
 56    33.039 54191.05196603  8.89 150.766237  65.849735  2.805
 57    28.695 54226.05200883 15.88 150.800217  65.865459 20.285
 57    28.575 54226.05200947 17.50 150.797057  65.862369 20.285
 57    28.800 54226.05201012 19.54 150.793897  65.859279 20.285
 57    28.798 54226.05201076 20.74 150.790727  65.856189 20.285
 57    28.598 54226.05201270 14.79 150.781247  65.846909 20.285
 57    28.629 54226.05201334 24.13 150.778087  65.843819 20.285
 57    28.576 54226.05201399 29.05 150.774927  65.840729 20.285
 58    32.634 54261.05202857 24.88 150.800269  65.866242 11.054
 58    35.090 54261.05202922 21.56 150.797109  65.863152 11.054
 58    34.392 54261.05202986 21.26 150.793949  65.860062 11.054
 58    34.527 54261.05203050 24.79 150.790779  65.856972 11.054
 58    34.577 54261.05203115 27.30 150.787619  65.853882 11.054
 58    35.423 54261.05203179 23.10 150.784459  65.850782 11.054
 58    35.306 54261.05203244 20.29 150.781299  65.847692 11.054
 58    36.198 54261.05203308 18.36 150.778139  65.844602 11.054
 58    35.869 54261.05203373 21.08 150.774979  65.841512 11.054
 59    31.837 54296.05203304 20.92 150.798152  65.866045 14.546
 59    33.378 54296.05203369 20.21 150.794992  65.862955 14.546
 59    31.667 54296.05203433 22.30 150.791822  65.859865 14.546
 59    34.039 54296.05203497 24.91 150.788662  65.856775 14.546
 59    32.012 54296.05203562 25.84 150.785502  65.853685 14.546
 59    32.207 54296.05203626 22.68 150.782342  65.850585 14.546
 59    31.939 54296.05203691 23.45 150.779182  65.847495 14.546
 59    32.216 54296.05203755 19.73 150.776022  65.844405 14.546
 59    32.209 54296.05203820 25.42 150.772862  65.841315 14.546
 60    31.367 54331.05202594 22.19 150.788858  65.861515 12.017
 60    33.639 54331.05202658 22.71 150.785698  65.858425 12.017
 60    33.671 54331.05202723 25.32 150.782538  65.855335 12.017
 60    31.482 54331.05202787 26.42 150.779378  65.852245 12.017
 60    31.664 54331.05202852 25.60 150.776218  65.849145 12.017
 60    31.653 54331.05202916 24.42 150.773058  65.846055 12.017
 60    32.110 54331.05202980 25.53 150.769898  65.842965 12.017
 61    30.412 54366.05197013 41.12 150.776215  65.859092 29.526
 61    30.653 54366.05197078 43.15 150.773055  65.856002 29.526
 61    30.679 54366.05197142 47.46 150.769895  65.852912 29.526
 61    30.726 54366.05197207 48.95 150.766735  65.849822 29.526
 62    28.687 54401.05196711 27.48 150.797755  65.865056 10.334
 62    28.816 54401.05196776 27.62 150.794585  65.861966 10.334
 62    28.658 54401.05196840 27.62 150.791425  65.858876 10.334
 62    28.689 54401.05196905 28.11 150.788265  65.855786 10.334
 62    28.930 54401.05196969 28.31 150.785105  65.852696 10.334
 62    29.130 54401.05197034 27.96 150.781945  65.849606 10.334
 62    29.284 54401.05197098 27.04 150.778785  65.846516 10.334
 62    29.200 54401.05197162 26.89 150.775625  65.843426 10.334
 62    29.311 54401.05197227 29.45 150.772465  65.840336 10.334
 63    30.462 54436.05192564 13.98 150.782051  65.860902  3.217
 63    30.723 54436.05192628 14.15 150.778891  65.857812  3.217
 63    31.666 54436.05192692 14.65 150.775731  65.854722  3.217
 63    32.282 54436.05192757 13.16 150.772571  65.851632  3.217
 63    32.418 54436.05192821 12.95 150.769411  65.848542  3.217
 63    32.781 54436.05192886 12.91 150.766261  65.845452  3.217
 64    31.066 54471.05195170 12.92 150.803812  65.861878  4.557
 64    33.150 54471.05195427 12.99 150.791162  65.849518  4.557
 64    32.762 54471.05195492 13.54 150.788002  65.846428  4.557
 64    33.202 54471.05195556 12.95 150.784842  65.843338  4.557
 64    33.176 54471.05195621 13.10 150.781682  65.840248  4.557
 64    33.097 54471.05195685 13.34 150.778522  65.837148  4.557
 65    29.788 54506.05193893 12.23 150.779614  65.859400  2.591
 65    31.058 54506.05193957 11.37 150.776454  65.856310  2.591
 65    31.650 54506.05194022 10.62 150.773294  65.853220  2.591
 65    31.807 54506.05194086 10.70 150.770134  65.850120  2.591
 65    32.248 54506.05194151  9.91 150.766974  65.847030  2.591
 66    30.044 54541.05196577 12.40 150.799721  65.866696  2.871
 66    29.828 54541.05196641 14.05 150.796551  65.863606  2.871
 66    29.509 54541.05196706 14.46 150.793391  65.860516  2.871
 66    30.032 54541.05196770 13.39 150.790231  65.857416  2.871
 66    30.792 54541.05196834 12.34 150.787071  65.854326  2.871
 66    32.553 54541.05196899 11.19 150.783911  65.851236  2.871
 66    33.059 54541.05196963 10.94 150.780751  65.848146  2.871
 66    33.561 54541.05197028 10.60 150.777591  65.845056  2.871
 66    33.998 54541.05197092 10.89 150.774431  65.841966  2.871
 67    30.476 54576.05194059 10.64 150.777185  65.858020  2.707
 67    31.497 54576.05194123  9.96 150.774025  65.854920  2.707
 67    32.065 54576.05194188  9.56 150.770865  65.851830  2.707
 67    32.503 54576.05194252  8.97 150.767705  65.848740  2.707
 67    32.658 54576.05194317  9.09 150.764545  65.845650  2.707
 68    35.029 54611.05195802 31.21 150.795943  65.864030 13.302
 68    35.131 54611.05195866 32.01 150.792773  65.860940 13.302
 68    35.271 54611.05195931 37.02 150.789613  65.857850 13.302
 68    35.289 54611.05195995 33.25 150.786453  65.854750 13.302
 68    35.333 54611.05196060 34.32 150.783293  65.851660 13.302
 68    35.294 54611.05196124 31.19 150.780133  65.848570 13.302
 68    35.187 54611.05196189 29.42 150.776973  65.845480 13.302
 68    35.191 54611.05196253 29.55 150.773813  65.842390 13.302
 69    29.547 54646.05196588 46.84 150.793300  65.862489 39.173
 69    29.605 54646.05196652 43.21 150.790140  65.859389 39.173
 69    29.792 54646.05196717 43.63 150.786980  65.856299 39.173
 69    29.772 54646.05196781 47.22 150.783820  65.853209 39.173
 69    29.966 54646.05196846 46.21 150.780660  65.850119 39.173
 69    30.016 54646.05196910 45.30 150.777500  65.847029 39.173
 69    29.836 54646.05196974 47.87 150.774340  65.843939 39.173
 69    30.051 54646.05197039 47.11 150.771180  65.840849 39.173
 70    29.087 54681.05196724 37.72 150.789760  65.861168 30.122
 70    29.120 54681.05196788 38.60 150.786600  65.858078 30.122
 70    29.400 54681.05196853 39.93 150.783440  65.854978 30.122
 70    29.400 54681.05196917 39.20 150.780280  65.851888 30.122
 70    29.587 54681.05196982 37.88 150.777120  65.848798 30.122
 70    29.299 54681.05197046 34.22 150.773960  65.845708 30.122
 70    29.353 54681.05197111 34.62 150.770800  65.842618 30.122
 71    29.249 54716.05191738 30.43 150.778348  65.859984 27.261
 71    29.299 54716.05191802 33.75 150.775188  65.856884 27.261
 71    29.410 54716.05191867 33.04 150.772028  65.853794 27.261
 71    29.351 54716.05191931 33.26 150.768868  65.850704 27.261
 71    29.468 54716.05191996 33.55 150.765708  65.847614 27.261
 72    29.056 54751.05193798 42.29 150.799350  65.862790 34.079
 72    29.171 54751.05193863 46.82 150.796180  65.859700 34.079
 72    29.209 54751.05193927 43.33 150.793020  65.856610 34.079
 72    29.234 54751.05193992 42.38 150.789860  65.853510 34.079
 72    29.556 54751.05194056 42.83 150.786690  65.850420 34.079
 72    29.551 54751.05194121 40.85 150.783530  65.847330 34.079
 72    29.584 54751.05194185 41.08 150.780370  65.844240 34.079
 72    29.603 54751.05194250 37.05 150.777210  65.841150 34.079
 72    29.569 54751.05194314 39.21 150.774060  65.838060 34.079
 73    30.005 54786.05190657 20.60 150.784146  65.860941  4.864
 73    30.584 54786.05190721 20.17 150.780986  65.857841  4.864
 73    31.309 54786.05190786 20.68 150.777826  65.854751  4.864
 73    31.857 54786.05190850 21.16 150.774666  65.851661  4.864
 73    31.993 54786.05190914 21.14 150.771506  65.848571  4.864
 73    32.716 54786.05190979 20.11 150.768346  65.845481  4.864
 74    31.026 54821.05193129 17.20 150.801081  65.862608  2.817
 74    31.114 54821.05193194 17.33 150.797911  65.859508  2.817
 74    31.688 54821.05193258 17.14 150.794751  65.856418  2.817
 74    32.398 54821.05193322 16.04 150.791591  65.853328  2.817
 74    33.117 54821.05193387 16.41 150.788421  65.850238  2.817
 74    33.670 54821.05193451 15.84 150.785261  65.847148  2.817
 74    33.887 54821.05193516 15.65 150.782101  65.844058  2.817
 74    33.832 54821.05193580 15.45 150.778941  65.840968  2.817
 74    34.183 54821.05193645 14.94 150.775781  65.837878  2.817
 75    30.237 54856.05190263 16.28 150.786078  65.861111  3.048
 75    30.627 54856.05190327 15.45 150.782918  65.858021  3.048
 75    31.353 54856.05190392 14.82 150.779758  65.854921  3.048
 75    31.904 54856.05190456 15.12 150.776598  65.851831  3.048
 75    31.598 54856.05190521 17.35 150.773438  65.848741  3.048
 75    32.610 54856.05190585 14.50 150.770278  65.845651  3.048
 75    32.734 54856.05190650 15.17 150.767118  65.842561  3.048
 76    30.322 54891.05193556 15.01 150.789903  65.862092  2.730
 76    30.474 54891.05193620 13.73 150.786743  65.858992  2.730
 76    31.174 54891.05193684 13.71 150.783583  65.855902  2.730
 76    32.239 54891.05193749 13.08 150.780423  65.852812  2.730
 76    32.535 54891.05193813 14.03 150.777263  65.849722  2.730
 76    33.088 54891.05193878 12.83 150.774103  65.846632  2.730
 76    33.242 54891.05193942 13.77 150.770943  65.843542  2.730
 76    33.366 54891.05194007 13.11 150.767783  65.840452  2.730
 77    30.660 54926.05190249 11.96 150.771621  65.856769  2.599
 77    32.770 54926.05190313 11.20 150.768461  65.853679  2.599
 78    29.744 54961.05193321 36.78 150.798496  65.863455 31.159
 78    29.956 54961.05193386 36.28 150.795326  65.860365 31.159
 78    30.017 54961.05193450 38.95 150.792166  65.857275 31.159
 78    30.078 54961.05193515 33.18 150.789006  65.854175 31.159
 78    30.056 54961.05193579 33.61 150.785846  65.851085 31.159
 78    30.129 54961.05193644 30.69 150.782686  65.847995 31.159
 78    30.241 54961.05193708 31.02 150.779526  65.844905 31.159
 78    30.320 54961.05193773 31.02 150.776366  65.841815 31.159
 78    30.352 54961.05193837 33.15 150.773206  65.838725 31.159
 79    30.475 54996.05195516 21.49 150.790934  65.862547  8.534
 79    33.722 54996.05195580 22.83 150.787774  65.859457  8.534
 79    34.618 54996.05195645 18.96 150.784614  65.856357  8.534
 79    34.577 54996.05195709 19.47 150.781454  65.853267  8.534
 79    33.420 54996.05195773 19.46 150.778294  65.850177  8.534
 79    31.651 54996.05195838 20.90 150.775134  65.847087  8.534
 79    31.363 54996.05195902 22.63 150.771974  65.843997  8.534
 79    31.566 54996.05195967 22.82 150.768814  65.840907  8.534
 80    29.354 55031.05194470 50.50 150.792881  65.863440 36.394
 80    29.401 55031.05194535 43.82 150.789721  65.860340 36.394
 80    29.578 55031.05194599 39.54 150.786561  65.857250 36.394
 80    29.568 55031.05194663 43.30 150.783401  65.854160 36.394
 80    29.897 55031.05194728 39.96 150.780241  65.851070 36.394
 80    29.730 55031.05194792 39.57 150.777081  65.847980 36.394
 80    29.753 55031.05194857 41.76 150.773921  65.844890 36.394
 80    29.876 55031.05194921 42.21 150.770761  65.841800 36.394
 81    28.598 55066.05193519 43.49 150.787551  65.860593 29.925
 81    28.809 55066.05193584 32.51 150.784391  65.857493 29.925
 81    28.986 55066.05193648 32.02 150.781231  65.854403 29.925
 81    28.966 55066.05193712 33.37 150.778071  65.851313 29.925
 81    28.982 55066.05193777 34.95 150.774911  65.848223 29.925
 81    29.091 55066.05193841 33.68 150.771751  65.845133 29.925
 81    29.216 55066.05193906 32.56 150.768591  65.842043 29.925
 83    30.205 55136.05188024 19.86 150.798888  65.863194  5.887
 83    29.257 55136.05188088 20.71 150.795728  65.860094  5.887
 83    28.884 55136.05188153 21.03 150.792568  65.857004  5.887
 83    31.903 55136.05188217 21.15 150.789408  65.853914  5.887
 83    32.751 55136.05188282 20.20 150.786238  65.850824  5.887
 83    33.219 55136.05188346 18.66 150.783078  65.847734  5.887
 83    32.669 55136.05188411 20.34 150.779918  65.844644  5.887
 83    33.305 55136.05188475 20.53 150.776758  65.841554  5.887
 83    31.545 55136.05188539 20.10 150.773608  65.838464  5.887
 84    30.190 55171.05184399 15.20 150.781404  65.859670  3.327
 84    30.558 55171.05184464 16.53 150.778244  65.856580  3.327
 84    31.611 55171.05184528 15.22 150.775084  65.853490  3.327
 84    31.928 55171.05184592 14.75 150.771924  65.850400  3.327
 84    32.548 55171.05184657 13.27 150.768764  65.847310  3.327
 84    32.439 55171.05184721 13.58 150.765604  65.844220  3.327
 85    31.834 55206.05187314 15.22 150.802212  65.865538  3.137
 85    31.031 55206.05187378 16.50 150.799052  65.862448  3.137
 85    31.093 55206.05187443 16.51 150.795882  65.859358  3.137
 85    31.768 55206.05187507 16.08 150.792722  65.856268  3.137
 85    32.714 55206.05187571 16.10 150.789562  65.853168  3.137
 85    33.115 55206.05187636 15.44 150.786402  65.850078  3.137
 85    33.447 55206.05187700 14.43 150.783232  65.846988  3.137
 85    33.726 55206.05187765 13.86 150.780072  65.843898  3.137
 85    33.961 55206.05187829 13.79 150.776922  65.840808  3.137
 85    34.074 55206.05187894 13.32 150.773762  65.837718  3.137
 86    29.630 55241.05184996 15.93 150.778104  65.859715  3.026
 86    30.599 55241.05185061 13.97 150.774944  65.856625  3.026
 86    31.159 55241.05185125 13.08 150.771784  65.853535  3.026
 86    31.953 55241.05185190 13.11 150.768624  65.850445  3.026
 86    32.360 55241.05185254 12.21 150.765464  65.847355  3.026
 87    29.618 55276.05186819 14.58 150.788611  65.861653  2.990
 87    30.498 55276.05186884 13.99 150.785451  65.858563  2.990
 87    31.737 55276.05186948 13.09 150.782291  65.855473  2.990
 87    32.295 55276.05187013 12.66 150.779131  65.852383  2.990
 87    32.557 55276.05187077 12.16 150.775971  65.849293  2.990
 87    33.071 55276.05187142 11.32 150.772811  65.846203  2.990
 87    33.418 55276.05187206 11.22 150.769651  65.843113  2.990
 87    33.266 55276.05187271 10.71 150.766491  65.840023  2.990
 88    28.322 55311.05183389 20.68 150.780121  65.860376  6.425
 88    28.571 55311.05183453 17.09 150.776961  65.857286  6.425
 88    31.160 55311.05183518 13.78 150.773801  65.854196  6.425
 88    32.051 55311.05183582 10.66 150.770641  65.851096  6.425
 88    32.371 55311.05183646 10.26 150.767481  65.848006  6.425
 89    33.176 55346.05183705 48.23 150.793487  65.862484 38.646
 89    33.191 55346.05183770 49.30 150.790327  65.859384 38.646
 89    33.192 55346.05183834 47.03 150.787167  65.856294 38.646
 89    33.449 55346.05183899 50.26 150.784007  65.853204 38.646
 89    33.476 55346.05183963 48.33 150.780847  65.850114 38.646
 89    33.465 55346.05184028 47.49 150.777687  65.847024 38.646
 89    33.518 55346.05184092 50.66 150.774527  65.843934 38.646
 89    33.558 55346.05184157 49.80 150.771367  65.840844 38.646
 90    30.480 55381.05183038 50.41 150.785942  65.860330 40.592
 90    30.649 55381.05183103 47.03 150.782782  65.857230 40.592
 90    30.663 55381.05183167 47.45 150.779622  65.854140 40.592
 90    30.746 55381.05183232 49.88 150.776462  65.851050 40.592
 90    30.815 55381.05183296 50.41 150.773302  65.847960 40.592
 90    30.768 55381.05183361 50.02 150.770142  65.844870 40.592
 90    30.854 55381.05183425 50.56 150.766982  65.841780 40.592
 91    28.869 55416.05185638 31.30 150.800274  65.861730 25.062
 91    29.018 55416.05185702 30.70 150.797114  65.858640 25.062
 91    34.509 55416.05185767 33.35 150.793954  65.855540 25.062
 91    34.774 55416.05185831 34.66 150.790794  65.852450 25.062
 91    35.310 55416.05185895 27.91 150.787624  65.849360 25.062
 91    29.147 55416.05185960 27.38 150.784464  65.846270 25.062
 91    29.298 55416.05186024 27.20 150.781304  65.843180 25.062
 91    29.422 55416.05186089 32.04 150.778144  65.840090 25.062
 91    29.342 55416.05186153 36.65 150.774994  65.837000 25.062
 92    30.962 55451.05184142 23.28 150.785039  65.860430 22.404
 92    34.951 55451.05184207 22.15 150.781879  65.857340 22.404
 92    30.892 55451.05184271 21.48 150.778719  65.854240 22.404
 92    31.273 55451.05184336 22.76 150.775559  65.851150 22.404
 92    31.369 55451.05184400 26.02 150.772399  65.848060 22.404
 92    31.308 55451.05184465 26.36 150.769239  65.844970 22.404
 92    31.355 55451.05184529 32.70 150.766079  65.841880 22.404
 93    28.850 55486.05176637 48.16 150.773127  65.857701 22.395
 93    28.877 55486.05176701 49.98 150.769967  65.854611 22.395
 93    28.902 55486.05176766 37.78 150.766807  65.851511 22.395
 93    28.815 55486.05176830 36.26 150.763647  65.848421 22.395
