# NaN NaN NaN ;Mean Elev.(m), Avg Gradient(m/km), RMS Gradient(m/km) - SRTM1     
#    8.333   0.026   2.742 ;Mean Elev.(m), Avg Gradient(m/km), RMS Gradient(m/km) - ASTER GDEM
#    1.285  -0.219   2.850 ;Mean Elev.(m), Avg Gradient(m/km), RMS Gradient(m/km) - GMTED2010 
  7 161.290822  68.721941     1.543     1.304  9 52461.03141630 31.680
  8 161.313306  68.745372     0.381     0.602 19 52496.03141134 46.622
  9 161.289894  68.712142     0.892     0.396  4 52531.03140353 24.663
 10 161.285659  68.710884    -0.066    -0.070  4 52566.03142442 39.585
 11 161.315062  68.755466     0.109     0.005 28 52601.03143247 31.283
 12 161.287882  68.716933     1.344     1.587  7 52636.03140198 22.444
 13 161.306811  68.742260     0.707     1.042 21 52671.03140355 20.207
 14 161.287329  68.714368     1.898     1.922  4 52706.03140398 17.377
 15 161.307816  68.746004     0.686     0.837 23 52741.03143151 17.271
 16 161.314940  68.755842     0.602     0.414 29 52776.03137440 27.444
 17 161.285393  68.713676     2.685     2.746  5 52811.03145901 43.820
 18 161.287199  68.714093     2.501     2.270  4 52846.03151435 18.929
 19 161.306351  68.739308     0.182     0.062 18 52881.03154660 38.927
 20 161.308436  68.746674     0.784     0.741 23 52916.03150258 32.446
 21 161.292702  68.709657     0.175     0.176  3 52951.03146992 30.021
 22 161.289349  68.718204     0.447     0.774  7 52986.03148872 20.615
 23 161.309359  68.744727     0.134     0.233 23 53021.03147338 16.699
 25 161.311097  68.758543    -0.003    -0.064 29 53091.03149748 14.542
 26 161.286113  68.712435     1.157     1.124  4 53126.03147667 10.197
 27 161.308231  68.742349     4.119     4.126 21 53161.03153259 37.866
 28 161.330204  68.754771     2.358     2.038 12 53196.03152743 25.457
 29 161.330351  68.755300     1.624     1.193 12 53231.03151155 23.365
 30 161.311547  68.759375    -0.036    -0.031 29 53266.03148143 27.198
 31 161.308536  68.739585     0.623     0.581 14 53301.03153476 22.822
 32 161.305953  68.740593     1.126     1.103 21 53336.03150538 14.092
 33 161.313737  68.756799    -0.010    -0.157 28 53371.03143981 13.487
 35 161.314359  68.757037    -0.101    -0.160 29 53441.03146129 13.139
 36 161.316844  68.744506     0.268     0.383 12 53476.03152977 10.525
 38 161.308669  68.747515     1.556     1.425 24 53546.03156078 19.148
 39 161.308460  68.746360     0.267     0.301 24 53581.03153502 32.093
 40 161.312596  68.758654     1.570     1.671 29 53616.03148757 16.273
 41 161.291503  68.720632     0.264     0.254  9 53651.03150819 47.751
 42 161.308760  68.745342    -0.216    -0.223 22 53686.03151084 27.216
 43 161.315678  68.755639     0.051    -0.019 29 53721.03143484 21.463
 44 161.290352  68.710526     1.271     1.326  4 53756.03137144 19.342
 45 161.306516  68.738500     0.648     0.778 16 53791.03139357 12.916
 46 161.292500  68.709305     1.323     1.491  4 53826.03135881 15.658
 47 161.347384  68.766643     0.985     0.441  9 53861.03143841 12.858
 48 161.320810  68.744275     3.521     3.422  8 53896.03146261 23.950
 49 161.314953  68.753913     2.605     2.143 29 53931.03151254 15.740
 50 161.311762  68.752838     3.645     2.027 27 53966.03148959 18.501
 51 161.292650  68.708243     2.195     2.691  3 54001.03145790 19.663
 52 161.289481  68.718983    -0.188    -0.106  7 54036.03149756 35.289
 53 161.300239  68.733875     0.639     0.845 15 54071.03148900 20.234
 54 161.311330  68.757436     0.382     0.354 28 54106.03143693 16.295
 55 161.289831  68.719666     1.265     1.516  8 54141.03142460 15.103
 56 161.309643  68.749410     2.264     0.757 26 54176.03141930 13.476
 57 161.290890  68.722365     1.177     1.821  9 54211.03143099 13.228
 58 161.316555  68.744582     3.564     3.580 12 54246.03145616 43.488
 60 161.304054  68.738457     2.694     1.364 19 54316.03146725 21.476
 61 161.316111  68.754834     1.877     1.409 29 54351.03143158 19.498
 62 161.319582  68.744259     0.256     0.255 10 54386.03140477 46.131
 63 161.308704  68.748029    -0.004    -0.136 24 54421.03138280 25.939
 64 161.286599  68.711253     1.905     1.821  4 54456.03138406 17.945
 65 161.309400  68.745005     0.708     0.852 23 54491.03138447 15.479
 66 161.289179  68.718745     1.171     1.856  7 54526.03139554 13.599
 67 161.309211  68.748908     0.663     0.734 24 54561.03139229 12.902
 68 161.306434  68.738553     2.615     1.844 16 54596.03138727 13.773
 69 161.302807  68.736610     2.711     2.538 17 54631.03140164 25.122
 70 161.312786  68.744794     0.777     0.868 19 54666.03140620 40.212
 71 161.315750  68.754414     0.241     0.153 29 54701.03137329 25.416
 72 161.287274  68.715488     1.188     0.309  6 54736.03137162 31.118
 73 161.308337  68.743689     0.310     0.321 22 54771.03135615 28.033
 74 161.289630  68.718512     0.422     0.603  7 54806.03136483 21.571
 75 161.306123  68.739281     1.022     1.152 18 54841.03135238 15.871
 76 161.318540  68.744841     0.960     1.000 10 54876.03136053 14.406
 77 161.314297  68.755526     0.320     0.342 29 54911.03135484 11.966
 78 161.320598  68.744927     1.084     0.983  8 54946.03135296 12.519
 79 161.313401  68.745417     2.646     2.639 19 54981.03137931 45.906
 80 161.307241  68.739684     0.442     0.448 18 55016.03138210 37.432
 81 161.300597  68.734719     2.873     1.058 17 55051.03137758 25.245
 82 161.313829  68.756585     1.225     1.339 29 55086.03133883 45.617
 83 161.289652  68.717927    -0.040     0.004  6 55121.03131474 33.743
 84 161.308767  68.747225     0.683     0.696 24 55156.03130077 23.858
 85 161.287453  68.716191     1.006     1.059  6 55191.03130443 18.263
 86 161.309339  68.746381     0.698     0.745 23 55226.03130134 15.594
 87 161.329537  68.754341     0.979     1.007 12 55261.03129234 14.598
 88 161.316168  68.754841     0.492     0.458 28 55296.03128483 14.506
 89 161.308774  68.742541     1.660     1.000 21 55331.03127554 26.176
 90 161.309341  68.745246     1.183     0.937 23 55366.03126840 44.570
 91 161.287589  68.716462     0.416     0.442  6 55401.03128670 33.061
 92 161.309881  68.743003     0.116     0.666 19 55436.03128577 32.351
 93 161.312204  68.755475     1.686     1.668 29 55471.03123576 22.182
