-151425.047    89.358     0.00    2.91
-151052.810    89.041    -0.85    2.00
-150680.492    89.094     0.14    2.06
-150308.092    88.342    -2.02    3.32
-149935.610    87.136    -3.24    4.59
-149563.046    84.860    -6.11    4.87
-149190.401    82.614    -6.03    4.01
-148817.673    79.931    -7.20    3.71
-148444.863    77.116    -7.55    5.00
-148071.971    72.931   -11.22    5.75
-147698.997    69.335    -9.64    4.65
-147325.941    66.776    -6.86    2.51
-146952.803    66.305    -1.26    1.61
-146579.582    67.319     2.72    2.95
-146206.279    69.525     5.91    3.91
-145832.893    72.025     6.70    3.63
-145459.425    74.481     6.57    3.25
-145085.875    76.682     5.89    2.95
-144712.242    80.001     8.88    4.65
-144338.526    84.868    13.02    7.13
-143964.727    91.829    18.62    9.54
-143590.846    98.597    18.10    9.10
-143216.882   105.291    17.90    9.15
-142842.836   109.807    12.07   10.26
-142468.706   114.798    13.34   10.74
-142094.493   119.601    12.83   11.15
-141720.198   126.961    19.66   11.21
-141345.819   136.183    24.63   15.43
-140971.357   150.118    37.21   19.22
-140596.812   164.921    39.52   20.19
-140222.184   180.274    40.98   16.15
-139847.472   195.822    41.49   16.48
-139472.677   211.749    42.49   19.44
-139097.799   233.228    57.29   27.03
-138722.837   260.972    73.98   38.60
-138347.792   298.701   100.59   50.10
-137972.664   342.308   116.23   60.43
-137597.451   395.401   141.49   71.02
-137222.155   438.153   113.90   63.81
-136846.775   467.355    77.79   49.05
-136471.312   479.821    33.20   44.84
-136095.764   490.891    29.47   55.70
-135720.133   497.709    18.15   55.90
-135344.418   503.982    16.70   48.13
-134968.619   499.591   -11.68   42.25
-134592.735   496.471    -8.30   45.27
-134216.768   507.871    30.32   67.92
-133840.716   532.178    64.63   83.68
-133464.581   548.891    44.43   72.10
-133088.361   537.451   -30.41   58.43
-132712.056   506.221   -82.98   58.91
-132335.667   461.023  -120.07   50.53
-131959.194   425.678   -93.88   36.23
-131582.636   400.217   -67.61   23.15
-131205.994   386.971   -35.17   18.77
-130829.267   384.170    -7.44   17.18
-130452.456   389.850    15.07   19.01
-130075.559   401.226    30.18   25.20
-129698.578   411.041    26.03   30.33
-129321.512   421.621    28.06   32.52
-128944.361   441.271    52.10   32.58
-128567.126   459.151    47.39   33.40
-128189.805   464.711    14.73   37.52
-127812.399   465.041     0.87   40.62
-127434.908   447.175   -47.32   54.07
-127057.332   405.961  -109.15   72.13
-126679.670   348.072  -153.27   70.00
-126301.924   302.573  -120.44   55.26
-125924.092   262.312  -106.55   30.66
-125546.174   242.041   -53.63   25.72
-125168.171   223.691   -48.54   20.14
-124790.083   209.611   -37.24   19.14
-124411.909   194.034   -41.19   18.96
-124033.649   177.426   -43.90   22.12
-123655.304   159.418   -47.59   19.51
-123276.873   142.991   -43.41   17.51
-122898.356   127.961   -39.70   12.91
-122519.753   116.871   -29.29   11.50
-122141.064   107.788   -23.98   10.43
-121762.289   100.392   -19.52    9.33
-121383.429    94.253   -16.20    6.05
-121004.482    90.971    -8.66    3.70
-120625.449    88.489    -6.55    4.05
-120246.330    85.010    -9.17    5.93
-119867.124    81.013   -10.54    6.22
-119487.832    78.311    -7.12    5.61
-119108.454    77.274    -2.73    6.73
-118728.990    78.804     4.03    8.57
-118349.438    82.456     9.62    9.73
-117969.801    90.481    21.14   14.28
-117590.076   102.584    31.87   19.93
-117210.265   122.294    51.89   25.11
-116830.368   140.104    46.88   22.53
-116450.383   154.317    37.40   18.84
-116070.312   157.931     9.51   18.20
-115690.153   152.476   -14.35   19.53
-115309.908   142.133   -27.20   19.60
-114929.576   132.931   -24.19   17.52
-114549.157   126.587   -16.67   15.68
-114168.650   121.481   -13.42   15.36
-113788.056   115.931   -14.58   15.72
-113407.375   108.634   -19.17   15.50
-113026.607   100.600   -21.10   14.37
-112645.751    90.496   -26.53   13.70
-112264.808    80.218   -26.98   12.69
-111883.777    69.811   -27.31   11.54
-111502.659    61.062   -22.95    9.49
-111121.453    53.288   -20.39    8.06
-110740.160    48.431   -12.74    5.99
-110358.779    45.481    -7.73    4.66
-109987.016    44.611    -2.34    4.31
-109622.160    45.501     2.44    4.47
-109257.226    47.228     4.73    3.11
-108892.213    48.114     2.43    2.19
-108527.120    47.793    -0.88    2.08
-108161.949    47.594    -0.54    2.14
-107796.698    47.971     1.03    2.63
-107431.368    48.711     2.03    2.59
-107065.959    51.900     8.73    6.89
-106700.471    58.716    18.65   14.00
-106334.903    72.124    36.68   21.96
-105969.257    92.343    55.29   27.24
-105603.530   110.861    50.63   25.10
-105237.724   123.357    34.16   21.47
-104871.839   126.810     9.44   20.25
-104505.874   119.601   -19.70   23.08
-104139.829   107.049   -34.29   24.62
-103773.705    93.162   -37.93   22.25
-103407.501    79.814   -36.45   18.22
-103041.217    71.031   -23.98   12.90
-102674.853    65.072   -16.26    6.50
-102308.410    65.208     0.37    5.35
-101941.886    69.162    10.78    9.16
-101575.283    76.314    19.51   11.50
-101208.599    83.761    20.31    9.36
-100841.836    90.373    18.03    7.81
-100474.992    93.461     8.42    6.02
-100108.068    93.505     0.12    7.24
 -99741.063    92.183    -3.60    8.77
 -99373.979    88.446   -10.18   10.36
 -99006.814    83.050   -14.70   11.96
 -98639.569    77.856   -14.14   11.54
 -98272.243    73.500   -11.86   11.16
 -97904.836    71.577    -5.23   11.11
 -97537.350    70.614    -2.62    9.87
 -97169.782    70.951     0.92    7.60
 -96802.134    71.555     1.64    5.06
 -96434.405    73.368     4.93    5.71
 -96066.595    74.888     4.13    6.93
 -95698.705    76.361     4.00    7.52
 -95330.733    77.191     2.26    7.51
 -94962.681    77.486     0.80    6.66
 -94594.547    75.802    -4.57    6.61
 -94226.333    71.779   -10.93    8.87
 -93858.038    65.327   -17.52   11.38
 -93489.661    59.076   -16.97   10.98
 -93121.203    53.686   -14.63   11.12
 -92752.664    50.385    -8.96    9.74
 -92384.043    50.176    -0.57    9.97
 -92015.342    52.525     6.37   10.37
 -91646.558    57.531    13.57   11.90
 -91277.694    63.804    17.01   12.19
 -90908.748    69.004    14.09    9.33
 -90539.720    70.288     3.48    6.18
 -90170.610    72.133     5.00    6.43
 -89801.419    77.298    13.99    9.40
 -89432.146    84.611    19.80   10.68
 -89062.792    94.081    25.64   11.45
 -88693.355   102.804    23.61   11.03
 -88323.837   109.921    19.26    8.30
 -87954.237   114.373    12.04    6.65
 -87584.554   119.310    13.35    7.96
 -87214.790   124.588    14.27   11.58
 -86844.943   131.147    17.73   15.38
 -86475.015   136.634    14.83   14.33
 -86105.004   139.251     7.07   11.82
 -85734.911   138.644    -1.64    9.58
 -85364.735   136.461    -5.90    9.58
 -84994.477   131.879   -12.37   10.50
 -84624.137   126.535   -14.43   12.92
 -84253.714   117.369   -24.74   16.69
 -83883.209   105.931   -30.87   18.24
 -83512.621    92.941   -35.05   15.69
 -83141.950    84.991   -21.45   12.30
 -82771.197    81.021   -10.71   11.77
 -82400.360    80.793    -0.62   12.53
 -82029.441    78.832    -5.28   10.45
 -81658.440    78.587    -0.66    7.73
 -81287.355    78.922     0.90    7.40
 -80916.187    79.765     2.27    7.46
 -80544.936    81.753     5.35    8.32
 -80173.602    83.662     5.14    9.02
 -79802.185    85.882     5.98   10.04
 -79430.685    87.231     3.63   10.61
 -79059.102    92.644    14.57   13.36
 -78687.435   100.176    20.27   15.98
 -78315.684   114.133    37.54   19.50
 -77943.851   125.961    31.81   21.55
 -77571.934   135.253    24.98   20.88
 -77199.933   134.931    -0.86   21.61
 -76827.849   129.971   -13.33   22.28
 -76455.681   119.971   -26.87   17.66
 -76083.429   111.577   -22.55   14.02
 -75711.094   105.218   -17.08   11.25
 -75338.674    99.284   -15.93   11.38
 -74966.171    91.773   -20.16   13.39
 -74593.584    83.206   -22.99   13.57
 -74220.913    73.327   -26.51   12.64
 -73848.158    64.720   -23.09   11.44
 -73475.319    56.919   -20.92   10.64
 -73102.396    51.598   -14.27    9.33
 -72729.388    46.528   -13.59    8.68
 -72356.296    43.317    -8.61    6.72
 -71983.120    44.092     2.08    7.73
 -71609.859    47.931    10.28    9.42
 -71236.514    52.471    12.16    8.53
 -70863.085    58.541    16.26    6.18
 -70489.571    63.534    13.37    6.54
 -70115.972    69.020    14.69    6.39
 -69742.289    73.509    12.01    7.68
 -69368.521    77.559    10.84   10.00
 -68994.668    79.427     5.00   11.37
 -68620.731    79.868     1.18   11.65
 -68246.708    77.980    -5.05    9.95
 -67872.601    75.301    -7.16    8.58
 -67498.408    73.845    -3.89    6.44
 -67124.131    71.678    -5.79    4.78
 -66749.768    69.189    -6.65    5.49
 -66375.320    66.100    -8.25    6.55
 -66000.787    63.426    -7.14    6.12
 -65626.168    62.174    -3.34    5.80
 -65251.465    58.711    -9.24    9.61
 -64876.676    51.078   -20.36   15.88
 -64501.801    41.755   -24.87   15.72
 -64126.841    34.134   -20.33   11.40
 -63751.795    28.196   -15.83    6.12
 -63376.664    25.706    -6.64    4.81
 -63001.447    22.528    -8.47    3.40
 -62626.144    21.127    -3.73    2.75
 -62250.755    21.355     0.61    3.00
 -61875.281    22.427     2.85    2.92
 -61499.720    24.127     4.53    2.39
 -61124.074    26.278     5.72    3.39
 -60748.341    28.119     4.90    4.35
 -60372.523    30.500     6.33    4.71
 -59996.618    33.490     7.95    5.24
 -59620.627    37.466    10.57    6.90
 -59244.550    40.755     8.74    6.63
 -58868.386    43.721     7.88    5.22
 -58492.136    44.796     2.86    4.62
 -58115.800    45.628     2.21    5.79
 -57739.377    49.659    10.71    8.69
 -57362.867    53.919    11.32    9.24
 -56986.271    58.586    12.39    8.83
 -56609.588    60.773     5.81    7.33
 -56232.818    59.747    -2.72    7.44
 -55855.962    55.941   -10.10    8.62
 -55479.019    51.664   -11.35    8.11
 -55101.988    48.696    -7.87    6.98
 -54724.871    44.733   -10.51    7.87
 -54347.667    39.826   -13.01   10.35
 -53970.375    32.069   -20.56   14.29
 -53592.997    22.893   -24.31   13.23
 -53215.531    17.284   -14.86    7.47
 -52837.978    18.833     4.10    9.58
 -52460.338    24.012    13.71   13.95
 -52082.610    32.145    21.53   14.31
 -51704.794    42.547    27.53   12.90
 -51326.892    52.067    25.19   12.62
 -50948.901    58.706    17.56    8.32
 -50570.823    58.618    -0.23    5.86
 -50192.657    55.813    -7.42    6.42
 -49814.404    50.380   -14.36    7.01
 -49436.063    44.698   -15.02    5.98
 -49057.633    39.675   -13.27    5.32
 -48679.116    36.731    -7.78    3.73
 -48300.511    36.345    -1.02    3.22
 -47921.818    34.811    -4.05    4.64
 -47543.036    30.980   -10.11    7.44
 -47164.167    28.921    -5.43    7.38
 -46785.209    29.182     0.69    7.57
 -46406.163    31.427     5.92    8.27
 -46027.029    34.664     8.54    7.67
 -45647.806    36.706     5.38    7.78
 -45268.494    38.441     4.57    8.74
 -44889.094    41.618     8.37    6.73
 -44509.606    41.723     0.28    6.40
 -44130.028    38.310    -8.99    7.98
 -43750.362    37.931    -1.00    9.24
 -43370.608    43.465    14.57   13.98
 -42990.764    54.781    29.79   15.65
 -42610.831    64.725    26.17   11.64
 -42230.810    70.778    15.93    8.85
 -41850.699    71.547     2.02   10.15
 -41470.500    70.597    -2.50   12.11
 -41090.211    66.990    -9.49   12.31
 -40709.833    63.655    -8.77   11.85
 -40329.365    59.922    -9.81    9.41
 -39948.809    55.722   -11.04    7.20
 -39568.162    51.206   -11.86    7.37
 -39187.427    47.461    -9.83    6.86
 -38806.602    43.223   -11.13    5.71
 -38425.687    38.298   -12.93    6.55
 -38044.682    33.699   -12.07    6.66
 -37663.588    32.063    -4.29    7.46
 -37282.404    33.980     5.03   10.10
 -36901.130    37.899    10.28   12.31
 -36519.767    43.595    14.93   11.24
 -36138.313    46.597     7.87    8.39
 -35756.769    44.672    -5.05    7.98
 -35378.607    40.941    -9.87    7.97
 -35013.994    31.278   -26.50   13.88
 -34649.302    22.165   -24.99   14.26
 -34284.528    15.931   -17.09   10.66
 -33919.674    18.864     8.04   14.05
 -33554.738    28.972    27.70   17.67
 -33189.722    40.182    30.71   15.58
 -32824.625    49.961    26.78   11.73
 -32459.447    57.050    19.41    9.98
 -32094.188    64.172    19.50   13.40
 -31728.847    75.329    30.54   16.18
 -31363.426    89.307    38.25   20.55
 -30997.923   103.841    39.76   25.04
 -30632.339   123.324    53.29   35.85
 -30266.674   143.643    55.57   46.03
 -29900.927   169.040    69.44   48.46
 -29535.099   185.541    45.11   44.10
 -29169.189   191.698    16.83   39.53
 -28803.198   200.970    25.33   40.06
 -28437.125   213.699    34.77   49.08
 -28070.971   239.971    71.75   63.09
 -27704.735   263.672    64.72   66.95
 -27338.417   282.890    52.46   77.36
 -26972.017   280.691    -6.00   86.36
 -26605.536   267.010   -37.33   87.95
 -26238.972   236.741   -82.57   76.95
 -25872.326   208.294   -77.59   55.61
 -25505.599   188.199   -54.80   37.92
 -25138.789   182.313   -16.05   32.85
 -24771.897   186.240    10.70   28.57
 -24404.923   184.326    -5.21   19.45
 -24037.867   181.456    -7.82   15.98
 -23670.729   175.768   -15.49   15.83
 -23303.508   168.749   -19.11   13.91
 -22936.204   160.981   -21.15   12.52
 -22568.818   152.174   -23.97   11.35
 -22201.350   142.759   -25.62   11.16
 -21833.799   132.155   -28.85   13.77
 -21466.165   120.932   -30.53   15.69
 -21098.449   108.436   -33.98   13.75
 -20730.650   101.151   -19.81    9.65
 -20362.768    98.533    -7.12    8.85
 -19994.803   102.351    10.38   11.23
 -19626.756   105.723     9.16   13.40
 -19258.625   107.066     3.65   12.68
 -18890.411   109.864     7.60    9.75
 -18522.115   113.814    10.73    9.91
 -18153.735   118.701    13.27   12.35
 -17785.272   127.696    24.41   14.57
 -17416.725   138.436    29.14   15.38
 -17048.096   150.911    33.84   21.73
 -16679.383   170.065    51.95   31.60
 -16310.586   192.441    60.67   38.14
 -15941.706   212.990    55.70   35.86
 -15572.743   230.047    46.23   33.49
 -15203.696   241.543    31.15   28.62
 -14834.565   244.643     8.40   24.64
 -14465.351   241.761    -7.80   23.93
 -14096.053   228.084   -37.03   19.28
 -13726.671   218.864   -24.96   15.20
 -13357.205   213.922   -13.38   13.73
 -12987.655   208.461   -14.78   10.40
 -12618.022   205.421    -8.22   10.25
 -12248.304   195.271   -27.45   19.76
 -11878.502   177.124   -49.07   28.19
 -11508.616   153.951   -62.65   32.24
 -11138.646   130.060   -64.58   27.56
 -10768.591   107.621   -60.64   20.51
 -10398.452    91.999   -42.21   18.04
 -10028.229    76.539   -41.76   15.74
  -9657.921    65.332   -30.26   12.41
  -9287.529    57.084   -22.27    9.52
  -8917.053    52.941   -11.18   10.40
  -8546.491    50.010    -7.91   12.02
  -8175.845    43.788   -16.79   12.51
  -7805.115    34.873   -24.04   13.12
  -7434.299    23.961   -29.43   13.83
  -7063.399    16.201   -20.92   11.47
  -6692.413    10.961   -14.12    7.78
  -6321.343     7.660    -8.90    4.43
  -5950.188     7.124    -1.44    4.41
  -5578.948     6.347    -2.09    3.84
  -5207.622     7.349     2.70    3.65
  -4836.212     8.215     2.33    2.96
  -4464.716     7.665    -1.48    2.55
  -4093.135     7.582    -0.22    2.12
  -3721.468     6.816    -2.06    2.35
  -3349.716     6.624    -0.52    2.28
  -2977.879     6.225    -1.08    2.68
  -2605.956     6.100    -0.34    3.25
  -2233.947     7.351     3.36    3.42
  -1861.853     6.514    -2.25    4.04
  -1489.673     4.513    -5.38    4.64
  -1117.408     2.818    -4.55    4.42
   -745.056     0.728    -5.61    2.45
   -372.619    -0.049    -2.09    0.00
     -0.095    -0.049     0.00    0.00
    372.514     1.809     4.99    4.49
    745.210     4.731     7.84    6.11
   1117.991     8.161     9.20    5.95
   1490.859    10.608     6.56    4.29
   1863.813    11.524     2.46    3.29
   2236.853    11.865     0.92    3.09
   2609.980    12.669     2.16    2.47
   2983.193    10.792    -5.03    4.69
   3356.492     7.517    -8.77    5.96
   3729.878     4.227    -8.81    5.79
   4103.351     1.063    -8.47    2.94
   4476.910     0.720    -0.92    1.81
   4850.556     1.854     3.03    2.61
   5224.289     3.281     3.82    2.84
   5598.109     3.999     1.92    2.39
   5972.015     4.534     1.43    2.04
   6346.009     4.494    -0.11    2.20
   6720.090     4.165    -0.88    2.74
   7094.257     4.189     0.07    2.95
   7468.512     4.073    -0.31    3.10
   7842.854     3.941    -0.35    3.03
   8217.283     4.042     0.27    2.98
   8591.800     4.138     0.26    2.76
   8966.403     4.116    -0.06    2.50
   9341.095     4.503     1.03    2.10
   9715.874     5.028     1.40    1.26
  10090.740     5.163     0.36    1.20
  10465.694     4.922    -0.64    1.28
  10840.736     4.902    -0.05    1.34
  11215.865     4.876    -0.07    1.28
  11591.082     4.861    -0.04    1.19
  11966.387     5.159     0.79    1.22
  12341.780     5.522     0.97    1.29
  12717.261     5.809     0.76    1.26
  13092.830     6.339     1.41    1.29
  13468.488     6.772     1.15    1.23
  13844.233     6.466    -0.81    2.25
  14220.066     5.442    -2.72    3.34
  14595.988     4.517    -2.46    3.74
  14971.998     3.634    -2.35    3.85
  15348.097     3.509    -0.33    3.84
  15724.284     3.387    -0.32    3.71
  16100.560     4.007     1.65    4.07
  16476.924     4.794     2.09    4.59
  16853.377     5.664     2.31    5.11
  17229.918     6.281     1.64    5.45
  17606.549     6.288     0.02    5.64
  17983.268     6.009    -0.74    5.51
  18360.076     6.522     1.36    5.42
  18736.973     7.837     3.49    5.42
  19113.959    10.762     7.76    3.54
  19491.034    11.234     1.25    3.16
  19868.199     9.605    -4.32    5.04
  20245.452     7.602    -5.31    5.92
  20622.795     5.339    -6.00    6.02
  21000.228     4.083    -3.33    5.37
  21377.749     3.820    -0.70    5.23
  21755.360     5.640     4.82    5.84
  22133.061     7.981     6.20    5.61
  22510.851     9.129     3.04    5.18
  22888.731     9.398     0.71    4.91
  23266.701     6.526    -7.60    5.82
  23644.760     4.398    -5.63    5.67
  24022.909     2.408    -5.26    4.52
  24401.148     2.047    -0.95    3.81
  24779.477     3.808     4.65    4.50
  25157.897     5.451     4.34    4.26
  25536.406     7.064     4.26    3.11
  25915.005     8.055     2.62    1.07
  26293.695     7.722    -0.88    0.92
  26672.475     7.596    -0.33    0.88
  27051.345     7.298    -0.79    1.48
  27430.306     6.025    -3.36    3.23
  27809.357     4.375    -4.35    3.89
  28188.499     3.241    -2.99    4.04
  28567.731     3.063    -0.47    4.24
  28947.054     4.715     4.35    4.32
  29326.468     5.851     2.99    3.38
  29705.972     5.668    -0.48    2.69
  30085.568     4.248    -3.74    2.78
  30465.254     2.479    -4.66    2.14
  30845.031     1.528    -2.51    1.34
  31224.900     1.027    -1.32    1.03
  31604.859     0.768    -0.68    1.08
  31984.910     0.372    -1.04    0.93
  32365.052    -0.049    -1.11    0.00
  32745.285    -0.049     0.00    0.00
  33125.610    -0.049     0.00    0.00
  33506.026    -0.039     0.03    0.10
  33886.533     0.234     0.72    0.78
  34267.133     0.614     1.00    1.02
  34647.823     0.885     0.71    1.09
  35028.606     1.029     0.38    1.03
  35409.480     1.043     0.04    0.97
  35790.446     1.199     0.41    1.19
  36171.504     1.556     0.94    1.35
  36552.654     1.789     0.61    1.47
  36933.896     2.101     0.82    1.58
  37315.230     2.420     0.84    1.70
  37696.657     2.839     1.10    1.67
  38078.175     3.022     0.48    1.78
  38459.786     3.386     0.95    1.76
  38841.489     3.971     1.53    1.59
  39223.285     4.530     1.47    1.31
  39590.890     5.135     1.65    0.80
  39955.339     5.446     0.85    0.73
  40319.870     5.671     0.62    0.71
  40684.484     5.893     0.61    0.83
  41049.180     5.970     0.21    1.07
  41413.959     5.923    -0.13    1.21
  41778.821     5.668    -0.70    1.27
  42143.766     5.234    -1.19    1.67
  42508.793     4.541    -1.90    2.09
  42873.904     3.997    -1.49    2.11
  43239.097     4.009     0.03    2.02
  43604.373     4.044     0.10    2.12
  43969.733     4.484     1.20    2.36
  44335.175     4.912     1.17    2.57
  44700.701     5.315     1.10    2.68
  45066.310     5.181    -0.37    3.13
  45432.002     5.187     0.02    3.26
  45797.778     5.225     0.10    3.34
  46163.637     4.441    -2.14    3.33
  46529.580     4.493     0.14    3.27
  46895.606     5.104     1.67    3.29
  47261.715     5.858     2.06    3.00
  47627.909     6.770     2.49    2.27
  47994.186     7.055     0.78    1.26
  48360.546     6.599    -1.24    1.25
  48726.991     6.175    -1.16    1.05
  49093.519     5.668    -1.38    1.01
  49460.132     4.825    -2.30    1.61
  49826.828     3.652    -3.20    1.92
  50193.609     3.101    -1.50    1.94
  50560.473     2.745    -0.97    1.84
  50927.422     3.008     0.72    1.80
  51294.455     3.153     0.39    1.40
  51661.572     3.147    -0.02    1.05
  52028.773     3.056    -0.25    0.82
  52396.059     3.036    -0.05    0.57
  52763.429     2.970    -0.18    0.66
  53130.884     2.788    -0.49    0.87
  53498.424     2.334    -1.23    1.09
  53866.048     1.865    -1.28    1.07
  54233.756     1.423    -1.20    0.82
  54601.550     1.243    -0.49    0.70
  54969.428     1.466     0.60    0.98
  55337.391     2.090     1.70    1.26
  55705.439     2.804     1.94    1.25
  56073.572     3.512     1.92    0.98
  56441.790     3.876     0.99    0.73
  56810.093     3.845    -0.08    0.79
  57178.481     3.895     0.13    0.83
  57546.955     3.731    -0.44    0.84
  57915.513     3.581    -0.41    0.74
  58284.157     3.788     0.56    0.84
  58652.887     3.960     0.47    0.85
  59021.701     4.140     0.49    0.79
  59390.602     3.970    -0.46    0.72
  59759.588     3.841    -0.35    0.57
  60128.659     3.773    -0.18    0.59
  60497.816     3.671    -0.28    0.56
  60867.059     3.682     0.03    0.56
  61236.388     3.493    -0.51    0.55
  61605.802     3.287    -0.56    0.53
  61975.303     3.106    -0.49    0.56
  62344.889     3.061    -0.12    0.64
  62714.561     2.991    -0.19    0.60
  63084.320     2.998     0.02    0.57
  63454.165     3.074     0.21    0.53
  63824.095     3.300     0.61    0.57
  64194.113     3.540     0.65    0.67
  64564.216     4.039     1.35    0.90
  64934.406     4.769     1.97    1.34
  65304.682     5.549     2.11    1.52
  65675.045     6.418     2.35    1.53
  66045.494     7.026     1.64    1.45
  66416.030     7.715     1.86    0.90
  66786.653     8.034     0.86    0.67
  67157.362     8.225     0.52    0.53
  67528.159     8.182    -0.12    0.49
  67899.042     8.208     0.07    0.54
  68270.012     8.479     0.73    1.00
  68641.069     8.611     0.36    1.15
  69012.213     8.942     0.89    1.19
  69383.444     8.664    -0.75    1.59
  69754.763     6.660    -5.40    3.84
  70126.168     4.173    -6.70    4.36
  70497.661     1.496    -7.21    3.00
  70869.241     0.410    -2.92    1.48
  71240.909     0.357    -0.14    1.48
  71612.664     0.278    -0.21    1.27
  71984.507     0.418     0.38    1.49
  72356.437     0.509     0.24    1.63
  72728.455     0.676     0.45    1.95
  73100.561     0.451    -0.60    1.66
  73472.754     0.144    -0.83    0.96
  73845.035    -0.021    -0.44    0.17
  74217.405     0.297     0.85    1.02
  74589.862     0.297     0.00    1.02
  74962.407     0.734     1.17    1.45
  75335.040     1.043     0.83    1.61
  75707.762     1.315     0.73    1.63
  76080.571     1.549     0.63    1.43
  76453.469     1.426    -0.33    1.29
  76826.456     1.136    -0.78    1.25
  77199.530     0.780    -0.96    1.17
  77572.693     0.615    -0.44    1.05
  77945.945     1.129     1.38    1.20
  78319.285     1.770     1.72    1.16
  78692.714     2.245     1.27    0.91
  79066.232     2.643     1.07    0.86
  79439.838     2.621    -0.06    1.12
  79813.533     2.904     0.76    1.44
  80187.317     3.275     0.99    1.72
  80561.191     3.512     0.63    1.90
  80935.153     3.484    -0.07    2.29
  81309.204     3.538     0.15    2.65
  81683.344     3.159    -1.01    2.77
  82057.574     3.007    -0.40    2.77
  82431.893     3.028     0.06    2.53
  82806.301     3.044     0.04    2.22
  83180.798     3.036    -0.02    1.74
  83555.386     2.905    -0.35    1.60
  83930.062     2.717    -0.50    1.56
  84304.828     2.512    -0.55    1.70
  84679.684     2.470    -0.11    1.79
  85054.630     2.627     0.42    1.89
  85429.665     2.942     0.84    1.93
  85804.790     3.030     0.24    1.95
  86180.005     2.757    -0.73    1.90
  86555.311     2.520    -0.63    1.77
  86930.706     2.456    -0.17    1.59
  87306.191     2.998     1.44    1.47
  87681.766     3.540     1.44    1.29
  88057.432     3.960     1.12    1.10
  88433.188     4.175     0.57    1.04
  88809.034     4.479     0.81    0.89
  89184.971     4.569     0.24    0.70
  89560.998     4.786     0.58    0.83
  89937.116     5.159     0.99    0.80
  90313.324     5.144    -0.04    0.95
  90689.623     4.923    -0.59    1.35
  91066.013     4.636    -0.76    1.56
  91442.494     4.213    -1.12    1.57
  91819.065     3.618    -1.58    1.59
  92195.728     3.342    -0.73    1.38
  92572.481     3.111    -0.61    1.22
  92949.326     2.755    -0.95    1.26
  93326.262     2.703    -0.14    1.38
  93703.289     2.492    -0.56    1.32
  94080.407     2.278    -0.57    1.44
  94457.616     2.364     0.23    1.46
  94834.917     2.624     0.69    1.54
  95212.310     3.070     1.18    1.68
  95589.793     2.932    -0.37    1.76
  95967.369     2.446    -1.29    1.75
  96345.036     1.549    -2.38    1.89
  96722.795     0.353    -3.17    1.53
  97100.646    -0.367    -1.90    1.21
  97478.588    -0.925    -1.48    0.60
  97856.623    -1.049    -0.33    0.00
  98234.749    -0.719     0.87    0.86
  98612.968    -0.331     1.03    1.13
  98991.278     0.220     1.46    1.29
  99369.681     0.832     1.62    1.53
  99748.176     1.633     2.12    1.77
 100126.764     2.144     1.35    1.73
 100505.444     2.331     0.49    1.75
 100884.216     2.107    -0.59    1.65
 101263.081     1.764    -0.91    1.77
 101642.038     0.988    -2.05    1.70
 102021.088     0.405    -1.54    1.46
 102400.231    -0.208    -1.62    1.12
 102779.467    -0.480    -0.72    1.10
 103158.795    -0.839    -0.95    0.72
 103538.217    -1.022    -0.48    0.21
 103917.731    -1.029    -0.02    0.20
 104297.339    -1.049    -0.05    0.00
 104677.039    -1.049     0.00    0.00
 105056.833    -1.049     0.00    0.00
 105436.720    -1.049     0.00    0.00
 105816.700    -1.049     0.00    0.00
 106196.774    -1.049     0.00    0.00
 106576.942    -1.049     0.00    0.00
 106957.202    -1.049     0.00    0.00
 107337.557    -1.049     0.00    0.00
 107718.005    -1.049     0.00    0.00
 108098.547    -1.049     0.00    0.00
 108479.182    -1.049     0.00    0.00
 108859.912    -1.049     0.00    0.00
 109240.735    -1.049     0.00    0.00
 109621.653    -1.049     0.00    0.00
 110002.664    -1.049     0.00    0.00
 110383.770    -1.049     0.00    0.00
 110764.970    -1.049     0.00    0.00
 111146.264    -1.049     0.00    0.00
 111527.653    -1.049     0.00    0.00
 111909.136    -1.049     0.00    0.00
 112290.714    -1.049     0.00    0.00
 112672.386    -1.049     0.00    0.00
 113054.152    -1.049     0.00    0.00
 113436.014    -1.049     0.00    0.00
 113817.970    -1.049     0.00    0.00
 114192.522    -1.049     0.00    0.00
 114556.723    -1.049     0.00    0.00
 114921.009    -1.049     0.00    0.00
 115285.378    -1.049     0.00    0.00
 115649.833    -1.049     0.00    0.00
 116014.371    -1.049     0.00    0.00
 116378.995    -1.049     0.00    0.00
 116743.702    -1.049     0.00    0.00
 117108.495    -1.049     0.00    0.00
 117473.372    -1.049     0.00    0.00
 117838.334    -1.049     0.00    0.00
 118203.380    -1.049     0.00    0.00
 118568.512    -1.049     0.00    0.00
 118933.728    -1.049     0.00    0.00
 119299.029    -1.049     0.00    0.00
 119664.416    -1.049     0.00    0.00
 120029.887    -1.049     0.00    0.00
 120395.444    -1.049     0.00    0.00
 120761.086    -1.049     0.00    0.00
 121126.813    -1.049     0.00    0.00
 121492.626    -1.049     0.00    0.00
 121858.523    -1.049     0.00    0.00
 122224.507    -1.049     0.00    0.00
 122590.576    -1.049     0.00    0.00
 122956.730    -1.049     0.00    0.00
 123322.970    -1.049     0.00    0.00
 123689.296    -1.049     0.00    0.00
 124055.707    -1.049     0.00    0.00
 124422.205    -1.049     0.00    0.00
 124788.788    -1.049     0.00    0.00
 125155.457    -1.049     0.00    0.00
 125522.212    -1.049     0.00    0.00
 125889.053    -1.049     0.00    0.00
 126255.981    -1.049     0.00    0.00
 126622.994    -1.049     0.00    0.00
 126990.094    -1.049     0.00    0.00
 127357.280    -1.049     0.00    0.00
 127724.552    -1.049     0.00    0.00
 128091.911    -1.049     0.00    0.00
 128459.356    -1.049     0.00    0.00
 128826.888    -1.049     0.00    0.00
 129194.506    -1.049     0.00    0.00
 129562.211    -1.049     0.00    0.00
 129930.003    -1.049     0.00    0.00
 130297.882    -1.049     0.00    0.00
 130665.847    -1.049     0.00    0.00
 131033.899    -1.049     0.00    0.00
 131402.039    -1.049     0.00    0.00
 131770.265    -1.049     0.00    0.00
 132138.578    -1.049     0.00    0.00
 132506.979    -1.049     0.00    0.00
 132875.466    -1.049     0.00    0.00
 133244.041    -1.049     0.00    0.00
 133612.704    -1.049     0.00    0.00
 133981.454    -1.049     0.00    0.00
 134350.291    -1.049     0.00    0.00
 134719.215    -1.049     0.00    0.00
 135088.228    -1.049     0.00    0.00
 135457.328    -1.049     0.00    0.00
 135826.515    -1.049     0.00    0.00
 136195.790    -1.049     0.00    0.00
 136565.154    -1.049     0.00    0.00
 136934.605    -1.049     0.00    0.00
 137304.144    -1.049     0.00    0.00
 137673.771    -1.049     0.00    0.00
 138043.486    -1.049     0.00    0.00
 138413.289    -1.049     0.00    0.00
 138783.181    -1.049     0.00    0.00
 139153.160    -1.049     0.00    0.00
 139523.229    -1.040     0.02    0.09
 139893.385    -0.992     0.13    0.30
 140263.630    -1.013    -0.05    0.23
 140633.963    -1.049    -0.10    0.00
 141004.385    -0.825     0.60    1.28
