-122591.937    24.493     0.00    7.16
-122222.874    22.111    -6.45    7.10
-121853.897    21.406    -1.91    6.76
-121485.004    23.435     5.50    7.58
-121116.196    26.557     8.47    7.68
-120747.474    29.981     9.29    6.72
-120378.836    31.488     4.09    5.57
-120010.282    28.488    -8.14    7.79
-119641.814    24.360   -11.20    8.36
-119273.430    20.364   -10.85    6.73
-118905.131    18.331    -5.52    4.72
-118536.916    16.821    -4.10    0.00
-118168.785    16.821     0.00    0.00
-117800.739    16.821     0.00    0.00
-117432.778    16.821     0.00    0.00
-117064.900    17.161     0.92    1.90
-116697.107    21.726    12.41    7.65
-116329.398    26.259    12.33    8.45
-115961.773    31.365    13.89    6.44
-115594.232    34.083     7.40    2.83
-115226.776    33.841    -0.66    2.62
-114859.403    32.627    -3.31    4.24
-114492.114    30.513    -5.75    5.77
-114124.909    29.316    -3.26    6.49
-113757.787    29.896     1.58    6.54
-113390.749    30.668     2.10    6.89
-113023.795    30.632    -0.10    7.04
-112656.925    28.870    -4.80    7.58
-112290.138    25.678    -8.70    7.55
-111923.435    23.412    -6.18    7.17
-111556.815    21.083    -6.35    6.30
-111190.278    23.359     6.21    7.12
-110823.825    26.108     7.50    7.23
-110457.455    28.331     6.07    6.29
-110091.168    29.715     3.78    4.83
-109724.964    27.350    -6.46    6.28
-109358.843    24.444    -7.94    6.67
-108992.806    20.821    -9.90    5.12
-108626.851    18.231    -7.08    1.64
-108260.979    17.821    -1.12    0.00
-107895.191    17.849     0.08    0.22
-107529.485    19.293     3.95    3.02
-107163.861    21.531     6.12    4.34
-106798.321    22.345     2.23    5.24
-106432.863    21.583    -2.08    6.06
-106067.488    18.859    -7.46    5.93
-105702.195    15.963    -7.93    3.65
-105336.984    15.025    -2.57    0.95
-104971.856    17.793     7.58    5.29
-104606.811    22.158    11.96    7.06
-104241.848    26.183    11.03    5.95
-103876.967    29.061     7.89    2.24
-103512.168    29.292     0.63    1.32
-103147.451    27.991    -3.57    2.08
-102782.817    26.425    -4.29    2.63
-102417.961    24.994    -3.92    2.63
-102036.089    24.462    -1.39    2.40
-101654.309    23.991    -1.23    2.33
-101272.620    24.321     0.87    2.03
-100891.024    24.576     0.67    1.72
-100509.519    24.946     0.97    1.86
-100128.105    25.746     2.10    1.44
 -99746.784    25.607    -0.36    2.14
 -99365.553    25.000    -1.59    2.43
 -98984.414    23.925    -2.82    2.88
 -98603.366    23.485    -1.16    2.83
 -98222.410    22.908    -1.51    2.39
 -97841.545    22.607    -0.79    1.59
 -97460.771    22.387    -0.58    1.36
 -97080.087    22.086    -0.79    1.16
 -96699.495    21.450    -1.67    1.85
 -96318.994    20.326    -2.95    2.44
 -95938.584    18.736    -4.18    2.83
 -95558.265    17.360    -3.62    2.17
 -95178.036    16.453    -2.39    2.36
 -94797.898    13.771    -7.06    4.84
 -94417.851    10.488    -8.64    5.68
 -94037.894     7.576    -7.66    4.88
 -93658.028     6.336    -3.27    3.77
 -93278.252     7.250     2.41    3.63
 -92898.566     7.632     1.01    3.63
 -92518.971     7.811     0.47    3.91
 -92139.466     7.944     0.35    3.44
 -91760.051     7.586    -0.94    3.36
 -91380.727     6.783    -2.12    3.43
 -91001.492     6.870     0.23    3.70
 -90622.348     7.707     2.21    4.13
 -90243.293     7.254    -1.20    4.65
 -89864.328     8.170     2.42    4.41
 -89485.453     8.183     0.03    4.32
 -89106.668     8.369     0.49    3.64
 -88727.972     8.935     1.50    2.79
 -88349.366     8.504    -1.14    2.51
 -87970.850     8.250    -0.67    2.12
 -87592.423     7.705    -1.44    2.67
 -87214.085     5.642    -5.45    4.30
 -86835.837     3.721    -5.08    5.26
 -86457.678     3.651    -0.18    5.87
 -86079.608     3.852     0.53    6.10
 -85701.628     6.581     7.22    5.17
 -85323.737     6.352    -0.61    5.69
 -84945.934     3.906    -6.47    6.10
 -84568.221     4.138     0.61    6.24
 -84190.597     5.415     3.38    6.19
 -83813.061     8.571     8.36    4.77
 -83435.614    10.648     5.50    1.27
 -83058.256    10.277    -0.98    1.22
 -82680.987     9.501    -2.06    2.30
 -82303.806     8.590    -2.41    3.78
 -81926.714     7.498    -2.90    4.91
 -81549.710     6.631    -2.30    5.80
 -81172.795     6.547    -0.22    6.03
 -80795.968     6.840     0.78    5.54
 -80419.230     7.250     1.09    4.92
 -80042.579     7.278     0.08    4.62
 -79666.017     6.637    -1.70    5.14
 -79289.543     6.831     0.51    5.37
 -78913.157     7.321     1.30    4.93
 -78536.860     9.158     4.88    3.55
 -78160.650    10.267     2.95    1.89
 -77784.528    10.423     0.42    1.43
 -77408.493    10.811     1.03    1.39
 -77032.547     9.715    -2.92    4.01
 -76656.688     6.906    -7.47    6.52
 -76280.917     3.540    -8.96    7.31
 -75905.233    -0.019    -9.47    6.13
 -75529.637    -2.866    -7.58    2.88
 -75154.129    -3.750    -2.36    1.63
 -74778.707    -4.097    -0.92    0.71
 -74403.374    -4.037     0.16    1.03
 -74028.127    -3.779     0.69    1.75
 -73652.968    -3.265     1.37    2.91
 -73277.895    -2.674     1.58    3.81
 -72902.910    -1.764     2.43    4.59
 -72528.012    -1.446     0.85    4.78
 -72153.201    -1.277     0.45    4.90
 -71778.477    -1.179     0.26    4.90
 -71403.840    -1.924    -1.99    4.42
 -71029.289    -2.304    -1.01    4.08
 -70654.825    -2.550    -0.66    3.85
 -70280.448    -2.886    -0.90    3.59
 -69906.158    -3.087    -0.54    3.36
 -69531.954    -3.948    -2.30    1.33
 -69157.837    -3.975    -0.07    1.02
 -68783.806    -3.531     1.19    2.51
 -68409.861    -2.939     1.59    3.56
 -68036.003    -2.179     2.03    4.73
 -67662.231    -1.474     1.89    5.48
 -67288.545    -0.399     2.88    6.53
 -66914.945     0.831     3.29    7.32
 -66541.432     2.199     3.66    8.00
 -66168.004     3.354     3.10    8.34
 -65794.663     3.791     1.17    8.14
 -65421.407     3.715    -0.20    8.22
 -65048.238     4.093     1.01    8.27
 -64675.154     3.793    -0.81    8.29
 -64302.155     3.478    -0.84    8.13
 -63929.243     2.752    -1.95    7.90
 -63556.416     2.292    -1.24    7.69
 -63183.675     0.811    -3.97    7.16
 -62811.019     0.459    -0.94    6.79
 -62438.448     0.015    -1.19    6.33
 -62065.963    -0.474    -1.31    6.16
 -61693.564    -1.699    -3.29    5.26
 -61321.249    -3.352    -4.44    3.17
 -60949.020    -4.140    -2.12    0.39
 -60576.876    -4.179    -0.10    0.00
 -60204.817    -4.179     0.00    0.00
 -59832.843    -3.269     2.45    3.52
 -59460.954    -1.560     4.60    6.27
 -59089.150     0.760     6.24    7.98
 -58717.431     4.151     9.12    9.44
 -58345.797     6.461     6.22    9.49
 -57974.247     9.465     8.09    8.95
 -57602.782    12.122     7.15    8.21
 -57231.402    15.174     8.22    5.95
 -56860.107    17.132     5.27    3.60
 -56488.896    18.930     4.84    3.52
 -56117.769    20.044     3.00    3.60
 -55746.727    21.229     3.19    4.62
 -55375.769    21.393     0.44    4.57
 -55004.895    20.664    -1.96    4.72
 -54634.106    19.540    -3.03    4.83
 -54263.401    19.439    -0.27    4.91
 -53892.780    20.574     3.06    5.53
 -53522.243    21.494     2.48    4.87
 -53151.790    20.903    -1.60    4.86
 -52781.421    20.918     0.04    5.63
 -52411.136    22.680     4.76    6.32
 -52040.935    27.090    11.91    8.49
 -51670.817    32.694    15.14    9.83
 -51300.784    38.635    16.06   11.21
 -50930.834    45.380    18.23   11.71
 -50560.967    52.148    18.30   11.62
 -50191.184    57.138    13.50   11.79
 -49821.485    62.546    14.63   10.40
 -49451.869    63.398     2.31   12.02
 -49082.337    66.909     9.50   13.78
 -48712.887    66.598    -0.84   15.31
 -48343.522    67.556     2.60   16.49
 -47974.239    67.961     1.10   15.53
 -47605.040    68.792     2.25   16.46
 -47235.923    71.586     7.57   16.26
 -46866.890    70.141    -3.92   17.23
 -46497.940    67.118    -8.19   18.18
 -46129.072    64.456    -7.22   15.40
 -45760.288    65.850     3.78   14.84
 -45391.586    68.409     6.94   14.17
 -45022.968    71.283     7.80   11.35
 -44654.431    73.066     4.84   10.56
 -44285.978    71.588    -4.01   10.64
 -43917.607    70.851    -2.00   10.68
 -43549.319    69.600    -3.40   11.01
 -43181.113    67.947    -4.49   11.27
 -42812.990    66.919    -2.79   11.94
 -42444.949    66.513    -1.10   12.59
 -42076.991    66.528     0.04   13.03
 -41709.115    64.122    -6.54   13.89
 -41341.321    61.861    -6.15   13.47
 -40973.609    60.100    -4.79   12.64
 -40605.979    58.976    -3.06   12.74
 -40238.432    57.194    -4.85   14.58
 -39870.966    51.243   -16.20   17.00
 -39503.582    44.311   -18.87   15.72
 -39136.281    39.452   -13.23   11.68
 -38769.061    37.108    -6.38    9.65
 -38401.923    39.831     7.42   10.29
 -38034.867    43.243     9.30   11.17
 -37667.892    50.331    19.32   11.14
 -37300.999    55.986    15.41   10.37
 -36934.188    60.025    11.01    9.34
 -36567.458    62.714     7.33   12.47
 -36200.809    58.611   -11.19   21.39
 -35834.242    50.968   -20.85   26.30
 -35467.757    41.549   -25.70   29.53
 -35101.353    33.421   -22.18   30.27
 -34735.030    24.802   -23.53   28.97
 -34368.788    19.188   -15.33   27.76
 -34002.627     8.811   -28.34   22.14
 -33636.548     3.547   -14.38   16.81
 -33270.549    -1.397   -13.51    8.85
 -32904.632    -3.140    -4.76    5.05
 -32538.795    -3.127     0.03    4.81
 -32173.039    -3.111     0.04    4.93
 -31807.365    -2.979     0.36    4.89
 -31441.770    -3.499    -1.42    2.62
 -31076.257    -2.605     2.45    4.23
 -30710.824    -0.011     7.10    7.93
 -30345.472     3.957    10.86   12.80
 -29980.201     8.561    12.60   16.56
 -29615.010    12.427    10.59   17.78
 -29249.900    16.292    10.59   19.13
 -28884.869    19.485     8.75   18.61
 -28519.920    20.225     2.03   17.29
 -28155.050    22.151     5.28   15.33
 -27790.261    23.312     3.18   16.05
 -27413.561    25.342     5.39   16.98
 -27031.951    21.122   -11.06   17.07
 -26650.430    16.821   -11.27   15.26
 -26268.998    13.899    -7.66   11.60
 -25887.656    14.200     0.79   12.32
 -25506.403    17.889     9.68   14.06
 -25125.240    20.634     7.20   14.16
 -24744.165    22.753     5.56   13.49
 -24363.180    23.732     2.57   12.50
 -23982.283    21.782    -5.12   10.54
 -23601.476    18.219    -9.36    8.83
 -23220.757    13.831   -11.53    6.67
 -22840.128    10.730    -8.15    3.11
 -22459.587     9.677    -2.77    1.39
 -22079.135     9.593    -0.22    1.09
 -21698.771    10.164     1.50    1.92
 -21318.496    12.227     5.42    5.79
 -20938.310    17.128    12.89    8.89
 -20558.212    21.455    11.38    8.98
 -20178.202    26.713    13.84    6.30
 -19798.281    30.445     9.82    5.86
 -19418.448    33.610     8.33    6.12
 -19038.703    36.880     8.61    6.06
 -18659.047    39.664     7.33    5.14
 -18279.479    41.247     4.17    5.14
 -17899.998    42.910     4.38    5.99
 -17520.606    42.404    -1.34    7.62
 -17141.301    42.940     1.41    8.68
 -16762.085    44.054     2.94    7.97
 -16382.956    45.973     5.06    6.18
 -16003.915    48.086     5.58    4.76
 -15624.962    49.144     2.79    4.24
 -15246.096    51.076     5.10    3.76
 -14867.318    53.118     5.39    4.05
 -14488.628    55.006     4.98    4.14
 -14110.024    55.434     1.13    5.65
 -13731.509    51.735    -9.77    8.68
 -13353.080    47.739   -10.56    8.25
 -12974.739    43.336   -11.64    7.29
 -12596.485    39.393   -10.43    8.17
 -12218.319    36.929    -6.51    8.05
 -11840.239    35.113    -4.80    8.31
 -11462.246    36.413     3.44    9.96
 -11084.341    37.381     2.56   10.06
 -10706.522    34.566    -7.45   11.52
 -10328.790    28.821   -15.21   11.98
  -9951.145    26.187    -6.97   10.50
  -9573.586    26.341     0.41    9.58
  -9196.115    29.174     7.51   10.05
  -8818.730    30.484     3.47    9.29
  -8441.431    32.395     5.06    7.74
  -8064.219    33.742     3.57    7.84
  -7687.094    37.900    11.03    8.13
  -7310.055    40.772     7.62    6.42
  -6933.102    42.144     3.64    5.61
  -6556.235    41.096    -2.78    5.16
  -6179.455    40.076    -2.71    5.46
  -5802.761    39.044    -2.74    5.30
  -5426.153    39.015    -0.08    6.31
  -5049.631    37.025    -5.28    8.56
  -4673.194    32.015   -13.31   12.43
  -4296.844    25.478   -17.37   14.95
  -3920.580    16.904   -22.79   14.21
  -3544.402     9.978   -18.41   11.46
  -3168.309     5.872   -10.92    8.51
  -2792.302     3.615    -6.00    6.73
  -2416.380     2.039    -4.19    5.28
  -2040.544     0.960    -2.87    3.14
  -1664.794     0.574    -1.03    2.36
  -1289.129     0.653     0.21    2.33
   -913.550     0.880     0.60    3.09
   -538.056     2.663     4.75    6.41
   -162.647     5.507     7.58   11.27
    212.677     7.644     5.69   13.33
    587.915     8.596     2.54   13.94
    963.069     8.613     0.05   13.63
   1338.137     8.059    -1.48   13.10
   1713.120     7.419    -1.71   12.72
   2088.018     5.336    -5.56   10.14
   2462.832     2.933    -6.41    6.48
   2837.560     1.451    -3.96    4.05
   3212.204     2.074     1.66    3.88
   3586.763     3.400     3.54    4.36
   3961.238     5.021     4.33    4.44
   4335.628     6.949     5.15    3.70
   4709.933     8.306     3.63    2.13
   5084.154     8.548     0.65    1.17
   5458.290     8.504    -0.12    1.26
   5832.342     8.353    -0.40    1.28
   6206.310     8.404     0.14    1.24
   6580.193     8.236    -0.45    1.22
   6953.993     8.056    -0.48    1.19
   7327.708     8.131     0.20    1.17
   7701.339     8.395     0.71    1.19
   8074.885     8.772     1.01    1.11
   8448.348     9.131     0.96    1.18
   8821.727     9.449     0.85    1.31
   9195.023     9.498     0.13    1.56
   9568.234     9.731     0.62    1.95
   9941.361     8.995    -1.97    3.70
  10314.405     7.645    -3.62    4.81
  10687.365     5.563    -5.58    5.29
  11060.242     3.395    -5.81    4.75
  11433.035     1.337    -5.52    3.31
  11805.745     0.125    -3.25    1.38
  12178.371    -0.179    -0.82    0.00
  12550.914    -0.179     0.00    0.00
  12923.373    -0.060     0.32    0.78
  13295.749     1.171     3.31    4.33
  13668.042     2.782     4.33    6.62
  14040.252     7.862    13.65   13.15
  14412.379    15.742    21.18   19.78
  14784.423    26.206    28.13   22.04
  15156.383    35.350    24.58   20.12
  15528.261    44.015    23.30   11.91
  15900.056    44.920     2.44    7.57
  16271.768    46.673     4.71    7.16
  16643.398    52.207    14.89   11.40
  17014.944    58.381    16.62   11.40
  17386.408    64.641    16.85    9.03
  17757.789    67.306     7.18    6.73
  18129.088    66.241    -2.87    6.87
  18500.305    63.105    -8.45    7.03
  18871.438    59.723    -9.11    8.49
  19242.490    54.341   -14.51   13.02
  19613.459    45.266   -24.46   16.09
  19984.346    37.566   -20.76   15.11
  20355.151    35.013    -6.89   15.29
  20725.873    38.017     8.10   18.70
  21096.513    40.296     6.15   18.51
  21467.072    40.015    -0.76   17.99
  21837.548    35.684   -11.69   17.13
  22207.942    30.071   -15.15   15.39
  22578.255    23.801   -16.93   11.12
  22948.485    19.071   -12.78    6.85
  23318.634    16.306    -7.47    3.63
  23688.701    15.599    -1.91    2.06
  24058.686    16.653     2.85    4.17
  24428.590    18.395     4.71    5.31
  24798.412    20.005     4.35    5.21
  25168.153    20.475     1.27    5.14
  25537.812    20.359    -0.31    4.74
  25907.390    21.098     2.00    4.47
  26276.886    23.811     7.34    6.42
  26646.301    30.168    17.21   10.81
  27015.635    36.791    17.93   11.18
  27384.888    43.277    17.56    9.19
  27754.059    45.831     6.92    7.89
  28123.149    45.260    -1.55    6.94
  28492.159    43.692    -4.25    4.97
  28861.087    44.234     1.47    3.81
  29229.934    47.346     8.44    6.34
  29598.701    52.306    13.45    7.91
  29967.386    57.098    13.00    6.49
  30335.991    59.671     6.98    4.81
  30704.515    60.031     0.98    6.31
  31072.959    58.231    -4.89    7.15
  31441.322    55.719    -6.82    7.52
  31809.604    53.271    -6.65    7.19
  32177.805    51.004    -6.16    5.23
  32545.927    52.047     2.83    5.29
  32913.967    54.331     6.21    6.57
  33281.928    59.381    13.72    9.22
  33649.808    64.551    14.05   11.25
  34017.608    72.576    21.82   14.07
  34385.328    82.611    27.29   17.07
  34752.967    96.066    36.60   18.76
  35120.526   110.742    39.93   21.41
  35488.006   124.127    36.42   17.90
  35855.405   134.613    28.54   11.11
  36222.725   138.871    11.59    8.61
  36589.964   138.311    -1.53   11.33
  36957.124   135.547    -7.53   14.63
  37324.204   133.484    -5.62   15.47
  37691.204   129.861    -9.87   16.99
  38058.124   128.419    -3.93   17.04
  38424.965   130.431     5.48   15.27
  38791.726   136.551    16.69   16.56
  39158.408   149.444    35.16   20.17
  39525.010   164.051    39.84   20.71
  39891.533   180.918    46.02   19.81
  40257.976   200.871    54.45   27.52
  40624.340   222.099    57.94   31.73
  40990.625   249.069    73.63   36.17
  41356.830   270.301    57.98   32.83
  41722.956   287.811    47.82   24.99
  42089.004   294.011    16.94   21.68
  42454.972   291.352    -7.26   22.50
  42820.861   274.041   -47.31   29.18
  43186.671   252.654   -58.46   32.70
  43552.402   225.411   -74.49   31.42
  43918.054   201.903   -64.29   26.62
  44283.628   181.423   -56.02   20.47
  44649.122   165.821   -42.69   19.56
  45014.538   150.082   -43.07   17.90
  45379.876   141.316   -23.99   15.85
  45745.134   136.089   -14.31   16.56
  46110.314   132.952    -8.59   18.53
  46475.416   130.730    -6.09   18.96
  46840.439   129.027    -4.67   15.62
  47212.073   129.291     0.71   12.11
  47593.513   133.644    11.41   11.12
  47974.866   141.712    21.16   13.00
  48356.131   154.182    32.71   15.79
  48737.310   167.371    34.60   17.12
  49118.402   178.936    30.34   12.47
  49499.407   182.712     9.91    9.97
  49880.325   178.914    -9.97   11.78
  50261.156   169.801   -23.93   14.59
  50641.901   158.316   -30.16   15.38
  51022.559   148.841   -24.89   13.72
  51403.130   143.491   -14.06   12.32
  51783.614   142.205    -3.38   13.02
  52164.012   141.505    -1.84   13.52
  52544.324   138.197    -8.70   15.44
  52924.549   127.936   -26.99   21.58
  53304.688   115.541   -32.60   23.61
  53684.741   107.364   -21.52   18.78
  54064.707   110.088     7.17   16.27
  54444.587   117.842    20.41   14.68
  54824.381   125.841    21.06   11.83
  55204.089   131.049    13.72   11.37
  55583.712   135.821    12.57   11.60
  55963.248   141.321    14.49    8.17
  56342.698   143.851     6.67    5.73
  56722.062   144.234     1.01    6.62
  57101.341   138.929   -13.99   10.38
  57480.534   128.738   -26.87   16.11
  57859.641   116.301   -32.80   21.14
  58238.663    99.299   -44.86   24.99
  58617.599    84.680   -38.58   23.32
  58996.450    79.040   -14.89   17.74
  59375.215    80.124     2.86   17.23
  59753.895    89.098    23.70   19.18
  60132.489    96.941    20.72   14.29
  60510.998   101.488    12.01    8.79
  60889.423   104.700     8.49    8.06
  61267.762   106.954     5.96    8.92
  61646.015   111.961    13.24    9.32
  62024.184   115.576     9.56    8.05
  62402.268   119.185     9.54    6.55
  62780.267   123.515    11.46    6.69
  63158.181   128.599    13.45    7.73
  63536.011   133.717    13.55    6.79
  63913.755   139.811    16.13    5.55
  64291.415   144.731    13.03    6.61
  64668.990   149.739    13.26    6.25
  65046.481   152.464     7.22    4.17
  65423.887   152.221    -0.64    4.12
  65801.209   149.861    -6.25    4.71
  66178.446   148.415    -3.83    4.28
  66555.599   149.127     1.89    5.33
  66932.668   151.137     5.33    6.47
  67309.652   153.942     7.44    7.35
  67686.552   157.305     8.92    9.49
  68063.368   158.541     3.28   11.45
  68440.100   156.427    -5.61   12.72
  68816.748   150.235   -16.44   13.86
  69193.312   142.305   -21.06   12.90
  69569.792   132.750   -25.38   10.06
  69946.188   124.408   -22.16   10.26
  70322.501   117.921   -17.24    9.14
  70698.730   113.598   -11.49    6.21
  71074.875   112.395    -3.20    4.80
  71450.936   114.189     4.77    6.17
  71826.914   117.053     7.62    6.63
  72202.808   119.954     7.72    6.49
  72578.619   121.811     4.94    6.47
  72954.346   122.944     3.01    6.64
  73329.990   120.872    -5.52    7.68
  73705.551   118.731    -5.70    6.84
  74081.029   117.181    -4.13    5.52
  74456.423   116.454    -1.94    4.54
  74831.734   116.341    -0.30    3.31
  75206.962   116.651     0.83    2.37
  75582.107   117.484     2.22    2.72
  75957.169   119.525     5.44    3.63
  76332.148   123.200     9.80    4.69
  76707.044   129.131    15.82    7.42
  77081.858   135.630    17.34    8.84
  77456.589   144.351    23.27   10.87
  77831.237   154.473    27.02   10.80
  78205.802   167.341    34.35   16.57
  78580.285   183.038    41.91   19.32
  78954.685   202.670    52.43   23.84
  79329.002   223.239    54.95   25.43
  79703.238   251.097    74.43   31.59
  80077.391   273.061    58.70   29.87
  80451.461   288.538    41.37   22.01
  80825.449   287.321    -3.25   22.03
  81199.355   271.238   -43.01   25.54
  81573.179   250.515   -55.43   25.51
  81946.921   227.984   -60.28   22.42
  82320.581   211.296   -44.66   17.88
  82694.158   196.695   -39.08   12.17
  83067.654   186.031   -28.55   11.16
  83441.068   180.973   -13.54    9.81
  83814.400   180.671    -0.81   12.37
  84187.650   183.778     8.32   16.89
  84560.819   189.441    15.17   18.52
  84933.905   193.342    10.45   18.19
  85306.911   191.658    -4.51   16.66
  85679.834   186.229   -14.56   16.47
  86052.676   176.311   -26.60   14.81
  86425.437   171.749   -12.24   12.62
  86798.116   169.576    -5.83   12.11
  87170.713   174.128    12.22   15.05
  87543.230   179.432    14.24   16.00
  87915.665   182.670     8.69   15.75
  88288.019   185.441     7.44   14.00
  88660.292   191.041    15.04   14.96
  89032.483   200.949    26.62   17.21
  89404.594   214.710    36.98   20.41
  89776.624   232.269    47.20   21.37
  90148.572   254.056    58.57   25.61
  90520.440   274.925    56.12   27.72
  90892.227   294.637    53.02   21.79
  91263.933   299.954    14.30   17.38
  91635.558   288.411   -31.06   27.23
  92007.103   266.281   -59.56   32.13
  92378.567   238.488   -74.82   28.59
  92749.950   218.811   -52.98   22.93
  93121.253   203.799   -40.43   16.28
  93492.476   196.165   -20.57   14.67
  93863.618   192.853    -8.92   17.01
  94234.679   193.382     1.43   19.89
  94605.660   192.913    -1.27   23.33
  94976.561   189.290    -9.77   26.01
  95347.382   179.663   -25.96   27.73
  95718.123   166.586   -35.27   28.77
  96088.783   153.599   -35.04   21.49
  96459.364   144.326   -25.02   13.54
  96829.864   144.015    -0.84   11.05
  97200.284   153.495    25.59   16.51
  97570.625   171.141    47.65   24.10
  97940.885   192.122    56.66   28.03
  98311.066   221.381    79.03   34.15
  98681.167   250.977    79.96   34.70
  99051.189   283.842    88.81   35.84
  99421.130   311.352    74.36   34.79
  99790.992   338.172    72.51   34.16
 100160.775   359.708    58.24   36.12
 100530.478   372.716    35.18   35.03
 100900.101   371.964    -2.03   35.40
 101269.645   356.052   -43.06   38.00
 101639.110   326.321   -80.46   41.84
 102008.495   298.404   -75.57   35.73
 102377.802   273.923   -66.29   30.55
 102747.028   257.029   -45.75   28.22
 103116.176   242.962   -38.10   25.42
 103485.245   237.739   -14.15   21.74
 103854.235   242.122    11.88   23.27
 104223.145   266.952    67.30   42.25
 104591.977   302.680    96.86   55.65
 104960.730   337.609    94.72   49.57
 105329.404   357.168    53.05   34.31
 105697.999   336.881   -55.04   52.13
 106066.515   300.074   -99.87   52.95
 106434.953   266.295   -91.67   33.59
 106803.312   253.995   -33.39   29.04
 107171.592   250.248   -10.17   34.17
 107539.794   249.515    -1.99   33.65
 107907.917   245.017   -12.22   30.60
 108275.962   236.301   -23.68   26.52
 108643.928   222.660   -37.07   28.95
 109011.817   196.011   -72.43   36.49
 109379.626   172.697   -63.38   30.69
 109747.358   154.895   -48.41   21.74
 110115.011   148.403   -17.66   24.26
 110482.586   143.605   -13.05   26.45
 110850.083   138.316   -14.39   23.79
 111217.502   131.180   -19.42   20.79
 111584.843   126.117   -13.78   21.19
 111952.106   119.316   -18.52   19.34
 112319.291   109.709   -26.16   16.12
 112686.399   101.107   -23.43   12.71
 113053.428    91.453   -26.30    8.39
 113420.380    85.852   -15.26    6.56
 113787.254    82.853    -8.17    4.44
 114154.050    84.441     4.33    7.51
 114520.769    89.865    14.79   10.93
 114887.410   100.576    29.21   16.17
 115253.973   111.105    28.72   19.95
 115620.459   126.634    42.37   27.43
 115986.868   142.872    44.31   32.93
 116353.199   163.053    55.08   38.33
 116719.453   179.311    44.39   40.72
 117085.630   196.365    46.57   38.11
 117451.729   208.790    33.94   35.21
 117817.752   219.466    29.16   30.41
 118183.697   231.316    32.38   24.12
 118549.565   236.780    14.93   19.77
 118915.356   240.947    11.39   22.60
 119281.070   242.771     4.98   30.27
 119646.707   246.115     9.14   38.05
 120012.267   254.306    22.41   39.23
 120377.750   264.726    28.51   36.19
 120743.157   269.995    14.42   27.88
 121108.487   263.137   -18.77   29.71
 121473.740   241.019   -60.55   34.89
 121840.691   212.759   -77.01   34.03
 122221.960   182.200   -80.14   28.25
 122603.144   162.178   -52.52   22.80
 122984.243   147.409   -38.75   14.85
 123365.257   143.206   -11.03   10.80
 123746.187   151.113    20.75   19.29
 124127.032   168.574    45.84   26.65
 124507.792   192.389    62.54   28.89
 124888.468   208.668    42.76   27.76
 125269.059   222.615    36.64   31.95
 125649.566   230.636    21.08   37.13
 126029.988   238.200    19.88   40.98
 126410.326   242.574    11.50   38.57
 126790.580   236.842   -15.07   37.81
 127170.750   213.120   -62.39   49.14
 127550.835   167.209  -120.78   64.55
 127930.836   121.130  -121.25   58.93
 128310.754    80.968  -105.70   37.36
 128690.587    60.955   -52.69   15.64
 129070.336    53.779   -18.90    4.27
 129450.001    55.563     4.70    5.47
 129829.583    59.239     9.68    6.28
 130209.080    62.976     9.84    5.96
 130588.494    67.263    11.30    5.61
 130967.825    69.925     7.02    6.53
 131347.071    73.274     8.83    6.61
 131726.234    75.965     7.10    6.27
 132105.314    78.306     6.17    5.23
 132484.310    80.203     5.00    4.72
 132863.222    81.738     4.05    5.47
 133242.052    82.352     1.62    7.98
 133620.798    82.463     0.29    9.21
 133999.460    82.440    -0.06    9.15
 134378.040    83.071     1.67    8.90
 134756.536    84.440     3.62    8.72
 135134.950    85.581     3.02    9.45
 135513.280    85.495    -0.23    9.75
 135891.527    85.534     0.10    9.07
 136269.692    86.718     3.13    7.87
 136647.773    88.484     4.67    6.85
 137025.772    90.474     5.26    6.75
 137403.688    91.113     1.69    8.00
 137781.521    90.983    -0.34    8.57
 138159.271    89.147    -4.86    8.31
 138536.939    88.038    -2.94    6.93
 138914.525    87.337    -1.85    5.17
 139292.028    90.584     8.60    8.24
 139669.448    95.927    14.16   10.96
 140046.786   102.326    16.96   12.53
 140424.042   108.920    17.48   13.60
 140801.215   113.427    11.95   12.85
 141178.306   118.088    12.36   13.96
 141555.315   122.535    11.80   15.26
 141932.242   129.104    17.42   18.94
 142309.087   135.013    15.68   20.41
 142685.850   139.354    11.52   21.52
 143062.531   139.367     0.03   22.41
 143439.130   138.585    -2.08   22.35
 143815.647   139.048     1.23   21.69
 144192.082   144.491    14.46   22.44
 144568.436   153.602    24.21   21.80
 144944.707   166.495    34.26   25.16
 145320.897   179.984    35.85   25.22
 145697.006   191.402    30.35   22.39
 146073.033   200.584    24.42   20.37
 146448.978   207.789    19.16   18.71
 146824.843   213.186    14.36   20.04
 147200.625   217.025    10.22   19.98
 147576.326   224.540    20.00   18.98
 147951.947   228.611    10.84   18.40
 148327.485   231.372     7.35   18.81
 148702.943   231.456     0.22   20.09
 149078.319   231.032    -1.13   22.10
 149453.615   234.331     8.79   21.97
 149828.829   244.189    26.27   22.53
 150203.963   255.512    30.18   23.41
 150579.015   274.379    50.30   26.10
 150953.987   296.347    58.58   33.66
 151328.878   318.927    60.22   32.33
 151703.688   338.382    51.90   26.56
 152078.417   350.721    32.92   19.35
 152453.066   347.576    -8.39   22.49
 152827.634   335.421   -32.45   28.00
 153202.121   316.425   -50.72   31.56
 153576.528   293.278   -61.82   32.00
 153950.854   270.893   -59.79   29.84
 154325.101   252.681   -48.66   25.80
 154699.266   240.697   -32.02   25.73
 155073.352   231.972   -23.32   27.52
 155447.357   229.852    -5.67   25.56
 155821.282   233.300     9.22   22.24
 156195.127   238.873    14.91   19.25
 156568.891   242.954    10.92   16.17
 156942.576   243.034     0.21   15.59
 157316.181   233.568   -25.33   19.25
 157689.705   218.269   -40.96   20.60
 158063.150   205.453   -34.32   21.31
 158436.515   189.758   -42.03   20.53
 158809.800   179.203   -28.27   20.44
 159183.006   168.641   -28.30   19.01
 159556.132   159.425   -24.70   18.59
 159929.178   150.143   -24.88   16.47
 160302.144   139.076   -29.67   18.05
 160675.031   126.006   -35.05   15.12
 161047.838   118.594   -19.88   10.06
 161420.566   115.756    -7.61    6.84
 161793.215   117.924     5.82    6.61
 162165.784   119.989     5.54    4.85
 162538.274   121.863     5.03    3.10
 162910.685   123.998     5.73    5.02
 163283.017   127.274     8.80    6.34
 163655.269   131.581    11.57    8.17
 164027.442   137.715    16.48   11.06
 164399.536   143.914    16.66   14.40
 164771.552   150.379    17.38   17.80
 165143.488   154.144    10.12   17.79
 165515.345   153.621    -1.41   17.12
 165887.124   152.644    -2.63   15.29
 166258.824   151.378    -3.41   10.51
 166630.445   154.232     7.68   10.25
 167001.987   159.919    15.31   12.49
 167373.451   170.460    28.37   16.41
 167744.836   182.095    31.32   21.11
 168116.142   193.842    31.63   21.57
 168487.370   205.116    30.37   22.57
 168858.520   214.347    24.87   22.34
 169229.591   223.988    25.98   20.85
 169600.584   232.790    23.72   20.81
 169971.498   240.675    21.26   19.72
 170342.334   247.610    18.70   17.16
 170713.092   255.066    20.11   14.61
 171083.772   258.276     8.66   13.98
 171454.374   259.227     2.57   15.84
 171824.898   253.506   -15.44   20.72
 172195.344   242.337   -30.15   21.95
 172565.711   235.442   -18.61   18.20
 172936.001   234.019    -3.84   15.34
 173306.213   235.726     4.61   16.34
 173676.347   240.236    12.18   20.23
 174046.404   237.495    -7.41   27.51
 174416.382   227.968   -25.75   35.01
 174786.283   212.519   -41.76   36.20
 175156.107   196.271   -43.93   34.05
 175525.852   179.896   -44.28   28.98
 175895.521   166.821   -35.36   25.93
 176265.112   151.716   -40.87   20.34
 176634.625   141.071   -28.80   14.99
 177004.061   133.300   -21.03   11.43
 177373.420   133.242    -0.16   15.66
 177742.701   138.566    14.41   23.70
 178111.905   151.926    36.18   30.83
 178481.032   162.619    28.96   29.73
 178850.082   160.632    -5.38   27.96
 179219.055   145.272   -41.62   32.89
 179587.950   123.749   -58.34   32.32
 179956.769   101.787   -59.54   20.12
 180325.511    89.186   -34.17   13.57
 180694.175    81.419   -21.06    8.32
 181062.763    79.032    -6.48    5.76
 181431.275    81.555     6.85    7.47
 181799.709    87.864    17.12    9.57
 182168.067    94.247    17.33   11.59
 182536.348   102.734    23.04    9.89
 182904.552   108.029    14.38    8.76
 183272.680   111.510     9.45    7.59
 183640.731   112.423     2.48    7.44
 184008.706   114.359     5.26    8.70
 184376.604   118.526    11.33   11.28
 184744.427   126.044    20.44   14.13
 185112.172   136.706    28.99   14.31
 185479.842   145.522    23.97   12.82
 185847.435   155.864    28.13   13.29
 186214.952   164.654    23.92   17.47
 186582.393   177.151    34.00   21.46
 186949.757   189.736    34.25   21.07
 187317.046   200.798    30.12   19.99
 187684.259   213.986    35.91   19.85
 188051.396   226.423    33.87   20.67
 188418.456   241.885    42.12   19.50
 188785.441   252.946    30.14   17.26
 189152.350   257.225    11.66   15.58
 189519.184   254.477    -7.49   18.34
 189885.941   247.199   -19.84   21.44
 190252.623   238.419   -23.94   23.52
 190619.230   234.419   -10.91   24.31
 190985.761   239.000    12.50   24.90
 191352.216   249.907    29.76   23.93
 191718.595   259.215    25.40   19.61
 192084.900   267.438    22.45   15.04
 192451.129   269.459     5.52   11.81
 192817.282   266.295    -8.64   13.59
 193183.360   255.754   -28.79   19.09
 193549.363   238.519   -47.08   24.68
 193915.291   219.855   -51.00   24.33
 194281.144   209.134   -29.30   18.03
 194646.921   207.544    -4.34   16.72
 195012.623   218.544    30.07   22.56
 195378.251   233.747    41.57   23.45
 195743.803   244.430    29.22   21.59
 196109.281   241.484    -8.06   27.85
 196474.683   228.085   -36.66   36.90
 196852.997   205.630   -59.35   37.61
 197234.017   179.900   -67.52   32.05
 197614.954   158.790   -55.41   26.09
 197995.808   142.977   -41.51   21.33
 198376.580   131.165   -31.02   14.88
 198757.270   124.921   -16.40   11.05
 199137.877   121.363    -9.35    9.57
 199518.402   118.421    -7.73    8.53
 199898.844   117.561    -2.26   10.83
 200279.204   119.920     6.20   15.72
 200659.482   126.081    16.20   21.95
 201039.678   137.386    29.73   27.48
 201419.792   148.651    29.63   31.59
 201799.823   157.810    24.10   33.17
 202179.773   149.958   -20.66   40.11
 202559.641   132.284   -46.52   43.49
 202939.426   111.179   -55.56   33.41
 203319.130    93.380   -46.87   13.36
 203698.753    91.253    -5.60    5.89
 204078.293    98.555    19.24   10.24
 204457.752   107.970    24.81   14.11
 204837.129   119.800    31.18   15.05
 205216.424   130.140    27.26   16.03
 205595.638   142.917    33.69   19.65
 205974.771   159.074    42.61   25.55
 206353.822   178.582    51.46   29.34
 206732.792   196.937    48.43   29.22
 207111.680   215.452    48.86   28.25
 207490.488   231.200    41.57   28.55
 207869.213   248.310    45.17   28.54
 208247.858   257.353    23.88   23.98
 208626.422   258.768     3.74   25.55
 209004.905   249.119   -25.49   31.60
 209383.306   232.215   -44.67   33.50
 209761.627   221.864   -27.36   32.82
 210139.866   211.427   -27.59   32.29
 210518.025   210.053    -3.63   32.84
 210896.103   205.154   -12.95   28.99
 211274.101   206.738     4.19   24.09
 211652.017   214.582    20.75   25.09
 212029.853   227.558    34.34   30.50
 212407.609   248.853    56.36   35.81
 212785.283   269.950    55.85   36.97
 213162.878   288.927    50.25   31.44
 213540.391   293.587    12.34   29.15
 213917.825   290.183    -9.02   30.38
 214295.178   282.025   -21.61   29.87
 214672.451   266.015   -42.43   26.24
 215049.643   252.084   -36.93   29.58
 215426.756   232.647   -51.53   31.83
 215803.788   212.168   -54.31   27.30
 216180.740   195.531   -44.13   21.23
 216557.612   188.321   -19.13   16.61
 216934.404   192.593    11.34   18.61
 217311.116   204.979    32.87   22.64
 217687.748   217.647    33.63   16.95
 218064.301   220.613     7.87   13.16
 218440.773   216.788   -10.16   15.39
 218817.166   210.029   -17.95   14.89
 219193.479   205.181   -12.88   15.35
 219569.713   205.544     0.97   15.19
 219945.867   207.990     6.50   11.58
 220321.941   203.529   -11.86   11.88
 220697.936   194.799   -23.22   15.61
 221073.851   183.285   -30.62   16.09
 221449.687   174.143   -24.32   12.01
 221825.444   170.415    -9.92   10.38
 222201.121   167.922    -6.63   10.20
 222576.719   166.552    -3.65    7.55
 222952.238   166.039    -1.37    5.62
 223327.678   170.310    11.37   10.22
 223703.039   175.810    14.65   13.69
 224078.320   180.463    12.40   18.14
 224453.523   183.742     8.74   20.13
 224828.647   185.406     4.44   18.36
 225203.691   188.689     8.75   15.64
 225578.657   196.959    22.05   15.47
 225953.544   207.365    27.75   16.71
 226328.353   222.326    39.91   20.26
 226703.082   234.643    32.86   21.54
 227077.733   252.959    48.88   27.90
 227452.306   277.715    66.08   38.28
 227826.800   314.970    99.47   49.09
 228201.215   355.300   107.70   49.94
 228575.552   391.495    96.68   36.44
 228949.810   406.353    39.69   31.78
 229323.990   398.484   -21.03   48.26
 229698.092   380.095   -49.15   57.14
 230072.116   354.733   -67.80   48.39
 230446.061   343.316   -30.53   32.96
 230819.928   346.187     7.68   26.50
 231193.717   362.757    44.32   34.26
 231567.428   390.063    73.05   41.89
 231941.061   418.432    75.91   51.21
 232314.616   455.574    99.41   58.11
 232688.093   499.111   116.55   66.94
 233061.492   547.062   128.40   73.20
 233434.813   596.004   131.08   72.06
 233808.057   627.412    84.14   53.38
 234181.222   613.684   -36.78   69.64
 234554.310   580.282   -89.51   84.14
 234927.321   526.968  -142.90   70.67
 235300.254   481.063  -123.07   59.27
 235673.109   445.842   -94.45   62.30
 236045.887   405.788  -107.43   54.60
 236418.587   375.389   -81.55   39.10
 236791.210   353.321   -59.21   30.27
 237163.756   335.225   -48.57   36.53
 237536.224   319.219   -42.97   37.85
 237908.615   306.788   -33.37   28.88
 238280.929   305.358    -3.84   23.47
 238653.166   326.003    55.45   38.69
 239025.325   356.119    80.91   57.14
 239397.408   390.887    93.43   70.27
 239769.413   409.391    49.73   74.61
 240141.342   424.821    41.48   79.60
 240513.193   423.959    -2.32   74.95
 240884.968   417.560   -17.21   67.11
 241256.666   408.380   -24.69   56.42
 241628.287   399.085   -25.01   40.24
 241999.831   403.686    12.38   35.63
 242371.299   408.821    13.82   37.69
 242742.690   416.491    20.65   36.85
 243114.004   426.034    25.69   39.56
 243485.242   434.810    23.64   46.76
 243856.404   449.380    39.25   50.63
 244227.489   458.929    25.73   48.43
 244598.497   459.886     2.58   39.08
 244969.429   463.886    10.78   31.79
 245340.285   468.587    12.68   29.35
 245711.065   489.052    55.18   38.66
 246081.768   515.651    71.74   45.92
 246452.395   542.936    73.61   51.01
 246822.946   569.423    71.47   56.47
 247193.421   596.212    72.30   50.61
 247563.820   622.310    70.45   56.85
 247934.143   655.588    89.84   74.35
 248304.390   690.692    94.80   86.27
 248674.561   733.689   116.13   92.36
 249044.656   788.295   147.52   96.65
 249414.676   828.327   108.17   79.25
 249784.619   844.101    42.63   55.28
 250154.487   814.101   -81.10   70.61
 250524.280   749.984  -173.35   79.50
 250893.996   690.385  -161.17   64.71
 251263.637   644.563  -123.94   37.92
 251633.203   619.204   -68.60   23.45
 252002.693   603.332   -42.95   15.64
 252372.108   594.736   -23.27   14.03
 252741.447   586.997   -20.95   12.93
 253110.711   579.746   -19.63   14.24
 253479.900   571.166   -23.24   17.10
 253849.013   561.520   -26.13   19.54
 254218.051   554.388   -19.32   19.37
 254587.014   544.144   -27.76   20.42
 254955.902   533.778   -28.10   20.88
 255324.715   519.832   -37.81   24.12
 255693.453   499.649   -54.73   30.00
 256062.115   477.048   -61.29   32.32
 256430.703   452.693   -66.06   28.25
 256799.216   432.026   -56.07   17.44
 257167.654   419.853   -33.03   12.15
 257536.018   416.945    -7.89   11.59
 257904.306   429.279    33.48   26.65
 258272.520   447.492    49.45   33.54
 258640.659   469.778    60.53   33.66
 259008.724   484.954    41.23   29.95
 259376.714   491.886    18.83   29.54
 259744.630   492.810     2.51   28.10
 260112.471   498.585    15.70   24.37
 260480.237   504.151    15.13   20.37
 260847.929   512.582    22.93   15.26
 261215.547   524.066    31.23   18.54
 261583.091   538.277    38.66   23.00
 261950.560   555.391    46.56   24.21
 262317.955   565.066    26.33   18.61
 262685.276   577.832    34.75   22.71
 263052.523   595.810    48.95   34.78
 263419.695   624.810    78.97   45.60
 263786.794   654.810    81.71   42.32
 264153.818   682.856    76.40   29.35
 264520.769   698.125    41.60   29.07
 264887.646   697.608    -1.41   37.49
 265254.449   695.160    -6.67   42.54
