# NaN NaN NaN ;Mean Elev.(m), Avg Gradient(m/km), RMS Gradient(m/km) - SRTM1     
#   -3.114  -1.312  11.364 ;Mean Elev.(m), Avg Gradient(m/km), RMS Gradient(m/km) - ASTER GDEM
#    9.179  -2.414   7.901 ;Mean Elev.(m), Avg Gradient(m/km), RMS Gradient(m/km) - GMTED2010 
  7 157.724070  68.185583    36.731    47.360  8 52467.03953289  6.633
  8 157.694958  68.167985     8.422     7.367 10 52502.03952866 14.723
  9 157.686797  68.138508     7.959     7.436  4 52537.03951988 15.296
 10 157.725975  68.185318    32.576    49.119  7 52572.03954754 27.437
 11 157.720130  68.185047    35.215    45.668 11 52607.03950642 23.940
 12 157.680358  68.141792     8.664     8.669  3 52642.03951296 21.073
 13 157.714315  68.181571    33.316    43.983 12 52677.03949173 17.263
 14 157.680633  68.142249     7.475     7.404  4 52712.03953025 18.972
 15 157.701911  68.180847    37.892    40.345 18 52747.03954981 14.206
 16 157.685248  68.139967     2.941     3.119  3 52782.03949646 32.088
 18 157.680491  68.140999     9.444     9.223  3 52852.03962660 13.261
 20 157.703932  68.177713    24.310    28.703 17 52922.03960888 20.451
 21 157.685926  68.138605     2.931     1.374  4 52957.03958156 23.214
 22 157.680875  68.142291     1.993     2.211  3 52992.03960173 21.220
 23 157.717768  68.183224    35.205    45.311 11 53027.03955912 14.553
 24 157.681387  68.141002     4.822     4.822  2 53062.03957669 17.912
 25 157.699718  68.179369    45.710    49.679 18 53097.03959331  9.364
 26 157.681335  68.136786    41.393    41.393  2 53132.03957440  4.587
 28 157.682038  68.149456    25.352    14.480  5 53202.03965020 11.330
 29 157.726282  68.187659    51.947    48.289  8 53237.03961137  6.255
 30 157.688223  68.135446    11.608    11.594  4 53272.03957850 16.296
 31 157.727310  68.185694    34.388    50.096  7 53307.03963318 16.711
 33 157.698708  68.175524    44.916    49.321 20 53377.03953727  7.942
 35 157.687806  68.137247    31.297    42.487  3 53447.03956976 12.253
 36 157.725867  68.184523    32.287    47.902  7 53482.03964566  8.054
 37 157.721680  68.183686    26.419    36.851 10 53517.03964794 38.397
 38 157.712954  68.182381    39.124    47.065 13 53552.03966922 10.041
 39 157.720545  68.184516    27.115    38.045 10 53587.03962274 37.774
 40 157.683894  68.141514     5.006     5.000  3 53622.03959697 36.172
 41 157.681099  68.143582     8.251     8.525  3 53657.03962473 20.961
 42 157.716271  68.184078    35.889    45.454 12 53692.03960245 20.341
 43 157.702722  68.179802    35.191    37.799 18 53727.03952713 20.071
 44 157.687021  68.137536     5.547     5.936  4 53762.03948831 19.966
 45 157.714359  68.182400    38.024    46.000 12 53797.03949222 13.456
 48 157.705260  68.168813    19.513    12.308  4 53902.03958298 16.254
 49 157.694932  68.167976    27.221    24.756 10 53937.03962174 16.764
 50 157.716681  68.188713    51.631    51.637 11 53972.03958250  2.997
 52 157.683024  68.140526     1.587     1.513  4 54042.03960196 22.885
 53 157.716515  68.183441    42.061    47.822 12 54077.03958765 11.230
 54 157.696138  68.178219    50.245    50.389 20 54112.03952919  7.022
 56 157.698566  68.177470    51.292    50.851 19 54182.03951698  5.552
 57 157.679062  68.142330    19.562     7.511  3 54217.03954650 12.217
 58 157.715367  68.175723    17.348    10.501  3 54252.03956544 47.841
 59 157.725206  68.186239     6.100     5.174  9 54287.03956860 26.451
 60 157.725426  68.184792    38.407    46.868  8 54322.03956601  9.384
 61 157.706223  68.181771    49.670    51.647 16 54357.03952628  8.978
 62 157.693200  68.157515    16.076     2.313  4 54392.03951230 36.465
 63 157.717644  68.183539    34.872    45.588 11 54427.03947584 17.010
 64 157.681700  68.142671    30.754    42.251  3 54462.03949273 13.690
 65 157.719053  68.184533    48.659    53.910 11 54497.03948338  8.898
 66 157.678729  68.142205    18.340     5.526  3 54532.03950607 13.706
 67 157.699015  68.175909    51.471    50.999 20 54567.03949052  5.135
 68 157.681330  68.147353    21.703     4.828  5 54602.03950032 21.188
 69 157.724285  68.186280    38.585    45.686  8 54637.03950383 13.953
 70 157.723586  68.187289    14.667    20.679  8 54672.03950710 44.498
 71 157.714139  68.182683    33.518    45.145 12 54707.03946798 12.806
 73 157.719111  68.183878    35.187    45.489 11 54777.03944901 22.210
 74 157.682901  68.141904     4.732     5.581  3 54812.03947455 20.740
 75 157.718202  68.185916    43.798    48.922 11 54847.03944890 13.109
 76 157.692195  68.155315    28.613    25.606  4 54882.03947527 15.444
 77 157.697609  68.176539    45.653    49.792 19 54917.03945421  8.636
 78 157.706607  68.167833    44.128    50.205  6 54952.03946616 11.112
 79 157.727259  68.186347    35.030    45.120  8 54987.03948681 12.106
 80 157.720955  68.183228     7.075     6.215 10 55022.03948019 15.793
 81 157.726714  68.188941    14.558    20.575  7 55057.03947526 47.014
 82 157.699008  68.175332     6.088     6.088 19 55092.03943514 52.004
 83 157.706745  68.167875    29.134    29.240  6 55127.03941938 29.783
 84 157.717571  68.184337    37.478    46.672 12 55162.03939449 16.981
 85 157.679952  68.141734     6.508     6.886  3 55197.03941555 19.285
 86 157.702908  68.177490    41.247    48.312 18 55232.03939982 12.734
 87 157.706811  68.167963    43.917    49.858  6 55267.03940512 14.459
 88 157.702128  68.177010    48.440    49.901 19 55302.03938044 10.024
 89 157.721166  68.183926    53.072    54.602 10 55337.03937635  7.934
 90 157.728686  68.189312    43.111    46.751  7 55372.03936513  6.904
 91 157.680363  68.143369     5.868     7.038  3 55407.03939450 15.697
 92 157.727400  68.189910    19.702    24.212  6 55442.03938414 44.481
 93 157.695325  68.173174    27.750    25.811 17 55477.03932947 17.220
