-134736.538    -9.127     0.00    2.05
-134360.194    -9.559    -1.15    2.01
-133983.932   -10.186    -1.67    2.22
-133607.751   -10.623    -1.16    3.10
-133231.652   -11.061    -1.17    3.54
-132855.635   -10.753     0.82    3.68
-132479.698   -10.897    -0.38    3.00
-132103.843   -10.814     0.22    2.19
-131728.070   -10.463     0.93    1.56
-131352.378   -10.268     0.52    1.65
-130976.767   -10.320    -0.14    1.60
-130601.237   -10.423    -0.27    1.57
-130225.789   -10.550    -0.34    1.75
-129850.421   -10.038     1.36    2.56
-129475.135    -9.007     2.75    2.82
-129099.929    -7.464     4.11    3.36
-128724.804    -5.190     6.06    3.53
-128349.761    -1.449     9.98    7.23
-127974.798     4.812    16.70   11.74
-127599.916    13.915    24.28   12.25
-127225.115    20.509    17.59    8.92
-126850.394    24.092     9.56    4.92
-126475.754    23.178    -2.44    5.09
-126101.194    20.748    -6.49    5.73
-125726.715    19.418    -3.55    5.84
-125352.317    17.703    -4.58    5.51
-124977.999    19.248     4.13    6.16
-124603.761    21.934     7.18    8.73
-124229.604    24.155     5.94    8.78
-123855.527    24.715     1.50    7.42
-123481.530    21.060    -9.77    8.55
-123107.613    17.186   -10.36    7.00
-122733.776    15.628    -4.17    5.45
-122360.020    17.289     4.44    6.28
-121986.343    20.345     8.18    6.72
-121612.747    23.136     7.47    7.43
-121239.230    28.587    14.60    7.51
-120865.793    33.937    14.33    7.70
-120492.436    37.842    10.46    6.66
-120119.159    39.570     4.63    6.42
-119745.961    40.618     2.81    6.01
-119372.844    42.962     6.28    6.87
-118999.805    48.228    14.12    8.54
-118626.847    52.751    12.13    8.54
-118253.967    56.650    10.46    8.25
-117881.168    56.519    -0.35   10.20
-117508.447    53.071    -9.25   12.23
-117135.806    50.061    -8.08   10.99
-116763.245    49.694    -0.99    8.29
-116390.762    49.551    -0.38    5.99
-116018.359    48.836    -1.92    5.62
-115646.035    45.299    -9.50    7.43
-115273.790    40.291   -13.45    6.91
-114901.624    35.368   -13.23    4.72
-114529.537    32.469    -7.79    3.47
-114157.529    29.936    -6.81    2.79
-113785.600    28.313    -4.36    2.22
-113413.750    27.051    -3.40    3.08
-113041.978    25.681    -3.68    4.30
-112670.286    24.070    -4.33    5.31
-112298.672    22.429    -4.42    5.00
-111927.136    21.884    -1.47    4.44
-111555.680    23.009     3.03    4.10
-111184.302    24.326     3.55    3.20
-110813.002    25.467     3.07    2.54
-110441.781    26.386     2.47    3.35
-110070.638    26.687     0.81    3.62
-109699.574    28.091     3.78    3.46
-109328.588    26.763    -3.58    4.03
-108957.680    24.890    -5.05    3.76
-108586.851    23.260    -4.39    3.47
-108216.099    21.613    -4.44    1.47
-107845.426    22.155     1.46    2.12
-107474.831    23.460     3.52    2.83
-107104.314    24.426     2.61    2.77
-106733.874    24.707     0.76    2.53
-106363.513    24.624    -0.22    2.88
-105993.230    24.433    -0.52    3.13
-105623.024    24.443     0.03    3.45
-105252.896    25.039     1.61    3.10
-104882.846    25.302     0.71    2.40
-104512.874    25.634     0.90    2.54
-104142.979    25.519    -0.31    2.39
-103773.162    25.571     0.14    2.31
-103403.422    25.411    -0.43    2.25
-103033.760    26.029     1.67    2.61
-102664.175    26.525     1.34    2.81
-102294.668    27.241     1.94    2.61
-101925.238    26.998    -0.66    2.50
-101555.885    26.824    -0.47    2.69
-101186.610    26.783    -0.11    2.37
-100817.411    26.215    -1.54    2.07
-100448.290    25.780    -1.18    1.84
-100079.246    25.233    -1.48    2.04
 -99710.279    25.176    -0.15    2.31
 -99341.389    25.123    -0.14    2.40
 -98972.577    24.513    -1.66    3.02
 -98603.840    23.092    -3.85    3.87
 -98235.181    21.532    -4.23    3.10
 -97866.599    20.734    -2.17    2.14
 -97498.093    21.059     0.88    1.93
 -97129.664    21.907     2.30    2.01
 -96761.312    22.680     2.10    2.68
 -96393.036    23.165     1.32    3.21
 -96024.837    23.211     0.13    3.22
 -95656.715    22.724    -1.32    2.98
 -95288.669    22.860     0.37    2.64
 -94920.699    23.453     1.61    1.97
 -94552.806    23.051    -1.10    2.69
 -94184.989    22.597    -1.23    3.47
 -93817.249    22.050    -1.49    3.60
 -93449.585    21.546    -1.37    3.60
 -93081.996    21.927     1.04    3.39
 -92714.485    23.368     3.92    3.49
 -92347.049    24.576     3.29    2.55
 -91979.689    25.188     1.67    1.90
 -91612.405    25.475     0.78    2.20
 -91245.197    26.509     2.82    3.14
 -90878.066    27.926     3.86    3.69
 -90511.010    29.701     4.84    4.10
 -90144.029    32.757     8.33    4.46
 -89777.125    34.776     5.50    4.04
 -89410.296    36.450     4.56    3.81
 -89043.543    37.315     2.36    2.75
 -88676.866    36.294    -2.79    2.84
 -88310.264    33.922    -6.47    4.36
 -87943.738    32.009    -5.22    4.21
 -87577.287    32.124     0.31    5.06
 -87210.912    34.390     6.18    6.16
 -86844.612    38.249    10.54    5.11
 -86478.388    40.460     6.04    2.68
 -86112.239    40.377    -0.23    2.86
 -85746.165    38.655    -4.70    3.71
 -85380.166    36.517    -5.84    4.38
 -85014.243    33.507    -8.23    4.63
 -84648.395    30.692    -7.69    5.05
 -84282.621    26.827   -10.57    5.14
 -83916.923    24.031    -7.65    4.76
 -83551.300    22.243    -4.89    3.67
 -83185.752    22.460     0.59    3.60
 -82820.278    22.360    -0.27    3.25
 -82441.512    22.686     0.86    3.32
 -82060.423    21.866    -2.15    3.50
 -81679.415    20.561    -3.42    3.39
 -81298.491    20.047    -1.35    3.60
 -80917.649    19.342    -1.85    3.32
 -80536.889    18.223    -2.94    2.99
 -80156.212    17.269    -2.51    2.74
 -79775.617    16.565    -1.85    2.61
 -79395.105    15.597    -2.54    1.62
 -79014.675    15.787     0.50    1.53
 -78634.327    16.134     0.91    1.69
 -78254.061    16.295     0.42    1.73
 -77873.877    16.334     0.10    1.97
 -77493.776    15.715    -1.63    2.49
 -77113.756    14.283    -3.77    2.89
 -76733.818    13.193    -2.87    2.55
 -76353.963    12.405    -2.07    2.32
 -75974.189    11.702    -1.85    1.85
 -75594.497    11.360    -0.90    2.17
 -75214.886    10.776    -1.54    2.42
 -74835.357    10.453    -0.85    2.39
 -74455.910    10.146    -0.81    2.46
 -74076.545     9.586    -1.48    2.35
 -73697.261     9.340    -0.65    2.51
 -73318.059     9.294    -0.12    2.14
 -72938.938     9.642     0.92    2.39
 -72559.898     9.898     0.68    2.51
 -72180.940     9.360    -1.42    2.61
 -71802.063    10.676     3.47    3.19
 -71423.267    12.746     5.47    3.43
 -71044.552    15.154     6.36    3.83
 -70665.919    17.135     5.23    2.88
 -70287.366    17.582     1.18    2.82
 -69908.895    17.180    -1.06    3.51
 -69530.504    15.294    -4.99    3.02
 -69152.195    14.780    -1.36    2.56
 -68773.966    15.443     1.75    2.69
 -68395.818    14.745    -1.84    2.77
 -68017.751    14.597    -0.39    2.79
 -67639.765    14.293    -0.80    2.81
 -67261.859    14.238    -0.14    2.77
 -66884.034    14.057    -0.48    3.31
 -66506.290    12.358    -4.50    3.98
 -66128.626    10.980    -3.65    3.23
 -65751.042    10.144    -2.21    2.43
 -65373.539    10.646     1.33    2.28
 -64996.116    11.683     2.75    1.70
 -64618.774    11.749     0.18    1.88
 -64241.511    11.741    -0.02    2.09
 -63864.329    12.032     0.77    2.23
 -63487.228    12.166     0.36    2.33
 -63110.206    11.624    -1.44    3.13
 -62733.264    10.209    -3.76    3.75
 -62356.402     8.480    -4.59    3.82
 -61979.621     7.144    -3.54    3.37
 -61602.919     6.146    -2.65    2.55
 -61226.297     5.623    -1.39    2.74
 -60849.755     5.003    -1.65    2.90
 -60473.292     3.955    -2.78    2.80
 -60096.909     3.091    -2.30    2.17
 -59720.606     2.485    -1.61    2.20
 -59344.383     1.651    -2.22    2.87
 -58968.239     0.498    -3.07    3.30
 -58592.175     0.025    -1.26    3.35
 -58216.190     0.326     0.80    3.28
 -57840.284     1.231     2.41    2.87
 -57464.458     0.945    -0.76    2.52
 -57088.711     0.374    -1.52    2.52
 -56713.043     0.198    -0.47    2.42
 -56337.455     0.457     0.69    2.25
 -55961.946     1.208     2.00    1.74
 -55586.516     1.543     0.89    1.63
 -55211.164     1.762     0.58    2.34
 -54835.892     1.726    -0.10    3.17
 -54460.699     2.783     2.82    4.05
 -54085.585     3.913     3.01    4.37
 -53710.550     5.917     5.34    4.61
 -53335.593     8.818     7.74    5.94
 -52960.715    13.531    12.57    6.13
 -52585.916    16.713     8.49    6.27
 -52211.196    19.973     8.70    5.11
 -51836.554    21.528     4.15    3.37
 -51461.991    21.036    -1.31    3.73
 -51087.506    20.394    -1.71    4.41
 -50713.100    19.388    -2.69    4.37
 -50338.772    19.432     0.12    4.18
 -49964.522    19.193    -0.64    4.86
 -49590.351    20.953     4.70    4.96
 -49216.258    21.715     2.04    4.57
 -48842.244    21.154    -1.50    5.23
 -48468.307    20.391    -2.04    5.55
 -48094.449    17.334    -8.18    5.83
 -47720.669    15.944    -3.72    5.52
 -47346.967    15.955     0.03    4.42
 -46973.342    17.124     3.13    3.17
 -46599.796    16.941    -0.49    2.67
 -46226.328    15.493    -3.88    2.69
 -45852.937    14.672    -2.20    3.52
 -45479.624    11.570    -8.31    5.21
 -45106.389     8.554    -8.08    5.80
 -44733.232     5.995    -6.86    5.20
 -44360.152     3.059    -7.87    2.63
 -43987.150     2.124    -2.51    2.03
 -43614.226     1.715    -1.10    1.97
 -43241.379     1.903     0.50    2.10
 -42868.609     1.898    -0.01    2.02
 -42495.917     0.985    -2.45    2.39
 -42123.302    -0.327    -3.52    2.64
 -41750.764    -1.813    -3.99    1.94
 -41378.304    -2.416    -1.62    1.46
 -41005.921    -0.532     5.06    3.51
 -40633.615     0.818     3.63    3.49
 -40261.387     1.715     2.41    2.74
 -39889.235     1.837     0.33    2.00
 -39517.160     1.262    -1.55    1.28
 -39145.163     2.003     1.99    2.08
 -38773.242     3.485     3.99    2.46
 -38401.398     5.035     4.17    2.53
 -38029.631     7.039     5.39    2.10
 -37657.941     8.399     3.66    2.29
 -37286.328     9.709     3.53    2.81
 -36914.791     9.939     0.62    3.34
 -36543.331     9.070    -2.34    4.83
 -36171.947     7.783    -3.47    5.99
 -35800.640     6.330    -3.91    6.76
 -35429.410     5.092    -3.34    7.16
 -35058.256     4.355    -1.99    6.95
 -34687.178     4.534     0.48    7.09
 -34316.177     4.704     0.46    6.77
 -33945.252     3.260    -3.89    5.89
 -33574.404     2.832    -1.15    5.66
 -33203.631     2.178    -1.77    5.28
 -32832.935     2.278     0.27    5.71
 -32462.315     2.554     0.74    5.71
 -32091.771     3.294     2.00    5.69
 -31721.303     4.330     2.80    5.57
 -31350.911     5.737     3.80    5.55
 -30980.595     6.237     1.35    5.46
 -30610.355     6.805     1.53    5.62
 -30240.191     6.586    -0.59    5.72
 -29870.103     6.726     0.38    5.48
 -29500.090     6.529    -0.53    5.03
 -29130.153     6.677     0.40    4.39
 -28760.292     6.068    -1.65    3.28
 -28390.507     6.283     0.58    2.75
 -28020.797     6.169    -0.31    2.65
 -27651.162     5.379    -2.14    2.86
 -27281.603     4.504    -2.37    2.78
 -26912.120     4.885     1.03    3.05
 -26542.711     5.941     2.86    3.37
 -26173.379     7.179     3.35    3.02
 -25804.121     7.124    -0.15    2.89
 -25434.939     5.948    -3.18    3.23
 -25065.832     5.049    -2.44    2.68
 -24696.800     4.283    -2.07    2.37
 -24327.843     4.996     1.93    3.39
 -23958.962     6.435     3.90    4.63
 -23590.155     7.922     4.03    5.96
 -23221.424    10.380     6.67    7.93
 -22852.767    13.209     7.67    9.65
 -22484.185    14.898     4.58   10.28
 -22115.678    16.902     5.44   10.10
 -21747.246    19.199     6.23    8.60
 -21378.889    20.715     4.12    6.41
 -21010.606    22.922     5.99    6.61
 -20642.398    26.619    10.04    7.01
 -20274.265    28.543     5.23    5.96
 -19906.206    29.443     2.44    5.26
 -19538.222    28.007    -3.90    6.02
 -19170.312    27.349    -1.79    7.21
 -18802.477    27.070    -0.76    8.83
 -18434.716    27.801     1.99    9.28
 -18067.030    29.580     4.84   10.10
 -17699.417    33.007     9.32   10.20
 -17331.879    34.465     3.97    9.86
 -16964.416    31.815    -7.21   10.55
 -16597.026    27.113   -12.80   10.56
 -16229.711    20.975   -16.71    5.20
 -15862.470    18.408    -6.99    3.26
 -15495.302    16.017    -6.51    3.63
 -15128.209    13.888    -5.80    3.78
 -14761.190    11.264    -7.15    4.54
 -14394.244     8.750    -6.85    4.35
 -14027.373     6.262    -6.78    3.95
 -13660.575     4.559    -4.64    3.26
 -13293.851     3.200    -3.70    2.60
 -12927.201     2.939    -0.71    2.92
 -12560.625     3.056     0.32    3.23
 -12194.122     3.517     1.26    3.01
 -11827.693     3.630     0.31    2.30
 -11461.337     3.805     0.48    1.96
 -11095.055     4.033     0.63    1.76
 -10728.846     4.081     0.13    1.70
 -10362.711     4.246     0.45    1.52
  -9996.649     4.414     0.46    1.52
  -9630.660     4.581     0.46    1.63
  -9264.745     5.204     1.70    1.69
  -8898.903     5.704     1.37    1.58
  -8533.134     5.699    -0.01    1.73
  -8167.439     5.602    -0.26    1.51
  -7792.911     5.502    -0.27    1.50
  -7411.985     5.575     0.19    1.60
  -7031.139     5.374    -0.53    1.75
  -6650.374     4.747    -1.65    2.27
  -6269.689     3.818    -2.44    2.15
  -5889.084     3.336    -1.26    2.41
  -5508.560     2.962    -0.98    2.63
  -5128.116     2.629    -0.87    2.18
  -4747.752     2.297    -0.87    2.37
  -4367.468     1.666    -1.66    2.61
  -3987.265     1.125    -1.42    2.24
  -3607.141    -0.070    -3.14    1.58
  -3227.097    -0.673    -1.59    1.47
  -2847.133    -0.653     0.05    1.75
  -2467.250    -0.410     0.64    2.16
  -2087.445     0.704     2.93    2.85
  -1707.721     1.680     2.57    2.83
  -1328.076     1.694     0.04    3.12
   -948.511     1.224    -1.24    3.50
   -569.026     1.274     0.13    3.62
   -189.620     1.746     1.24    3.78
    189.706     1.758     0.03    4.15
    568.953     2.480     1.90    4.16
    948.120     2.993     1.35    3.75
   1327.208     3.289     0.78    3.22
   1706.217     3.722     1.14    2.51
   2085.146     3.189    -1.41    2.41
   2463.997     3.059    -0.34    2.77
   2842.768     2.672    -1.02    3.37
   3221.460     2.450    -0.59    3.66
   3600.072     2.285    -0.44    3.83
   3978.606     1.907    -1.00    3.50
   4357.061     1.973     0.18    3.27
   4735.437     2.838     2.29    3.38
   5113.734     3.425     1.55    3.39
   5491.952     4.684     3.33    3.52
   5870.091     6.328     4.35    3.47
   6248.152     6.057    -0.72    3.60
   6626.134     5.887    -0.45    3.45
   7004.037     6.214     0.87    3.36
   7381.862     6.243     0.08    2.59
   7759.608     6.967     1.92    1.56
   8137.276     7.113     0.39    1.39
   8514.865     7.590     1.26    1.48
   8892.376     7.694     0.27    1.62
   9269.809     7.079    -1.63    2.46
   9647.163     6.188    -2.36    2.87
  10024.439     6.193     0.01    3.16
  10401.637     6.962     2.04    3.12
  10778.756     8.238     3.38    2.36
  11155.798     8.715     1.27    1.89
  11532.761     8.522    -0.51    1.77
  11909.646     8.737     0.57    1.45
  12286.454     8.181    -1.47    1.72
  12663.183     6.532    -4.38    2.51
  13039.835     5.371    -3.08    2.39
  13416.409     4.863    -1.35    2.03
  13792.905     4.607    -0.68    2.28
  14169.323     5.274     1.77    2.03
  14545.664     5.596     0.86    2.08
  14921.927     5.661     0.17    2.03
  15298.112     6.473     2.16    1.83
  15674.220     7.565     2.90    1.63
  16050.251     7.857     0.78    1.61
  16426.204     7.504    -0.94    2.03
  16802.079     7.713     0.56    1.95
  17177.878     7.613    -0.27    1.79
  17553.599     8.346     1.95    2.52
  17929.242    10.559     5.89    3.29
  18304.809    12.235     4.46    3.25
  18680.298    12.765     1.41    3.09
  19055.710    11.619    -3.05    4.03
  19431.045    10.855    -2.03    4.47
  19806.304    10.619    -0.63    4.89
  20181.485    11.909     3.44    5.35
  20556.589    13.025     2.98    4.51
  20931.616    13.393     0.98    3.30
  21306.567    14.234     2.24    3.52
  21681.441    14.102    -0.35    3.61
  22056.238    13.048    -2.81    3.95
  22430.958    13.046    -0.00    4.22
  22805.602    13.091     0.12    5.08
  23180.169    15.546     6.55    6.61
  23554.659    19.092     9.47    6.98
  23929.073    23.802    12.58    6.42
  24303.411    26.006     5.89    3.92
  24677.672    25.886    -0.32    3.78
  25051.857    23.483    -6.42    4.39
  25425.965    20.218    -8.73    3.21
  25799.998    18.352    -4.99    3.24
  26173.954    17.113    -3.31    2.41
  26547.833    16.939    -0.47    1.75
  26921.637    17.532     1.59    1.52
  27295.365    17.907     1.00    1.62
  27669.016    19.078     3.14    2.35
  28042.592    19.722     1.72    2.09
  28416.091    19.872     0.40    2.04
  28789.515    20.417     1.46    1.78
  29162.863    20.657     0.64    1.85
  29536.135    21.790     3.04    1.85
  29909.331    22.838     2.81    1.66
  30282.452    23.201     0.97    1.79
  30655.496    23.199    -0.01    2.06
  31028.466    23.157    -0.11    2.16
  31401.359    22.769    -1.04    2.22
  31774.177    22.213    -1.49    2.26
  32146.920    21.667    -1.46    2.18
  32519.587    20.702    -2.59    1.25
  32892.179    20.570    -0.36    0.91
  33264.695    20.704     0.36    0.89
  33637.136    20.520    -0.49    0.84
  34009.502    19.897    -1.67    1.48
  34381.793    19.278    -1.66    1.80
  34754.008    19.285     0.02    2.18
  35126.148    19.787     1.35    2.44
  35498.214    21.044     3.38    2.44
  35870.204    22.801     4.72    2.33
  36242.119    23.890     2.93    2.10
  36613.959    23.904     0.04    2.55
  36985.724    22.937    -2.60    3.73
  37357.415    21.081    -4.99    3.97
  37729.031    19.630    -3.90    3.15
  38100.571    19.570    -0.16    2.89
  38472.037    19.989     1.13    3.04
  38843.429    20.504     1.39    2.89
  39214.746    20.902     1.07    2.41
  39585.988    21.860     2.58    2.70
  39957.156    22.838     2.63    2.48
  40328.249    24.291     3.91    2.15
  40699.267    25.124     2.25    1.86
  41070.212    25.540     1.12    2.17
  41441.082    26.575     2.79    2.27
  41811.877    26.908     0.90    2.17
  42182.599    26.904    -0.01    2.13
  42553.246    26.904    -0.00    2.14
  42923.818    26.635    -0.72    1.93
  43294.317    26.718     0.22    1.74
  43664.742    26.202    -1.39    2.48
  44035.092    25.067    -3.07    2.81
  44405.369    24.869    -0.53    3.01
  44775.571    25.194     0.88    3.26
  45145.700    27.410     5.99    3.77
  45515.755    29.251     4.98    2.98
  45885.736    29.564     0.84    2.21
  46255.643    29.473    -0.25    2.18
  46625.476    29.509     0.10    2.04
  46995.236    30.243     1.99    2.25
  47364.922    30.888     1.74    1.95
  47734.534    31.330     1.20    1.83
  48104.073    31.908     1.56    2.31
  48473.538    33.537     4.41    3.47
  48842.930    35.435     5.14    3.22
  49212.248    36.754     3.57    2.73
  49581.493    37.567     2.20    2.37
  49950.665    37.739     0.47    3.03
  50319.763    37.863     0.33    3.37
  50688.788    38.680     2.21    3.24
  51057.740    38.783     0.28    2.69
  51426.618    40.243     3.96    3.22
  51795.423    41.431     3.22    3.32
  52164.156    41.871     1.19    3.19
  52532.815    41.924     0.14    2.59
  52901.401    41.937     0.04    2.87
  53269.914    42.443     1.37    3.31
  53638.355    43.686     3.37    3.17
  54006.722    45.265     4.29    2.15
  54375.017    45.442     0.48    2.06
  54743.238    46.036     1.61    1.52
  55111.387    46.266     0.62    1.23
  55479.464    46.135    -0.36    1.20
  55847.467    45.636    -1.35    1.49
  56215.398    44.201    -3.90    2.58
  56583.257    43.681    -1.41    2.74
  56951.043    43.838     0.43    2.94
  57318.756    44.757     2.50    2.71
  57686.397    46.694     5.27    1.75
  58053.965    46.542    -0.41    2.12
  58421.462    46.546     0.01    2.25
  58788.885    46.992     1.21    2.56
  59156.237    48.160     3.18    4.16
  59523.516    50.157     5.44    3.70
  59890.723    52.090     5.26    2.44
  60257.858    52.635     1.48    1.55
  60624.921    52.676     0.11    1.45
  60991.911    53.613     2.55    1.42
  61358.830    54.824     3.30    2.41
  61725.677    56.608     4.86    2.58
  62092.451    57.702     2.98    2.35
  62459.154    58.978     3.48    1.77
  62825.785    59.743     2.09    1.52
  63192.344    60.008     0.72    1.53
  63558.832    60.157     0.40    1.19
  63925.247    60.322     0.45    1.46
  64291.591    59.871    -1.23    1.85
  64657.863    59.619    -0.69    2.15
  65024.064    58.871    -2.04    1.96
  65390.193    58.034    -2.29    1.79
  65756.250    57.357    -1.85    1.87
  66122.236    57.289    -0.19    2.19
  66488.151    56.891    -1.09    2.09
  66858.787    58.037     3.09    2.60
  67239.552    59.810     4.66    2.93
  67620.237    61.014     3.16    3.24
  68000.845    62.002     2.60    2.47
  68381.374    61.531    -1.24    2.70
  68761.826    62.291     2.00    3.57
  69142.199    63.838     4.07    4.04
  69522.493    65.943     5.53    3.32
  69902.710    67.557     4.25    2.12
  70282.849    68.713     3.04    2.95
  70662.910    69.520     2.12    3.00
  71042.893    70.235     1.88    2.87
  71422.798    70.135    -0.27    3.27
  71802.625    69.324    -2.13    3.22
  72182.375    69.520     0.51    3.11
  72562.046    69.780     0.68    2.86
  72941.641    70.461     1.80    2.72
  73321.157    70.190    -0.72    3.61
  73700.596    70.699     1.34    4.76
  74079.957    70.907     0.55    5.18
  74459.241    71.148     0.64    4.80
  74838.447    71.357     0.55    3.77
  75217.576    71.423     0.17    2.47
  75596.628    72.405     2.59    2.29
  75975.602    73.839     3.78    1.99
  76354.499    75.113     3.36    1.48
  76733.319    75.313     0.53    1.96
  77112.062    74.937    -0.99    2.10
  77490.728    74.101    -2.21    1.93
  77869.316    74.212     0.29    2.03
  78247.828    74.819     1.60    2.07
  78626.262    75.860     2.75    2.04
  79004.620    77.124     3.34    1.84
  79382.900    78.058     2.47    1.82
  79761.104    79.495     3.80    1.77
  80139.231    80.783     3.41    2.30
  80517.282    81.944     3.07    2.15
  80895.255    82.706     2.02    1.19
  81273.152    83.011     0.81    0.79
  81650.973    82.835    -0.46    0.79
  82028.717    82.757    -0.21    0.81
  82406.384    83.388     1.67    1.50
  82783.975    83.863     1.26    1.59
  83161.489    84.169     0.81    1.42
  83538.927    84.852     1.81    1.50
  83916.289    85.346     1.31    1.65
  84293.574    86.171     2.18    1.48
  84670.783    86.002    -0.45    1.71
  85047.916    85.329    -1.78    1.77
  85424.973    85.580     0.66    2.16
  85801.954    86.669     2.89    3.03
  86178.859    87.835     3.10    3.04
  86555.687    89.188     3.59    2.76
  86932.440    89.735     1.45    2.14
  87309.117    90.035     0.80    2.06
  87685.718    90.136     0.27    2.25
  88062.243    90.897     2.02    2.47
  88438.692    92.473     4.18    3.24
  88815.066    94.920     6.50    4.32
  89191.363    97.495     6.84    5.16
  89567.586    96.824    -1.78    7.02
  89943.732    94.835    -5.29    7.39
  90319.803    93.835    -2.66    6.75
  90695.799    96.413     6.86    9.23
  91071.719   103.227    18.12   11.46
  91447.564   110.420    19.14    9.42
  91823.333   117.810    19.66    6.32
  92199.027   121.291     9.27    5.11
  92574.645   124.869     9.52    4.37
  92950.189   128.357     9.29    5.58
  93325.657   131.969     9.62    5.34
  93701.050   134.540     6.85    4.06
  94076.368   136.681     5.70    3.35
  94451.611   136.585    -0.26    3.51
  94826.779   135.511    -2.86    3.49
  95201.872   135.585     0.20    3.55
  95576.889   136.506     2.46    4.05
  95951.833   139.431     7.80    5.27
  96326.701   143.306    10.34    5.35
  96701.494   146.225     7.79    4.91
  97076.213   148.704     6.61    3.99
  97450.857   150.675     5.26    4.43
  97825.426   152.636     5.23    4.60
  98199.921   154.380     4.66    4.82
  98574.341   156.896     6.72    5.36
  98948.686   159.580     7.17    4.25
  99322.958   161.012     3.83    3.32
  99697.154   162.652     4.38    2.78
 100071.276   164.331     4.49    4.19
 100445.324   167.402     8.21    6.36
 100819.298   171.492    10.94    6.91
 101193.197   173.978     6.65    6.57
 101567.022   175.369     3.72    6.36
 101940.773   176.742     3.67    5.65
 102314.450   177.439     1.86    4.81
 102688.053   178.369     2.49    4.16
 103061.581   179.753     3.70    3.40
 103435.036   181.608     4.97    4.06
 103808.417   184.253     7.08    4.96
 104181.723   187.287     8.13    4.56
 104554.956   190.030     7.35    3.83
 104928.115   194.346    11.57    6.85
 105301.200   199.304    13.29    8.31
 105674.212   206.988    20.60   12.28
 106047.150   215.053    21.62   14.24
 106420.014   226.461    30.59   21.24
 106792.804   240.727    38.27   24.23
 107165.521   255.282    39.05   23.89
 107538.165   268.078    34.34   14.21
 107910.735   269.480     3.76   11.65
 108283.231   263.814   -15.21   15.28
 108655.654   260.047   -10.11   13.07
 109028.004   263.658     9.70   13.91
 109400.281   275.001    30.46   19.92
 109772.484   290.102    40.57   20.33
 110144.614   303.124    34.99   16.34
 110516.670   311.308    22.00    9.18
 110888.654   309.495    -4.87   11.40
 111260.565   300.349   -24.59   17.79
 111632.402   286.806   -36.42   20.30
 112004.167   278.113   -23.38   20.37
 112375.858   275.068    -8.19   19.82
 112747.477   281.551    17.45   21.40
 113119.022   291.182    25.92   20.95
 113490.495   303.270    32.54   17.24
 113861.895   313.380    27.22   10.08
 114233.222   316.529     8.48    7.48
 114604.477   313.219    -8.91   10.85
 114975.659   304.731   -22.87   14.12
 115346.768   295.466   -24.96   14.61
 115717.805   285.003   -28.20   15.29
 116088.769   278.229   -18.26   12.26
 116459.661   277.559    -1.81   12.66
 116830.480   280.673     8.40   14.62
 117201.226   288.735    21.75   16.53
 117571.901   295.631    18.60   13.16
 117942.503   301.248    15.16    9.19
 118313.033   302.795     4.18    9.21
 118683.490   304.304     4.07    8.72
 119053.875   308.102    10.25    9.27
 119424.189   311.461     9.07    9.90
 119794.430   313.272     4.89   10.57
 120164.599   312.405    -2.34   11.46
 120534.695   309.285    -8.43   11.89
 120904.720   304.308   -13.45   10.95
 121274.673   300.327   -10.76   10.48
 121644.554   298.056    -6.14    8.29
 122014.363   299.824     4.78    9.27
 122384.101   305.469    15.27   11.48
 122753.766   314.402    24.16   14.69
 123123.360   325.518    30.07   15.40
 123492.882   336.969    30.99   16.63
 123862.332   345.256    22.43   16.54
 124231.711   363.011    48.06   33.51
 124601.018   384.320    57.70   43.66
 124970.254   407.596    63.03   45.01
 125339.418   433.671    70.63   34.99
 125708.511   439.391    15.50   35.12
 126077.532   432.469   -18.75   44.74
 126446.482   410.158   -60.47   56.32
 126815.361   384.090   -70.66   51.89
 127184.168   364.506   -53.10   45.59
 127552.904   360.753   -10.18   55.39
 127921.569   353.021   -20.97   64.60
 128290.162   343.416   -26.06   65.54
 128658.685   326.527   -45.83   62.41
 129027.136   305.302   -57.60   54.24
 129395.517   290.554   -40.03   44.77
 129763.826   279.846   -29.07   41.17
 130132.064   285.402    15.09   52.11
 130500.232   295.056    26.22   67.38
 130868.329   309.780    40.00   77.82
 131236.354   316.753    18.95   75.73
 131604.309   320.860    11.16   68.50
 131972.193   309.374   -31.22   61.32
 132340.007   290.693   -50.79   63.51
 132707.750   261.147   -80.34   57.98
 133075.422   239.320   -59.36   41.01
 133443.023   222.711   -45.18   13.50
 133810.554   223.257     1.49   14.44
 134178.015   234.520    30.65   21.36
 134545.405   253.465    51.56   33.42
 134912.724   279.101    69.79   40.61
 135279.973   308.580    80.26   42.95
 135647.152   339.956    85.44   35.70
 136014.261   359.170    52.33   33.65
 136381.299   368.504    25.43   37.88
 136748.267   378.439    27.07   46.19
 137115.165   384.446    16.37   53.72
 137481.992   392.715    22.54   51.92
 137848.750   385.170   -20.57   45.86
 138215.437   382.297    -7.83   36.44
 138582.054   377.001   -14.44   28.88
 138948.602   383.042    16.48   38.07
 139315.079   399.492    44.88   57.65
 139681.487   421.125    59.03   73.61
 140047.824   441.267    54.98   86.94
 140414.092   449.815    23.34   89.65
 140780.290   458.416    23.48   82.09
 141146.418   472.297    37.91   73.28
 141513.473   491.405    52.05   65.15
 141894.075   525.929    90.70   70.20
 142274.601   574.619   127.94   86.65
 142655.051   619.384   117.65   89.59
 143035.424   681.999   164.60   87.53
 143415.722   747.030   170.98   79.23
 143795.943   822.586   198.69  102.22
 144176.088   920.845   258.45  133.34
 144556.157  1016.491   251.63  131.56
 144936.151  1082.270   173.09   94.66
 145316.068  1081.837    -1.14   91.62
 145695.910  1041.788  -105.43  105.64
 146075.675  1010.136   -83.34  100.99
 146455.365   991.660   -48.66   89.57
 146834.980   981.832   -25.89   89.89
 147214.518   940.904  -107.83  107.15
 147593.981   873.369  -177.96  130.10
 147973.368   777.768  -251.96  143.07
 148352.680   680.012  -257.69  129.18
 148731.916   588.579  -241.07   94.75
 149111.077   542.683  -121.03   62.88
 149490.163   525.585   -45.10   49.00
 149869.173   536.389    28.50   60.99
 150248.107   592.045   146.86   87.86
 150626.967   655.653   167.88  113.41
 151005.751   736.170   212.54  107.38
 151384.460   775.846   104.75   81.61
 151763.094   763.090   -33.68  101.85
 152141.653   703.160  -158.29  131.34
 152520.136   625.647  -204.77  121.76
 152898.545   568.411  -151.24   80.18
 153276.879   564.509   -10.31   76.06
 153655.137   593.270    76.03   88.77
 154033.321   645.964   139.32  112.22
 154411.430   697.752   136.95  119.39
 154789.465   761.171   167.74  109.75
 155167.424   816.211   145.61   87.78
 155545.309   861.431   119.65   95.95
 155923.119   912.054   133.97   97.25
 156300.855   915.802     9.92   93.53
 156678.515   880.018   -94.74  113.55
 157056.102   794.863  -225.50  130.90
 157433.614   699.399  -252.85   95.76
 157811.051   647.658  -137.07   57.24
 158188.414   626.684   -55.57   59.24
 158565.703   626.033    -1.73   75.56
 158942.917   617.485   -22.66   88.12
 159320.058   588.386   -77.15   89.94
 159697.124   555.819   -86.36   80.53
 160074.115   513.511  -112.21   57.94
 160451.033   491.768   -57.68   35.44
 160827.876   503.561    31.29   50.98
 161204.646   550.008   123.26   76.06
 161581.341   589.906   105.90   63.98
 161957.963   605.412    41.17   58.76
 162334.510   596.340   -24.09   64.52
 162710.984   577.442   -50.19   69.13
 163087.384   576.765    -1.80   76.12
 163463.710   580.965    11.16   72.91
 163839.962   576.950   -10.67   66.78
 164216.141   532.329  -118.60   73.93
 164592.246   488.997  -115.20   59.78
 164968.277   460.386   -76.08   39.00
 165344.235   472.647    32.61   67.33
 165720.119   512.454   105.89   84.85
 166095.930   527.454    39.91   72.67
 166471.667   516.101   -30.21   75.50
 166847.331   477.602  -102.47   81.32
 167222.921   426.742  -135.39   54.51
 167598.438   395.982   -81.90   35.88
 167973.882   389.102   -18.32   32.99
 168349.253   407.818    49.85   56.66
 168724.550   440.631    87.42   64.94
 169099.775   464.427    63.41   54.58
 169474.926   473.090    23.09   52.39
 169850.004   470.215    -7.66   50.59
 170225.009   463.664   -17.47   42.18
 170599.941   465.017     3.61   37.98
 170974.800   477.046    32.09   39.26
 171349.587   493.704    44.44   47.50
 171724.300   515.137    57.19   57.27
 172098.941   544.997    79.69   59.51
 172473.508   575.266    80.80   52.67
 172848.004   595.352    53.63   47.78
 173222.426   606.360    29.40   39.70
 173596.776   615.029    23.15   32.79
 173971.053   629.428    38.47   39.56
 174345.258   658.908    78.77   53.23
 174719.390   692.313    89.27   60.27
 175093.449   712.584    54.19   63.10
 175467.436   732.290    52.68   64.45
 175841.351   755.806    62.88   71.57
 176215.194   782.753    72.07   74.20
 176588.964   806.595    63.78   62.67
 176962.662   799.147   -19.93   65.75
 177336.287   754.533  -119.39   90.48
 177709.841   685.254  -185.44   88.78
 178083.322   633.488  -138.59   66.30
 178456.731   604.504   -77.61   45.50
 178830.069   620.964    44.08   57.04
 179203.334   654.904    90.92   70.22
 179576.527   690.229    94.64   62.58
 179949.648   713.584    62.58   42.67
 180322.697   712.158    -3.82   32.53
 180695.675   700.030   -32.51   21.91
 181068.581   691.090   -23.97   16.72
 181441.414   686.308   -12.82   22.10
 181814.177   676.158   -27.23   31.75
 182186.867   656.253   -53.40   37.52
 182559.486   635.636   -55.32   37.91
 182932.033   607.346   -75.93   36.19
 183304.509   586.630   -55.61   37.52
 183676.913   564.466   -59.51   30.84
 184049.246   549.481   -40.24   25.98
 184421.507   538.884   -28.46   22.51
 184793.697   528.829   -27.01   20.91
 185165.815   516.101   -34.20   23.28
 185537.862   496.044   -53.90   33.44
 185909.838   475.077   -56.36   38.24
 186281.743   451.641   -63.01   39.40
 186653.576   430.162   -57.76   27.46
 187025.338   416.886   -35.71   21.17
 187397.030   407.345   -25.67   17.56
 187768.650   404.706    -7.10   17.48
 188140.199   404.479    -0.61   18.16
 188511.677   407.102     7.06   17.99
 188883.084   411.583    12.06   16.52
 189254.420   412.988     3.78   16.80
 189625.685   415.242     6.07   19.41
 189996.880   412.511    -7.36   21.38
 190368.003   407.404   -13.76   22.08
 190739.056   398.261   -24.64   20.31
 191110.039   391.791   -17.44   16.05
 191480.950   384.988   -18.34   10.00
 191851.791   381.920    -8.27    7.72
 192222.561   379.261    -7.17    8.75
 192593.261   376.420    -7.66    8.54
 192963.890   372.696   -10.04    6.37
 193334.449   372.619    -0.21    6.23
 193704.938   375.283     7.19    7.46
 194075.355   378.299     8.14    7.01
 194445.703   380.473     5.87    6.98
 194815.980   381.136     1.79    6.23
 195186.187   379.637    -4.05    6.15
 195556.324   379.239    -1.07    5.52
 195926.391   378.423    -2.21    3.91
 196296.387   379.102     1.83    3.09
 196666.314   379.323     0.60    3.77
 197036.170   379.380     0.16    5.30
 197405.956   378.552    -2.24    5.75
 197775.672   377.897    -1.77    5.25
 198145.319   376.089    -4.89    5.04
 198514.895   374.435    -4.47    7.82
 198884.402   373.017    -3.84    8.69
 199253.838   371.193    -4.94    6.64
 199623.205   371.713     1.41    6.39
 199992.502   376.021    11.66    9.05
 200361.730   381.148    13.88    9.68
 200730.888   383.636     6.74    8.99
 201099.976   381.431    -5.97   10.58
 201468.994   378.067    -9.12   11.64
 201837.943   378.158     0.25   12.79
 202206.822   380.812     7.19   14.81
 202575.632   382.160     3.65   15.15
 202944.373   381.334    -2.24   13.13
 203313.044   380.285    -2.84   12.91
 203681.646   381.221     2.54   17.96
 204050.178   388.613    20.05   28.12
 204418.641   397.162    23.20   36.34
 204787.035   397.795     1.72   36.49
 205155.360   399.503     4.64   33.10
 205523.615   407.485    21.67   28.60
 205891.802   420.292    34.78   30.67
 206259.919   435.738    41.95   26.16
 206627.967   444.125    22.78   19.80
 206995.946   445.218     2.97   14.30
 207363.857   442.020    -8.69   11.03
 207731.698   440.337    -4.58    7.34
 208099.470   439.272    -2.89    6.43
 208467.174   439.725     1.23    6.44
 208834.809   443.136     9.28    7.93
 209202.374   447.927    13.03    9.49
 209569.872   453.090    14.05   10.11
 209937.300   458.462    14.62   10.45
 210304.660   462.975    12.28    9.11
 210671.951   466.582     9.82    7.59
 211039.174   469.170     7.05    7.46
 211406.328   471.199     5.53    8.77
 211773.413   473.504     6.28    9.30
 212140.430   475.776     6.19   10.62
 212507.379   475.683    -0.25   11.67
 212874.259   474.730    -2.60   11.45
 213241.071   476.556     4.98   12.63
 213607.815   485.193    23.54   21.96
 213974.490   500.330    41.28   33.38
 214341.097   510.863    28.73   37.18
 214707.636   521.101    27.93   36.97
 215074.106   522.607     4.11   34.73
 215440.509   529.411    18.56   32.03
 215806.843   539.389    27.23   38.20
 216173.110   559.138    53.91   49.60
 216551.044   577.630    48.92   55.21
 216931.415   596.149    48.68   57.94
 217311.712   611.320    39.89   54.36
 217691.936   626.042    38.71   48.81
 218072.085   620.287   -15.14   41.11
 218452.160   606.470   -36.35   42.72
 218832.161   608.533     5.43   45.64
 219212.088   633.090    64.62   67.81
 219591.941   661.101    73.73   64.72
 219971.720   668.624    19.81   56.30
 220351.425   659.964   -22.81   59.82
 220731.056   634.904   -66.00   46.62
 221110.614   629.834   -13.35   36.26
 221490.098   651.170    56.21   51.39
 221869.508   674.703    62.02   63.79
 222248.845   699.363    65.00   70.61
 222628.108   703.638    11.27   69.31
 223007.297   705.102     3.86   64.71
 223386.413   698.676   -16.95   53.71
 223765.455   716.764    47.71   63.19
 224144.424   748.376    83.40   59.55
 224523.320   774.590    69.18   64.71
 224902.142   817.221   112.52   69.79
 225280.891   869.249   137.34   90.99
 225659.567   908.276   103.04   99.47
 226038.169   897.872   -27.48  114.22
 226416.699   888.019   -26.02  113.04
 226795.155   879.193   -23.32   89.70
 227173.538   890.595    30.13   79.61
 227551.848   906.125    41.04   72.03
 227930.085   904.761    -3.61   73.98
 228308.249   899.304   -14.43   64.57
 228686.340   919.671    53.86   73.12
 229064.358   957.067    98.91   81.22
 229442.303  1017.490   159.84   91.32
 229820.176  1059.819   112.00  102.59
 230197.976  1093.997    90.45  109.67
 230575.703  1116.824    60.42  101.37
 230953.357  1125.852    23.90   95.70
 231330.939  1110.744   -40.00   94.28
 231708.448  1076.683   -90.21  109.96
 232085.885  1038.125  -102.14  110.50
 232463.249   997.601  -107.37   79.13
 232840.540   967.963   -78.54   58.71
 233217.759   991.642    62.76   70.54
 233594.906  1025.138    88.80   66.66
 233971.981  1027.642     6.64   82.02
 234348.983  1023.326   -11.45  100.76
 234725.913  1010.520   -33.97  109.14
 235102.770   995.038   -41.07  126.76
 235479.556   972.636   -59.44  124.60
 235856.269   929.720  -113.90   97.88
 236232.910   899.228   -80.94   67.86
 236609.480   890.306   -23.69   68.05
 236985.977   890.741     1.16   87.86
 237362.402   888.270    -6.56   94.05
 237738.755   870.722   -46.62   87.98
 238115.037   851.741   -50.44   67.45
 238491.246   846.555   -13.78   46.72
 238867.384   845.908    -1.72   50.65
 239243.450   849.906    10.63   63.12
 239619.444   836.666   -35.21   67.43
 239995.367   813.744   -60.96   60.75
 240371.218   792.567   -56.33   49.64
 240746.997   790.613    -5.20   52.52
 241122.705   801.631    29.32   61.68
 241498.341   805.699    10.83   52.67
 241873.905   801.136   -12.15   38.82
 242249.399   778.221   -61.01   35.48
 242624.821   754.842   -62.26   26.24
 243000.171   742.404   -33.13   15.38
 243375.450   734.643   -20.68    9.68
 243750.658   731.985    -7.08   10.06
 244125.795   725.182   -18.13   13.91
 244500.860   729.258    10.86   19.62
 244875.854   754.101    66.24   40.46
 245250.778   784.427    80.87   51.50
 245625.630   809.548    67.00   39.81
 246000.411   819.363    26.18   27.34
 246375.121   819.584     0.59   26.98
 246749.760   825.788    16.56   39.92
 247124.328   854.148    75.70   65.00
 247498.825   888.543    91.83   75.37
 247873.252   938.172   132.52   85.36
 248247.608   988.655   134.83   79.40
 248621.892  1004.642    42.70   67.44
 248996.107   999.482   -13.79   73.08
 249370.250   956.278  -115.45   88.60
 249744.323   899.439  -151.92   73.46
 250118.325   850.008  -132.14   44.61
 250492.257   825.471   -65.61   22.68
 250866.118   817.613   -21.01   10.70
 251239.909   821.066     9.24   14.57
 251613.629   835.389    38.32   22.15
 251987.279   847.513    32.44   24.91
 252360.858   854.713    19.27   24.54
 252734.368   861.703    18.71   22.61
 253107.807   869.741    21.52   29.74
 253481.175   883.380    36.52   39.63
 253854.474   902.913    52.31   42.59
 254227.702   916.185    35.55   36.58
 254600.860   907.043   -24.49   48.36
 254973.948   879.003   -75.14   49.85
 255346.966   857.407   -57.88   39.33
 255719.914   850.369   -18.87   25.10
 256092.792   863.578    35.42   28.89
 256465.600   879.655    43.12   30.51
 256838.339   902.901    62.35   32.51
 257211.007   923.101    54.19   38.53
 257583.606   939.221    43.26   41.28
 257956.134   954.194    40.18   49.63
 258328.594   967.776    36.46   58.03
 258700.983   971.149     9.06   58.17
 259073.303   973.315     5.82   53.93
 259445.553   986.308    34.90   56.38
 259817.733   999.089    34.33   55.37
 260189.844  1015.732    44.72   51.69
 260561.886  1034.906    51.53   52.97
 260933.858  1045.304    27.95   61.77
 261305.761  1054.282    24.14   60.63
 261677.594  1044.485   -26.34   65.18
 262049.358  1017.878   -71.56   72.60
 262421.052   972.836  -121.15   56.43
 262792.678   936.442   -97.91   42.16
 263164.234   909.266   -73.13   30.18
 263535.721   886.735   -60.64   20.37
 263907.138   874.753   -32.25   16.61
 264278.487   868.415   -17.06   11.48
 264649.767   869.694     3.44   12.17
 265020.977   874.528    13.02   11.88
 265392.119   879.613    13.70   10.46
 265763.191   885.101    14.79   14.89
 266134.195   898.745    36.77   32.48
 266505.130   921.017    60.03   52.86
 266875.996   952.020    83.58   74.39
 267246.793   982.187    81.34   80.56
 267617.521   998.787    44.77   75.47
 267988.181  1005.323    17.63   62.53
 268358.772   998.560   -18.24   41.77
 268729.294  1002.726    11.24   29.55
 269099.748  1015.613    34.78   30.63
 269470.133  1028.763    35.50   26.45
 269840.450  1035.846    19.12   23.14
 270210.698  1041.730    15.89   21.93
 270580.877  1041.904     0.47   20.99
 270950.989  1039.637    -6.12   16.70
 271321.031  1032.322   -19.76   20.55
 271691.006  1020.462   -32.05   26.88
 272060.912  1009.056   -30.83   27.86
 272430.750  1003.041   -16.26   24.95
 272800.520  1016.231    35.66   39.23
 273170.221  1046.426    81.66   56.66
 273539.854  1097.208   137.36   85.07
 273909.419  1167.508   190.18  120.33
 274278.917  1237.643   189.77  129.62
 274648.346  1292.246   147.77  131.88
 275017.707  1319.404    73.51  117.75
 275387.000  1302.407   -46.01   99.78
 275756.225  1249.872  -142.25   95.20
 276125.382  1197.313  -142.35   75.21
 276494.471  1144.811  -142.22   55.71
 276863.493  1110.287   -93.53   47.20
 277232.447  1076.545   -91.43   40.65
 277601.333  1043.137   -90.55   54.55
 277970.151  1006.151  -100.26   47.63
 278338.902   994.195   -32.41   40.25
 278707.585   995.227     2.80   38.30
 279076.200  1006.787    31.36   39.69
 279444.748  1008.851     5.60   36.68
 279813.228   993.690   -41.14   37.14
 280181.641   982.076   -31.51   40.64
 280549.986   988.748    18.11   46.17
 280918.264  1008.002    52.27   51.67
 281286.475  1022.304    38.83   49.29
 281654.618  1033.756    31.10   41.13
 282022.694  1032.390    -3.71   51.19
 282390.703  1003.363   -78.86   73.57
 282758.644   953.297  -136.04   75.06
 283126.518   925.030   -76.82   57.56
 283494.326   913.211   -32.13   54.17
 283862.066   911.278    -5.25   52.20
 284229.738   915.173    10.59   52.38
 284597.344   917.102     5.24   48.84
 284964.883   918.582     4.03   41.09
 285332.355   932.619    38.19   37.15
 285699.760   931.176    -3.93   43.27
 286067.098   899.625   -85.87   66.46
 286434.369   854.101  -123.92   70.47
 286801.574   808.008  -125.49   63.83
 287168.711   784.413   -64.25   51.88
 287535.782   833.360   133.32  108.05
 287902.786   912.776   216.34  132.69
 288269.723  1003.241   246.49  102.87
 288636.594  1057.552   148.01   51.78
 289003.398  1068.229    29.10   29.51
 289370.136  1061.113   -19.40   29.37
 289736.807  1057.185   -10.71   39.50
 290103.412  1045.725   -31.25   39.44
 290469.950  1029.884   -43.21   28.75
 290836.421  1017.469   -33.87   20.51
 291210.988  1008.613   -23.64   21.75
 291591.207   999.970   -22.73   19.63
 291971.354   988.150   -31.09   11.65
 292351.428   986.270    -4.95   18.24
 292731.430   987.492     3.22   30.57
 293111.360   987.005    -1.28   38.04
 293491.218   975.185   -31.11   46.89
 293871.004   952.625   -59.39   54.60
 294250.718   920.613   -84.29   57.07
 294630.360   894.076   -69.89   43.04
 295009.930   900.846    17.83   48.51
 295389.428   938.913   100.29   57.58
 295768.854   989.901   134.35   53.32
 296148.209  1033.934   116.04   41.95
 296527.492  1072.901   102.72   40.94
 296906.703  1108.920    94.96   35.27
 297285.842  1133.287    64.25   29.68
 297664.910  1140.422    18.82   31.59
 298043.906  1125.268   -39.97   47.88
 298422.831  1090.487   -91.77   59.09
 298801.684  1053.776   -96.88   49.16
 299180.466  1033.185   -54.35   31.77
 299559.176  1045.384    32.20   46.05
 299937.815  1085.292   105.37   66.91
 300316.383  1136.446   135.10   65.77
 300694.879  1177.911   109.52   38.97
 301073.304  1190.076    32.14   33.59
 301451.658  1189.228    -2.24   35.46
 301829.940  1189.212    -0.04   30.32
 302208.152  1203.577    37.97   29.50
 302586.292  1222.860    50.98   26.27
 302964.362  1238.819    42.20   19.88
 303342.360  1240.716     5.02   29.17
 303720.287  1218.242   -59.45   54.64
 304098.144  1189.910   -74.96   60.27
 304475.929  1160.242   -78.51   54.54
 304853.644  1144.788   -40.91   39.40
 305231.288  1161.619    44.56   57.57
 305608.861  1197.261    94.38   88.75
 305986.363  1252.530   146.37  118.27
 306363.794  1310.772   154.27  131.52
 306741.155  1349.911   103.69  140.38
 307118.446  1405.442   147.15  144.78
 307495.665  1452.287   124.16  157.50
 307872.814  1539.137   230.22  186.36
 308249.893  1612.956   195.72  205.19
 308626.901  1716.268   273.96  216.78
 309003.839  1760.784   118.07  211.69
 309380.706  1773.784    34.49  182.56
 309757.503  1771.388    -6.36  145.90
 310134.230  1755.839   -41.26  115.16
 310510.886  1741.735   -37.44   97.56
 310887.473  1743.427     4.49   84.28
 311263.989  1765.926    59.74   72.22
 311640.434  1736.137   -79.11   97.18
 312016.810  1673.328  -166.84  130.11
 312393.116  1629.654  -116.03  130.88
 312769.351  1626.556    -8.23  146.50
 313145.517  1704.375   206.82  162.56
 313521.613  1804.088   265.06  143.24
 313897.639  1810.254    16.39  156.06
 314273.594  1760.280  -132.89  150.81
 314649.480  1756.378   -10.38  128.64
 315025.297  1755.759    -1.65  105.17
 315401.043  1772.466    44.45  104.23
 315776.720  1804.903    86.32  110.34
 316152.327  1833.351    75.72  117.97
 316527.864  1856.288    61.06  123.49
 316903.332  1863.041    17.98  116.43
 317278.730  1823.173  -106.18  125.67
 317654.059  1745.937  -205.73  159.37
 318029.318  1639.176  -284.43  156.67
 318404.508  1546.029  -248.20  127.97
 318779.628  1479.208  -178.09  100.13
 319154.679  1459.901   -51.47  109.74
 319529.661  1467.730    20.87  150.10
 319904.573  1507.631   106.40  189.30
 320279.416  1560.017   139.72  180.16
 320654.190  1569.330    24.84  154.39
 321028.895  1521.894  -126.56  158.27
 321403.530  1455.020  -178.46  156.60
 321778.097  1372.979  -218.97  125.99
 322152.594  1311.920  -163.00  118.60
 322527.022  1250.234  -164.71  110.60
 322901.382  1200.148  -133.76   90.72
 323275.672  1164.150   -96.15   66.57
 323649.893  1154.515   -25.74   51.35
 324024.046  1167.446    34.55   55.04
 324398.130  1190.438    61.45   51.10
 324772.144  1215.173    66.12   33.25
 325146.091  1213.345    -4.89   32.20
 325519.968  1167.363  -122.95   80.28
 325893.777  1102.394  -173.76  103.16
 326267.517  1027.462  -200.44   93.43
 326641.188   964.903  -167.37   57.46
 327014.791   917.174  -127.72   41.21
 327388.325   884.515   -87.41   40.04
 327761.791   858.354   -70.03   34.81
 328135.188   851.930   -17.20   39.44
 328508.517   876.772    66.52   69.72
 328881.778   903.003    70.26   71.33
 329254.970   939.292    97.21   68.87
 329628.094   965.954    71.44   58.72
 330001.150   984.330    49.24   57.42
 330374.137  1012.409    75.26   62.08
 330747.056  1062.678   134.76   89.46
 331119.907  1116.318   143.83  100.79
 331492.690  1176.583   161.62   72.94
 331865.405  1191.311    39.50   51.97
 332238.051  1167.560   -63.72   66.21
 332610.630  1120.887  -125.24   62.72
 332983.141  1073.280  -127.77   55.56
 333355.583  1042.039   -83.86   55.22
 333727.958  1009.565   -87.18   50.35
 334100.265   986.360   -62.31   36.33
 334472.505   966.661   -52.91   29.61
 334844.676   951.274   -41.33   20.50
 335216.780   949.673    -4.30   30.62
 335588.815   961.613    32.09   46.01
 335960.784   976.184    39.16   51.06
 336332.684   990.282    37.90   51.96
 336704.517   985.696   -12.33   52.85
 337076.283   962.732   -61.75   59.86
 337447.980   924.872  -101.83   64.56
 337819.611   899.788   -67.48   41.35
 338191.174   910.450    28.69   54.92
 338562.669   939.387    77.87   70.39
 338934.097   983.089   117.63   69.56
 339305.458  1025.209   113.39   72.62
 339676.752  1055.209    80.78   67.88
 340047.978  1079.673    65.88   61.41
 340419.137  1089.589    26.71   53.57
 340790.228  1080.161   -25.40   53.28
 341161.253  1058.860   -57.40   52.89
 341532.210  1030.487   -76.47   58.26
 341903.101   992.820  -101.53   65.35
 342273.924   971.330   -57.94   60.39
 342644.680   953.625   -47.74   60.51
 343015.369   943.833   -26.41   73.17
 343385.992   914.693   -78.60   79.74
 343756.547   879.548   -94.82   70.59
 344127.036   834.462  -121.66   55.19
 344497.457   802.601   -85.99   42.58
 344867.812   781.446   -57.10   31.32
 345238.100   775.846   -15.12   28.28
 345608.322   783.581    20.89   40.17
 345978.476   790.490    18.66   45.99
