# NaN NaN NaN ;Mean Elev.(m), Avg Gradient(m/km), RMS Gradient(m/km) - SRTM1     
#   -9.740  -6.705  16.532 ;Mean Elev.(m), Avg Gradient(m/km), RMS Gradient(m/km) - ASTER GDEM
#   14.732  -5.496  16.694 ;Mean Elev.(m), Avg Gradient(m/km), RMS Gradient(m/km) - GMTED2010 
  6 153.645949  67.179275    17.339    17.342  5 52438.04774017 51.528
  7 153.641170  67.173611    13.704    13.576  4 52473.04774148 36.909
  8 153.647657  67.179489    16.272    14.118  5 52508.04771109 23.719
 11 153.639006  67.177087    10.699    10.649  6 52613.04771126 28.930
 12 153.660484  67.179285    14.293    11.725  5 52648.04769314 24.165
 13 153.650360  67.176732    13.212    13.896  3 52683.04766861 20.111
 14 153.656458  67.180222    14.530    14.303  5 52718.04772460 19.336
 15 153.622494  67.171820    10.602    10.522  5 52753.04775206 18.313
 17 153.654715  67.169261    17.477    16.941  3 52823.04776915 28.854
 18 153.662095  67.176251    11.090    11.046  3 52858.04781439 51.272
 19 153.649183  67.178917    12.712    12.593  5 52893.04784607 49.409
 20 153.625570  67.171772    10.744    10.755  6 52928.04779912 28.419
 21 153.657539  67.165448    10.558    10.558  2 52963.04777583 27.611
 22 153.643512  67.174364    10.743    10.765  4 52998.04781408 24.975
 23 153.628765  67.172181    11.837    10.518  6 53033.04777027 20.581
 24 153.659066  67.179161    14.199    13.949  4 53068.04778108 20.285
 25 153.625228  67.172412    12.910    10.588  5 53103.04777248 17.485
 26 153.660812  67.176465    11.549    11.483  3 53138.04778509 32.677
 27 153.656692  67.179996    16.628    15.759  5 53173.04782846 30.447
 28 153.643786  67.174509    13.937    13.967  4 53208.04784533 52.094
 29 153.648124  67.178937    12.845    12.759  5 53243.04781208 48.586
 30 153.653139  67.164116    14.408    14.408  2 53278.04779016 48.290
 31 153.653642  67.178871    14.819    14.428  5 53313.04781834 19.971
 32 153.650187  67.178772    17.566    17.574  5 53348.04778421 16.682
 33 153.654421  67.166199    17.955    17.955  2 53383.04775382 15.115
 34 153.659503  67.178882    17.177    16.165  5 53418.04776316 13.605
 36 153.648999  67.179788    17.549    16.860  5 53488.04785106  9.319
 37 153.655097  67.178491    19.908    20.230  5 53523.04784037 24.682
 38 153.642727  67.178829    14.533    14.543  6 53558.04786650 31.672
 39 153.646808  67.177264    19.271    19.561  4 53593.04780391 22.440
 40 153.657215  67.170673    13.550    13.030  3 53628.04779588 47.988
 41 153.653243  67.178603    11.014    11.013  5 53663.04781947 44.345
 42 153.646691  67.179434    10.551    10.559  5 53698.04778228 32.348
 43 153.641289  67.179158    11.829    10.958  5 53733.04770496 25.836
 44 153.661363  67.176132    15.227    13.652  3 53768.04768366 22.021
 45 153.646112  67.179295    16.911    16.944  5 53803.04768191 18.230
 47 153.657230  67.178797    11.410    11.326  5 53873.04774638 33.407
 48 153.650522  67.176722    17.305    18.941  3 53908.04778892 22.109
 49 153.641580  67.178366    12.596    12.510  6 53943.04781415 30.724
 50 153.631897  67.173294    21.191    19.067  6 53978.04776726 38.906
 51 153.657902  67.165602    14.842    14.842  2 54013.04777680 28.733
 52 153.662737  67.179567    10.986    10.958  5 54048.04778338 28.068
 54 153.626131  67.172248    11.309    10.603  6 54118.04770874 18.500
 55 153.649612  67.176907    14.793    16.764  3 54153.04773051 16.963
 57 153.657933  67.179216    10.771    10.957  5 54223.04773971 11.592
 58 153.652505  67.178785    21.111    21.845  5 54258.04776172 43.575
 59 153.652015  67.176576    15.398    15.360  3 54293.04776493 30.350
 60 153.644941  67.174718    14.044    14.025  4 54328.04776085 51.431
 61 153.629203  67.173095    15.066    15.063  6 54363.04770998 22.152
 62 153.657833  67.178968    11.471    11.431  5 54398.04769954 32.433
 63 153.640273  67.176934    10.756    10.758  6 54433.04765865 23.707
 64 153.664581  67.179668    12.707    13.876  5 54468.04768148 18.050
 65 153.644152  67.178487    11.900    11.104  6 54503.04767421 17.618
 66 153.652769  67.178557    12.883    12.807  5 54538.04769761 17.479
 67 153.641298  67.178968    13.243    14.474  6 54573.04767522 13.856
 68 153.653442  67.178706    20.341    20.309  5 54608.04769064 47.888
 69 153.650798  67.180088    13.955    14.438  5 54643.04769909 48.777
 70 153.650949  67.178579    13.183    11.662  5 54678.04770106 26.628
 71 153.640324  67.179506    12.225    11.285  5 54713.04765438 34.709
 72 153.658067  67.180178    12.086    12.056  5 54748.04766972 40.048
 73 153.646607  67.177510    11.225    11.218  4 54783.04764161 43.697
 74 153.658220  67.178763    13.986    13.452  5 54818.04766252 23.283
 75 153.645278  67.177448    12.930    12.707  4 54853.04763876 21.322
 76 153.652043  67.179049    14.214    14.037  5 54888.04766734 19.256
 77 153.626645  67.172953    10.757    10.731  6 54923.04764027 19.165
 78 153.657480  67.178602    11.695    11.826  5 54958.04766378 17.566
 79 153.651625  67.180388    18.309    19.387  5 54993.04768635 24.372
 80 153.647905  67.177870    12.076    11.959  5 55028.04767730 48.156
 82 153.625238  67.171902    14.145    12.448  5 55098.04761801 26.242
 83 153.650243  67.173463    10.813    10.781  4 55133.04761409 45.105
 84 153.644773  67.177459    12.135    10.844  5 55168.04757884 37.186
 85 153.656028  67.178654    12.023    10.398  5 55203.04760538 22.663
 86 153.641222  67.178899    14.056    13.911  6 55238.04758645 19.802
 87 153.651323  67.179964    13.733    12.674  5 55273.04759907 19.334
 88 153.631550  67.172620    10.758    10.725  5 55308.04757017 19.664
 89 153.647951  67.173575    18.799    18.773  4 55343.04756955 25.774
 90 153.645255  67.177685    14.715    14.865  5 55378.04756320 40.366
 91 153.659507  67.179404    11.011    10.834  5 55413.04758663 34.171
 92 153.643818  67.174585    16.556    16.097  4 55448.04757760 25.256
 93 153.626683  67.172479    11.764    11.782  6 55483.04750730 44.725
