# NaN NaN NaN ;Mean Elev.(m), Avg Gradient(m/km), RMS Gradient(m/km) - SRTM1     
#  -10.826   1.656  11.331 ;Mean Elev.(m), Avg Gradient(m/km), RMS Gradient(m/km) - ASTER GDEM
#    7.000   1.405  10.423 ;Mean Elev.(m), Avg Gradient(m/km), RMS Gradient(m/km) - GMTED2010 
  7 155.087910  67.616942     0.617     0.548  3 52449.42678814 38.992
  8 155.101507  67.618132    65.403    65.688  3 52484.42677435  9.370
  9 155.108358  67.619800    16.960    11.529  3 52519.42673624 35.898
 10 155.084161  67.615535    11.487    11.180  3 52554.42678702 26.578
 11 155.102086  67.617307     5.317     5.298  3 52589.42677189 34.358
 12 155.111299  67.619964    16.102    13.324  3 52624.42671290 22.725
 13 155.100771  67.616268    15.150    10.243  3 52659.42673948 20.700
 15 155.100908  67.619239    15.596    15.596  2 52729.42675498 18.771
 16 155.106434  67.618204    12.064    11.217  3 52764.42676598 15.892
 17 155.087887  67.617079    13.510    13.524  3 52799.42674902 42.395
 18 155.090766  67.616975    13.595    14.351  3 52834.42681792 26.123
 19 155.099143  67.618650    51.276    54.210  3 52869.42685991  3.863
 20 155.104584  67.616855    62.180    63.285  3 52904.42686670  3.048
 21 155.116249  67.620615    12.281     5.924  3 52939.42680162 27.426
 22 155.090027  67.616876     7.202     6.274  3 52974.42684253 22.677
 23 155.097044  67.616958    20.524    23.219  4 53009.42684853 18.228
 24 155.085456  67.615923    14.844    11.239  3 53044.42680868 18.347
 25 155.097600  67.618077    20.711    23.055  3 53079.42684238 16.588
 26 155.081622  67.616071     7.638     6.752  3 53114.42681306 17.114
 27 155.091661  67.617675    58.886    55.962  3 53149.42685908  8.117
 28 155.101223  67.619288    67.649    68.496  3 53184.42685306  5.771
 29 155.100530  67.619198    11.250     9.190  3 53219.42687816 42.297
 30 155.108473  67.618501     7.866     7.846  3 53254.42685499 50.087
 32 155.106642  67.617062     5.891     5.871  3 53324.42683634 22.903
 34 155.086703  67.616373    10.632    10.977  3 53394.42681584 15.934
 35 155.111064  67.618581    10.385     9.921  3 53429.42680901 13.551
 36 155.088838  67.615868     7.361     6.977  3 53464.42683326 14.335
 37 155.091006  67.617002     5.967     5.964  3 53499.42689876 24.431
 38 155.103842  67.619083    65.826    66.740  3 53534.42688422  3.866
 39 155.097107  67.617663    14.838    14.868  3 53569.42689798 23.850
 40 155.114407  67.618317    10.193    10.323  3 53604.42684423 44.106
 41 155.086000  67.615081     9.602     7.528  3 53639.42684333 29.110
 42 155.093137  67.616212     5.493     5.525  3 53674.42686337 33.910
 43 155.116599  67.618311     5.271     5.269  3 53709.42679371 26.226
 44 155.123113  67.619306     5.270     5.253  3 53744.42670357 26.083
 45 155.103366  67.616959    16.178    12.206  3 53779.42673338 17.464
 46 155.120098  67.620050    13.769    10.257  4 53814.42670565 16.334
 47 155.086088  67.615600     6.218     6.218  2 53849.42676704 16.991
 49 155.092957  67.615157    71.089    72.107  3 53919.42684698  3.168
 50 155.094978  67.615371    14.421    14.477  3 53954.42684738 17.614
 52 155.088834  67.616562     5.799     5.819  3 54024.42682977 49.232
 53 155.104830  67.617462    22.234    25.361  3 54059.42682227 17.276
 54 155.109607  67.620657    12.350    12.210  3 54094.42680013 14.786
 55 155.084696  67.616856    11.885    12.112  3 54129.42674195 15.526
 56 155.103406  67.617761    11.883    11.878  3 54164.42677046 13.313
 58 155.096937  67.616412     5.793     5.811  3 54234.42678464 37.392
 59 155.099852  67.619021    13.771    13.046  3 54269.42680468 45.649
 60 155.101117  67.616510    13.461    14.719  3 54304.42680736 21.013
 61 155.105464  67.618982    16.370    16.056  3 54339.42679158 22.338
 62 155.093443  67.617761     9.423     9.423  2 54374.42674166 49.354
 63 155.099884  67.618435     5.749     5.700  3 54409.42673755 26.090
 64 155.086256  67.615598     6.068     6.041  3 54444.42670369 19.030
 65 155.100279  67.618090    10.255     9.599  3 54479.42672775 15.339
 66 155.088164  67.615858     7.876     7.876  2 54514.42671832 17.316
 67 155.106598  67.617844    19.269    24.068  3 54549.42674100 15.207
 68 155.097478  67.617718    15.369    14.546  3 54584.42671423 13.942
 69 155.100488  67.616061    14.716    14.731  3 54619.42673359 22.338
 70 155.098397  67.618056    50.451    51.552  3 54654.42674510 13.517
 71 155.103533  67.618923    11.265     8.640  3 54689.42673257 26.476
 72 155.089079  67.615700    68.557    68.856  3 54724.42669418  1.470
 73 155.102224  67.616572     6.931     6.827  3 54759.42670823 43.841
 74 155.083225  67.616396     7.856     5.695  3 54794.42668768 28.085
 75 155.099271  67.616656    15.072    10.452  3 54829.42670768 20.565
 76 155.088648  67.617190    19.222    22.243  3 54864.42668225 18.559
 77 155.103447  67.617213    20.902    23.715  3 54899.42670702 17.005
 78 155.093793  67.615898    13.001     9.195  3 54934.42667508 17.847
 79 155.098247  67.617686    67.802    66.251  3 54969.42670884  6.410
 80 155.099780  67.614965    65.171    65.171  2 55004.42672791  1.237
 81 155.100277  67.618421    14.816    14.621  3 55039.42671585 30.332
 82 155.104411  67.619743     8.617     8.421  3 55074.42669974 46.535
 83 155.090161  67.616703    13.218    13.101  3 55109.42664821 26.294
 84 155.100527  67.618007     7.722     5.441  3 55144.42665169 25.367
 85 155.086264  67.615320    10.260     9.634  3 55179.42662281 21.070
 86 155.100331  67.618537    10.758     9.216  3 55214.42664643 19.409
 87 155.092040  67.617204    12.843    14.373  3 55249.42662108 18.471
 88 155.103947  67.618338    20.816    23.401  3 55284.42664014 17.116
 90 155.102005  67.617725    12.781    12.206  3 55354.42661334 33.015
 91 155.089399  67.616505     8.715     8.731  3 55389.42661230 45.399
 92 155.099947  67.618519    13.598    14.991  3 55424.42663085 30.207
 93 155.109925  67.617458    13.000    13.007  3 55459.42660050 48.621
