-164692.892    -1.687     0.00    0.00
-164318.250    -1.687     0.00    0.00
-163943.700    -1.687     0.00    0.00
-163569.240    -1.687     0.00    0.00
-163194.872    -1.687     0.00    0.00
-162820.594    -1.687     0.00    0.00
-162446.408    -1.687     0.00    0.00
-162072.312    -1.687     0.00    0.00
-161698.307    -1.687     0.00    0.00
-161324.392    -1.687     0.00    0.00
-160950.568    -1.687     0.00    0.00
-160576.835    -1.687     0.00    0.00
-160203.192    -1.687     0.00    0.00
-159829.640    -1.687     0.00    0.00
-159456.178    -1.687     0.00    0.00
-159082.806    -1.687     0.00    0.00
-158709.525    -1.687     0.00    0.00
-158336.334    -1.687     0.00    0.00
-157963.232    -1.687     0.00    0.00
-157590.221    -1.687     0.00    0.00
-157217.300    -1.687     0.00    0.00
-156844.469    -1.687     0.00    0.00
-156471.727    -1.687     0.00    0.00
-156099.076    -1.687     0.00    0.00
-155726.514    -1.687     0.00    0.00
-155354.041    -1.687     0.00    0.00
-154981.659    -1.687     0.00    0.00
-154609.366    -1.687     0.00    0.00
-154237.162    -1.687     0.00    0.00
-153865.047    -1.687     0.00    0.00
-153493.022    -1.687     0.00    0.00
-153121.087    -1.687     0.00    0.00
-152749.240    -1.687     0.00    0.00
-152377.483    -1.687     0.00    0.00
-152005.814    -1.687     0.00    0.00
-151634.235    -1.687     0.00    0.00
-151262.745    -1.687     0.00    0.00
-150891.343    -1.687     0.00    0.00
-150520.031    -1.687     0.00    0.00
-150148.807    -1.687     0.00    0.00
-149777.671    -1.687     0.00    0.00
-149406.625    -1.687     0.00    0.00
-149035.667    -1.687     0.00    0.00
-148664.797    -1.687     0.00    0.00
-148294.016    -1.687     0.00    0.00
-147923.324    -1.687     0.00    0.00
-147552.719    -1.687     0.00    0.00
-147182.203    -1.687     0.00    0.00
-146811.775    -1.687     0.00    0.00
-146441.435    -1.687     0.00    0.00
-146071.184    -1.687     0.00    0.00
-145701.020    -1.687     0.00    0.00
-145330.944    -1.687     0.00    0.00
-144960.956    -1.687     0.00    0.00
-144591.056    -1.687     0.00    0.00
-144221.244    -1.687     0.00    0.00
-143851.519    -1.687     0.00    0.00
-143481.882    -1.687     0.00    0.00
-143112.333    -1.687     0.00    0.00
-142742.871    -1.687     0.00    0.00
-142373.497    -1.687     0.00    0.00
-142004.210    -1.687     0.00    0.00
-141635.010    -1.687     0.00    0.00
-141265.897    -1.687     0.00    0.00
-140896.872    -1.687     0.00    0.00
-140527.934    -1.687     0.00    0.00
-140159.083    -1.687     0.00    0.00
-139790.319    -1.687     0.00    0.00
-139421.642    -1.687     0.00    0.00
-139053.052    -1.687     0.00    0.00
-138684.548    -1.687     0.00    0.00
-138316.132    -1.687     0.00    0.00
-137947.802    -1.687     0.00    0.00
-137579.559    -1.687     0.00    0.00
-137211.402    -1.687     0.00    0.00
-136843.332    -1.687     0.00    0.00
-136475.349    -1.687     0.00    0.00
-136107.451    -1.687     0.00    0.00
-135739.641    -1.687     0.00    0.00
-135371.916    -1.687     0.00    0.00
-135004.278    -1.687     0.00    0.00
-134636.726    -1.687     0.00    0.00
-134269.260    -1.687     0.00    0.00
-133901.880    -1.687     0.00    0.00
-133534.586    -1.687     0.00    0.00
-133167.378    -1.687     0.00    0.00
-132800.255    -1.687     0.00    0.00
-132433.219    -1.687     0.00    0.00
-132066.268    -1.687     0.00    0.00
-131699.403    -1.687     0.00    0.00
-131332.624    -1.687     0.00    0.00
-130965.930    -1.687     0.00    0.00
-130599.322    -1.687     0.00    0.00
-130232.799    -1.687     0.00    0.00
-129866.362    -1.687     0.00    0.00
-129500.010    -1.687     0.00    0.00
-129133.743    -1.687     0.00    0.00
-128767.562    -1.687     0.00    0.00
-128401.465    -1.687     0.00    0.00
-128035.454    -1.687     0.00    0.00
-127669.528    -1.687     0.00    0.00
-127303.687    -1.687     0.00    0.00
-126937.930    -1.687     0.00    0.00
-126572.259    -1.687     0.00    0.00
-126206.672    -1.687     0.00    0.00
-125841.170    -1.687     0.00    0.00
-125475.753    -1.687     0.00    0.00
-125110.420    -1.687     0.00    0.00
-124745.172    -1.687     0.00    0.00
-124380.009    -1.687     0.00    0.00
-124014.930    -1.687     0.00    0.00
-123649.935    -1.650     0.10    0.23
-123285.024    -1.641     0.02    0.28
-122920.198    -1.629     0.03    0.44
-122555.457    -1.687    -0.16    0.00
-122190.799    -1.687     0.00    0.00
-121826.225    -1.687     0.00    0.00
-121461.736    -1.604     0.23    0.46
-121097.330    -1.437     0.46    0.82
-120733.008    -1.260     0.49    1.02
-120352.136    -1.259     0.00    0.99
-119970.149    -1.366    -0.28    0.88
-119588.256    -1.556    -0.50    0.62
-119206.457    -1.687    -0.34    0.00
-118824.752    -1.576     0.29    0.54
-118443.142    -1.192     1.01    1.01
-118061.625    -0.547     1.69    1.77
-117680.203     0.444     2.60    2.12
-117298.874     1.239     2.09    2.02
-116917.639     1.799     1.47    1.76
-116536.498     1.973     0.46    1.60
-116155.451     1.624    -0.92    1.59
-115774.497     1.340    -0.75    1.25
-115393.637     0.905    -1.14    0.99
-115012.870     0.595    -0.82    0.87
-114632.197     0.361    -0.61    0.86
-114251.617    -0.039    -1.05    0.65
-113871.130    -0.033     0.01    0.54
-113490.737     0.017     0.13    0.48
-113110.437     0.417     1.05    0.55
-112730.229     0.822     1.07    0.50
-112350.115     1.094     0.71    0.42
-111970.094     1.396     0.80    0.34
-111590.165     1.462     0.17    0.38
-111210.330     1.478     0.04    0.40
-110830.587     1.481     0.01    0.38
-110450.937     1.624     0.38    0.58
-110071.379     1.911     0.76    0.66
-109691.914     2.492     1.53    0.85
-109312.542     3.120     1.66    0.86
-108933.261     3.623     1.33    0.85
-108554.073     4.118     1.31    0.48
-108174.978     4.292     0.46    0.14
-107795.975     4.054    -0.63    0.99
-107417.063     3.783    -0.71    1.37
-107038.244     3.876     0.25    1.22
-106659.517     4.111     0.62    0.77
-106280.882     4.267     0.41    0.32
-105902.339     4.313     0.12    0.00
-105523.887     4.294    -0.05    0.14
-105145.527     3.933    -0.95    1.14
-104767.259     3.511    -1.12    1.65
-104389.083     2.924    -1.55    2.02
-104010.998     1.417    -3.99    2.26
-103633.004     0.472    -2.50    2.00
-103255.102    -0.139    -1.62    1.47
-102877.292    -0.687    -1.45    0.00
-102499.572    -0.687     0.00    0.00
-102121.944    -0.687     0.00    0.00
-101744.407    -0.687     0.00    0.00
-101366.961    -0.687     0.00    0.00
-100989.606    -0.687     0.00    0.00
-100612.342    -0.687     0.00    0.00
-100235.169    -0.687     0.00    0.00
 -99858.087    -0.687     0.00    0.00
 -99481.096    -0.332     0.94    0.91
 -99104.195     0.524     2.27    1.57
 -98727.385     1.423     2.38    1.61
 -98350.665     2.293     2.31    1.02
 -97974.036     2.478     0.49    0.66
 -97597.498     2.135    -0.91    1.00
 -97221.049     1.606    -1.40    1.56
 -96844.692     1.160    -1.19    1.76
 -96468.424     0.500    -1.76    1.68
 -96092.246    -0.168    -1.78    1.23
 -95716.159    -0.631    -1.23    0.33
 -95340.162    -0.650    -0.05    0.27
 -94964.255    -0.466     0.49    0.88
 -94588.437    -0.421     0.12    0.98
 -94212.710    -0.524    -0.27    0.70
 -93837.072    -0.678    -0.41    0.10
 -93461.524    -0.687    -0.02    0.00
 -93086.066    -0.219     1.25    1.14
 -92710.697     0.615     2.22    1.62
 -92335.418     1.649     2.76    1.58
 -91960.229     2.322     1.79    1.10
 -91585.128     2.369     0.12    1.19
 -91210.118     1.584    -2.09    1.60
 -90835.196     1.016    -1.52    1.51
 -90460.364     0.752    -0.70    1.45
 -90085.621     0.558    -0.52    1.21
 -89710.967     0.872     0.84    1.09
 -89336.402     1.041     0.45    1.05
 -88961.926     1.378     0.90    0.97
 -88587.539     1.945     1.51    1.38
 -88213.240     2.556     1.63    2.14
 -87839.031     3.332     2.07    2.72
 -87464.910     3.963     1.69    3.01
 -87090.878     4.671     1.89    3.18
 -86716.935     5.282     1.64    3.08
 -86343.080     6.070     2.11    2.67
 -85969.314     6.636     1.52    2.29
 -85595.636     6.808     0.46    1.80
 -85222.046     6.856     0.13    1.45
 -84848.545     6.492    -0.97    1.48
 -84475.132     6.117    -1.01    1.30
 -84101.807     5.676    -1.18    0.96
 -83728.570     5.395    -0.75    0.45
 -83355.421     5.313    -0.22    0.00
 -82982.361     5.313     0.00    0.00
 -82609.388     5.313     0.00    0.00
 -82236.503     5.313     0.00    0.00
 -81863.706     5.313     0.00    0.00
 -81490.996     5.313     0.00    0.00
 -81118.375     5.313     0.00    0.00
 -80745.841     5.313     0.00    0.00
 -80373.394     5.313     0.00    0.00
 -80001.035     5.313     0.00    0.00
 -79628.763     5.313     0.00    0.00
 -79256.579     5.313     0.00    0.00
 -78884.482     5.313     0.00    0.00
 -78512.473     5.313     0.00    0.00
 -78140.550     5.837     1.41    1.15
 -77768.715     6.661     2.22    1.57
 -77396.967     7.476     2.19    1.38
 -77025.305     7.930     1.22    0.99
 -76653.731     7.754    -0.47    1.14
 -76282.244     6.920    -2.24    1.47
 -75910.843     6.285    -1.71    1.44
 -75539.529     5.751    -1.44    1.14
 -75168.302     5.387    -0.98    0.38
 -74797.162     5.313    -0.20    0.00
 -74426.108     5.313     0.00    0.00
 -74055.141     5.578     0.71    1.11
 -73684.260     6.568     2.67    2.22
 -73313.466     7.794     3.31    2.56
 -72942.758     9.964     5.85    2.75
 -72572.136    12.171     5.96    2.65
 -72201.600    12.980     2.18    3.38
 -71831.151    13.165     0.50    4.03
 -71460.788    12.963    -0.55    4.61
 -71090.510    13.135     0.47    4.35
 -70720.319    13.643     1.37    4.06
 -70350.214    14.124     1.30    3.18
 -69980.195    14.042    -0.22    2.26
 -69610.261    12.827    -3.28    2.32
 -69240.413    12.591    -0.64    2.09
 -68870.651    13.488     2.43    2.59
 -68500.975    15.143     4.48    2.47
 -68131.384    16.484     3.63    1.34
 -67761.878    16.980     1.34    0.66
 -67392.458    17.134     0.42    0.71
 -67023.124    17.611     1.29    1.20
 -66653.875    18.100     1.32    1.33
 -66284.711    18.097    -0.01    1.28
 -65915.632    17.976    -0.33    1.08
 -65546.639    17.818    -0.43    0.68
 -65177.730    17.856     0.10    0.56
 -64808.907    17.898     0.11    0.63
 -64440.169    18.133     0.64    0.93
 -64071.515    18.294     0.44    1.25
 -63702.947    18.575     0.76    1.53
 -63334.463    18.662     0.24    1.52
 -62966.064    18.388    -0.74    1.53
 -62597.750    18.018    -1.01    1.51
 -62229.521    18.276     0.70    1.50
 -61861.376    18.966     1.87    1.50
 -61493.315    20.010     2.84    1.42
 -61125.339    20.741     1.99    1.25
 -60757.448    21.539     2.17    0.72
 -60389.640    21.898     0.97    0.67
 -60021.918    22.489     1.61    1.24
 -59654.279    23.313     2.24    1.57
 -59286.724    23.381     0.19    1.80
 -58919.254    22.483    -2.45    2.28
 -58551.868    21.313    -3.18    2.14
 -58184.566    20.072    -3.38    1.01
 -57817.347    19.652    -1.14    0.66
 -57450.213    19.372    -0.76    0.28
 -57083.162    19.605     0.64    0.66
 -56716.196    19.872     0.73    0.90
 -56349.313    19.842    -0.08    0.86
 -55982.513    19.766    -0.21    0.79
 -55615.798    19.471    -0.80    0.48
 -55249.165    19.350    -0.33    0.19
 -54882.617    19.332    -0.05    0.14
 -54516.151    19.492     0.44    0.47
 -54149.770    19.539     0.13    0.54
 -53783.471    19.553     0.04    0.55
 -53417.256    19.883     0.90    0.88
 -53051.124    20.527     1.76    1.24
 -52685.075    20.964     1.19    1.20
 -52319.109    21.157     0.53    1.13
 -51953.226    21.012    -0.40    1.32
 -51587.427    21.089     0.21    1.42
 -51221.710    21.211     0.33    1.48
 -50856.076    21.247     0.10    1.56
 -50490.525    21.429     0.50    1.69
 -50125.057    22.008     1.58    1.81
 -49759.671    22.690     1.87    1.91
 -49394.368    23.798     3.03    1.79
 -49029.148    24.470     1.84    2.25
 -48664.010    24.717     0.67    2.72
 -48298.955    25.427     1.95    2.99
 -47933.982    26.113     1.88    2.64
 -47569.092    26.915     2.20    1.71
 -47204.284    27.596     1.87    0.98
 -46839.558    27.803     0.57    0.91
 -46474.914    27.875     0.20    0.84
 -46110.353    27.530    -0.95    1.39
 -45735.546    25.996    -4.09    2.67
 -45353.728    24.079    -5.02    3.38
 -44972.001    22.075    -5.25    3.12
 -44590.366    20.492    -4.15    2.19
 -44208.823    19.478    -2.66    0.69
 -43827.371    19.322    -0.41    0.10
 -43446.012    19.876     1.45    1.40
 -43064.744    21.582     4.47    2.78
 -42683.567    23.881     6.03    2.98
 -42302.482    25.747     4.89    2.04
 -41921.489    26.352     1.59    1.56
 -41540.586    25.192    -3.05    2.76
 -41159.775    24.055    -2.99    2.97
 -40779.056    23.360    -1.83    2.53
 -40398.427    22.537    -2.16    2.25
 -40017.890    22.039    -1.31    2.39
 -39637.444    21.027    -2.66    2.28
 -39257.088    19.836    -3.13    1.83
 -38876.824    19.154    -1.79    1.32
 -38496.650    18.896    -0.68    1.38
 -38116.567    18.934     0.10    1.65
 -37736.575    19.008     0.19    1.80
 -37356.674    18.909    -0.26    1.66
 -36976.863    18.418    -1.29    0.50
 -36597.143    18.342    -0.20    0.22
 -36217.513    18.876     1.41    1.64
 -35837.973    20.121     3.28    2.54
 -35458.524    21.080     2.53    2.42
 -35079.165    20.842    -0.63    2.49
 -34699.897    19.659    -3.12    2.77
 -34320.718    18.020    -4.32    2.21
 -33941.630    16.744    -3.37    1.09
 -33562.631    16.313    -1.14    0.00
 -33183.723    16.313     0.00    0.00
 -32804.904    16.627     0.83    0.86
 -32426.176    17.466     2.21    1.50
 -32047.537    18.371     2.39    1.77
 -31668.987    18.568     0.52    2.11
 -31290.528    17.615    -2.52    2.86
 -30912.158    16.293    -3.49    2.80
 -30533.877    15.907    -1.02    2.56
 -30155.686    16.451     1.44    2.57
 -29777.585    16.294    -0.42    2.43
 -29399.572    16.630     0.89    2.44
 -29021.649    17.124     1.31    2.73
 -28643.816    17.756     1.67    2.56
 -28266.071    18.750     2.63    1.98
 -27888.415    19.011     0.69    1.42
 -27510.849    17.905    -2.93    2.29
 -27133.371    16.803    -2.92    2.62
 -26755.982    15.640    -3.08    2.35
 -26378.682    15.266    -0.99    2.08
 -26001.471    15.303     0.10    2.23
 -25624.349    14.674    -1.67    3.02
 -25247.315    13.493    -3.13    3.80
 -24870.370    12.582    -2.42    3.91
 -24493.513    11.422    -3.08    3.74
 -24116.745    10.690    -1.94    3.39
 -23740.065    10.585    -0.28    2.93
 -23363.474    10.970     1.02    2.68
 -22986.971    10.494    -1.26    3.21
 -22610.556     9.037    -3.87    4.24
 -22234.229     6.611    -6.45    4.63
 -21857.990     4.157    -6.52    3.41
 -21481.840     3.928    -0.61    2.82
 -21105.777     5.141     3.23    2.65
 -20729.802     6.228     2.89    2.09
 -20353.915     7.088     2.29    1.07
 -19978.116     6.989    -0.26    1.20
 -19602.405     6.917    -0.19    1.29
 -19226.781     6.851    -0.18    1.55
 -18851.245     7.080     0.61    1.70
 -18475.796     7.694     1.64    1.68
 -18100.435     8.099     1.08    1.45
 -17725.162     8.293     0.52    1.51
 -17349.975     7.524    -2.05    2.42
 -16974.876     6.013    -4.03    3.13
 -16599.865     5.390    -1.66    2.99
 -16224.940     5.007    -1.02    2.68
 -15850.103     5.206     0.53    2.98
 -15475.353     5.292     0.23    2.88
 -15100.689     3.920    -3.66    2.98
 -14726.113     2.541    -3.68    2.20
 -14351.623     1.837    -1.88    1.35
 -13977.221     1.419    -1.12    0.46
 -13602.905     1.827     1.09    1.48
 -13228.676     3.060     3.29    2.42
 -12854.533     4.600     4.11    2.56
 -12480.477     5.736     3.04    2.19
 -12106.508     5.939     0.54    1.88
 -11732.625     5.381    -1.49    2.23
 -11358.828     4.588    -2.12    2.16
 -10985.118     3.351    -3.31    2.12
 -10611.494     2.401    -2.54    2.19
 -10237.957     1.255    -3.07    1.61
  -9864.505     0.672    -1.56    1.05
  -9491.140     1.205     1.43    1.74
  -9117.861     1.890     1.83    1.94
  -8744.667     2.682     2.12    1.95
  -8371.560     3.370     1.84    1.66
  -7998.539     3.752     1.02    1.69
  -7625.603     4.246     1.33    1.69
  -7252.753     4.323     0.21    1.86
  -6879.989     4.665     0.92    2.00
  -6507.311     4.793     0.34    1.94
  -6134.718     5.070     0.74    2.09
  -5762.210     5.038    -0.09    2.07
  -5389.789     4.818    -0.59    2.14
  -5017.452     4.794    -0.06    2.02
  -4645.201     5.303     1.37    1.47
  -4273.035     5.227    -0.20    1.11
  -3900.955     5.527     0.81    2.31
  -3528.959     6.428     2.42    3.66
  -3157.049     7.410     2.64    5.16
  -2785.224     7.107    -0.81    5.91
  -2413.484     5.029    -5.59    5.82
  -2041.828     2.254    -7.47    3.96
  -1670.258     0.726    -4.11    1.49
  -1298.773     0.201    -1.42    0.32
   -927.372     0.151    -0.13    0.37
   -556.056     0.027    -0.33    0.45
   -184.825    -0.053    -0.21    0.50
    186.322    -0.138    -0.23    0.50
    557.384    -0.134     0.01    0.50
    928.362    -0.172    -0.10    0.54
   1299.255    -0.242    -0.19    0.56
   1670.064    -0.187     0.15    1.17
   2040.788     1.813     5.39    6.18
   2411.429     6.037    11.40   10.69
   2781.985    11.580    14.96   12.35
   3152.457    19.160    20.46   12.97
   3522.844    25.138    16.14   11.83
   3893.148    28.313     8.57   12.18
   4263.368    30.633     6.27   12.98
   4633.504    32.135     4.06   15.95
   5003.556    34.857     7.36   19.52
   5373.524    40.762    15.96   22.07
   5743.408    47.122    17.20   21.26
   6113.209    54.400    19.68   21.11
   6482.926    61.769    19.93   19.47
   6852.559    66.947    14.01   17.34
   7222.109    73.853    18.69   15.78
   7591.576    78.159    11.66   16.95
   7960.959    82.405    11.49   17.52
   8330.258    86.140    10.11   14.28
   8699.475    87.046     2.45   13.31
   9068.608    79.678   -19.96   15.93
   9437.657    76.381    -8.93   15.04
   9806.624    74.422    -5.31   13.75
  10175.508    75.794     3.72   12.87
  10544.308    79.109     8.99   10.89
  10913.026    77.060    -5.56   11.22
  11281.661    71.976   -13.79   12.69
  11650.213    63.342   -23.43   12.23
  12018.682    58.244   -13.84   11.43
  12387.068    58.478     0.64   12.51
  12755.372    64.499    16.35   17.24
  13123.592    75.875    30.89   17.91
  13491.731    83.002    19.36   14.45
  13859.787    82.719    -0.77   14.22
  14227.760    75.478   -19.68   17.76
  14595.651    70.332   -13.99   16.70
  14963.459    66.244   -11.12   13.67
  15331.186    67.362     3.04   13.68
  15698.830    74.344    18.99   11.63
  16066.391    75.465     3.05   10.65
  16433.871    73.483    -5.39   12.45
  16801.269    71.669    -4.94   13.49
  17168.584    70.803    -2.36   13.07
  17535.817    70.036    -2.09   10.79
  17902.969    71.851     4.95    9.78
  18270.039    73.472     4.42   11.02
  18637.027    74.140     1.82   10.48
  19003.933    75.166     2.80    9.53
  19370.757    72.784    -6.49    8.47
  19737.500    68.957   -10.43   10.80
  20104.161    62.254   -18.28   13.97
  20470.740    55.842   -17.49   14.40
  20837.238    53.442    -6.55   13.10
  21203.655    54.217     2.11   13.61
  21569.990    57.303     8.42   12.75
  21936.244    60.730     9.36   12.51
  22302.417    58.060    -7.29   13.45
  22668.508    58.233     0.47   14.07
  23034.518    57.293    -2.57   13.11
  23400.447    56.874    -1.15   12.54
  23766.295    60.823    10.79   11.56
  24132.062    58.392    -6.65   11.85
  24497.748    50.519   -21.53   13.11
  24863.353    43.876   -18.17   11.27
  25228.877    37.313   -17.96    4.65
  25594.321    37.226    -0.24    4.15
  25959.684    40.733     9.60    7.88
  26324.965    46.085    14.65   10.74
  26690.167    50.517    12.13   10.80
  27055.288    57.263    18.48   10.46
  27420.328    59.060     4.92    9.48
  27785.287    56.808    -6.17   11.42
  28150.167    55.048    -4.82   12.78
  28514.966    48.793   -17.15   12.52
  28884.144    41.422   -19.97   11.93
  29265.793    38.905    -6.59   10.98
  29647.353    34.887   -10.53    8.47
  30028.823    30.177   -12.35    6.17
  30410.203    27.481    -7.07    8.18
  30791.494    25.489    -5.22    9.12
  31172.696    23.023    -6.47    8.89
  31553.808    22.046    -2.56    8.28
  31934.831    20.838    -3.17    7.94
  32315.765    19.705    -2.97    7.58
  32696.610    21.353     4.33    7.94
  33077.366    22.283     2.44    8.30
  33458.032    25.505     8.46    7.67
  33838.610    26.063     1.47    7.58
  34219.099    26.213     0.39    7.78
  34599.499    26.989     2.04    7.48
  34979.810    28.151     3.06    7.02
  35360.033    29.967     4.77    5.40
  35740.167    31.483     3.99    3.19
  36120.212    32.556     2.82    1.12
  36500.169    33.160     1.59    1.22
  36880.038    33.501     0.90    1.24
  37259.818    33.466    -0.09    1.41
  37639.509    33.197    -0.71    1.63
  38019.113    32.281    -2.42    1.46
  38398.628    31.866    -1.09    1.30
  38778.055    31.772    -0.25    1.08
  39157.394    32.313     1.43    1.28
  39536.645    33.043     1.92    1.27
  39915.808    33.371     0.86    1.11
  40294.883    33.783     1.09    1.10
  40673.871    34.029     0.65    1.08
  41052.770    34.105     0.20    1.09
  41431.582    34.234     0.34    0.95
  41810.306    34.273     0.10    1.10
  42188.942    34.174    -0.26    1.18
  42567.491    34.195     0.06    1.23
  42945.953    34.489     0.78    1.22
  43324.327    35.009     1.37    1.55
  43702.613    35.640     1.67    1.44
  44080.813    35.983     0.91    1.25
  44458.925    36.252     0.71    1.02
  44836.949    36.195    -0.15    1.13
  45214.887    36.262     0.18    1.25
  45592.738    36.245    -0.04    1.37
  45970.502    35.777    -1.24    1.66
  46348.178    35.157    -1.64    1.53
  46725.768    35.177     0.05    1.49
  47103.271    36.068     2.36    1.80
  47480.687    36.850     2.07    1.74
  47858.017    36.157    -1.83    3.30
  48235.260    33.990    -5.75    4.79
  48612.416    32.420    -4.16    5.10
  48989.486    31.454    -2.56    5.45
  49366.469    31.950     1.32    5.51
  49743.366    31.873    -0.20    5.45
  50120.176    31.128    -1.98    4.99
  50496.900    30.145    -2.61    4.75
  50873.538    29.273    -2.31    4.48
  51250.090    31.115     4.89    5.50
  51626.555    33.743     6.98    5.68
  52002.935    36.060     6.16    4.78
  52379.228    38.153     5.56    2.55
  52755.436    38.911     2.01    2.57
  53131.557    39.667     2.01    3.32
  53507.593    40.803     3.02    3.65
  53883.543    41.855     2.80    3.81
  54259.407    42.421     1.51    4.05
  54635.186    42.905     1.29    4.17
  55010.879    43.721     2.17    3.48
  55386.486    45.131     3.75    2.79
  55762.008    46.205     2.86    2.71
  56137.445    47.343     3.03    2.83
  56512.796    48.205     2.30    3.64
  56888.062    49.432     3.27    4.42
  57263.242    50.560     3.01    4.23
  57638.338    50.503    -0.15    4.25
  58013.348    49.889    -1.64    4.56
  58388.273    49.897     0.02    4.97
  58763.113    50.927     2.75    6.94
  59137.868    54.038     8.30    9.75
  59512.538    57.824    10.10   11.64
  59887.124    58.538     1.91   12.63
  60261.624    59.643     2.95   11.41
  60636.040    64.392    12.68   11.06
  61010.371    70.241    15.63   10.82
  61384.617    78.529    22.14    9.64
  61758.779    83.729    13.90    6.41
  62132.856    86.065     6.25    4.81
  62506.849    84.323    -4.66    7.70
  62880.758    77.213   -19.01   12.04
  63254.582    69.058   -21.81   14.22
  63628.322    61.884   -19.19   11.87
  64001.977    60.323    -4.18   11.57
  64375.548    61.037     1.91   11.47
  64749.036    66.225    13.89   10.78
  65122.439    69.898     9.84    8.64
  65495.758    74.136    11.35    8.53
  65868.993    80.119    16.03   11.09
  66242.144    85.332    13.97   10.54
  66615.212    89.283    10.59    8.23
  66988.195    91.563     6.11    5.32
  67361.095    91.234    -0.88    5.85
  67733.912    90.833    -1.07    6.56
  68106.644    88.204    -7.05    7.80
  68479.293    84.034   -11.19    9.71
  68851.859    78.725   -14.25   10.37
  69224.341    73.606   -13.74    8.14
  69596.739    72.264    -3.60    6.18
  69969.055    73.893     4.38    7.52
  70341.287    78.813    13.22   10.19
  70713.435    83.483    12.55   10.93
  71085.501    88.303    12.95   10.13
  71457.483    89.986     4.52    8.82
  71829.383    87.403    -6.95    9.93
  72201.199    85.813    -4.28   10.06
  72572.932    84.047    -4.75    8.67
  72944.583    84.332     0.77    7.79
  73316.150    86.217     5.07    5.69
  73687.635    87.838     4.36    4.80
  74059.037    88.027     0.51    5.37
  74430.357    87.996    -0.08    5.71
  74801.593    88.263     0.72    5.72
  75172.748    89.828     4.22    4.75
  75543.819    90.669     2.27    3.80
  75914.808    89.169    -4.05    5.48
  76285.715    85.788    -9.11    6.90
  76656.540    81.954   -10.34    6.64
  77027.282    79.793    -5.83    5.19
  77397.941    78.593    -3.24    3.73
  77768.519    77.353    -3.35    4.78
  78139.015    74.930    -6.54    7.35
  78509.428    70.883   -10.93    8.22
  78879.759    68.225    -7.18    6.74
  79250.009    68.868     1.74    6.30
  79620.176    71.960     8.35    6.40
  79990.262    77.378    14.64    6.17
  80360.265    80.798     9.24    6.39
  80730.187    80.213    -1.58    8.05
  81100.028    79.036    -3.18    8.47
  81469.786    77.095    -5.25    7.12
  81839.463    73.877    -8.70    5.95
  82209.059    71.413    -6.67    6.62
  82578.572    71.563     0.41    6.68
  82948.005    70.877    -1.86    5.66
  83317.356    69.780    -2.97    5.75
  83686.626    68.127    -4.48    6.53
  84055.814    67.323    -2.18    7.20
  84424.921    68.897     4.26    8.77
  84793.947    72.653    10.18    9.01
  85162.892    75.550     7.85    6.83
  85531.756    75.153    -1.08    6.19
  85900.539    72.111    -8.25    7.80
  86269.241    68.493    -9.81    7.05
  86637.861    66.076    -6.56    5.96
  87006.402    66.538     1.25    5.82
  87374.861    69.384     7.72    4.78
  87743.239    69.610     0.61    4.95
  88111.537    71.174     4.25    5.88
  88479.754    75.701    12.29    8.62
  88847.890    80.669    13.50    8.21
  89215.946    85.752    13.81    7.76
  89583.922    89.194     9.35    9.89
  89951.817    91.803     7.09   12.39
  90319.631    96.133    11.77   12.85
  90687.366   100.541    11.99   13.21
  91055.020   103.464     7.95   12.80
  91422.593   109.125    15.40   13.17
  91790.087   117.936    23.98   17.75
  92157.500   135.173    46.91   25.79
  92524.834   154.234    51.89   25.99
  92892.087   169.757    42.27   17.58
  93259.260   175.600    15.91    8.99
  93626.354   172.903    -7.35   11.85
  93993.367   166.085   -18.58   14.54
  94360.301   156.730   -25.50   18.01
  94727.155   145.264   -31.25   21.32
  95093.929   132.829   -33.90   24.81
  95460.623   120.343   -34.05   21.05
  95827.238   114.596   -15.68   15.95
  96193.774   117.873     8.94   16.30
  96560.229   135.558    48.26   33.81
  96926.606   173.469   103.47   57.76
  97292.903   222.372   133.50   69.51
  97659.120   268.834   126.86   50.54
  98025.259   289.832    57.35   26.09
  98391.318   287.192    -7.21   28.44
  98757.298   262.272   -68.09   38.83
  99123.198   229.040   -90.82   47.75
  99489.020   190.850  -104.39   51.18
  99854.762   153.685  -101.61   47.64
 100220.426   117.948   -97.73   37.81
 100586.010    97.505   -55.92   28.38
 100951.516    89.143   -22.88   20.05
 101316.943    94.877    15.69   26.96
 101682.291   109.717    40.62   29.77
 102047.560   126.448    45.80   28.17
 102412.750   135.783    25.56   28.79
 102777.862   132.250    -9.68   34.21
 103142.896   111.953   -55.60   42.34
 103507.850    90.282   -59.37   40.23
 103888.340    71.263   -49.98   29.54
 104269.732    60.626   -27.89   23.49
 104651.036    53.673   -18.23   17.40
 105032.254    48.545   -13.45   11.46
 105413.384    49.473     2.43   10.94
 105794.427    56.353    18.06   13.81
 106175.383    66.343    26.22   13.13
 106556.252    73.161    17.90    9.99
 106937.034    76.723     9.35    9.08
 107317.729    78.464     4.57   10.75
 107698.338    80.363     4.99   12.41
 108078.859    80.353    -0.03   12.48
 108459.294    80.060    -0.77   11.00
 108839.643    80.646     1.54   10.35
 109219.905    80.646     0.00   10.89
 109600.080    80.883     0.62   10.59
 109980.169    81.476     1.56    9.94
 110360.172    84.091     6.88   10.11
 110740.088    91.050    18.32   12.01
 111119.918   100.103    23.83   13.57
 111499.662   112.599    32.90   14.44
 111879.319   124.743    31.99   16.01
 112258.891   140.241    40.83   19.66
 112638.376   156.095    41.77   23.01
 113017.776   172.540    43.34   23.33
 113397.089   181.381    23.31   22.09
 113776.317   182.405     2.70   22.86
 114155.459   171.813   -27.93   26.41
 114534.515   158.498   -35.12   23.08
 114913.485   150.832   -20.23   13.58
 115292.370   152.018     3.13   13.41
 115671.170   164.154    32.04   19.88
 116049.883   180.134    42.19   20.37
 116428.511   190.491    27.35   20.20
 116807.054   190.216    -0.73   24.61
 117185.512   183.046   -18.95   25.01
 117563.884   177.764   -13.96   19.20
 117942.171   179.690     5.09   16.77
 118320.373   190.574    28.77   18.38
 118698.489   203.917    35.29   21.05
 119076.521   220.496    43.85   23.62
 119454.468   242.553    58.36   27.36
 119832.329   265.397    60.45   27.47
 120210.106   287.709    59.06   24.78
 120587.798   304.692    44.96   20.49
 120965.405   320.381    41.55   17.79
 121342.927   335.034    38.81   19.30
 121720.365   350.939    42.13   22.49
 122097.718   363.568    33.46   19.03
 122474.987   370.593    18.62   13.61
 122852.171   364.782   -15.40   20.63
 123229.270   347.060   -46.99   29.26
 123606.285   323.203   -63.27   33.83
 123983.216   291.653   -83.70   32.87
 124360.063   265.854   -68.45   30.37
 124736.825   242.813   -61.15   24.83
 125113.503   228.131   -38.97   20.74
 125490.097   220.221   -21.00   19.35
 125866.607   216.372   -10.22   18.60
 126243.033   215.833    -1.43   18.62
 126619.375   216.293     1.22   20.64
 126995.633   216.573     0.74   22.54
 127371.808   217.393     2.18   23.27
 127747.898   220.420     8.05   24.01
 128123.905   225.414    13.28   26.94
 128499.828   229.377    10.54   26.05
 128875.668   232.293     7.76   23.01
 129251.423   236.400    10.93   18.44
 129627.096   242.363    15.87   19.04
 130002.685   257.608    40.59   25.60
 130378.190   287.445    79.45   40.35
 130753.613   313.415    69.17   41.72
 131128.952   332.111    49.81   35.41
 131504.207   334.448     6.23   33.40
 131879.380   321.493   -34.53   38.88
 132254.469   298.211   -62.07   39.35
 132629.476   274.677   -62.75   36.10
 133004.399   254.303   -54.34   31.90
 133379.239   237.762   -44.12   27.63
 133753.997   224.663   -34.95   23.61
 134128.671   216.702   -21.24   22.28
 134503.263   211.578   -13.68   21.98
 134877.772   206.313   -14.06   21.08
 135252.199   202.783    -9.43   15.96
 135626.542   201.728    -2.82   11.25
 136000.804   206.068    11.60   12.42
 136374.982   214.270    21.92   14.42
 136749.078   221.903    20.40   14.89
 137123.092   229.179    19.45   14.16
 137497.024   235.993    18.22   14.84
 137870.873   242.986    18.70   17.16
 138244.639   252.078    24.32   16.78
 138618.324   261.535    25.30   18.04
 138991.926   276.483    40.01   22.93
 139365.447   295.986    52.21   31.03
 139738.885   325.646    79.42   33.77
 140112.241   349.573    64.08   27.89
 140485.516   360.440    29.11   18.94
 140858.708   344.833   -41.82   34.04
 141231.819   318.204   -71.36   39.70
 141604.848   285.743   -87.01   35.41
 141977.795   258.144   -73.99   23.77
 142350.660   242.048   -43.17   17.75
 142723.444   232.736   -24.98   15.08
 143096.147   227.949   -12.84   16.12
 143468.767   225.177    -7.44   18.62
 143841.307   222.545    -7.07   20.49
 144213.765   216.701   -15.69   19.23
 144586.141   209.099   -20.41   17.40
 144958.436   201.303   -20.94   14.44
 145330.650   197.502   -10.21   11.08
 145702.783   199.925     6.51   12.15
 146074.835   207.728    20.97   15.00
 146446.806   219.143    30.69   20.82
 146818.695   226.483    19.74   21.91
 147190.504   232.858    17.14   22.65
 147562.231   238.375    14.84   22.35
 147933.878   248.525    27.31   22.33
 148305.444   258.413    26.61   20.41
 148676.929   268.723    27.75   16.00
 149048.333   271.517     7.52   13.08
 149419.657   268.272    -8.74   15.59
 149790.900   257.068   -30.18   21.25
 150162.063   242.033   -40.50   23.25
 150533.145   225.578   -44.34   20.68
 150904.146   211.431   -38.13   19.58
 151275.067   200.911   -28.36   18.41
 151645.908   191.756   -24.68   18.35
 152016.668   182.919   -23.83   16.69
 152387.349   175.573   -19.81   14.16
 152757.948   168.251   -19.76   11.70
 153128.468   162.078   -16.66   11.13
 153498.908   156.303   -15.59   11.92
 153869.268   151.384   -13.28   10.97
 154239.547   147.628   -10.14    7.89
 154609.747   148.966     3.61    7.98
 154979.867   152.291     8.98    9.47
 155349.907   158.070    15.62   10.13
 155719.867   162.303    11.44    9.85
 156089.747   167.586    14.28   12.28
 156459.548   174.014    17.38   13.74
 156829.269   183.163    24.74   13.34
 157198.910   191.364    22.18   10.75
 157568.472   199.706    22.57   12.30
 157937.955   207.292    20.53   16.68
 158307.358   218.552    30.48   22.10
 158676.681   241.141    61.16   34.50
 159045.925   267.459    71.27   40.45
 159415.090   301.616    92.52   46.95
 159784.176   325.834    65.61   45.81
 160153.183   337.663    32.05   42.44
 160522.110   343.139    14.84   37.47
 160890.958   338.625   -12.24   35.76
 161259.727   320.474   -49.21   46.10
 161628.418   288.943   -85.51   56.03
 161997.029   248.027  -110.99   56.31
 162365.561   210.055  -103.03   41.57
 162734.015   179.823   -82.04   25.67
 163102.390   167.568   -33.26   13.22
 163470.686   170.702     8.51   16.64
 163838.903   187.476    45.55   28.17
 164207.042   216.643    79.22   34.91
 164575.102   245.701    78.94   34.38
 164943.084   264.356    50.69   22.59
 165310.987   256.727   -20.73   30.59
 165678.811   234.660   -59.99   42.90
 166046.558   199.497   -95.61   44.67
 166414.226   171.363   -76.51   34.35
 166781.815   148.931   -61.02   24.72
 167149.327   139.055   -26.87   18.12
 167516.760   132.219   -18.60    8.14
 167884.115   134.211     5.42    9.04
 168251.392   139.560    14.56   10.52
 168618.591   144.037    12.19    9.43
 168985.712   149.148    13.92    7.61
 169352.755   154.292    14.01    9.03
 169719.720   160.663    17.36   13.18
 170086.607   170.884    27.86   17.44
 170453.417   183.976    35.69   18.13
 170820.149   195.976    32.72   16.10
 171186.803   205.752    26.66   14.37
 171553.379   209.517    10.27   16.17
 171919.878   211.364     5.04   20.85
 172286.299   207.945    -9.33   25.23
 172652.643   204.385    -9.72   26.67
 173018.909   200.024   -11.90   24.78
 173385.098   199.844    -0.49   21.41
 173751.209   200.639     2.17   18.61
 174117.243   207.087    17.61   16.39
 174483.200   214.889    21.32   17.16
 174849.080   226.766    32.46   22.89
 175214.883   237.076    28.18   26.94
 175580.608   247.354    28.10   30.45
 175946.256   257.261    27.09   30.12
 176311.828   267.599    28.27   29.20
 176677.322   284.041    44.98   34.66
 177042.740   309.823    70.55   36.79
 177408.080   332.711    62.64   31.79
 177773.344   345.711    35.59   30.14
 178138.531   338.823   -18.86   43.88
 178513.769   320.439   -48.99   53.62
 178894.994   300.973   -51.06   44.67
 179276.134   297.374    -9.44   32.04
 179657.189   304.674    19.15   30.50
 180038.159   318.990    37.57   23.41
 180419.044   324.813    15.29   21.92
 180799.845   325.777     2.53   28.93
 181180.560   328.952     8.34   33.93
 181561.191   345.119    42.47   36.82
 181941.738   359.096    36.73   30.97
 182322.200   364.365    13.85   22.59
 182702.577   356.680   -20.20   29.91
 183082.870   340.004   -43.85   31.47
 183463.079   330.208   -25.76   25.80
 183843.203   344.486    37.56   37.38
 184223.243   369.581    66.02   44.56
 184603.199   390.761    55.74   39.88
 184983.070   391.680     2.42   40.47
 185362.858   373.509   -47.84   42.11
 185742.561   344.587   -76.16   37.47
 186122.181   313.915   -80.79   41.37
 186501.716   282.948   -81.58   40.67
 186881.168   255.313   -72.82   29.08
 187260.535   244.517   -28.45   28.09
 187639.819   246.447     5.09   36.27
 188019.019   252.987    17.24   35.19
 188398.136   258.813    15.37   25.68
 188777.169   250.993   -20.63   22.00
 189156.118   235.755   -40.21   24.84
 189534.984   219.537   -42.80   22.84
 189913.766   205.927   -35.93   19.02
 190292.465   197.021   -23.51   20.26
 190671.081   187.119   -26.15   22.46
 191049.613   179.459   -20.23   21.21
 191428.062   178.018    -3.81   19.22
 191806.428   185.437    19.60   24.08
 192184.711   207.555    58.46   35.28
 192562.911   227.169    51.85   34.70
 192941.027   237.818    28.16   27.61
 193319.061   231.619   -16.40   29.57
 193697.012   212.229   -51.30   30.64
 194074.880   194.942   -45.74   27.02
 194452.665   185.119   -26.00   21.90
 194830.367   185.437     0.84   22.36
 195207.987   192.646    19.09   23.95
 195585.524   194.942     6.08   25.73
 195962.978   186.943   -21.19   31.89
 196340.350   168.864   -47.90   35.12
 196717.640   144.356   -64.95   28.81
 197094.847   125.507   -49.96   21.86
 197471.971   111.132   -38.11   13.77
 197849.013   102.601   -22.62    8.03
 198225.973    96.846   -15.27    6.18
 198602.851    91.396   -14.46    6.93
 198979.647    87.046   -11.54    6.20
 199356.360    84.622    -6.43    4.24
 199732.991    84.172    -1.20    2.83
 200109.541    84.788     1.64    2.71
 200486.008    84.215    -1.52    3.45
 200862.394    82.766    -3.85    3.83
 201238.697    80.568    -5.84    3.44
 201614.919    79.364    -3.20    3.83
 201991.059    78.915    -1.19    5.20
 202367.118    80.052     3.02    6.00
 202743.094    82.469     6.43    5.36
 203118.990    84.772     6.13    4.03
 203494.803    87.175     6.39    3.80
 203870.535    91.177    10.65    7.57
 204246.186    97.100    15.76   12.32
 204621.755   106.942    26.20   16.92
 204997.243   115.048    21.58   18.78
 205372.650   119.146    10.92   17.72
 205747.976   119.667     1.39   16.24
 206123.220   117.711    -5.21   13.18
 206498.383   119.782     5.52   12.35
 206873.465   131.238    30.54   21.22
 207248.467   148.722    46.62   28.97
 207623.387   171.940    61.92   29.42
 207998.226   190.110    48.47   23.40
 208372.984   203.165    34.83   13.43
