# NaN NaN NaN ;Mean Elev.(m), Avg Gradient(m/km), RMS Gradient(m/km) - SRTM1     
#   -3.860  -0.375   5.212 ;Mean Elev.(m), Avg Gradient(m/km), RMS Gradient(m/km) - ASTER GDEM
#   32.257   0.683   4.108 ;Mean Elev.(m), Avg Gradient(m/km), RMS Gradient(m/km) - GMTED2010 
  7 151.170664  66.229560    30.087    29.686  3 52476.05193373 16.985
  8 151.171622  66.228831    29.267    29.294  3 52511.05188670 19.333
  9 151.184471  66.225083    21.938    21.954  3 52546.05190684 51.338
 10 151.176048  66.227470    20.677    20.638  3 52581.05192956 37.466
 11 151.159788  66.229479    25.161    25.058  3 52616.05189942 19.294
 12 151.185391  66.227888    24.209    24.319  3 52651.05187604 18.489
 13 151.168540  66.227889    23.834    24.048  3 52686.05186634 17.782
 14 151.175814  66.229154    22.460    22.413  3 52721.05191580 17.049
 15 151.153260  66.228672    26.681    25.807  3 52756.05194001 14.608
 16 151.187507  66.224841    27.408    27.420  3 52791.05188909 45.736
 17 151.186563  66.226432    27.135    25.285  3 52826.05195809 33.489
 18 151.186196  66.225853    21.191    21.102  3 52861.05200386 38.294
 19 151.167898  66.227801    22.659    22.656  3 52896.05203438 37.908
 20 151.157206  66.229851    20.538    20.544  4 52931.05198244 36.205
 21 151.187292  66.226080    22.880    23.621  3 52966.05197846 19.435
 22 151.165415  66.228530    25.508    24.930  3 53001.05200953 15.221
 23 151.160081  66.230315    25.224    25.312  3 53036.05195845 15.768
 24 151.174804  66.228450    23.311    23.251  3 53071.05197975 16.490
 25 151.155031  66.230112    26.148    26.029  4 53106.05195987 13.079
 26 151.181542  66.227259    22.099    22.055  3 53141.05198680 32.840
 27 151.176453  66.228048    26.993    27.040  4 53176.05201711 47.706
 28 151.171477  66.229483    28.631    29.150  3 53211.05203590 18.793
 29 151.167632  66.227670    25.361    23.232  3 53246.05200450 30.801
 30 151.183837  66.226673    28.084    27.938  4 53281.05198913 16.312
 31 151.178116  66.227542    22.312    22.643  3 53316.05200154 22.410
 32 151.171817  66.228225    22.511    22.600  3 53351.05196728 20.886
 33 151.184958  66.226478    24.759    24.372  3 53386.05195140 18.827
 34 151.180095  66.227547    23.655    23.710  4 53421.05195498 18.899
 35 151.191178  66.225751    28.045    27.863  3 53456.05196051 16.081
 36 151.169899  66.228740    23.661    23.488  3 53491.05204572  3.158
 37 151.178086  66.227737    23.699    23.703  3 53526.05202846 49.703
 38 151.164050  66.229664    23.657    23.694  3 53561.05205681 50.352
 39 151.168489  66.227556    29.623    29.614  3 53596.05199580 24.603
 40 151.185044  66.226794    25.112    23.265  3 53631.05198954 23.754
 41 151.172445  66.228954    20.598    20.443  3 53666.05201264 34.426
 42 151.171708  66.228565    20.875    20.734  3 53701.05196411 27.253
 43 151.160999  66.228536    24.013    24.093  3 53736.05187469 22.450
 44 151.183968  66.227284    23.895    24.258  3 53771.05187779 20.859
 45 151.167582  66.229138    24.930    24.304  3 53806.05186962 18.687
 47 151.180531  66.227605    24.362    24.456  3 53876.05193695 26.972
 48 151.173597  66.229307    23.566    23.623  3 53911.05198527 44.123
 49 151.163145  66.229286    23.889    23.899  3 53946.05200408 23.824
 50 151.164130  66.230305    29.761    29.681  3 53981.05194948 17.152
 51 151.188688  66.226081    21.936    21.979  3 54016.05197078 44.897
 52 151.182790  66.227420    22.858    23.257  4 54051.05197080 18.849
 53 151.169705  66.228498    25.882    25.816  3 54086.05196312 12.446
 54 151.154048  66.229973    25.658    25.584  3 54121.05188907 10.719
 55 151.172699  66.227246    26.578    26.776  3 54156.05192223 11.378
 56 151.160100  66.229549    26.208    25.696  3 54191.05188674 11.226
 57 151.176995  66.228234    23.337    20.975  4 54226.05193308 14.644
 58 151.175411  66.227478    30.933    31.021  3 54261.05195314 20.111
 59 151.173232  66.227275    30.188    30.322  3 54296.05195761 14.480
 60 151.170227  66.228945    30.021    29.783  3 54331.05194922 18.541
 61 151.160614  66.229637    23.926    23.955  3 54366.05189277 27.175
 62 151.176055  66.229377    20.891    20.909  3 54401.05189104 40.676
 63 151.163326  66.228343    23.693    23.812  3 54436.05184892 16.260
 64 151.182170  66.226181    21.605    21.990  3 54471.05187562 13.294
 65 151.164063  66.229926    23.693    23.305  3 54506.05186157 12.239
 66 151.174825  66.227923    22.617    23.176  3 54541.05189034 13.316
 67 151.161587  66.228561    24.667    24.570  3 54576.05186323 11.335
 68 151.174220  66.228354    29.737    29.720  3 54611.05188195 43.179
 69 151.173161  66.228350    23.116    23.112  4 54646.05188948 47.445
 70 151.171176  66.228590    24.887    23.362  3 54681.05189052 23.674
 71 151.162775  66.230523    24.890    23.294  3 54716.05184002 23.380
 72 151.177681  66.227086    22.064    22.021  3 54751.05186191 51.248
 73 151.165440  66.228363    20.479    20.638  3 54786.05182985 34.701
 74 151.179428  66.226913    24.983    25.593  3 54821.05185522 20.648
 75 151.167397  66.228537    23.594    23.820  3 54856.05182591 20.161
 76 151.171335  66.229490    23.206    23.566  3 54891.05185884 18.191
 77 151.159195  66.230411    25.586    25.575  3 54926.05182448 14.989
 78 151.176850  66.227775    22.520    22.557  3 54961.05185714 33.875
 79 151.172412  66.229954    27.636    29.094  3 54996.05187844 19.401
 80 151.171127  66.227762    24.781    22.441  3 55031.05186863 22.644
 81 151.168904  66.228026    21.929    21.868  3 55066.05185847 44.546
 82 151.157030  66.229838    22.251    22.264  4 55101.05180037 49.939
 83 151.177212  66.227492    20.398    20.421  3 55136.05180417 28.723
 84 151.165886  66.230204    22.229    21.878  3 55171.05176663 17.715
 85 151.177369  66.226751    25.037    24.938  3 55206.05179771 16.044
 86 151.162544  66.230243    24.757    24.602  3 55241.05177260 15.685
 87 151.170013  66.229080    22.723    22.994  3 55276.05179148 15.732
 88 151.162981  66.229375    26.150    26.038  4 55311.05175685 14.410
 89 151.173328  66.228352    28.446    28.462  4 55346.05176066 51.534
 90 151.167269  66.227752    24.815    24.844  3 55381.05175367 40.338
 91 151.180238  66.227585    21.514    21.517  4 55416.05177998 35.885
 92 151.166337  66.227865    27.917    29.275  3 55451.05176471 24.755
 93 151.159053  66.229784    21.453    21.434  4 55486.05168869 46.289
