# NaN NaN NaN ;Mean Elev.(m), Avg Gradient(m/km), RMS Gradient(m/km) - SRTM1     
#   -3.764  -0.004   5.832 ;Mean Elev.(m), Avg Gradient(m/km), RMS Gradient(m/km) - ASTER GDEM
#   34.370   0.591   5.129 ;Mean Elev.(m), Avg Gradient(m/km), RMS Gradient(m/km) - GMTED2010 
  8    18.794 52492.04978552 24.85 152.456357  66.745566 22.008
  8    18.521 52492.04978616 23.04 152.452977  66.742496 22.008
  8    18.821 52492.04978681 34.40 152.449607  66.739416 22.008
 12    15.990 52632.04977214 26.16 152.458970  66.744234  8.515
 12    15.030 52632.04977279 26.80 152.455590  66.741164  8.515
 13    15.345 52667.04979267 23.92 152.446126  66.743681  5.941
 13    14.643 52667.04979331 24.84 152.442756  66.740601  5.941
 15    14.751 52737.04980522 23.89 152.444570  66.743434  5.820
 15    14.601 52737.04980586 23.88 152.441190  66.740364  5.820
 16    15.321 52772.04977414 22.15 152.438720  66.745499 18.076
 16    15.279 52772.04977478 23.77 152.435340  66.742429 18.076
 16    15.224 52772.04977543 22.40 152.431970  66.739349 18.076
 17    24.492 52807.04982776 23.28 152.461059  66.745121 28.457
 17    23.024 52807.04982841 24.69 152.457679  66.742041 28.457
 17    21.800 52807.04982905 33.07 152.454299  66.738971 28.457
 18    16.609 52842.04988652 26.79 152.461543  66.745971 22.919
 18    16.642 52842.04988716 32.74 152.458163  66.742901 22.919
 18    16.785 52842.04988781 36.51 152.454783  66.739821 22.919
 19    22.346 52877.04992521 16.83 152.455529  66.746555 33.512
 19    15.955 52877.04992585 19.39 152.452149  66.743485 33.512
 19    15.658 52877.04992650 36.98 152.448769  66.740405 33.512
 20    15.458 52912.04988394 23.06 152.448405  66.746459 15.612
 20    22.146 52912.04988458 14.81 152.445035  66.743379 15.612
 20    22.959 52912.04988523 16.30 152.441655  66.740309 15.612
 23    14.895 53017.04987454 28.22 152.439457  66.744117  7.212
 23    14.822 53017.04987519 28.97 152.436087  66.741047  7.212
 25    32.682 53087.04989075 18.39 152.430164  66.743173  4.093
 25    14.798 53087.04989139 18.66 152.426784  66.740093  4.093
 25    22.841 53087.04989204 17.80 152.423414  66.737023  4.093
 26    15.901 53122.04985960 20.00 152.457838  66.745113  4.889
 26    15.034 53122.04986025 20.06 152.454458  66.742043  4.889
 26    14.917 53122.04986089 19.22 152.451088  66.738973  4.889
 27    23.220 53157.04991562 49.50 152.448769  66.745058 38.482
 27    23.311 53157.04991626 45.24 152.445399  66.741988 38.482
 27    23.182 53157.04991691 49.80 152.442019  66.738918 38.482
 28    20.503 53192.04990773 26.40 152.455657  66.746451 22.377
 28    20.401 53192.04990838 21.89 152.452287  66.743381 22.377
 28    23.383 53192.04990902 20.15 152.448907  66.740301 22.377
 29    18.963 53227.04991004 23.08 152.447653  66.743600 29.612
 29    22.879 53227.04991068 23.48 152.444273  66.740530 29.612
 30    18.547 53262.04988378 47.20 152.432053  66.744350 31.615
 30    18.389 53262.04988442 33.72 152.428683  66.741280 31.615
 30    18.583 53262.04988507 43.13 152.425313  66.738210 31.615
 31    16.638 53297.04991850 34.73 152.449622  66.746494 27.961
 31    16.682 53297.04991915 41.25 152.446242  66.743424 27.961
 31    16.653 53297.04991979 39.00 152.442862  66.740344 27.961
 32    16.243 53332.04989087 26.71 152.449513  66.744660  7.286
 32    16.125 53332.04989151 26.44 152.446143  66.741590  7.286
 32    16.029 53332.04989216 25.81 152.442763  66.738510  7.286
 35    15.263 53437.04985377 24.99 152.440707  66.744481  7.320
 35    15.296 53437.04985441 22.63 152.437337  66.741411  7.320
 36    15.220 53472.04990528 21.15 152.455631  66.746351  6.422
 36    15.539 53472.04990593 22.19 152.452251  66.743271  6.422
 36    15.302 53472.04990657 20.26 152.448871  66.740201  6.422
 37    17.116 53507.04993626 32.36 152.446987  66.745124 15.230
 37    16.989 53507.04993691 33.33 152.443617  66.742044 15.230
 37    17.022 53507.04993755 37.73 152.440237  66.738974 15.230
 38    22.071 53542.04994273 19.82 152.446335  66.745957 19.237
 38    34.046 53542.04994337 17.34 152.442965  66.742887 19.237
 38    23.501 53542.04994402 23.49 152.439585  66.739807 19.237
 39    18.109 53577.04993077 50.77 152.439666  66.745253 35.372
 39    18.177 53577.04993141 52.34 152.436286  66.742173 35.372
 39    18.131 53577.04993205 51.31 152.432916  66.739103 35.372
 40    22.240 53612.04988338 19.44 152.431620  66.743796 18.125
 40    23.132 53612.04988403 19.25 152.428250  66.740726 18.125
 40    23.030 53612.04988467 22.20 152.424870  66.737646 18.125
 41    15.799 53647.04988704 31.91 152.461417  66.744718 19.366
 41    20.677 53647.04988768 21.58 152.458047  66.741648 19.366
 42    14.409 53682.04990364 40.85 152.439265  66.744094 19.176
 42    14.479 53682.04990429 39.93 152.435895  66.741024 19.176
 43    14.678 53717.04983076 29.88 152.442744  66.745448 10.878
 43    14.750 53717.04983140 31.47 152.439374  66.742378 10.878
 43    14.689 53717.04983205 30.70 152.436004  66.739308 10.878
 45    14.829 53787.04978019 24.52 152.448805  66.744026  8.050
 45    14.698 53787.04978084 24.26 152.445435  66.740956  8.050
 46    14.815 53822.04973575 23.70 152.429782  66.742618  7.533
 46    14.770 53822.04973640 23.66 152.426412  66.739538  7.533
 46    14.617 53822.04973704 23.09 152.423042  66.736468  7.533
 47    16.073 53857.04982532  4.01 152.452849  66.745690  4.182
 47    15.379 53857.04982597  4.08 152.449469  66.742620  4.182
 47    16.085 53857.04982661  3.28 152.446089  66.739540  4.182
 48    24.500 53892.04983840 23.91 152.457523  66.744311 31.137
 48    24.018 53892.04983905 22.20 152.454143  66.741231 31.137
 49    22.033 53927.04989928 18.66 152.441670  66.745315 23.283
 49    23.137 53927.04989993 18.85 152.438290  66.742235 23.283
 49    23.219 53927.04990057 25.45 152.434920  66.739165 23.283
 50    22.967 53962.04988456 12.75 152.433038  66.743133 20.308
 50    23.204 53962.04988520 13.71 152.429658  66.740053 20.308
 52    15.985 54032.04987886 36.67 152.460056  66.744496 14.792
 52    15.829 54032.04987951 35.88 152.456676  66.741416 14.792
 53    15.150 54067.04987294 27.67 152.449400  66.745767  9.744
 53    15.109 54067.04987358 36.24 152.446020  66.742687  9.744
 53    15.038 54067.04987423 30.11 152.442650  66.739617  9.744
 54    15.577 54102.04983446 19.04 152.435353  66.743452  4.676
 54    15.155 54102.04983511 18.82 152.431973  66.740372  4.676
 55    16.572 54137.04980049 18.53 152.458582  66.745147  3.852
 55    16.326 54137.04980113 17.57 152.455212  66.742067  3.852
 55    15.086 54137.04980178 18.24 152.451832  66.738997  3.852
 56    16.168 54172.04981104 17.17 152.439927  66.744794  4.756
 56    15.361 54172.04981168 16.91 152.436557  66.741714  4.756
 56    30.185 54172.04981233 16.45 152.433177  66.738644  4.756
 58    23.419 54242.04983874 51.11 152.450052  66.744318 37.160
 58    23.536 54242.04983938 52.29 152.446672  66.741248 37.160
 59    21.561 54277.04985280 19.18 152.451364  66.745515 23.543
 59    23.107 54277.04985344 15.45 152.447984  66.742435 23.543
 59    23.479 54277.04985409 19.76 152.444604  66.739365 23.543
 60    15.708 54312.04985379 43.73 152.450434  66.744797 29.311
 60    16.197 54312.04985444 25.20 152.447054  66.741717 29.311
 60    23.128 54312.04985508 21.92 152.443684  66.738647 29.311
 61    37.418 54347.04982711 15.38 152.436967  66.743965 19.293
 61    33.659 54347.04982776 18.28 152.433597  66.740885 19.293
 62    17.151 54382.04979077 25.46 152.456989  66.744118 24.339
 62    16.507 54382.04979141 28.34 152.453619  66.741048 24.339
 63    15.463 54417.04977619 33.42 152.441516  66.744023 11.963
 63    15.358 54417.04977684 34.56 152.438136  66.740953 11.963
 65    15.493 54487.04977305 19.12 152.449113  66.743801  4.732
 65    14.855 54487.04977369 20.19 152.445743  66.740721  4.732
 66    15.426 54522.04977296 20.31 152.458375  66.745671  5.229
 66    14.922 54522.04977361 21.88 152.454995  66.742601  5.229
 66    14.827 54522.04977425 20.08 152.451625  66.739531  5.229
 67    14.856 54557.04978351 22.04 152.440170  66.744021  5.522
 67    14.726 54557.04978415 20.73 152.436800  66.740951  5.522
 68    16.060 54592.04976933 12.70 152.451192  66.744041 17.415
 68    15.103 54592.04976997 18.64 152.447812  66.740971 17.415
 69    19.298 54627.04978495 46.87 152.447469  66.745205 30.298
 69    19.318 54627.04978559 39.94 152.444099  66.742135 30.298
 69    19.228 54627.04978624 47.55 152.440719  66.739065 30.298
 70    18.178 54662.04979278 20.84 152.448530  66.744305 26.195
 70    23.039 54662.04979343 19.07 152.445150  66.741235 26.195
 71    16.911 54697.04976855 36.14 152.441691  66.744639 28.838
 71    16.866 54697.04976920 37.39 152.438311  66.741559 28.838
 71    16.875 54697.04976984 33.36 152.434941  66.738489 28.838
 72    24.411 54732.04974841 18.93 152.459862  66.746411 27.713
 72    17.109 54732.04974906 22.44 152.456482  66.743331 27.713
 72    17.340 54732.04974970 27.04 152.453102  66.740261 27.713
 73    15.097 54767.04974778 45.49 152.447959  66.744017 23.094
 73    14.964 54767.04974843 50.57 152.444589  66.740947 23.094
 74    15.310 54802.04974250 31.65 152.459369  66.745892 12.672
 74    15.208 54802.04974315 32.20 152.455989  66.742822 12.672
 74    15.142 54802.04974379 29.21 152.452619  66.739752 12.672
 75    16.301 54837.04973969 24.05 152.449966  66.745911  8.252
 75    15.184 54837.04974034 24.67 152.446586  66.742831  8.252
 75    15.021 54837.04974098 22.93 152.443216  66.739761  8.252
 76    16.571 54872.04974103 21.85 152.459682  66.746143  6.508
 76    15.386 54872.04974168 22.46 152.456302  66.743073  6.508
 76    14.888 54872.04974232 22.32 152.452932  66.740003  6.508
 77    14.833 54907.04974848 24.64 152.434253  66.743155  6.395
 77    14.685 54907.04974913 24.38 152.430883  66.740075  6.395
 78    14.736 54942.04973372 23.64 152.458281  66.746441  8.935
 78    14.663 54942.04973436 25.25 152.454901  66.743371  8.935
 78    14.578 54942.04973500 22.66 152.451531  66.740301  8.935
 79    20.392 54977.04976217 48.91 152.448989  66.744388 29.737
 79    20.281 54977.04976281 52.22 152.445619  66.741318 29.737
 80    17.146 55012.04977081 44.12 152.445519  66.743921 21.830
 80    16.969 55012.04977145 37.75 152.442149  66.740851 21.830
 81    16.177 55047.04976208 31.21 152.453203  66.746319 28.976
 81    16.348 55047.04976272 22.31 152.449823  66.743239 28.976
 81    22.951 55047.04976337 20.87 152.446453  66.740169 28.976
 82    21.717 55082.04973478 50.03 152.437386  66.745024 37.326
 82    21.591 55082.04973543 52.52 152.434006  66.741944 37.326
 82    21.698 55082.04973607 54.79 152.430636  66.738874 37.326
 83    14.909 55117.04969445 49.55 152.456878  66.743928 28.149
 83    14.943 55117.04969509 40.54 152.453498  66.740858 28.149
 84    14.476 55152.04969275 34.89 152.444619  66.744011 12.208
 84    14.529 55152.04969339 32.49 152.441239  66.740931 12.208
 85    14.764 55187.04968083 29.26 152.458211  66.744971  9.138
 85    14.691 55187.04968147 30.63 152.454831  66.741901  9.138
 85    14.545 55187.04968212 26.70 152.451461  66.738831  9.138
 86    15.613 55222.04969123 23.55 152.444934  66.744291  6.276
 86    14.858 55222.04969188 22.75 152.441564  66.741221  6.276
 87    15.469 55257.04967674 22.61 152.457046  66.746515  6.837
 87    14.910 55257.04967739 23.95 152.453666  66.743445  6.837
 87    14.958 55257.04967803 22.78 152.450296  66.740375  6.837
 88    14.605 55292.04967981 22.77 152.435820  66.743050  6.493
 88    14.585 55292.04968046 22.34 152.432450  66.739980  6.493
 89    14.881 55327.04966114 27.54 152.449612  66.745720 15.864
 89    14.894 55327.04966179 27.15 152.446232  66.742640 15.864
 89    23.057 55327.04966243 25.66 152.442862  66.739570 15.864
 90    22.489 55362.04965792 17.69 152.443583  66.744332 21.017
 90    21.956 55362.04965857 23.60 152.440213  66.741262 21.017
 91    16.198 55397.04966486 51.99 152.456604  66.744317 31.672
 91    16.244 55397.04966550 51.69 152.453224  66.741247 31.672
 92    17.203 55432.04967241 17.72 152.452766  66.745918 28.238
 92    17.305 55432.04967306 19.29 152.449396  66.742848 28.238
 92    23.001 55432.04967370 20.42 152.446016  66.739768 28.238
 93    20.035 55467.04963319 48.89 152.433341  66.742705 27.487
 93    19.979 55467.04963383 51.13 152.429971  66.739635 27.487
