# NaN NaN NaN ;Mean Elev.(m), Avg Gradient(m/km), RMS Gradient(m/km) - SRTM1     
# NaN NaN NaN ;Mean Elev.(m), Avg Gradient(m/km), RMS Gradient(m/km) - ASTER GDEM
#    2.197   0.432   3.468 ;Mean Elev.(m), Avg Gradient(m/km), RMS Gradient(m/km) - GMTED2010 
  8     5.543 52499.03544631 16.30 159.652012  68.577591 15.182
  8     4.931 52499.03544695 15.82 159.648102  68.574561 15.182
  8     4.115 52499.03544760 16.58 159.644202  68.571531 15.182
  8     1.328 52499.03544824 18.32 159.640302  68.568501 15.182
  8     1.429 52499.03544889 21.35 159.636402  68.565471 15.182
  8     6.222 52499.03544953 17.90 159.632502  68.562441 15.182
 10     0.309 52569.03546229 32.06 159.663720  68.574853 12.699
 10     0.327 52569.03546293 34.83 159.659810  68.571823 12.699
 10     0.307 52569.03546358 36.16 159.655910  68.568793 12.699
 10     0.194 52569.03546422 35.98 159.652010  68.565763 12.699
 10     0.092 52569.03546487 34.15 159.648110  68.562733 12.699
 10     0.239 52569.03546551 32.45 159.644200  68.559703 12.699
 11     5.582 52604.03544886 23.77 159.648624  68.578213  8.217
 11     0.216 52604.03544951 26.74 159.644724  68.575183  8.217
 11     0.208 52604.03545015 27.18 159.640824  68.572153  8.217
 11     0.048 52604.03545080 27.74 159.636924  68.569123  8.217
 11     0.234 52604.03545144 26.25 159.633014  68.566093  8.217
 11     0.335 52604.03545209 24.51 159.629114  68.563063  8.217
 12     5.600 52639.03542774 20.52 159.668189  68.575514  4.232
 12     4.886 52639.03542838 20.48 159.664279  68.572484  4.232
 12     9.713 52639.03542902 20.26 159.660379  68.569454  4.232
 12    12.094 52639.03542967 20.07 159.656469  68.566424  4.232
 12    14.651 52639.03543031 20.27 159.652569  68.563394  4.232
 12    19.950 52639.03543096 19.43 159.648663  68.560357  4.945
 13     5.342 52674.03542519 18.66 159.650291  68.575773  3.454
 13     4.717 52674.03542583 18.08 159.646391  68.572743  3.454
 13    14.141 52674.03542648 17.52 159.642481  68.569713  3.454
 13    16.703 52674.03542712 17.09 159.638581  68.566683  3.454
 13    18.631 52674.03542777 17.05 159.634681  68.563653  3.454
 13    21.377 52674.03542841 17.44 159.630781  68.560623  3.454
 14     5.490 52709.03543796 17.47 159.665774  68.574896  2.898
 14     4.701 52709.03543860 17.10 159.661874  68.571876  2.898
 14     9.605 52709.03543925 16.66 159.657964  68.568836  2.898
 14    13.141 52709.03543989 16.65 159.654064  68.565806  2.898
 14    18.008 52709.03544054 16.26 159.650154  68.562776  2.898
 14    20.669 52709.03544118 16.35 159.646262  68.559746  3.393
 15     5.681 52744.03546777 15.22 159.645979  68.576210  2.996
 15     4.715 52744.03546841 15.21 159.642079  68.573180  2.996
 15    12.425 52744.03546905 15.05 159.638169  68.570150  2.996
 15    17.476 52744.03546970 14.53 159.634277  68.567128  3.044
 15    18.410 52744.03547034 14.38 159.630377  68.564088  3.044
 17     4.988 52814.03548671 31.83 159.670822  68.576053 26.912
 17     4.969 52814.03548735 29.83 159.666922  68.573023 26.912
 17     4.882 52814.03548800 36.14 159.663012  68.569993 26.912
 17     4.971 52814.03548864 40.55 159.659112  68.566963 26.912
 17     4.987 52814.03548929 41.93 159.655202  68.563933 26.912
 17     4.855 52814.03548993 27.63 159.651302  68.560896 23.636
 17     6.231 52814.03549057 27.48 159.647402  68.557866 23.636
 18     0.873 52849.03554035 17.23 159.666672  68.573632 20.437
 18     0.488 52849.03554099 21.03 159.662772  68.570612 20.437
 18     0.305 52849.03554164 25.11 159.658862  68.567582 20.437
 18     0.651 52849.03554228 29.95 159.654962  68.564542 20.437
 18     0.888 52849.03554293 30.95 159.651062  68.561512 20.437
 18     0.994 52849.03554357 29.24 159.647160  68.558482 24.567
 19     0.554 52884.03557608 51.39 159.653071  68.575614 36.685
 19     0.531 52884.03557673 51.66 159.649161  68.572584 36.685
 19     0.453 52884.03557737 52.43 159.645261  68.569554 36.685
 19     0.459 52884.03557802 51.03 159.641361  68.566524 36.685
 19     0.542 52884.03557866 51.27 159.637461  68.563494 36.685
 19     0.422 52884.03557930 38.69 159.633556  68.560469 27.757
 20     4.622 52919.03553268 30.10 159.647821  68.575684 22.295
 20     4.245 52919.03553333 22.51 159.643911  68.572654 22.295
 20     3.574 52919.03553397 24.90 159.640011  68.569624 22.295
 20     2.468 52919.03553462 24.74 159.636111  68.566594 22.295
 20     0.776 52919.03553526 27.10 159.632211  68.563564 22.295
 21     0.320 52954.03549527 30.84 159.675463  68.573564  6.813
 21     0.355 52954.03549591 33.80 159.671553  68.570534  6.813
 21     0.253 52954.03549656 35.03 159.667653  68.567504  6.813
 21     0.382 52954.03549720 33.98 159.663743  68.564474  6.813
 21     0.249 52954.03549785 32.52 159.659843  68.561444  6.813
 21     0.095 52954.03549849 30.34 159.655942  68.558407  7.024
 22     4.276 52989.03550286 24.90 159.669438  68.575831  4.559
 22     0.273 52989.03550351 26.68 159.665528  68.572801  4.559
 22     0.281 52989.03550415 26.49 159.661628  68.569771  4.559
 22     0.400 52989.03550480 26.49 159.657728  68.566741  4.559
 22     0.273 52989.03550544 26.15 159.653818  68.563711  4.559
 22     0.379 52989.03550608 25.40 159.649918  68.560681  4.559
 23     5.101 53024.03548890 19.36 159.655731  68.575767  2.601
 23    -0.234 53024.03548954 19.38 159.651821  68.572737  2.601
 23     9.416 53024.03549019 19.09 159.647921  68.569707  2.601
 23    11.730 53024.03549083 18.86 159.644021  68.566677  2.601
 23    16.837 53024.03549148 18.91 159.640121  68.563647  2.601
 23    15.726 53024.03549212 18.85 159.636221  68.560617  2.601
 24     5.259 53059.03548501 17.84 159.669908  68.574843  2.505
 24    -0.028 53059.03548566 18.41 159.665998  68.571803  2.505
 24     2.944 53059.03548630 18.18 159.662098  68.568773  2.505
 24    11.981 53059.03548695 17.93 159.658188  68.565743  2.505
 24    15.079 53059.03548759 17.42 159.654288  68.562713  2.505
 24    18.556 53059.03548823 17.56 159.650388  68.559683  2.505
 25     5.210 53094.03552310 17.57 159.640722  68.578461  2.726
 25    -0.079 53094.03552375 18.11 159.636822  68.575431  2.726
 25     0.182 53094.03552439 18.30 159.632912  68.572401  2.726
 25     0.273 53094.03552503 17.78 159.629012  68.569371  2.726
 25     0.251 53094.03552568 18.32 159.625112  68.566341  2.726
 25    14.078 53094.03552632 17.38 159.621212  68.563311  2.726
 26     4.160 53129.03549450 13.70 159.671152  68.574195  2.319
 26     2.907 53129.03549515 13.41 159.667252  68.571155  2.319
 26     2.401 53129.03549579 13.59 159.663342  68.568125  2.319
 26     2.737 53129.03549644 13.21 159.659442  68.565095  2.319
 26     2.291 53129.03549708 12.88 159.655542  68.562065  2.319
 26     3.309 53129.03549773 13.16 159.651632  68.559035  2.319
 28     3.058 53199.03556309 27.65 159.659827  68.575765 22.756
 28     3.962 53199.03556374 14.96 159.655917  68.572735 22.756
 28     3.965 53199.03556438 14.20 159.652017  68.569705 22.756
 28     4.757 53199.03556503 14.05 159.648117  68.566675 22.756
 28     5.971 53199.03556567 15.08 159.644207  68.563645 22.756
 28     6.362 53199.03556632 19.15 159.640312  68.560622 24.756
 29     2.519 53234.03553389 28.49 159.658210  68.574463 24.390
 29     2.422 53234.03553453 16.04 159.654310  68.571433 24.390
 29     4.240 53234.03553518 13.75 159.650410  68.568403 24.390
 29     5.749 53234.03553582 14.06 159.646510  68.565373 24.390
 29     5.956 53234.03553646 17.05 159.642610  68.562343 24.390
 29     6.290 53234.03553711 24.16 159.638710  68.559313 24.390
 30     5.667 53269.03550076 20.26 159.639462  68.579041 25.572
 30     5.304 53269.03550140 14.05 159.635562  68.576011 25.572
 30     4.580 53269.03550205 13.41 159.631662  68.572981 25.572
 30     5.306 53269.03550269 14.15 159.627762  68.569951 25.572
 30     5.977 53269.03550334 16.44 159.623862  68.566921 25.572
 30     6.231 53269.03550398 22.14 159.619962  68.563891 25.572
 31    -0.025 53304.03556114 21.12 159.659015  68.575135  3.803
 31     0.026 53304.03556178 21.30 159.655115  68.572095  3.803
 31     0.027 53304.03556242 21.58 159.651205  68.569075  3.803
 31     0.164 53304.03556307 20.73 159.647305  68.566045  3.803
 31     0.070 53304.03556371 21.06 159.643405  68.563005  3.803
 31     0.015 53304.03556436 20.95 159.639495  68.559975  3.803
 32     3.833 53339.03553023 14.43 159.651107  68.576068  2.555
 32     0.928 53339.03553088 13.46 159.647207  68.573038  2.555
 32    10.914 53339.03553152 13.80 159.643307  68.570008  2.555
 32     1.002 53339.03553217 14.22 159.639397  68.566978  2.555
 32    18.359 53339.03553281 13.15 159.635497  68.563948  2.555
 32    20.081 53339.03553345 13.25 159.631597  68.560918  2.555
 33     5.653 53374.03546249 11.92 159.644104  68.577448  2.281
 33     4.972 53374.03546313 12.43 159.640204  68.574418  2.281
 33    13.402 53374.03546378 12.61 159.636304  68.571388  2.281
 33    15.537 53374.03546442 11.91 159.632404  68.568358  2.281
 33    19.468 53374.03546507 11.83 159.628504  68.565328  2.281
 33    20.154 53374.03546571 11.74 159.624604  68.562298  2.281
 34     6.446 53409.03550375 11.41 159.664309  68.574701  2.104
 34     9.562 53409.03550439 11.16 159.660399  68.571661  2.104
 34    12.154 53409.03550504 11.55 159.656499  68.568631  2.104
 34    16.557 53409.03550568 11.09 159.652599  68.565601  2.104
 34    19.102 53409.03550633 11.07 159.648689  68.562571  2.104
 34    20.977 53409.03550697 11.06 159.644789  68.559541  2.104
 35     5.335 53444.03548774 11.72 159.640606  68.577473  2.179
 35    11.413 53444.03548838 11.22 159.636706  68.574443  2.179
 35    14.513 53444.03548902 10.98 159.632806  68.571413  2.179
 35    16.178 53444.03548967 11.08 159.628906  68.568383  2.179
 35    18.010 53444.03549031 11.34 159.625006  68.565353  2.179
 35    20.954 53444.03549096 11.20 159.621106  68.562323  2.179
 36     5.721 53479.03556488 10.32 159.658319  68.574552  2.104
 36    12.335 53479.03556553  9.55 159.654419  68.571522  2.104
 36    15.397 53479.03556617  9.91 159.650509  68.568482  2.104
 36    17.304 53479.03556682  9.51 159.646609  68.565462  2.104
 36    19.835 53479.03556746  9.70 159.642703  68.562423  2.821
 36    22.220 53479.03556811 10.05 159.638803  68.559393  2.821
 37     0.564 53514.03557277 40.59 159.658234  68.576567 17.308
 37     0.582 53514.03557342 34.61 159.654324  68.573537 17.308
 37     0.471 53514.03557406 27.68 159.650424  68.570507 17.308
 37     0.643 53514.03557471 27.92 159.646524  68.567477 17.308
 37     0.811 53514.03557535 27.28 159.642614  68.564447 17.308
 37     1.257 53514.03557600 34.34 159.638714  68.561417 17.308
 38     5.404 53549.03559192 14.44 159.647048  68.575688 24.041
 38     4.846 53549.03559257 12.57 159.643148  68.572658 24.041
 38     5.246 53549.03559321 12.57 159.639248  68.569628 24.041
 38     5.277 53549.03559386 17.23 159.635338  68.566598 24.041
 38     6.289 53549.03559450 19.28 159.631438  68.563568 24.041
 39     4.853 53584.03555617 20.50 159.650910  68.574837 25.323
 39     0.487 53584.03555682 20.25 159.647010  68.571807 25.323
 39     0.567 53584.03555746 18.92 159.643110  68.568777 25.323
 39     5.407 53584.03555810 19.58 159.639210  68.565747 25.323
 39     6.333 53584.03555875 20.04 159.635300  68.562717 25.323
 40     1.785 53619.03551283 25.90 159.635009  68.576348 31.797
 40     1.321 53619.03551348 25.72 159.631109  68.573318 31.797
 40     1.474 53619.03551412 25.38 159.627209  68.570288 31.797
 40     1.729 53619.03551477 25.66 159.623309  68.567258 31.797
 40     1.987 53619.03551541 33.54 159.619409  68.564228 31.797
 41     0.364 53654.03553632 37.00 159.664680  68.576199 27.991
 41     0.245 53654.03553697 29.94 159.660780  68.573169 27.991
 41    -0.039 53654.03553761 26.94 159.656870  68.570139 27.991
 41     0.095 53654.03553826 22.99 159.652970  68.567109 27.991
 41     0.624 53654.03553890 22.44 159.649060  68.564079 27.991
 41     0.492 53654.03553955 24.91 159.645168  68.561039 19.140
 42    -0.020 53689.03553386 27.96 159.650815  68.575058  7.783
 42     0.040 53689.03553451 30.22 159.646915  68.572018  7.783
 42     0.018 53689.03553515 30.75 159.643015  68.568988  7.783
 42     0.006 53689.03553580 31.25 159.639105  68.565958  7.783
 42     0.066 53689.03553644 28.63 159.635205  68.562928  7.783
 43    -0.301 53724.03545868 23.64 159.641086  68.575627  5.914
 43    -0.311 53724.03545933 25.20 159.637186  68.572597  5.914
 43    -0.278 53724.03545997 26.61 159.633286  68.569567  5.914
 43    -0.210 53724.03546062 26.00 159.629386  68.566537  5.914
 43    -0.256 53724.03546126 23.98 159.625486  68.563507  5.914
 44    -0.179 53759.03539822 22.89 159.677050  68.574685  4.212
 44     0.012 53759.03539886 22.20 159.673140  68.571655  4.212
 44     0.325 53759.03539951 22.52 159.669240  68.568625  4.212
 44     0.312 53759.03540015 21.99 159.665330  68.565595  4.212
 44     0.186 53759.03540080 22.46 159.661430  68.562565  4.212
 44     0.300 53759.03540144 21.13 159.657529  68.559528  3.624
 45     4.990 53794.03541865 15.56 159.655648  68.576984  2.465
 45     3.393 53794.03541929 15.56 159.651748  68.573954  2.465
 45    17.188 53794.03541994 15.00 159.647848  68.570924  2.465
 45     1.547 53794.03542058 15.66 159.643938  68.567894  2.465
 45    12.625 53794.03542122 14.96 159.640038  68.564864  2.465
 45    19.597 53794.03542187 15.11 159.636138  68.561834  2.465
 46     4.719 53829.03539196 15.46 159.677185  68.574509  2.478
 46     3.871 53829.03539261 15.25 159.673285  68.571479  2.478
 46    17.518 53829.03539325 15.26 159.669375  68.568449  2.478
 46    11.921 53829.03539389 15.14 159.665475  68.565419  2.478
 46    14.112 53829.03539454 15.20 159.661573  68.562384  2.982
 46    21.148 53829.03539518 14.61 159.657663  68.559354  2.982
 47     4.103 53864.03547360 14.17 159.661049  68.574058  2.461
 47     2.832 53864.03547425 14.15 159.657139  68.571028  2.461
 47     1.650 53864.03547489 14.82 159.653239  68.567998  2.461
 47    18.900 53864.03547554 13.99 159.649339  68.564968  2.461
 47    20.228 53864.03547618 13.71 159.645439  68.561938  2.461
 47    20.819 53864.03547683 13.64 159.641529  68.558908  2.461
 48     5.833 53899.03549779 26.41 159.661973  68.576778 27.684
 48     5.643 53899.03549843 18.60 159.658073  68.573748 27.684
 48     4.904 53899.03549908 16.23 159.654163  68.570718 27.684
 48     5.142 53899.03549972 16.55 159.650263  68.567688 27.684
 48     5.979 53899.03550037 16.68 159.646363  68.564658 27.684
 48     6.459 53899.03550101 21.06 159.642457  68.561635 24.455
 49     5.890 53934.03554260 15.91 159.648856  68.577634 18.240
 49     4.964 53934.03554324 15.32 159.644946  68.574604 18.240
 49     4.545 53934.03554389 13.52 159.641046  68.571574 18.240
 49     1.065 53934.03554453 20.77 159.637146  68.568544 18.240
 49     1.258 53934.03554518 22.63 159.633236  68.565514 18.240
 49     6.249 53934.03554582 18.91 159.629336  68.562484 18.240
 50     5.430 53969.03551365 17.15 159.648367  68.578242 29.556
 50     5.365 53969.03551429 14.75 159.644467  68.575212 29.556
 50     4.799 53969.03551494 15.54 159.640567  68.572182 29.556
 50     4.871 53969.03551558 15.81 159.636657  68.569152 29.556
 50     5.941 53969.03551623 14.96 159.632757  68.566122 29.556
 50     6.172 53969.03551687 20.08 159.628857  68.563092 29.556
 51     5.634 54004.03548567 14.17 159.676695  68.573563 18.954
 51     4.851 54004.03548631 13.48 159.672785  68.570533 18.954
 51     4.285 54004.03548696 14.44 159.668885  68.567503 18.954
 51     6.014 54004.03548760 14.67 159.664975  68.564463 18.954
 51     4.757 54004.03548825 16.62 159.661075  68.561433 18.954
 51     4.967 54004.03548889 25.06 159.657175  68.558413 18.954
 52     4.266 54039.03551942 20.47 159.666047  68.574445  3.962
 52    -0.073 54039.03552006 21.86 159.662137  68.571415  3.962
 52    -0.007 54039.03552070 22.60 159.658237  68.568375  3.962
 52     0.132 54039.03552135 21.83 159.654327  68.565345  3.962
 52    -0.011 54039.03552199 20.71 159.650427  68.562315  3.962
 52     0.270 54039.03552264 20.63 159.646527  68.559285  3.962
 53     4.493 54074.03551430 18.98 159.653676  68.574780  3.822
 53     0.628 54074.03551495 19.55 159.649776  68.571740  3.822
 53     0.523 54074.03551559 19.32 159.645876  68.568710  3.822
 53     0.830 54074.03551624 19.13 159.641976  68.565680  3.822
 53     0.842 54074.03551688 19.09 159.638076  68.562650  3.822
 54     5.325 54109.03546047 14.13 159.636221  68.576256  2.338
 54     8.787 54109.03546111 14.07 159.632321  68.573226  2.338
 54    16.306 54109.03546176 13.75 159.628421  68.570196  2.338
 54    17.791 54109.03546240 13.49 159.624521  68.567166  2.338
 54    18.620 54109.03546305 13.16 159.620621  68.564136  2.338
 55     5.778 54144.03545112 14.10 159.664656  68.574577  2.323
 55     8.466 54144.03545176 14.00 159.660756  68.571537  2.323
 55    10.822 54144.03545241 13.34 159.656846  68.568507  2.323
 55    18.886 54144.03545305 12.57 159.652946  68.565477  2.323
 55    20.161 54144.03545370 12.46 159.649036  68.562447  2.323
 55    21.316 54144.03545434 12.17 159.645136  68.559417  2.323
 56     5.725 54179.03544418 12.90 159.645974  68.578309  2.330
 56     5.402 54179.03544483 12.64 159.642074  68.575279  2.330
 56    15.110 54179.03544547 12.78 159.638174  68.572249  2.330
 56    16.678 54179.03544612 12.40 159.634274  68.569219  2.330
 56    18.030 54179.03544676 12.18 159.630374  68.566189  2.330
 56    20.118 54179.03544741 12.24 159.626474  68.563159  2.330
 57     5.676 54214.03545852 12.18 159.664027  68.576401  2.302
 57     5.434 54214.03545917 11.70 159.660127  68.573381  2.302
 57     8.235 54214.03545981 11.53 159.656217  68.570341  2.302
 57    11.926 54214.03546045 11.54 159.652317  68.567311  2.302
 57    19.394 54214.03546110 10.80 159.648407  68.564281  2.302
 57    20.426 54214.03546174 11.25 159.644513  68.561250  2.616
 58     6.474 54249.03548649 51.61 159.660867  68.576225 51.470
 58     6.473 54249.03548713 55.42 159.656967  68.573195 51.470
 58     6.477 54249.03548777 51.34 159.653067  68.570165 51.470
 58     6.521 54249.03548842 54.39 159.649157  68.567135 51.470
 58     6.594 54249.03548906 51.08 159.645257  68.564105 51.470
 58     6.639 54249.03548971 51.86 159.641353  68.561081 25.957
 59     5.607 54284.03549506 13.67 159.654936  68.574606 18.987
 59     4.872 54284.03549570 12.90 159.651036  68.571576 18.987
 59    15.681 54284.03549635 12.59 159.647136  68.568546 18.987
 59    17.476 54284.03549699 12.20 159.643226  68.565516 18.987
 59     6.122 54284.03549764 13.47 159.639326  68.562486 18.987
 60     0.850 54319.03549221 31.87 159.657540  68.576745 35.470
 60     0.842 54319.03549286 26.70 159.653630  68.573715 35.470
 60     0.891 54319.03549350 47.07 159.649730  68.570685 35.470
 60     0.964 54319.03549415 51.34 159.645830  68.567655 35.470
 60     0.593 54319.03549479 35.76 159.641930  68.564625 35.470
 60     0.945 54319.03549544 35.32 159.638030  68.561595 35.470
 61     5.539 54354.03545606 19.83 159.647605  68.577708 30.873
 61     5.312 54354.03545670 15.07 159.643705  68.574678 30.873
 61     4.780 54354.03545735 14.57 159.639805  68.571648 30.873
 61     5.320 54354.03545799 15.79 159.635905  68.568618 30.873
 61     6.067 54354.03545864 17.07 159.632005  68.565588 30.873
 61     6.245 54354.03545928 22.89 159.628105  68.562558 30.873
 62     0.266 54389.03543227 38.56 159.661341  68.576731 19.577
 62     0.198 54389.03543291 43.15 159.657441  68.573701 19.577
 62     0.267 54389.03543355 43.90 159.653541  68.570671 19.577
 62     0.230 54389.03543420 45.17 159.649631  68.567641 19.577
 62     0.239 54389.03543484 47.19 159.645731  68.564611 19.577
 62     0.265 54389.03543549 42.64 159.641831  68.561581 19.577
 63     5.071 54424.03540635 22.57 159.649481  68.575450  3.713
 63     4.248 54424.03540700 22.01 159.645581  68.572420  3.713
 63     2.939 54424.03540764 22.06 159.641681  68.569390  3.713
 63    19.208 54424.03540829 22.12 159.637781  68.566360  3.713
 63    19.959 54424.03540893 20.66 159.633881  68.563330  3.713
 64     7.037 54459.03540779 15.40 159.667058  68.573536  2.352
 64     9.508 54459.03540843 15.52 159.663158  68.570506  2.352
 64    15.908 54459.03540907 15.20 159.659258  68.567486  2.352
 64    20.511 54459.03540972 15.09 159.655348  68.564446  2.352
 64    22.215 54459.03541036 15.09 159.651448  68.561416  2.352
 64    22.640 54459.03541101 15.01 159.647548  68.558386  2.352
 65     5.599 54494.03541024 14.82 159.653134  68.577524  2.496
 65    11.777 54494.03541089 14.69 159.649234  68.574494  2.496
 65    14.231 54494.03541153 14.29 159.645334  68.571464  2.496
 65    15.474 54494.03541218 14.49 159.641424  68.568434  2.496
 65    19.984 54494.03541282 14.13 159.637524  68.565404  2.496
 65    20.980 54494.03541347 14.23 159.633624  68.562374  2.496
 66     5.851 54529.03542040 13.90 159.665463  68.574994  2.288
 66     8.079 54529.03542105 14.24 159.661553  68.571954  2.288
 66    14.348 54529.03542169 14.32 159.657653  68.568934  2.288
 66    16.710 54529.03542234 13.86 159.653751  68.565896  2.581
 66    19.837 54529.03542298 13.41 159.649851  68.562866  2.581
 66    22.330 54529.03542363 13.55 159.645951  68.559836  2.581
 67     9.247 54564.03541761 13.39 159.644729  68.576797  2.278
 67     4.548 54564.03541825 14.04 159.640829  68.573767  2.278
 67    13.223 54564.03541890 13.16 159.636919  68.570737  2.278
 67    16.160 54564.03541954 13.70 159.633019  68.567707  2.278
 67    19.230 54564.03542019 13.16 159.629126  68.564677  2.645
 67    20.791 54564.03542083 12.78 159.625226  68.561647  2.645
 68     5.431 54599.03541578  9.83 159.659443  68.576231  5.320
 68     5.066 54599.03541642  7.76 159.655543  68.573191  5.320
 68     4.000 54599.03541707  8.30 159.651643  68.570161  5.320
 68     3.052 54599.03541771  8.64 159.647733  68.567131  5.320
 68     5.432 54599.03541835  8.62 159.643836  68.564108  5.636
 68     6.141 54599.03541900  8.88 159.639936  68.561068  5.636
 69     5.494 54634.03542857 34.34 159.657822  68.576852 29.226
 69     5.362 54634.03542922 19.09 159.653922  68.573812 29.226
 69     4.649 54634.03542986 17.24 159.650022  68.570782 29.226
 69     4.393 54634.03543051 17.80 159.646112  68.567752 29.226
 69     5.876 54634.03543115 16.80 159.642217  68.564721 24.920
 69     6.277 54634.03543180 20.79 159.638317  68.561691 24.920
 70     5.597 54669.03543344 15.65 159.655401  68.577319 22.022
 70     1.156 54669.03543408 18.67 159.651491  68.574289 22.022
 70     3.838 54669.03543473 15.25 159.647591  68.571259 22.022
 70     4.295 54669.03543537 14.82 159.643691  68.568229 22.022
 70     1.741 54669.03543602 17.28 159.639782  68.565205 14.258
 70     6.244 54669.03543666 16.46 159.635882  68.562165 14.258
 71     1.123 54704.03539776 21.77 159.649302  68.576950 21.451
 71     1.145 54704.03539841 20.37 159.645392  68.573920 21.451
 71     0.772 54704.03539905 21.87 159.641492  68.570890 21.451
 71     1.065 54704.03539970 21.88 159.637592  68.567860 21.451
 71     1.422 54704.03540034 19.71 159.633692  68.564830 21.451
 71     6.059 54704.03540098 19.28 159.629789  68.561800 13.085
 72     1.130 54739.03539600 27.25 159.663650  68.573828 32.115
 72     0.872 54739.03539665 17.65 159.659750  68.570798 32.115
 72     1.059 54739.03539729 17.07 159.655840  68.567768 32.115
 72     1.500 54739.03539793 14.65 159.651942  68.564731 25.379
 72     1.196 54739.03539858 20.28 159.648042  68.561701 25.379
 72     1.310 54739.03539922 26.05 159.644132  68.558671 25.379
 73     5.041 54774.03537895 26.33 159.652854  68.577115  6.223
 73     0.430 54774.03537959 28.52 159.648954  68.574085  6.223
 73     0.461 54774.03538024 29.42 159.645054  68.571055  6.223
 73     0.425 54774.03538088 31.06 159.641154  68.568025  6.223
 73     0.473 54774.03538153 30.43 159.637253  68.565001  5.383
 73     0.492 54774.03538217 29.77 159.633353  68.561971  5.383
 74     5.283 54809.03538934 20.89 159.667411  68.574318  3.339
 74     4.046 54809.03538999 21.25 159.663511  68.571288  3.339
 74    10.793 54809.03539063 20.39 159.659601  68.568258  3.339
 74    12.319 54809.03539128 20.50 159.655706  68.565222  3.898
 74    18.061 54809.03539192 20.18 159.651796  68.562192  3.898
 74    19.899 54809.03539257 20.26 159.647896  68.559162  3.898
 75     5.254 54844.03537697 16.87 159.652288  68.576349  2.228
 75     4.287 54844.03537762 17.05 159.648388  68.573319  2.228
 75     3.895 54844.03537826 16.63 159.644488  68.570289  2.228
 75    15.743 54844.03537891 16.32 159.640588  68.567259  2.228
 75    16.843 54844.03537955 16.16 159.636686  68.564234  2.879
 75    21.112 54844.03538020 15.85 159.632786  68.561204  2.879
 76     5.392 54879.03539226 16.63 159.662300  68.577077  2.462
 76     5.030 54879.03539291 17.16 159.658390  68.574047  2.462
 76     4.178 54879.03539355 16.46 159.654490  68.571017  2.462
 76     3.482 54879.03539420 15.99 159.650583  68.567981  2.559
 76    12.182 54879.03539484 15.85 159.646683  68.564951  2.559
 76    18.277 54879.03539549 15.04 159.642783  68.561921  2.559
 77     4.924 54914.03538119 13.59 159.644891  68.577370  2.166
 77     4.648 54914.03538183 13.09 159.640981  68.574340  2.166
 77     4.172 54914.03538248 13.55 159.637081  68.571310  2.166
 77    14.056 54914.03538312 13.34 159.633181  68.568280  2.166
 77    17.613 54914.03538377 12.79 159.629282  68.565252  2.671
 77    20.631 54914.03538441 12.79 159.625382  68.562222  2.671
 78     5.239 54949.03538463 14.61 159.660382  68.575829  2.167
 78     4.304 54949.03538527 14.33 159.656480  68.572792  2.322
 78     3.434 54949.03538592 14.42 159.652570  68.569762  2.322
 78     3.265 54949.03538656 13.72 159.648670  68.566732  2.322
 78    18.758 54949.03538721 13.39 159.644770  68.563702  2.322
 78    19.643 54949.03538785 13.42 159.640870  68.560672  2.322
 79     4.439 54984.03541019 37.88 159.655558  68.574588 29.236
 79     4.160 54984.03541083 24.17 159.651648  68.571558 29.236
 79     3.745 54984.03541148 23.48 159.647748  68.568528 29.236
 79     3.922 54984.03541212 21.23 159.643844  68.565506 24.696
 79     5.973 54984.03541277 22.13 159.639944  68.562466 24.696
 79     6.276 54984.03541341 29.21 159.636044  68.559436 24.696
 80     0.762 55019.03540648 27.73 159.657476  68.576185 21.420
 80     0.795 55019.03540712 22.28 159.653566  68.573155 21.420
 80     0.325 55019.03540777 19.56 159.649666  68.570125 21.420
 80     0.489 55019.03540841 20.52 159.645766  68.567095 21.420
 80     0.965 55019.03540906 18.64 159.641860  68.564072 28.508
 80     0.687 55019.03540970 23.34 159.637960  68.561032 28.508
 81     4.721 55054.03540255 18.62 159.654297  68.575886 19.708
 81     0.684 55054.03540319 17.92 159.650397  68.572856 19.708
 81     0.419 55054.03540384 19.94 159.646487  68.569826 19.708
 81     0.575 55054.03540448 19.35 159.642587  68.566796 19.708
 81     1.005 55054.03540513 20.03 159.638690  68.563770 24.753
 81     6.312 55054.03540577 22.67 159.634790  68.560740 24.753
 82     2.905 55089.03536337 37.90 159.646058  68.578024 24.627
 82     2.556 55089.03536402 26.44 159.642148  68.574994 24.627
 82     2.515 55089.03536466 23.53 159.638248  68.571964 24.627
 82     2.476 55089.03536531 23.96 159.634348  68.568934 24.627
 82     2.748 55089.03536595 22.38 159.630448  68.565904 24.627
 82     2.978 55089.03536660 31.81 159.626547  68.562874 10.705
 83     5.003 55124.03533937 26.74 159.663545  68.575595  9.430
 83     4.189 55124.03534001 28.72 159.659645  68.572565  9.430
 83    -0.172 55124.03534066 31.92 159.655735  68.569535  9.430
 83     1.554 55124.03534130 30.03 159.651835  68.566498 11.899
 83     1.191 55124.03534195 29.98 159.647935  68.563468 11.899
 83    -0.124 55124.03534259 28.95 159.644035  68.560438 11.899
 84     4.646 55159.03532485 21.83 159.647500  68.575262  3.607
 84     3.807 55159.03532550 21.60 159.643590  68.572232  3.607
 84     2.471 55159.03532614 22.16 159.639690  68.569202  3.607
 84     2.553 55159.03532679 21.29 159.635790  68.566172  3.607
 84    15.258 55159.03532743 20.66 159.631892  68.563146  3.495
 85     4.822 55194.03532901 17.83 159.669348  68.576118  2.850
 85     4.443 55194.03532965 17.61 159.665438  68.573088  2.850
 85    10.259 55194.03533030 17.59 159.661528  68.570058  2.850
 85    12.671 55194.03533094 16.54 159.657628  68.567028  2.850
 85    14.576 55194.03533158 16.83 159.653723  68.563991  2.911
 85    19.106 55194.03533223 16.45 159.649823  68.560961  2.911
 86     5.336 55229.03532639 16.01 159.648296  68.578057  2.600
 86    10.556 55229.03532703 15.48 159.644396  68.575027  2.600
 86    13.571 55229.03532768 15.54 159.640496  68.571997  2.600
 86    17.109 55229.03532832 15.27 159.636596  68.568967  2.600
 86    18.735 55229.03532897 15.26 159.632689  68.565942  2.920
 86    20.529 55229.03532961 15.22 159.628799  68.562902  2.920
 87     5.112 55264.03532463 15.76 159.660901  68.576222  2.538
 87     7.352 55264.03532527 15.13 159.657001  68.573192  2.538
 87    13.336 55264.03532592 15.42 159.653101  68.570162  2.538
 87    15.961 55264.03532656 15.34 159.649196  68.567124  2.774
 87    18.053 55264.03532721 14.84 159.645286  68.564094  2.774
 87    20.485 55264.03532785 14.72 159.641386  68.561064  2.774
 88     5.848 55299.03530941 14.61 159.648222  68.577664  2.305
 88    11.241 55299.03531005 14.36 159.644322  68.574634  2.305
 88    13.383 55299.03531069 14.10 159.640422  68.571604  2.305
 88    16.048 55299.03531134 14.31 159.636522  68.568574  2.305
 88    18.385 55299.03531198 13.99 159.632622  68.565544  2.305
 88    20.229 55299.03531263 14.22 159.628717  68.562513  2.925
 89     0.610 55334.03530256 28.21 159.653017  68.575748 25.025
 89     0.120 55334.03530321 28.89 159.649117  68.572718 25.025
 89     0.128 55334.03530385 29.94 159.645207  68.569688 25.025
 89     0.231 55334.03530450 27.85 159.641307  68.566658 25.025
 89     0.508 55334.03530514 26.03 159.637409  68.563632 14.096
 89     6.413 55334.03530579 28.19 159.633509  68.560602 14.096
 90     1.785 55369.03529374 30.32 159.655661  68.576745 22.142
 90     1.550 55369.03529439 22.45 159.651761  68.573715 22.142
 90     4.462 55369.03529503 15.41 159.647851  68.570685 22.142
 90     4.686 55369.03529567 15.10 159.643951  68.567655 22.142
 90     5.745 55369.03529632 17.50 159.640049  68.564632 19.232
 90     6.415 55369.03529696 19.30 159.636149  68.561592 19.232
 91     0.295 55404.03531016 39.68 159.665910  68.575514 28.582
 91     0.273 55404.03531081 26.51 159.662000  68.572484 28.582
 91    -0.029 55404.03531145 22.88 159.658100  68.569444 28.582
 91     0.212 55404.03531210 24.00 159.654200  68.566424 28.582
 91     0.429 55404.03531274 25.25 159.650289  68.563385 26.310
 91     0.541 55404.03531339 29.21 159.646389  68.560355 26.310
 92     4.908 55439.03531224 12.90 159.652167  68.575233 20.207
 92     4.342 55439.03531288 13.88 159.648267  68.572203 20.207
 92     2.324 55439.03531353 17.33 159.644367  68.569173 20.207
 92     2.376 55439.03531417 16.02 159.640467  68.566143 20.207
 92     5.720 55439.03531481 17.01 159.636560  68.563116 18.532
 92     6.108 55439.03531546 22.23 159.632670  68.560086 18.532
 93     5.095 55474.03525918 28.01 159.644068  68.576351 24.347
 93     4.707 55474.03525982 22.89 159.640168  68.573321 24.347
 93     3.630 55474.03526047 21.72 159.636268  68.570291 24.347
 93     2.916 55474.03526111 21.17 159.632368  68.567261 24.347
 93     2.194 55474.03526176 21.92 159.628468  68.564231 24.347
