-120213.557   282.091     0.00   21.12
-119836.123   297.421    40.61   23.96
-119458.607   318.462    55.73   22.13
-119081.011   335.276    44.53   23.40
-118703.334   345.677    27.54   19.50
-118325.576   343.709    -5.21   21.93
-117947.737   336.887   -18.05   28.79
-117569.816   325.511   -30.10   32.50
-117191.815   323.633    -4.97   35.92
-116813.732   325.646     5.32   41.36
-116435.567   327.688     5.40   47.38
-116057.322   320.151   -19.92   52.78
-115678.995   296.879   -61.51   49.21
-115300.586   274.593   -58.89   37.11
-114922.096   262.336   -32.38   20.84
-114543.524   265.309     7.85   20.44
-114164.871   281.160    41.86   29.48
-113786.136   303.751    59.64   37.40
-113407.319   324.025    53.51   43.47
-113028.421   338.004    36.89   43.64
-112649.440   346.112    21.39   42.82
-112270.378   350.730    12.18   42.13
-111891.234   352.139     3.72   41.11
-111512.008   348.792    -8.83   35.89
-111132.699   342.743   -15.95   26.77
-110753.309   334.909   -20.65   19.10
-110373.836   328.121   -17.89   14.73
-109994.282   324.457    -9.65   12.73
-109614.644   327.699     8.54   14.07
-109234.925   343.163    40.72   24.86
-108855.123   362.763    51.60   29.30
-108475.239   383.090    53.50   27.92
-108095.273   404.665    56.78   30.76
-107715.223   418.136    35.44   36.59
-107335.092   429.485    29.85   40.59
-106954.877   432.316     7.44   35.70
-106574.580   430.032    -6.00   30.12
-106194.200   433.214     8.37   29.08
-105813.738   436.765     9.33   31.08
-105433.192   438.076     3.44   31.28
-105052.564   432.742   -14.01   25.91
-104671.853   427.915   -12.68   22.29
-104291.058   429.210     3.40   33.16
-103910.181   436.804    19.94   49.09
-103529.220   440.960    10.91   57.42
-103148.177   429.551   -29.94   59.37
-102777.858   408.976   -55.56   51.34
-102412.534   389.523   -53.24   37.53
-102047.134   377.251   -33.58   22.68
-101681.659   376.949    -0.83   16.63
-101316.109   381.604    12.73   15.28
-100950.483   378.656    -8.06   15.36
-100584.781   370.288   -22.88   18.78
-100219.004   357.996   -33.60   17.98
 -99853.152   350.018   -21.81   16.31
 -99487.224   346.765    -8.89   17.33
 -99121.220   346.039    -1.98   19.77
 -98755.140   345.341    -1.91   19.96
 -98388.985   341.876    -9.46   17.06
 -98022.754   340.592    -3.50   13.53
 -97656.447   344.279    10.06   11.73
 -97290.064   347.542     8.91   11.82
 -96923.605   348.721     3.22   12.44
 -96557.070   346.042    -7.31   15.32
 -96190.459   334.935   -30.29   21.75
 -95823.771   316.604   -49.99   27.25
 -95457.008   295.520   -57.48   28.86
 -95090.169   274.657   -56.87   26.49
 -94723.253   259.792   -40.51   20.66
 -94356.261   255.199   -12.52   17.10
 -93989.192   261.121    16.13   22.13
 -93622.047   277.576    44.82   26.35
 -93254.826   294.136    45.09   22.69
 -92887.528   303.166    24.58   18.71
 -92520.154   298.772   -11.96   20.51
 -92152.703   288.496   -27.96   22.02
 -91785.175   274.933   -36.90   21.57
 -91417.571   260.425   -39.46   24.54
 -91049.890   242.742   -48.09   26.96
 -90682.132   224.441   -49.76   27.14
 -90314.298   205.199   -52.31   24.92
 -89946.386   196.315   -24.15   19.65
 -89578.398   197.486     3.18   20.56
 -89210.332   212.668    41.25   31.12
 -88842.190   235.965    63.28   36.41
 -88473.971   262.894    73.13   38.44
 -88105.674   279.115    44.04   37.20
 -87737.300   287.645    23.15   38.04
 -87368.849   288.193     1.49   38.26
 -87000.321   289.339     3.11   35.32
 -86631.716   296.224    18.68   32.35
 -86263.033   304.565    22.62   23.47
 -85894.273   304.865     0.81   18.38
 -85525.435   296.532   -22.59   23.74
 -85156.520   279.324   -46.64   29.97
 -84787.527   258.848   -55.49   29.72
 -84418.457   236.974   -59.26   24.59
 -84049.309   220.459   -44.74   17.00
 -83680.083   207.258   -35.75   13.17
 -83310.780   200.781   -17.54   11.65
 -82941.399   197.199    -9.70    9.30
 -82571.940   196.063    -3.07   10.42
 -82202.403   193.221    -7.69   12.74
 -81832.788   190.574    -7.16   10.26
 -81463.095   193.094     6.82   12.34
 -81093.324   201.365    22.37   14.81
 -80723.475   210.922    25.84   11.96
 -80353.548   217.321    17.30    9.66
 -79983.543   220.719     9.18   12.24
 -79613.459   223.613     7.82   14.99
 -79243.298   226.420     7.58   16.36
 -78873.057   231.608    14.01   15.23
 -78502.739   235.472    10.43   13.15
 -78132.342   238.965     9.43    9.86
 -77761.867   242.492     9.52    9.17
 -77391.313   249.014    17.60   12.54
 -77020.680   258.008    24.26   13.84
 -76649.969   264.688    18.02   10.58
 -76279.180   261.995    -7.26   14.64
 -75908.311   253.094   -24.00   22.25
 -75537.364   233.114   -53.86   25.84
 -75166.338   214.084   -51.29   23.19
 -74795.233   196.046   -48.60   18.97
 -74424.049   185.515   -28.37   18.77
 -74052.786   179.525   -16.13   18.75
 -73681.444   180.577     2.83   19.38
 -73310.023   184.329    10.10   16.43
 -72938.523   188.597    11.49   14.16
 -72566.944   191.656     8.23   14.21
 -72195.286   193.554     5.11   14.69
 -71823.548   194.299     2.00   12.57
 -71451.731   192.480    -4.89   12.06
 -71079.834   191.607    -2.35   12.19
 -70707.859   191.145    -1.24    9.81
 -70335.803   189.544    -4.30    9.75
 -69963.669   189.188    -0.96   12.89
 -69591.454   190.605     3.81   15.56
 -69219.160   191.383     2.09   18.72
 -68846.786   191.803     1.13   20.95
 -68474.333   187.599   -11.29   24.95
 -68101.800   186.802    -2.14   29.28
 -67729.187   184.602    -5.90   30.25
 -67356.494   181.136    -9.30   26.05
 -66983.721   176.969   -11.18   23.32
 -66610.868   173.771    -8.58   22.77
 -66237.936   168.214   -14.90   24.42
 -65864.923   162.292   -15.88   25.73
 -65491.830   155.407   -18.45   25.59
 -65118.656   147.657   -20.77   22.50
 -64745.403   140.136   -20.15   19.45
 -64372.069   133.996   -16.44   16.66
 -63998.655   128.011   -16.03   13.91
 -63625.161   122.209   -15.53   11.10
 -63251.586   115.852   -17.02    7.65
 -62877.930   110.127   -15.32    7.94
 -62504.195   104.443   -15.21    8.53
 -62130.378    98.476   -15.96    9.33
 -61756.481    92.209   -16.76    8.18
 -61382.503    86.818   -14.41    7.01
 -61008.444    80.894   -15.84    9.20
 -60634.305    75.253   -15.08    8.99
 -60260.085    71.464   -10.12    6.76
 -59885.784    70.762    -1.88    5.25
 -59511.402    74.464     9.89    4.95
 -59136.938    78.515    10.82    5.06
 -58762.394    80.084     4.19    4.14
 -58387.769    79.317    -2.05    5.21
 -58013.063    78.158    -3.09    6.10
 -57638.275    77.596    -1.50    6.56
 -57263.406    77.730     0.36    7.10
 -56888.456    77.699    -0.08    6.79
 -56513.424    74.193    -9.35    8.34
 -56138.311    70.244   -10.53    9.83
 -55763.117    65.720   -12.06    9.43
 -55387.841    61.423   -11.45    7.45
 -55012.483    59.127    -6.12    6.29
 -54637.044    57.657    -3.91    5.78
 -54261.523    56.171    -3.96    5.21
 -53885.920    55.464    -1.88    4.45
 -53510.236    54.220    -3.31    5.48
 -53134.470    52.517    -4.53    5.73
 -52758.621    49.986    -6.73    6.42
 -52382.691    48.936    -2.79    7.41
 -52006.679    53.838    13.04   14.46
 -51630.585    68.668    39.43   28.68
 -51254.409    80.379    31.13   31.65
 -50878.150    86.751    16.93   30.63
 -50501.810    82.257   -11.94   31.04
 -50125.387    75.977   -16.68   27.48
 -49748.881    78.214     5.94   33.59
 -49372.294    93.008    39.28   46.18
 -48995.624   100.586    20.12   49.51
 -48618.871   103.782     8.48   47.29
 -48242.036    96.740   -18.69   37.26
 -47865.119    92.637   -10.88   24.87
 -47488.118    95.760     8.28   22.96
 -47111.035   111.063    40.58   27.19
 -46733.870   128.229    45.51   28.36
 -46356.621   150.046    57.83   29.34
 -45979.290   164.750    38.97   28.32
 -45601.875   171.917    18.99   30.48
 -45224.378   166.617   -14.04   41.35
 -44846.798   148.351   -48.38   49.80
 -44469.135   128.270   -53.17   44.11
 -44091.388   113.773   -38.38   32.25
 -43713.558   108.995   -12.65   22.75
 -43335.646   113.741    12.56   19.87
 -42957.649   125.729    31.71   24.42
 -42579.570   142.742    45.00   27.05
 -42201.407   167.260    64.83   34.14
 -41823.161   188.144    55.21   34.93
 -41444.831   213.355    66.64   40.75
 -41066.417   241.459    74.27   40.41
 -40687.920   270.505    76.74   43.04
 -40309.340   289.818    51.01   31.09
 -39930.675   296.554    17.79   33.43
 -39551.927   295.275    -3.38   42.13
 -39173.095   293.062    -5.84   45.62
 -38794.179   289.851    -8.48   46.99
 -38415.179   270.781   -50.31   43.88
 -38036.095   244.329   -69.78   39.58
 -37656.928   218.779   -67.38   33.09
 -37277.676   196.373   -59.08   28.47
 -36898.339   175.309   -55.53   25.70
 -36518.919   156.807   -48.76   22.01
 -36139.414   140.239   -43.66   18.25
 -35759.825   127.622   -33.24   12.52
 -35380.152   128.779     3.05   18.97
 -35000.394   135.144    16.76   27.14
 -34620.552   146.760    30.58   32.58
 -34240.625   158.446    30.76   33.94
 -33860.614   162.400    10.40   32.11
 -33480.517   172.025    25.32   28.13
 -33100.337   185.335    35.01   27.32
 -32720.071   204.220    49.66   26.95
 -32339.720   227.297    60.67   33.49
 -31959.285   256.000    75.45   34.79
 -31578.765   285.005    76.22   38.62
 -31198.160   316.286    82.19   33.75
 -30817.469   336.059    51.94   26.40
 -30436.694   344.427    21.98   18.72
 -30055.833   334.760   -25.38   26.87
 -29674.887   317.242   -45.98   36.52
 -29293.856   303.489   -36.09   45.33
 -28912.740   296.405   -18.59   50.10
 -28531.538   302.149    15.07   45.78
 -28155.590   307.785    14.99   33.90
 -27790.500   302.628   -14.12   26.17
 -27425.332   288.605   -38.40   31.17
 -27060.088   265.843   -62.32   32.06
 -26694.766   246.331   -53.41   28.40
 -26329.368   235.451   -29.78   25.68
 -25963.891   234.219    -3.37   24.51
 -25598.338   241.362    19.54   20.31
 -25232.707   247.882    17.83   16.89
 -24866.999   251.719    10.49   12.78
 -24501.213   243.668   -22.01   21.72
 -24135.350   227.444   -44.35   30.59
 -23769.410   200.132   -74.63   33.47
 -23403.391   175.234   -68.02   32.25
 -23037.295   149.449   -70.43   22.39
 -22671.121   131.850   -48.06   17.60
 -22304.870   118.634   -36.08   12.76
 -21938.541   107.239   -31.10   11.16
 -21572.133   100.250   -19.08    9.63
 -21205.648    96.094   -11.34    8.83
 -20839.085    93.730    -6.45   10.38
 -20472.444    88.242   -14.97   12.57
 -20105.725    80.537   -21.01   11.88
 -19738.928    75.578   -13.52    8.79
 -19372.053    77.556     5.39   13.21
 -19005.099    82.199    12.65   15.45
 -18638.067    88.615    17.48   14.23
 -18270.957    96.586    21.71   14.38
 -17903.769   107.294    29.16   15.62
 -17536.502   121.981    39.99   20.62
 -17169.156   141.225    52.39   21.88
 -16801.732   162.549    58.03   24.81
 -16434.230   180.245    48.15   21.05
 -16066.649   190.967    29.17   13.17
 -15698.989   191.547     1.58   11.82
 -15331.251   184.239   -19.87   15.39
 -14963.434   174.709   -25.91   15.37
 -14595.538   167.273   -20.21   16.71
 -14227.563   159.739   -20.47   17.35
 -13859.509   151.903   -21.29   18.29
 -13491.377   143.235   -23.55   16.06
 -13123.165   133.240   -27.14   14.43
 -12754.874   118.229   -40.76   18.52
 -12386.505   104.260   -37.92   19.76
 -12018.056    95.032   -25.05   13.31
 -11649.528    93.269    -4.78   10.86
 -11280.920    97.860    12.46   11.46
 -10912.233   101.829    10.76   10.32
 -10543.467   105.231     9.23   10.55
 -10174.622   110.009    12.95   11.10
  -9805.697   116.303    17.06   11.67
  -9436.692   124.790    23.00   11.06
  -9067.608   133.250    22.92   12.44
  -8698.445   141.864    23.33   11.71
  -8329.201   146.760    13.26    9.75
  -7959.878   147.688     2.51   11.35
  -7590.475   145.586    -5.69   16.87
  -7220.993   139.279   -17.07   20.39
  -6851.430   132.345   -18.76   18.75
  -6481.788   122.668   -26.18   18.72
  -6112.066   110.499   -32.91   20.47
  -5742.263    97.152   -36.09   18.95
  -5372.381    85.678   -31.02   13.72
  -5002.418    81.759   -10.59   13.22
  -4632.375    81.667    -0.25   15.40
  -4262.252    83.149     4.00   14.33
  -3892.049    84.112     2.60   11.64
  -3521.765    79.729   -11.84   11.63
  -3151.401    71.602   -21.94   14.03
  -2780.957    62.113   -25.62   15.47
  -2410.432    54.929   -19.39   14.33
  -2039.827    49.451   -14.78   14.52
  -1669.140    42.911   -17.64   17.89
  -1298.374    32.049   -29.29   22.53
   -927.526    19.409   -34.09   20.60
   -556.598     7.795   -31.31   14.24
   -185.589     1.249   -17.65    5.57
    185.501     1.699     1.21    4.16
    556.671     5.046     9.02    5.63
    927.923     8.057     8.11    4.86
   1299.256    10.476     6.52    2.15
   1670.669    10.406    -0.19    1.54
   2042.164     9.781    -1.68    1.10
   2413.740     9.860     0.21    0.89
   2785.397    10.056     0.53    0.96
   3157.136     9.979    -0.21    0.96
   3528.956     9.645    -0.90    1.03
   3900.857     9.309    -0.91    1.05
   4272.840     9.014    -0.79    0.77
   4644.904     8.567    -1.20    1.08
   5017.049     7.990    -1.55    1.54
   5389.277     6.649    -3.60    2.45
   5761.585     5.433    -3.26    2.59
   6133.976     4.022    -3.79    1.87
   6506.448     3.389    -1.70    1.33
   6879.002     2.921    -1.26    1.04
   7251.638     2.989     0.18    1.29
   7624.356     3.151     0.44    1.45
   7997.156     3.305     0.41    1.49
   8370.038     3.764     1.23    1.59
   8743.002     4.359     1.59    1.53
   9116.048     4.135    -0.60    1.46
   9489.176     3.941    -0.52    1.57
   9862.387     3.454    -1.31    1.46
  10235.679     3.608     0.41    1.42
  10609.054     3.574    -0.09    1.84
  10982.512     3.189    -1.03    2.22
  11356.052     2.359    -2.22    2.29
  11729.674     1.307    -2.82    1.76
  12103.379     0.628    -1.82    0.96
  12477.167     0.168    -1.23    0.95
  12851.037    -0.141    -0.83    1.04
  13224.990     0.204     0.92    1.29
  13599.026     0.345     0.38    1.27
  13973.144     0.731     1.03    1.46
  14347.346     1.149     1.12    1.36
  14721.630     1.782     1.69    1.57
  15095.997     2.072     0.78    1.53
  15470.448     2.457     1.03    1.52
  15844.981     4.089     4.36    3.24
  16219.598     6.188     5.60    4.68
  16594.297     9.527     8.91    5.15
  16969.081    12.289     7.37    3.95
  17343.947    14.179     5.04    1.96
  17718.897    14.466     0.77    1.48
  18093.930    14.497     0.08    1.63
  18469.047    14.322    -0.46    1.39
  18844.247    14.729     1.08    1.72
  19219.530    14.609    -0.32    1.70
  19594.898    15.029     1.12    2.35
  19970.349    18.055     8.06    5.72
  20345.884    21.496     9.16    6.86
  20721.503    22.619     2.99    7.00
  21097.205    23.862     3.31    6.62
  21472.992    25.411     4.12    7.00
  21848.862    27.320     5.08    5.84
  22224.816    28.419     2.92    4.05
  22600.855    26.936    -3.94    3.88
  22976.978    25.287    -4.38    3.04
  23353.185    23.348    -5.15    2.77
  23729.476    21.659    -4.49    3.66
  24105.851    19.234    -6.44    4.29
  24482.311    16.396    -7.54    4.68
  24858.855    14.739    -4.40    3.70
  25235.484    13.327    -3.75    3.46
  25612.197    11.819    -4.01    3.05
  25988.995    11.022    -2.11    3.00
  26365.878    10.426    -1.58    3.06
  26742.845    10.668     0.64    2.91
  27119.897    11.199     1.41    2.96
  27497.034    12.454     3.33    2.58
  27874.255    13.839     3.67    2.55
  28251.562    15.193     3.59    2.80
  28628.953    14.779    -1.10    4.28
  29006.430    12.514    -6.00    6.47
  29383.992     8.329   -11.09    6.77
  29761.638     4.032   -11.38    3.67
  30139.371     3.239    -2.10    2.00
  30517.188     5.590     6.22    4.94
  30895.090     9.429    10.16    6.50
  31273.079    13.431    10.59    6.03
  31651.152    15.799     6.26    3.72
  32029.311    17.509     4.52    4.73
  32407.555    20.769     8.62    6.95
  32785.886    26.173    14.28    7.89
  33164.301    32.769    17.43    7.96
  33542.803    37.870    13.48    5.97
  33921.390    39.959     5.52    4.22
  34300.063    39.780    -0.47    4.89
  34678.822    39.299    -1.27    5.54
  35057.667    38.284    -2.68    5.26
  35436.598    38.517     0.61    5.26
  35815.615    39.289     2.04    5.29
  36194.719    39.214    -0.20    4.39
  36573.908    39.089    -0.33    3.89
  36953.184    39.179     0.24    3.00
  37332.546    41.809     6.93    4.80
  37711.994    47.235    14.30    7.19
  38091.529    51.580    11.45    6.52
  38471.150    52.629     2.76    5.62
  38850.857    51.009    -4.27    6.08
  39230.652    48.325    -7.07    4.63
  39610.533    48.332     0.02    4.83
  39990.500    49.598     3.33    4.86
  40370.555    50.124     1.39    4.73
  40750.696    48.760    -3.59    4.30
  41130.924    48.877     0.31    4.23
  41511.239    48.413    -1.22    4.14
  41891.641    45.895    -6.62    5.06
  42272.131    43.127    -7.27    5.52
  42652.707    40.303    -7.42    4.63
  43033.370    37.903    -6.30    0.97
  43414.121    37.699    -0.54    0.00
  43794.959    37.699     0.00    0.00
  44175.884    37.699     0.00    0.00
  44556.897    38.444     1.96    2.56
  44937.997    41.159     7.12    5.23
  45319.185    45.168    10.52    6.32
  45700.460    48.223     8.01    4.99
  46081.823    49.264     2.73    3.56
  46463.274    48.372    -2.34    3.79
  46828.694    47.753    -1.69    3.88
  47193.622    46.806    -2.59    3.94
  47558.628    46.352    -1.25    4.49
  47923.714    44.491    -5.10    5.41
  48288.878    42.409    -5.70    5.47
  48654.122    40.199    -6.05    3.91
  49019.444    39.223    -2.67    2.10
  49384.846    39.005    -0.60    0.46
  49750.327    39.273     0.73    0.50
  50115.887    39.517     0.67    0.39
  50481.527    39.699     0.50    0.00
  50847.246    39.699     0.00    0.00
  51213.044    39.517    -0.50    1.26
  51578.921    39.257    -0.71    3.99
  51944.879    40.514     3.43    6.93
  52310.915    41.369     2.34    8.75
  52677.032    41.426     0.16    8.84
  53043.228    40.243    -3.23    7.92
  53409.504    38.944    -3.55    6.31
  53775.859    38.014    -2.54    3.98
  54142.295    39.857     5.03    4.33
  54508.810    39.739    -0.32    5.09
  54875.405    37.399    -6.39    6.36
  55242.080    33.085   -11.77    8.86
  55608.835    25.969   -19.40    7.83
  55975.670    21.395   -12.47    7.32
  56342.586    16.840   -12.41    3.41
  56709.581    15.699    -3.11    0.00
  57076.657    15.699     0.00    0.00
  57443.813    15.699     0.00    0.00
  57811.050    16.678     2.67    3.58
  58178.366    19.837     8.60    6.90
  58545.764    22.309     6.73    7.31
  58913.241    24.803     6.79    6.80
  59280.800    27.748     8.01    6.01
  59648.439    29.739     5.42    4.04
  60016.158    29.669    -0.19    4.60
  60383.958    31.002     3.62    4.89
  60751.839    32.283     3.48    4.99
  61119.801    32.689     1.10    4.27
  61487.844    32.497    -0.52    3.59
  61855.967    31.395    -2.99    3.53
  62224.172    29.753    -4.46    3.37
  62592.458    29.659    -0.25    3.27
  62960.824    30.544     2.40    3.11
  63329.272    31.194     1.76    2.50
  63697.801    30.769    -1.15    2.66
  64066.411    28.829    -5.26    4.02
  64435.103    27.434    -3.78    4.57
  64803.876    27.204    -0.62    5.36
  65172.730    27.204    -0.00    6.08
  65541.665    27.699     1.34    7.00
  65910.683    27.218    -1.30    7.19
  66279.781    26.389    -2.25    5.96
  66648.962    24.253    -5.78    4.41
  67018.224    22.542    -4.63    3.41
  67387.567    21.474    -2.89    2.26
  67756.993    20.699    -2.10    0.00
  68126.500    20.699     0.00    0.00
  68496.089    20.699     0.00    0.00
  68865.761    20.699     0.00    0.00
  69235.514    20.699     0.00    0.00
  69605.349    20.897     0.54    1.10
  69975.266    22.570     4.52    3.79
  70345.265    24.552     5.36    5.07
  70715.347    26.916     6.39    6.03
  71085.511    28.326     3.81    5.35
  71455.757    30.286     5.29    4.47
  71826.086    30.404     0.32    4.31
  72196.496    28.472    -5.22    2.91
  72566.990    26.561    -5.16    3.16
  72937.566    25.303    -3.40    2.74
  73308.224    23.996    -3.53    2.37
  73678.965    23.542    -1.22    1.79
  74049.789    23.090    -1.22    1.55
  74420.696    22.669    -1.14    1.83
  74791.685    22.954     0.77    2.12
  75162.757    23.963     2.72    3.12
  75533.913    25.513     4.18    4.05
  75905.151    28.267     7.42    3.92
  76276.472    29.829     4.21    3.28
  76647.876    29.552    -0.75    3.56
  77019.363    28.473    -2.90    4.50
  77390.934    27.194    -3.44    4.57
  77762.588    27.071    -0.33    4.65
  78134.325    28.042     2.61    4.81
  78506.145    30.303     6.08    4.80
  78878.049    34.193    10.46    5.09
  79250.036    36.983     7.50    5.77
  79622.107    39.249     6.09    5.15
  79994.261    40.095     2.27    4.83
  80366.499    38.946    -3.09    5.21
  80738.821    36.559    -6.41    5.13
  81111.227    35.159    -3.76    4.44
  81483.716    33.305    -4.98    3.46
  81856.289    31.582    -4.62    4.40
  82228.946    31.730     0.40    4.52
  82601.687    33.134     3.77    4.78
  82974.512    34.454     3.54    5.16
  83347.421    36.610     5.78    4.78
  83720.414    36.189    -1.13    4.69
  84093.491    35.659    -1.42    4.32
  84466.653    36.025     0.98    3.85
  84839.899    34.897    -3.02    4.01
  85213.229    34.708    -0.50    5.28
  85586.644    34.224    -1.30    6.45
  85960.143    33.463    -2.04    6.25
  86333.727    32.824    -1.71    5.45
  86707.395    30.798    -5.42    5.62
  87081.148    27.617    -8.51    6.25
  87454.986    25.179    -6.52    5.64
  87828.908    22.759    -6.47    3.41
  88202.915    21.798    -2.57    0.73
  88577.007    23.689     5.06    4.24
  88951.184    26.852     8.46    5.62
  89325.446    29.424     6.87    5.05
  89699.793    30.239     2.18    4.98
  90074.225    27.630    -6.97    7.29
  90448.742    23.556   -10.88    7.86
  90823.345    21.929    -4.34    7.41
  91198.033    21.872    -0.15    7.13
  91572.806    24.864     7.98    6.95
  91947.664    28.358     9.32    4.55
  92322.608    29.522     3.10    2.23
  92697.637    29.274    -0.66    1.84
  93072.752    29.524     0.67    2.07
  93447.953    29.619     0.25    2.21
  93823.239    28.944    -1.80    2.82
  94198.611    27.748    -3.19    3.62
  94574.069    25.434    -6.16    4.05
  94949.612    23.996    -3.83    3.58
  95325.242    22.798    -3.19    2.55
  95700.957    22.175    -1.66    2.36
  96076.759    21.399    -2.07    2.23
  96452.646    20.833    -1.50    2.03
  96828.620    20.427    -1.08    1.70
  97204.680    20.495     0.18    1.69
  97580.826    20.280    -0.57    1.50
  97957.059    20.081    -0.53    1.26
  98333.378    20.379     0.79    1.89
  98709.783    20.583     0.54    1.95
  99086.275    21.019     1.16    2.10
  99462.853    20.493    -1.40    1.98
  99839.518    19.709    -2.08    1.96
 100216.269    19.218    -1.30    2.08
 100593.108    18.699    -1.38    2.00
 100970.033    18.184    -1.37    1.74
 101347.045    17.836    -0.92    1.44
 101724.144    17.569    -0.71    0.92
 102101.329    17.574     0.01    0.65
 102478.602    17.699     0.33    0.00
 102855.962    17.699     0.00    0.00
 103233.409    17.699     0.00    0.00
 103610.943    17.699     0.00    0.00
 103988.565    17.699     0.00    0.00
 104366.274    17.699     0.00    0.00
 104744.070    17.699     0.00    0.00
 105121.954    17.699     0.00    0.00
 105499.925    18.149     1.19    1.54
 105877.983    19.727     4.18    3.26
 106256.130    21.559     4.84    3.77
 106634.364    24.179     6.93    3.43
 107012.685    25.649     3.89    2.57
 107391.095    24.359    -3.41    4.38
 107769.592    22.451    -5.04    5.07
 108148.178    19.600    -7.53    4.64
 108526.851    17.854    -4.61    3.04
 108905.612    19.199     3.55    4.42
 109284.462    22.510     8.74    7.37
 109663.399    25.619     8.20    7.71
 110042.425    26.375     2.00    7.03
 110421.539    25.629    -1.97    7.35
 110800.742    23.631    -5.27    6.18
 111180.032    21.657    -5.20    3.89
 111559.412    21.252    -1.07    4.03
 111938.880    22.326     2.83    4.48
 112318.436    23.401     2.83    4.07
 112698.081    23.392    -0.02    3.68
 113077.815    21.621    -4.67    5.16
 113457.637    18.444    -8.37    4.49
 113837.549    16.603    -4.84    4.38
 114217.549    14.593    -5.29    2.92
 114597.638    13.699    -2.35    0.00
 114977.816    13.699     0.00    0.00
 115358.084    13.699     0.00    0.00
 115738.440    13.699     0.00    0.00
 116118.886    13.699     0.00    0.00
 116499.421    13.699     0.00    0.00
 116880.045    13.699     0.00    0.00
 117260.758    13.699     0.00    0.00
 117641.561    13.699     0.00    0.00
 118022.454    13.893     0.51    0.86
 118403.436    15.174     3.36    3.29
 118784.508    16.271     2.88    3.84
 119165.669    18.427     5.66    5.19
 119546.921    20.042     4.24    6.34
 119928.262    19.758    -0.74    6.97
 120309.693    18.514    -3.26    6.92
 120691.213    16.140    -6.22    4.54
 121072.824    14.854    -3.37    2.68
 121444.345    14.110    -2.00    1.66
 121809.031    13.727    -1.05    0.17
 122173.798    13.699    -0.08    0.00
 122538.646    13.699     0.00    0.00
 122903.575    13.699     0.00    0.00
 123268.584    13.708     0.03    0.10
 123633.674    13.699    -0.03    0.00
 123998.846    13.699     0.00    0.00
 124364.098    13.699     0.00    0.00
 124729.431    13.699     0.00    0.00
 125094.845    13.699     0.00    0.00
 125460.341    14.385     1.88    1.88
 125825.917    16.728     6.41    4.34
 126191.575    19.958     8.83    6.53
 126557.315    22.127     5.93    6.06
 126923.135    21.436    -1.89    5.52
 127289.037    19.747    -4.62    5.35
 127655.021    17.512    -6.11    3.35
 128021.086    16.339    -3.20    2.14
 128387.232    16.199    -0.38    2.96
 128753.461    15.972    -0.62    3.28
 129119.771    16.444     1.29    3.59
 129486.162    18.434     5.43    5.18
 129852.636    19.893     3.98    5.16
 130219.191    22.316     6.61    5.41
 130585.828    24.247     5.27    6.04
 130952.548    24.039    -0.57    6.28
 131319.349    23.199    -2.29    5.94
 131686.232    22.429    -2.10    5.19
 132053.198    20.660    -4.82    2.94
 132420.245    19.956    -1.92    3.75
 132787.375    19.532    -1.15    4.66
 133154.587    18.861    -1.83    5.42
 133521.882    17.719    -3.11    5.80
 133889.259    16.574    -3.12    5.55
 134256.718    15.877    -1.90    4.69
 134624.260    15.395    -1.31    3.88
 134991.884    17.902     6.82    6.93
 135359.592    22.179    11.63    7.90
 135727.381    26.068    10.57    7.82
 136095.254    30.372    11.70    5.73
 136463.209    28.519    -5.04    7.25
 136831.247    24.301   -11.46    9.30
 137199.368    18.934   -14.58    8.73
 137567.572    14.439   -12.21    4.81
 137935.859    12.819    -4.40    0.81
 138304.229    13.813     2.70    3.70
 138672.682    16.586     7.53    6.25
 139041.219    20.312    10.11    6.90
 139409.838    24.895    12.43    7.07
 139778.541    28.937    10.96    5.48
 140147.327    28.032    -2.45    5.57
 140516.197    25.907    -5.76    6.15
 140885.150    23.302    -7.06    5.83
 141254.186    20.874    -6.58    4.31
 141623.307    21.968     2.96    5.65
 141992.510    26.824    13.15    9.70
 142361.798    32.346    14.96    9.60
 142731.169    35.365     8.17    8.46
 143100.624    35.699     0.90    8.40
 143470.163    35.429    -0.73    7.80
 143839.786    34.444    -2.67    7.34
 144209.492    31.218    -8.73    7.86
 144579.283    28.339    -7.79    6.86
 144949.158    25.631    -7.32    5.12
 145319.117    24.895    -1.99    4.93
 145689.160    23.526    -3.70    5.49
 146059.287    21.175    -6.35    5.11
 146429.499    20.719    -1.23    5.40
 146799.795    20.803     0.23    6.69
 147170.175    22.778     5.33    7.99
 147540.640    23.384     1.64    8.42
 147911.190    22.592    -2.14    8.43
 148281.824    21.669    -2.49    7.91
 148652.543    21.563    -0.29    8.00
 149023.346    21.512    -0.14    7.33
 149394.234    23.461     5.25    7.33
 149765.207    25.933     6.67    6.64
 150136.265    25.470    -1.25    6.53
 150507.408    23.262    -5.95    6.94
 150878.636    21.270    -5.37    6.07
 151249.948    19.631    -4.41    6.05
 151621.346    19.825     0.52    5.92
 151992.829    20.054     0.62    5.53
 152364.398    20.307     0.68    5.26
 152736.051    20.213    -0.25    4.26
 153107.790    19.042    -3.15    4.27
 153479.615    18.612    -1.16    4.58
 153851.525    17.640    -2.61    4.92
 154223.520    15.032    -7.01    4.97
 154595.601    13.851    -3.17    4.69
 154967.767    11.572    -6.12    4.45
 155340.020     9.593    -5.32    3.22
 155712.358     8.183    -3.79    3.01
 156084.781     7.026    -3.11    1.79
 156457.291     6.946    -0.21    1.45
 156829.887     7.218     0.73    1.53
 157202.568     7.077    -0.38    1.98
 157575.336     6.622    -1.22    2.36
 157948.190     5.859    -2.05    2.04
 158321.129     6.038     0.48    2.39
 158694.156     6.755     1.92    2.64
 159067.268     7.619     2.32    2.93
 159440.467     9.009     3.73    2.71
 159813.752    10.035     2.75    2.43
 160187.123    10.112     0.21    2.27
 160560.581    10.189     0.21    2.22
 160934.126     9.776    -1.11    2.20
 161307.757     8.990    -2.10    2.08
 161681.475     8.563    -1.14    2.13
 162055.280     9.603     2.78    3.06
 162429.172    10.434     2.22    3.05
 162803.150    10.812     1.01    2.75
 163177.215    10.923     0.30    2.17
 163551.368    10.870    -0.14    1.55
 163925.607    11.002     0.35    1.59
 164299.934    10.727    -0.73    2.33
 164674.347     9.369    -3.63    3.35
 165048.848     7.218    -5.74    3.85
 165423.436     5.495    -4.60    3.48
 165798.112     4.381    -2.97    2.72
 166172.875     4.784     1.08    2.63
 166547.725     5.941     3.09    2.93
 166922.663     6.977     2.76    2.71
 167297.689     7.790     2.17    2.38
 167672.802     7.975     0.49    2.22
 168048.003     8.097     0.32    2.27
 168423.292     7.269    -2.21    2.40
 168798.669     6.796    -1.26    2.29
 169174.133     6.784    -0.03    2.01
 169549.685     6.937     0.41    1.83
 169925.326     7.074     0.36    1.36
 170301.054     6.679    -1.05    1.44
 170676.871     5.808    -2.32    1.30
 171052.776     5.029    -2.07    1.38
 171428.769     4.293    -1.96    1.21
 171804.851     3.802    -1.30    0.98
 172181.020     3.505    -0.79    0.81
 172557.279     3.680     0.46    1.04
 172933.626     4.224     1.45    1.60
 173310.061     5.568     3.57    2.35
 173686.585     6.881     3.49    2.47
 174063.198     7.982     2.92    2.65
 174439.899     9.116     3.01    2.58
 174816.690     9.365     0.66    2.48
