# NaN NaN NaN ;Mean Elev.(m), Avg Gradient(m/km), RMS Gradient(m/km) - SRTM1     
#  -11.610  -7.719  20.419 ;Mean Elev.(m), Avg Gradient(m/km), RMS Gradient(m/km) - ASTER GDEM
#   15.831  -6.399  19.431 ;Mean Elev.(m), Avg Gradient(m/km), RMS Gradient(m/km) - GMTED2010 
  7    66.884 52471.43267068 14.51 153.475946  67.157493 11.390
  7    61.890 52471.43267133 14.70 153.472456  67.160563 11.390
  8   107.825 52506.43264905  1.76 153.481306  67.157479  5.769
  8   103.970 52506.43264969  1.75 153.477826  67.160539  5.769
 10    11.796 52576.43267986 39.44 153.470928  67.157145 11.995
 10    11.646 52576.43268050 42.51 153.467448  67.160215 11.995
 11    11.673 52611.43264207 29.13 153.482411  67.157393  7.234
 11    11.883 52611.43264272 28.46 153.478931  67.160453  7.234
 11    11.885 52611.43264336 27.19 153.475451  67.163523  7.234
 12    11.608 52646.43262899 21.18 153.471942  67.157133  4.373
 12    15.056 52646.43262963 21.29 153.468462  67.160203  4.373
 13    17.152 52681.43259988 18.80 153.493282  67.156767  7.232
 13    17.740 52681.43260053 18.11 153.489792  67.159837  7.232
 13    17.417 52681.43260117 19.41 153.486312  67.162897  7.232
 15    11.235 52751.43268181 19.16 153.477710  67.156638  4.677
 15    11.313 52751.43268246 19.15 153.474230  67.159698  4.677
 15    11.429 52751.43268310 18.37 153.470740  67.162768  4.677
 16    98.470 52786.43262662  4.18 153.457021  67.157105  3.571
 16    98.230 52786.43262726  3.21 153.453531  67.160165  3.571
 18    22.347 52856.43274763 11.76 153.469341  67.159178 12.939
 18    21.899 52856.43274828 19.25 153.465851  67.162248 12.939
 20    10.679 52926.43273146 43.99 153.491390  67.156580 13.795
 20    12.230 52926.43273211 50.81 153.487910  67.159650 13.795
 20    12.294 52926.43273275 47.39 153.484420  67.162710 13.795
 21    11.331 52961.43270034 34.16 153.470451  67.158132  7.780
 21    11.663 52961.43270099 32.24 153.466961  67.161192  7.780
 22    12.806 52996.43273979 24.06 153.474458  67.155762 10.175
 22    12.967 52996.43274043 24.46 153.470968  67.158832 10.175
 22    13.031 52996.43274108 23.49 153.467488  67.161892 10.175
 23    14.931 53031.43270086 20.66 153.490320  67.157426  5.295
 23    15.732 53031.43270150 19.81 153.486840  67.160486  5.295
 23    17.293 53031.43270215 20.41 153.483350  67.163556  5.295
 24    11.314 53066.43270922 21.46 153.477681  67.156133  6.709
 24    11.373 53066.43270986 21.66 153.474191  67.159193  6.709
 24    11.239 53066.43271051 21.82 153.470701  67.162263  6.709
 25    11.715 53101.43270797 19.06 153.487382  67.158383  4.295
 25    16.065 53101.43270861 17.82 153.483902  67.161443  4.295
 26    12.686 53136.43271145 18.43 153.475594  67.157586  7.467
 26    12.363 53136.43271209 20.37 153.472114  67.160646  7.467
 30    62.217 53276.43271426  2.33 153.460235  67.155854  6.388
 30    61.724 53276.43271491  1.55 153.456745  67.158914  6.388
 30    59.858 53276.43271555  1.46 153.453255  67.161974  6.388
 31    12.714 53311.43275441 24.72 153.472389  67.156013  8.777
 31    12.960 53311.43275506 25.28 153.468899  67.159073  8.777
 31    13.085 53311.43275570 24.57 153.465419  67.162143  8.777
 32    12.682 53346.43272036 18.38 153.482502  67.157955  5.610
 32    15.012 53346.43272100 18.41 153.479012  67.161015  5.610
 33    13.246 53381.43267927 15.22 153.462677  67.156634  5.729
 33    14.131 53381.43267991 15.70 153.459187  67.159704  5.729
 34    17.258 53416.43269844 15.12 153.483953  67.158114  3.952
 34    19.355 53416.43269908 14.30 153.480463  67.161174  3.952
 35    18.432 53451.43269638 12.85 153.459812  67.155551  3.749
 35    11.798 53451.43269703 13.26 153.456322  67.158611  3.749
 35    20.306 53451.43269767 14.31 153.452832  67.161681  3.749
 36    11.893 53486.43278180 12.48 153.465549  67.156883  3.610
 36    12.509 53486.43278245 12.20 153.462069  67.159943  3.610
 37   110.486 53521.43277422  2.01 153.481570  67.156541  4.438
 37   106.840 53521.43277487  1.48 153.478080  67.159601  4.438
 37   102.606 53521.43277551  1.48 153.474600  67.162671  4.438
 38    13.691 53556.43279902 24.28 153.471077  67.158063 13.195
 38    23.773 53556.43279966 16.98 153.467597  67.161123 13.195
 41    11.697 53661.43275087 44.81 153.467538  67.158591 14.391
 41    11.373 53661.43275151 43.08 153.464048  67.161651 14.391
 42    12.168 53696.43271869 26.22 153.486885  67.155832 14.938
 42    12.768 53696.43271934 30.53 153.483395  67.158892 14.938
 42    12.316 53696.43271998 29.25 153.479915  67.161952 14.938
 44    11.538 53766.43261360 20.90 153.478062  67.155718  5.080
 44    11.887 53766.43261489 21.92 153.471092  67.161848  5.080
 45    16.481 53801.43261542 15.15 153.493294  67.157235  7.129
 45    19.216 53801.43261607 15.32 153.489814  67.160295  7.129
 45    17.469 53801.43261671 15.97 153.486324  67.163365  7.129
 46    11.076 53836.43262349 17.23 153.463405  67.155383  3.972
 46    12.185 53836.43262413 15.56 153.459915  67.158443  3.972
 46    19.155 53836.43262478 16.28 153.456425  67.161513  3.972
 47    12.824 53871.43267955 19.68 153.470975  67.158503  8.259
 47    12.483 53871.43268019 21.13 153.467485  67.161563  8.259
 48    83.035 53906.43271831  1.65 153.469085  67.158199  4.195
 48    69.336 53906.43271895  2.66 153.465595  67.161269  4.195
 49    17.716 53941.43274680 17.33 153.467963  67.156543 13.343
 49    21.926 53941.43274744 17.55 153.464473  67.159603 13.343
 50   111.351 53976.43270178  1.06 153.486447  67.157898  5.432
 50   106.472 53976.43270242  0.10 153.482967  67.160958  5.432
 52    16.562 54046.43271779 16.57 153.480474  67.156848  5.218
 52    18.542 54046.43271844 16.50 153.476994  67.159908  5.218
 52    19.998 54046.43271908 18.29 153.473504  67.162978  5.218
 53    16.281 54081.43271076 15.80 153.484552  67.157522  6.479
 53    16.618 54081.43271140 15.56 153.481062  67.160582  6.479
 53    17.738 54081.43271204 16.79 153.477582  67.163652  6.479
 54    17.497 54116.43264360 13.95 153.494990  67.158389  4.317
 54    18.200 54116.43264425 14.42 153.491510  67.161449  4.317
 54    19.019 54116.43264489 14.42 153.488020  67.164519  4.317
 55    39.827 54151.43266174  4.43 153.474254  67.158067  3.334
 55    44.219 54151.43266239  2.60 153.470764  67.161127  3.334
 56    15.271 54186.43263559 14.70 153.494663  67.156432  6.602
 56    12.477 54186.43263623 16.58 153.491183  67.159502  6.602
 56    17.573 54186.43263688 16.00 153.487693  67.162562  6.602
 57    12.604 54221.43267115 16.41 153.470515  67.156188  7.225
 57    13.227 54221.43267179 14.60 153.467035  67.159248  7.225
 57    13.218 54221.43267244 15.20 153.463545  67.162318  7.225
 58   111.323 54256.43269383  3.99 153.479516  67.155690  4.097
 58   107.847 54256.43269447  3.34 153.476026  67.158760  4.097
 58   104.509 54256.43269512  2.62 153.472546  67.161820  4.097
 59    16.200 54291.43269601 23.38 153.478551  67.158156 15.486
 59    22.607 54291.43269665 17.00 153.475061  67.161216 15.486
 60   103.344 54326.43269284  0.02 153.484206  67.156438  7.753
 60   103.360 54326.43269413  0.25 153.477236  67.162568  7.753
 61   111.118 54361.43264394  1.51 153.496102  67.157371  5.089
 61   108.108 54361.43264459  1.30 153.492622  67.160431  5.089
 61   118.131 54361.43264523  0.82 153.489132  67.163501  5.089
 62    12.232 54396.43263293 39.42 153.476473  67.156538 10.175
 62    12.607 54396.43263358 40.94 153.472983  67.159598 10.175
 62    12.653 54396.43263422 41.47 153.469503  67.162658 10.175
 63    11.854 54431.43259403 27.26 153.490399  67.157715  7.709
 63    11.698 54431.43259468 28.41 153.486909  67.160785  7.709
 63    11.970 54431.43259532 27.71 153.483429  67.163845  7.709
 64    12.253 54466.43261372 18.82 153.473684  67.155628  4.212
 64    12.106 54466.43261437 22.00 153.470204  67.158688  4.212
 64    12.118 54466.43261501 19.37 153.466714  67.161758  4.212
 65    12.010 54501.43260757 18.70 153.487051  67.157007  3.721
 65    14.587 54501.43260821 18.01 153.483561  67.160067  3.721
 65    16.199 54501.43260886 18.13 153.480081  67.163137  3.721
 66    11.839 54536.43262901 20.50 153.480066  67.157532  4.741
 66    12.052 54536.43262965 19.53 153.476586  67.160592  4.741
 67    14.054 54571.43261005 16.32 153.490679  67.158762  6.909
 67    13.315 54571.43261070 17.75 153.487199  67.161832  6.909
 68   108.718 54606.43262291  4.11 153.476326  67.156931  3.631
 68   103.175 54606.43262356  3.89 153.472846  67.160001  3.631
 68   102.230 54606.43262420  3.06 153.469356  67.163061  3.631
 69    75.190 54641.43263219  0.45 153.479997  67.158169  4.556
 69    71.332 54641.43263283  1.31 153.476507  67.161239  4.556
 72    14.285 54746.43260226 33.86 153.473621  67.157234  9.423
 72    13.070 54746.43260291 32.40 153.470141  67.160304  9.423
 73    12.053 54781.43257423 31.86 153.484619  67.156586 11.248
 73    12.495 54781.43257487 34.04 153.481139  67.159646 11.248
 73    12.457 54781.43257552 34.69 153.477649  67.162716 11.248
 74    11.747 54816.43259506 31.23 153.474070  67.155901  7.421
 74    12.314 54816.43259570 34.04 153.470590  67.158971  7.421
 74    12.340 54816.43259635 27.77 153.467100  67.162031  7.421
 75    11.382 54851.43257221 23.53 153.487003  67.156300  5.399
 75    11.885 54851.43257285 22.64 153.483523  67.159370  5.399
 75    11.904 54851.43257350 21.61 153.480033  67.162430  5.399
 76    11.915 54886.43259948 21.01 153.473526  67.158100  4.620
 76    11.382 54886.43260013 20.80 153.470036  67.161160  4.620
 77    11.496 54921.43257321 20.81 153.494030  67.157502  5.721
 77    11.353 54921.43257386 23.07 153.490550  67.160562  5.721
 77    11.244 54921.43257450 22.02 153.487060  67.163632  5.721
 78    13.606 54956.43259547 16.86 153.471356  67.156909 17.386
 78    16.108 54956.43259611 14.86 153.467866  67.159969 17.386
 79   107.902 54991.43261870  0.77 153.473853  67.158029  3.594
 79   110.066 54991.43261934  0.36 153.470373  67.161089  3.594
 80    23.298 55026.43260967 10.33 153.480756  67.160047 11.616
 80    24.132 55026.43261031 14.98 153.477276  67.163107 11.616
 81    15.711 55061.43260240 18.89 153.480903  67.156511 14.530
 81    17.947 55061.43260305 28.09 153.477413  67.159571 14.530
 81    15.323 55061.43260369 40.37 153.473933  67.162641 14.530
 82    13.144 55096.43255197 33.59 153.493610  67.158977 16.615
 82    13.459 55096.43255262 45.45 153.490130  67.162037 16.615
 83    11.387 55131.43254498 32.71 153.476119  67.155777 10.604
 83    11.238 55131.43254562 45.40 153.472629  67.158847 10.604
 83    11.897 55131.43254627 45.46 153.469149  67.161907 10.604
 84    11.509 55166.43251370 23.29 153.487141  67.156099  5.125
 84    11.933 55166.43251435 24.12 153.483651  67.159159  5.125
 84    11.841 55166.43251499 24.80 153.480171  67.162229  5.125
 85    11.372 55201.43253772 25.22 153.472193  67.158243  5.281
 85    11.476 55201.43253837 22.18 153.468713  67.161303  5.281
 86    13.538 55236.43252015 17.62 153.489380  67.156382  4.381
 86    15.860 55236.43252080 16.96 153.485890  67.159452  4.381
 86    16.065 55236.43252144 18.62 153.482410  67.162512  4.381
 87    13.535 55271.43253137 16.83 153.480277  67.155893  7.386
 87    13.723 55271.43253202 16.89 153.476787  67.158963  7.386
 87    13.239 55271.43253266 18.36 153.473307  67.162023  7.386
 88    11.610 55306.43250185 18.43 153.496257  67.156355  4.682
 88    11.385 55306.43250249 18.54 153.492777  67.159425  4.682
 88    11.673 55306.43250314 17.91 153.489297  67.162485  4.682
 89   106.772 55341.43250214  1.46 153.478840  67.156937  3.526
 89   103.717 55341.43250278  0.74 153.475350  67.159997  3.526
 89    95.125 55341.43250343  0.76 153.471870  67.163067  3.526
 90    72.189 55376.43249516  1.30 153.484196  67.157807  6.889
 90    65.642 55376.43249581  0.60 153.480706  67.160877  6.889
 91    18.868 55411.43251825 15.72 153.475447  67.156576 15.197
 91    16.006 55411.43251890 27.12 153.471967  67.159636 15.197
 91    12.413 55411.43251954 42.08 153.468477  67.162706 15.197
 93    13.407 55481.43244251 45.59 153.497536  67.159270 15.548
 93    13.558 55481.43244316 42.12 153.494056  67.162340 15.548
