-119602.194   596.917     0.00   48.90
-119226.559   627.245    80.73   29.22
-118850.840   628.067     2.19   34.83
-118475.037   613.355   -39.15   46.16
-118099.150   567.098  -123.05   69.20
-117723.179   511.731  -147.25   78.70
-117347.124   455.465  -149.61   71.17
-116970.985   414.104  -109.95   52.47
-116594.762   380.886   -88.28   41.59
-116218.454   357.883   -61.12   35.34
-115842.062   334.987   -60.83   31.51
-115465.586   318.940   -42.62   25.29
-115089.025   303.284   -41.57   18.62
-114712.380   296.793   -17.23   15.07
-114335.650   303.662    18.23   22.14
-113958.836   315.913    32.51   34.36
-113581.936   337.073    56.14   44.27
-113204.953   355.513    48.91   42.64
-112827.884   373.838    48.60   31.22
-112450.731   376.423     6.85   21.32
-112073.492   366.665   -25.87   29.74
-111696.169   346.173   -54.30   42.82
-111318.761   319.997   -69.35   41.47
-110941.267   294.183   -68.38   39.59
-110563.689   281.771   -32.87   28.86
-110186.025   292.078    27.29   28.34
-109808.276   307.616    41.13   33.01
-109430.442   322.153    38.47   24.14
-109052.523   326.253    10.85   22.78
-108674.518   318.523   -20.45   25.84
-108296.427   307.264   -29.78   25.38
-107918.252   299.873   -19.54   28.17
-107539.990   295.916   -10.46   30.53
-107161.643   289.143   -17.90   30.96
-106783.210   283.308   -15.42   32.70
-106404.692   270.058   -35.00   38.45
-106026.087   257.401   -33.43   32.71
-105647.397   252.743   -12.30   25.13
-105268.621   264.163    30.15   32.03
-104889.759   286.723    59.54   36.17
-104510.811   307.165    53.94   36.57
-104131.777   324.033    44.50   33.85
-103752.656   340.703    43.97   34.53
-103373.450   361.383    54.53   35.57
-102994.157   380.173    49.54   26.87
-102614.778   378.119    -5.41   28.38
-102235.312   353.023   -66.13   43.23
-101855.761   313.333  -104.56   47.91
-101476.122   276.223   -97.74   41.09
-101096.397   243.037   -87.39   30.32
-100716.585   225.157   -47.07   19.92
-100336.687   216.903   -21.73   16.00
 -99956.702   219.273     6.24   21.03
 -99576.630   229.381    26.59   23.97
 -99196.472   237.900    22.41   26.03
 -98816.226   248.805    28.68   27.54
 -98435.894   261.073    32.25   28.03
 -98055.474   275.104    36.88   26.72
 -97674.968   286.217    29.20   22.20
 -97294.374   296.910    28.09   21.35
 -96913.693   305.593    22.81   23.09
 -96532.925   308.665     8.07   28.82
 -96152.069   303.870   -12.59   31.52
 -95771.126   294.532   -24.51   33.61
 -95390.096   276.730   -46.72   35.63
 -95008.978   250.169   -69.69   45.52
 -94627.773   222.028   -73.82   47.48
 -94246.480   197.991   -63.04   36.05
 -93865.099   184.553   -35.23   21.53
 -93493.430   189.068    12.15   24.50
 -93128.564   208.759    53.97   32.25
 -92763.620   230.243    58.86   38.17
 -92398.596   245.593    42.05   36.68
 -92033.494   255.853    28.10   35.50
 -91668.312   251.723   -11.31   37.81
 -91303.052   239.612   -33.15   37.30
 -90937.712   225.130   -39.64   31.31
 -90572.293   216.436   -23.79   24.87
 -90206.795   207.685   -23.94   18.32
 -89841.217   194.771   -35.32   19.82
 -89475.561   181.463   -36.39   21.70
 -89109.825   164.246   -47.07   20.31
 -88744.009   146.377   -48.85   18.92
 -88378.114   130.171   -44.29   18.72
 -88012.140   115.867   -39.08   16.97
 -87646.085   106.413   -25.83   11.74
 -87279.952   102.083   -11.83    8.65
 -86913.738   103.183     3.00   10.13
 -86547.445   108.165    13.60    9.80
 -86181.072   110.009     5.03    7.49
 -85814.619   110.615     1.65    6.56
 -85448.087   111.613     2.72    7.19
 -85081.474   110.735    -2.39    8.33
 -84714.782   108.813    -5.24    9.75
 -84348.009   105.078   -10.18   10.22
 -83981.156   100.359   -12.86   10.47
 -83614.223    98.137    -6.05   10.56
 -83247.210    94.790    -9.12    9.28
 -82880.117    90.936   -10.50    8.90
 -82512.943    87.276    -9.97    8.83
 -82145.689    80.484   -18.49   12.06
 -81778.355    74.983   -14.97   12.30
 -81410.940    70.987   -10.88    9.26
 -81043.444    68.325    -7.24    7.52
 -80675.868    66.165    -5.88    7.61
 -80308.212    64.642    -4.14    8.10
 -79940.474    60.889   -10.20    8.81
 -79572.657    54.860   -16.39    9.82
 -79204.758    52.939    -5.22    9.51
 -78836.778    52.573    -1.00    8.11
 -78468.718    52.661     0.24    8.12
 -78100.576    53.453     2.15    7.98
 -77732.354    52.396    -2.87    8.76
 -77364.050    48.823    -9.70    8.47
 -76995.666    44.308   -12.25    8.75
 -76627.200    38.632   -15.40   11.43
 -76258.653    30.230   -22.80   10.70
 -75890.025    23.863   -17.27   11.78
 -75521.316    19.873   -10.82   10.51
 -75152.525    17.808    -5.60    9.12
 -74783.653    19.207     3.79    9.30
 -74414.699    23.387    11.33   10.77
 -74045.664    28.481    13.80    9.50
 -73676.547    32.269    10.26    5.54
 -73307.348    33.504     3.35    5.84
 -72938.068    34.433     2.51    5.49
 -72568.706    35.573     3.09    4.84
 -72199.263    36.116     1.47    4.56
 -71829.737    33.514    -7.04    4.75
 -71460.130    29.746   -10.19    5.65
 -71090.441    24.563   -14.02    7.98
 -70720.669    18.793   -15.60    7.90
 -70350.816    14.673   -11.14    6.45
 -69980.880    13.475    -3.24    6.26
 -69610.863    12.583    -2.41    7.66
 -69240.763     9.767    -7.61    9.04
 -68870.581     5.247   -12.21    7.53
 -68500.316     3.024    -6.00    5.32
 -68129.969     3.533     1.37    5.31
 -67759.540     7.446    10.56    6.23
 -67389.028    11.493    10.92    5.81
 -67018.434    14.671     8.58    6.94
 -66647.757    17.867     8.62    7.82
 -66276.997    22.300    11.96    7.32
 -65906.155    25.210     7.85    6.52
 -65535.230    25.969     2.05    5.40
 -65164.222    27.253     3.46    5.18
 -64793.131    27.857     1.63    6.30
 -64421.957    30.308     6.60    7.39
 -64050.701    31.335     2.77    7.78
 -63679.361    31.014    -0.86    7.33
 -63307.938    30.177    -2.25    6.71
 -62936.432    27.803    -6.39    5.69
 -62564.843    26.727    -2.90    5.28
 -62193.170    28.423     4.56    6.82
 -61821.415    28.975     1.48    6.68
 -61449.576    29.823     2.28    6.65
 -61077.653    31.073     3.36    6.80
 -60705.647    30.169    -2.43    5.97
 -60333.557    28.524    -4.42    7.69
 -59961.384    24.276   -11.41   11.07
 -59589.127    21.454    -7.58   10.05
 -59216.787    20.276    -3.16    9.13
 -58844.362    21.573     3.48    8.07
 -58471.854    24.981     9.15    6.94
 -58099.262    26.899     5.15    7.67
 -57726.586    30.466     9.57    8.01
 -57353.826    32.868     6.44    7.39
 -56980.982    31.612    -3.37    8.06
 -56608.054    30.169    -3.87    7.11
 -56235.042    27.427    -7.35    6.62
 -55861.946    26.167    -3.38    7.42
 -55488.765    25.217    -2.55    6.25
 -55115.500    26.455     3.32    6.82
 -54742.151    28.813     6.31    5.98
 -54368.717    29.323     1.37    5.93
 -53995.199    30.169     2.26    6.25
 -53621.596    32.161     5.33    6.41
 -53247.908    35.594     9.19    8.17
 -52874.136    40.874    14.13    9.47
 -52500.279    45.058    11.19    8.30
 -52126.338    47.333     6.08    6.09
 -51752.311    48.543     3.24    5.22
 -51378.200    46.749    -4.79    7.22
 -51004.004    44.383    -6.32    8.04
 -50629.722    43.936    -1.19    9.33
 -50255.356    45.900     5.25    8.74
 -49880.904    48.963     8.18    6.83
 -49506.368    49.328     0.97    5.66
 -49131.746    49.250    -0.21    5.35
 -48757.039    47.757    -3.98    6.65
 -48382.246    43.975   -10.09    8.29
 -48007.368    39.884   -10.91    8.67
 -47632.405    36.361    -9.39    7.27
 -47257.356    32.680    -9.81    6.10
 -46882.221    30.793    -5.03    6.86
 -46507.001    27.240    -9.47    5.63
 -46131.696    26.789    -1.20    5.65
 -45756.304    26.801     0.03    5.65
 -45380.827    25.720    -2.88    5.98
 -45005.263    24.771    -2.53    6.02
 -44629.614    22.670    -5.59    5.85
 -44253.879    21.124    -4.11    5.90
 -43878.058    23.661     6.75    7.12
 -43502.150    26.733     8.17    8.00
 -43126.157    29.311     6.86    6.67
 -42750.077    32.828     9.35    5.05
 -42373.911    32.340    -1.30    5.89
 -41997.659    30.979    -3.62    6.20
 -41621.320    28.514    -6.55    6.58
 -41244.895    27.997    -1.37    7.07
 -40868.383    27.612    -1.02    7.22
 -40491.785    28.672     2.82    7.08
 -40115.100    29.253     1.54    6.93
 -39738.329    30.553     3.45    6.39
 -39361.471    30.406    -0.39    5.65
 -38984.525    28.820    -4.21    6.22
 -38607.493    24.296   -12.00    8.22
 -38230.375    18.847   -14.45    8.46
 -37853.169    13.682   -13.69    5.90
 -37475.876    12.126    -4.12    4.91
 -37098.496    13.205     2.86    5.93
 -36721.029    14.698     3.96    7.31
 -36343.474    14.958     0.69    7.50
 -35965.832    16.932     5.23    7.02
 -35588.103    18.797     4.94    5.98
 -35210.287    20.253     3.85    5.14
 -34832.383    21.985     4.59    2.73
 -34454.392    22.573     1.55    0.00
 -34076.313    22.603     0.08    0.27
 -33698.146    22.785     0.48    1.04
 -33319.892    23.044     0.68    2.29
 -32941.550    25.756     7.17    5.47
 -32563.120    28.813     8.08    6.46
 -32184.602    32.177     8.89    6.10
 -31805.996    33.749     4.15    5.73
 -31427.303    34.102     0.93    7.09
 -31048.521    34.475     0.98    8.41
 -30669.651    35.004     1.40    9.36
 -30290.693    37.294     6.04    9.81
 -29911.646    41.113    10.07    6.93
 -29532.512    39.357    -4.63    8.14
 -29153.289    38.513    -2.23    8.09
 -28773.977    37.390    -2.96    8.51
 -28394.577    36.563    -2.18    9.08
 -28015.089    37.034     1.24   10.43
 -27635.512    36.104    -2.45   11.15
 -27255.846    34.188    -5.04   11.81
 -26876.092    32.268    -5.06    9.66
 -26496.248    33.101     2.19    8.39
 -26116.316    35.115     5.30    7.36
 -25736.295    36.311     3.15    6.36
 -25356.185    36.553     0.64    7.07
 -24975.986    35.932    -1.63    7.68
 -24595.698    34.704    -3.23    9.47
 -24215.321    32.746    -5.15   10.75
 -23834.854    29.002    -9.84   12.89
 -23454.298    24.948   -10.65   13.77
 -23073.653    22.103    -7.47   13.70
 -22692.918    21.477    -1.64   12.61
 -22312.094    23.813     6.13   10.78
 -21931.181    25.840     5.32    8.42
 -21550.178    26.773     2.45    9.28
 -21169.085    25.593    -3.10    8.80
 -20787.902    27.313     4.51    9.26
 -20406.630    32.342    13.19   11.95
 -20025.268    39.981    20.03   17.06
 -19643.816    48.448    22.20   17.96
 -19262.274    56.161    20.22   16.54
 -18884.235    59.220     8.09   12.05
 -18519.612    60.504     3.52    9.57
 -18154.908    59.522    -2.69    9.67
 -17790.124    62.861     9.15   10.16
 -17425.259    66.413     9.73    8.76
 -17060.313    69.265     7.82   11.41
 -16695.286    71.811     6.97   12.73
 -16330.179    72.505     1.90   12.39
 -15964.990    72.621     0.32   11.48
 -15599.720    70.208    -6.61   12.53
 -15234.370    70.910     1.92   13.57
 -14868.938    73.929     8.26   13.80
 -14503.425    78.151    11.55   12.44
 -14137.831    78.044    -0.29   13.53
 -13772.155    74.331   -10.16   13.35
 -13406.398    66.350   -21.82   15.75
 -13040.560    62.533   -10.43   14.82
 -12674.640    61.985    -1.50   15.42
 -12308.639    60.893    -2.98   14.66
 -11942.557    66.870    16.33   15.23
 -11576.392    72.236    14.66   13.97
 -11210.146    75.155     7.97   13.34
 -10843.819    75.249     0.26   12.44
 -10477.409    67.330   -21.61   16.27
 -10110.918    56.514   -29.51   14.28
  -9744.345    48.651   -21.45   11.38
  -9377.690    40.230   -22.97   10.41
  -9010.953    33.525   -18.28   11.32
  -8644.134    26.451   -19.29    8.79
  -8277.232    21.823   -12.61    6.96
  -7910.249    21.670    -0.42    7.94
  -7543.184    21.573    -0.26    8.27
  -7176.036    20.727    -2.30    8.55
  -6808.806    18.719    -5.47    9.36
  -6441.493    17.516    -3.27    9.84
  -6074.098    15.662    -5.05    9.35
  -5706.621    14.919    -2.02    8.77
  -5339.061    14.563    -0.97    8.81
  -4971.418    13.867    -1.89    8.12
  -4603.693    14.865     2.71    9.00
  -4235.886    15.828     2.62    8.84
  -3867.995    17.573     4.74    7.49
  -3500.022    19.063     4.05    5.11
  -3131.965    19.936     2.37    4.08
  -2763.826    19.406    -1.44    4.19
  -2395.604    18.806    -1.63    3.93
  -2027.299    17.497    -3.55    4.69
  -1658.911    13.848    -9.90    7.67
  -1290.439     7.929   -16.07    8.42
   -921.885     3.357   -12.40    6.86
   -553.247    -0.320    -9.98    0.66
   -184.525    -0.427    -0.29    0.00
    184.279    -0.337     0.24    0.57
    553.167     1.573     5.18    4.24
    922.138     4.542     8.05    5.80
   1291.193     8.544    10.84    5.64
   1660.332    11.712     8.58    2.70
   2029.554    12.140     1.16    1.23
   2398.860    11.660    -1.30    1.55
   2768.250    11.495    -0.45    1.45
   3137.723    11.073    -1.14    1.33
   3507.280    10.896    -0.48    1.20
   3876.922    10.960     0.17    1.36
   4246.647    10.453    -1.37    1.90
   4616.456     9.252    -3.25    2.41
   4986.350     8.039    -3.28    2.03
   5356.327     7.272    -2.07    1.41
   5726.389     7.106    -0.45    1.10
   6096.535     7.256     0.40    1.09
   6466.765     8.354     2.97    2.19
   6837.080     9.502     3.10    2.48
   7207.479    10.525     2.76    2.54
   7577.963    11.276     2.03    2.32
   7948.531    12.612     3.60    1.99
   8319.184    13.478     2.34    1.63
   8689.922    13.515     0.10    2.34
   9060.744    11.666    -4.98    5.38
   9431.651     9.114    -6.88    6.71
   9802.643     6.971    -5.78    6.63
  10173.719     6.313    -1.77    6.44
  10544.881     9.333     8.14    6.26
  10916.128    12.078     7.39    4.04
  11287.460    13.602     4.10    1.30
  11658.877    13.611     0.02    1.30
  12030.379    13.593    -0.05    1.78
  12401.966    13.469    -0.33    2.28
  12773.639    13.114    -0.96    2.57
  13145.397    12.830    -0.76    2.32
  13517.240    12.632    -0.53    2.72
  13889.169    12.221    -1.11    3.17
  14261.183    11.150    -2.88    4.58
  14633.284    10.165    -2.65    5.04
  15005.469     8.294    -5.03    5.93
  15377.741     6.019    -6.11    6.00
  15750.098     3.602    -6.49    5.16
  16122.541     2.216    -3.72    4.16
  16495.070     6.384    11.19    6.61
  16867.685    10.434    10.87    6.40
  17240.385    12.154     4.61    5.59
  17613.172    11.660    -1.32    5.94
  17986.045     8.804    -7.66    6.86
  18359.005     7.611    -3.20    6.57
  18732.050     7.845     0.63    6.05
  19105.182     8.906     2.84    5.72
  19478.400    11.280     6.36    4.68
  19851.705    11.979     1.87    4.07
  20225.096    11.191    -2.11    3.99
  20598.573    11.535     0.92    2.67
  20972.137    10.631    -2.42    2.98
  21345.788     9.316    -3.52    3.23
  21719.526     9.144    -0.46    3.55
  22093.350     9.272     0.34    3.69
  22467.261    10.299     2.75    3.53
  22841.259    11.603     3.48    3.07
  23215.344    11.828     0.60    3.47
  23589.516    11.553    -0.73    4.34
  23963.775    10.931    -1.66    4.60
  24338.121    10.946     0.04    4.35
  24712.555    12.304     3.63    3.82
  25087.076    13.669     3.65    3.28
  25461.683    15.240     4.19    1.66
  25836.379    15.554     0.84    1.44
  26211.162    15.340    -0.57    1.72
  26586.032    14.647    -1.85    1.99
  26960.990    13.910    -1.97    2.43
  27336.035    13.384    -1.40    3.11
  27711.168    14.134     2.00    3.97
  28086.389    15.582     3.86    4.63
  28461.698    17.335     4.67    4.15
  28837.094    19.849     6.70    2.99
  29212.579    20.896     2.79    2.49
  29588.151    21.794     2.39    2.30
  29963.812    22.544     2.00    2.02
  30339.560    23.363     2.18    1.45
  30715.397    23.887     1.39    1.35
  31091.322    24.175     0.77    1.41
  31467.335    24.832     1.75    1.68
  31843.437    25.430     1.59    1.80
  32219.627    26.430     2.66    1.88
  32595.906    27.481     2.79    1.53
  32972.273    28.139     1.75    1.59
  33348.728    28.544     1.08    1.52
  33725.273    28.363    -0.48    2.94
  34101.906    26.890    -3.91    5.31
  34478.627    23.525    -8.93    7.49
  34855.438    20.458    -8.14    7.51
  35232.338    16.689   -10.00    5.80
  35609.326    15.097    -4.22    3.53
  35986.404    17.583     6.59    5.47
  36363.570    19.840     5.98    5.80
  36740.826    20.840     2.65    5.61
  37118.171    19.629    -3.21    5.85
  37495.605    16.277    -8.88    4.57
  37873.129    15.411    -2.29    3.72
  38250.742    18.604     8.45    6.44
  38628.445    22.180     9.47    6.60
  39006.237    25.573     8.98    4.83
  39384.118    27.450     4.97    2.68
  39762.089    26.583    -2.30    2.84
  40140.150    26.221    -0.96    2.96
  40518.301    25.881    -0.90    3.34
  40896.542    25.986     0.28    3.62
  41274.872    26.833     2.24    3.41
  41653.293    27.466     1.67    3.00
  42031.803    27.092    -0.99    2.76
  42410.404    27.185     0.25    2.39
  42789.095    26.906    -0.73    2.59
  43167.876    25.763    -3.02    2.69
  43546.747    25.365    -1.05    2.65
  43925.709    25.532     0.44    2.80
  44304.761    26.125     1.56    2.56
  44683.903    27.553     3.76    1.96
  45063.136    26.318    -3.25    4.64
  45442.460    24.098    -5.85    6.55
  45821.874    21.249    -7.51    7.46
  46201.380    18.438    -7.41    6.94
  46580.975    18.026    -1.09    6.57
  46960.662    20.611     6.81    7.54
  47340.440    24.306     9.73    7.05
  47720.309    27.765     9.11    5.04
  48100.268    29.506     4.58    2.90
  48480.319    29.285    -0.58    3.86
  48860.461    28.871    -1.09    4.28
  49240.694    28.347    -1.38    4.27
  49621.019    27.265    -2.84    3.38
  50001.435    25.318    -5.12    3.95
  50381.942    23.223    -5.51    3.97
  50762.541    21.944    -3.36    3.75
  51143.232    20.730    -3.19    2.52
  51524.014    20.026    -1.85    1.77
  51904.888    19.461    -1.48    2.15
  52285.853    18.638    -2.16    2.47
  52666.911    17.736    -2.37    2.36
  53048.060    17.678    -0.15    2.41
  53429.301    18.297     1.63    3.06
  53810.635    18.925     1.65    2.78
  54192.060    19.604     1.78    2.46
  54573.578    20.638     2.71    3.29
  54955.188    21.723     2.84    5.46
  55336.890    23.814     5.48    8.08
  55718.684    28.369    11.93    9.58
  56086.148    32.809    12.08   10.91
  56450.608    37.299    12.32   10.73
  56815.151    44.938    20.96    9.29
  57179.776    49.045    11.26    8.13
  57544.484    48.691    -0.97    8.91
  57909.274    45.751    -8.06   10.08
  58274.147    40.582   -14.16    9.29
  58639.103    35.285   -14.52    3.59
  59004.142    34.321    -2.64    2.26
  59369.263    34.347     0.07    2.57
  59734.468    34.422     0.20    2.50
  60099.755    34.363    -0.16    2.36
  60465.126    35.011     1.77    2.84
  60830.579    35.743     2.00    2.78
  61196.116    38.870     8.56    6.93
  61561.736    42.299     9.38    7.98
  61927.439    44.678     6.50    8.97
  62293.225    48.830    11.35    9.88
  62659.095    52.092     8.92    9.68
  63025.048    52.195     0.28   10.14
  63391.085    49.825    -6.48   10.55
  63757.205    48.717    -3.03   10.18
  64123.409    47.781    -2.56    9.39
  64489.696    50.016     6.10    9.21
  64856.067    52.642     7.17    8.98
  65222.522    51.026    -4.41   10.03
  65589.061    47.338   -10.06   10.67
  65955.684    44.779    -6.98    8.92
  66322.390    42.162    -7.14    7.01
  66689.181    40.840    -3.60    3.21
  67056.055    40.940     0.27    1.16
  67423.014    40.297    -1.75    1.08
  67790.057    39.949    -0.95    0.91
  68157.184    39.897    -0.14    0.86
  68524.395    40.030     0.36    0.75
  68891.691    39.869    -0.44    0.90
  69259.071    39.767    -0.28    0.95
  69626.535    39.620    -0.40    1.01
  69994.084    39.467    -0.41    1.00
  70361.718    39.262    -0.56    1.05
  70729.436    38.931    -0.90    1.11
  71097.239    37.602    -3.62    3.92
  71465.127    35.369    -6.07    6.65
  71833.099    32.783    -7.03    7.86
  72201.156    30.497    -6.21    8.33
  72569.299    28.177    -6.30    8.13
  72937.526    25.979    -5.97    7.47
  73305.838    23.865    -5.74    6.25
  73674.235    22.293    -4.27    4.31
  74042.718    21.793    -1.36    2.48
  74411.285    22.175     1.04    1.79
  74779.938    22.837     1.80    1.58
  75148.676    22.916     0.21    1.42
  75517.500    22.544    -1.01    1.71
  75886.409    22.064    -1.30    1.73
  76255.404    21.504    -1.52    1.85
  76624.484    21.212    -0.79    2.42
  76993.649    21.583     1.00    2.92
  77362.901    23.499     5.19    4.17
  77732.238    27.130     9.83    5.89
  78101.661    32.708    15.10    8.94
  78471.170    38.888    16.73   10.52
  78840.764    44.847    16.13    8.81
  79210.445    46.779     5.22    7.14
  79580.212    44.535    -6.07    8.92
  79950.064    37.881   -17.99   10.64
  80320.003    30.965   -18.70   10.84
  80690.028    24.400   -17.74    7.35
  81060.140    21.240    -8.54    5.24
  81430.338    19.240    -5.40    2.00
  81800.622    21.246     5.42    5.62
  82170.992    24.224     8.04    7.94
  82541.449    26.237     5.43    9.47
  82911.993    26.124    -0.30   10.55
  83282.623    23.496    -7.09    9.88
  83653.340    20.017    -9.38    4.74
  84024.144    19.387    -1.70    1.84
  84395.035    20.760     3.70    2.95
  84766.012    23.516     7.43    5.28
  85137.076    26.685     8.54    6.03
  85508.228    29.240     6.88    5.79
  85879.466    30.344     2.98    5.34
  86250.792    30.114    -0.62    5.38
  86622.204    29.721    -1.06    5.61
  86993.704    27.701    -5.44    6.32
  87365.291    26.002    -4.57    5.96
  87736.966    24.601    -3.77    5.11
  88108.728    23.881    -1.94    4.82
  88480.577    23.611    -0.73    3.95
  88852.515    24.426     2.19    3.63
  89224.539    24.563     0.37    3.51
  89596.651    27.379     7.57    4.99
  89968.851    30.961     9.63    6.17
  90341.139    33.059     5.63    6.76
  90713.515    34.347     3.46    5.89
  91085.978    33.916    -1.16    4.96
  91458.530    31.425    -6.69    5.24
  91831.169    29.044    -6.39    4.74
  92203.897    26.928    -5.68    4.29
  92576.713    25.859    -2.87    3.95
  92949.617    28.912     8.19    5.88
  93322.609    31.564     7.11    6.28
  93695.690    31.947     1.03    7.34
  94068.859    28.582    -9.02    9.98
  94442.116    22.722   -15.70    9.58
  94815.462    19.527    -8.56    7.18
  95188.897    19.797     0.72    8.77
  95562.420    22.012     5.93   10.95
  95936.032    23.181     3.13   10.24
  96309.733    23.453     0.73    6.88
  96683.523    24.402     2.54    4.92
  97057.401    24.713     0.83    3.88
  97431.369    25.138     1.14    3.61
  97805.425    24.948    -0.51    4.22
  98179.571    26.867     5.13    6.20
  98553.805    29.396     6.76    6.83
  98928.129    31.775     6.35    7.31
  99302.543    34.611     7.58    6.65
  99677.045    37.795     8.50    5.00
 100051.637    38.078     0.75    4.83
 100426.319    34.844    -8.63    7.31
 100801.090    29.953   -13.05    7.57
 101175.950    26.148   -10.15    5.47
 101550.901    24.564    -4.23    3.02
 101925.941    25.006     1.18    3.17
 102301.070    26.073     2.85    2.92
 102676.290    26.506     1.15    3.00
 103051.599    25.732    -2.06    2.93
 103426.999    24.278    -3.87    1.82
 103802.488    24.462     0.49    1.71
 104178.068    25.937     3.93    2.50
 104553.738    27.498     4.15    2.79
 104929.498    28.564     2.84    2.86
 105305.348    29.029     1.24    3.58
 105681.289    28.316    -1.90    4.05
 106057.320    27.583    -1.95    4.49
 106433.442    29.912     6.19    5.79
 106809.654    33.029     8.29    6.54
 107185.957    35.656     6.98    5.46
 107562.351    38.096     6.49    4.19
 107938.835    40.330     5.93    3.75
 108315.410    40.573     0.65    3.81
 108692.076    39.809    -2.03    3.97
 109068.833    38.977    -2.21    3.88
 109445.681    38.246    -1.94    3.03
 109822.620    37.839    -1.08    3.34
 110199.650    36.535    -3.46    4.53
 110576.771    34.209    -6.17    5.13
 110953.984    32.792    -3.76    4.70
 111331.288    31.246    -4.10    3.22
 111708.683    30.092    -3.06    2.63
 112086.170    29.755    -0.89    2.01
 112463.748    29.341    -1.09    2.20
 112841.418    28.814    -1.40    2.48
 113219.180    28.036    -2.06    2.49
 113597.033    27.106    -2.46    2.64
 113974.978    27.059    -0.12    2.51
 114353.015    27.127     0.18    2.59
 114731.144    25.784    -3.55    2.40
 115109.365    25.230    -1.47    2.52
 115487.678    26.380     3.04    4.10
 115866.083    27.440     2.80    4.85
 116244.581    29.995     6.75    6.04
 116623.170    31.377     3.65    6.46
 117001.852    30.175    -3.17    7.41
 117380.627    27.573    -6.87    7.07
 117759.493    23.816    -9.92    5.60
 118138.453    20.848    -7.83    3.29
 118517.505    19.405    -3.81    2.66
 118896.649    18.023    -3.65    2.86
 119275.886    17.224    -2.11    3.23
 119655.217    16.286    -2.47    3.58
 120034.640    14.996    -3.40    3.21
 120414.155    14.309    -1.81    2.44
 120793.764    12.845    -3.86    2.34
 121173.466    11.802    -2.75    2.76
 121553.261    11.640    -0.43    3.00
 121933.150    12.873     3.25    4.58
 122313.131    15.321     6.44    6.05
 122693.206    19.610    11.29    7.75
 123073.374    23.180     9.39    6.27
 123453.636    24.931     4.60    5.24
 123833.991    22.628    -6.05    7.08
 124214.440    17.339   -13.90    7.02
 124594.983    13.409   -10.33    5.05
 124975.619    10.771    -6.93    3.01
 125356.349     9.601    -3.07    2.96
 125737.173     9.488    -0.30    2.87
 126118.091    10.582     2.87    3.73
 126499.103    12.410     4.80    4.16
 126880.209    14.455     5.37    3.14
 127261.409    15.010     1.46    2.47
 127642.704    14.537    -1.24    3.55
 128024.093    13.514    -2.68    3.70
 128405.576    11.738    -4.65    3.43
 128787.153    10.287    -3.80    2.63
 129168.825    10.665     0.99    3.75
 129550.592    12.255     4.17    5.15
 129932.453    14.903     6.94    6.21
 130314.409    15.610     1.85    6.39
 130688.771    13.967    -4.39    6.83
 131052.984    10.814    -8.66    5.73
 131417.282     9.938    -2.40    4.57
 131781.663     9.857    -0.22    3.61
 132146.129    10.591     2.01    3.16
 132510.680    10.953     0.99    2.46
 132875.314    10.816    -0.37    2.08
 133240.034    11.173     0.98    1.46
 133604.838    11.610     1.20    1.47
 133969.726    12.793     3.24    3.58
 134334.700    13.277     1.32    5.13
 134699.758    12.318    -2.63    5.81
 135064.900    10.573    -4.78    6.69
 135430.128     8.637    -5.30    6.49
 135795.441     7.766    -2.38    4.73
 136160.838     7.497    -0.73    4.38
 136526.321     7.839     0.93    4.06
 136891.889     7.942     0.28    3.77
 137257.542     6.509    -3.92    1.59
 137623.280     5.912    -1.63    1.23
 137989.103     5.461    -1.23    1.32
 138355.012     4.978    -1.32    1.45
 138721.006     4.379    -1.64    1.50
 139087.086     3.746    -1.73    1.37
 139453.251     3.212    -1.46    1.08
 139819.502     3.648     1.19    3.35
 140185.838     6.014     6.46    6.06
 140552.260     8.467     6.69    6.50
 140918.768     9.456     2.70    5.53
 141285.362     9.224    -0.63    2.82
 141652.041     8.203    -2.79    1.48
 142018.807     7.690    -1.40    1.53
 142385.658     7.063    -1.71    0.98
 142752.596     6.364    -1.91    1.19
 143119.619     5.943    -1.15    1.27
 143486.729     6.379     1.19    3.34
 143853.925     7.353     2.65    4.84
 144221.208     7.775     1.15    5.06
 144588.577     6.958    -2.22    4.47
 144956.032     5.712    -3.39    2.72
 145323.573     4.206    -4.10    1.01
 145691.202     3.637    -1.55    1.13
 146058.916     3.161    -1.29    0.99
 146426.718     2.987    -0.47    1.04
 146794.606     3.304     0.86    1.61
 147162.581     3.986     1.85    1.87
 147530.643     4.448     1.26    1.80
 147898.792     5.309     2.34    1.68
 148267.027     6.841     4.16    2.38
 148635.350     8.299     3.96    2.66
 149003.760     9.796     4.06    2.65
 149372.257    12.178     6.47    4.42
 149740.841    14.573     6.50    6.49
 150109.512    13.760    -2.20    7.64
 150478.271    13.486    -0.75    7.33
 150847.117    10.446    -8.24    7.03
 151216.051     8.004    -6.62    4.72
 151585.072     7.949    -0.15    3.94
 151954.181     7.182    -2.08    1.55
 152323.378     7.515     0.90    1.12
 152692.662     8.037     1.41    2.46
 153062.034     8.462     1.15    2.98
 153431.493     8.693     0.63    2.95
 153801.041     8.517    -0.48    2.35
 154170.677     9.620     2.98    3.65
 154540.400    10.728     3.00    4.55
 154910.212    11.221     1.33    4.79
 155280.112    11.528     0.83    4.45
 155650.100    11.013    -1.39    3.67
 156020.176    10.382    -1.71    1.92
 156390.341    10.213    -0.46    0.68
 156760.594    10.191    -0.06    0.66
 157130.935    10.393     0.55    0.78
 157501.365    10.509     0.31    1.02
 157871.884    10.673     0.44    2.06
 158242.491    10.850     0.48    2.97
 158613.187    11.152     0.82    3.52
 158983.972    11.735     1.57    3.73
 159354.846    12.029     0.79    3.67
 159725.808    11.648    -1.03    3.48
