# NaN NaN NaN ;Mean Elev.(m), Avg Gradient(m/km), RMS Gradient(m/km) - SRTM1     
#   -6.643   0.058  10.405 ;Mean Elev.(m), Avg Gradient(m/km), RMS Gradient(m/km) - ASTER GDEM
#   10.183   0.029   4.575 ;Mean Elev.(m), Avg Gradient(m/km), RMS Gradient(m/km) - GMTED2010 
  6    14.519 52419.04563652 41.69 154.806760  67.552487 38.859
  6    14.549 52419.04563717 44.73 154.803160  67.549437 38.859
  6    14.497 52419.04563781 43.09 154.799570  67.546377 38.859
  8    17.007 52489.04563993 23.78 154.804144  67.552374 27.067
  8    15.802 52489.04564057 15.97 154.800554  67.549314 27.067
  8    15.342 52489.04564121 15.48 154.796954  67.546264 27.067
  9    15.973 52524.04561579 26.87 154.792968  67.553220 38.461
  9    15.500 52524.04561643 19.47 154.789379  67.550166 19.984
  9    15.051 52524.04561708 18.66 154.785789  67.547106 19.984
 10     6.939 52559.04566576 44.77 154.805558  67.550113 26.160
 10     6.772 52559.04566641 43.15 154.801968  67.547053 26.160
 10     6.745 52559.04566705 42.98 154.798378  67.543996 21.054
 11    15.096 52594.04566812 26.64 154.796282  67.552252  7.783
 11     5.869 52594.04566876 28.37 154.792692  67.549192  7.783
 11    13.586 52594.04566940 27.63 154.789102  67.546142  7.783
 12    13.954 52629.04559508 22.29 154.819979  67.549771  3.899
 12    14.420 52629.04559573 19.46 154.816379  67.546721  3.899
 12    14.212 52629.04559637 19.82 154.812789  67.543661  3.899
 13    15.639 52664.04562986 17.49 154.800662  67.551655  3.479
 13    15.209 52664.04563051 17.10 154.797072  67.548605  3.479
 13    14.771 52664.04563115 18.10 154.793482  67.545545  3.479
 14    14.513 52699.04560375 18.99 154.825169  67.551059  4.230
 14    14.343 52699.04560440 18.38 154.821569  67.547999  4.230
 14    14.908 52699.04560504 17.30 154.817979  67.544949  4.230
 15    15.462 52734.04562987 15.19 154.806294  67.551507  2.948
 15    14.971 52734.04563051 15.20 154.802704  67.548447  2.948
 15    14.857 52734.04563116 15.10 154.799114  67.545387  2.948
 16    15.568 52769.04562844 29.99 154.788293  67.553569 28.862
 16     5.754 52769.04562909 29.36 154.784703  67.550519 28.862
 16     5.641 52769.04562973 29.37 154.781109  67.547462 17.086
 17    16.461 52804.04565405 23.92 154.820921  67.552536 25.934
 17    16.061 52804.04565470 20.71 154.817331  67.549476 25.934
 17    15.151 52804.04565534 21.01 154.813741  67.546426 25.934
 17    15.405 52804.04565599 23.57 154.810141  67.543366 25.934
 18    14.761 52839.04571751 17.43 154.813052  67.549447 19.440
 18    14.637 52839.04571816 19.24 154.809462  67.546387 19.440
 18    15.438 52839.04571880 20.00 154.805862  67.543337 19.440
 19     6.262 52874.04575722 22.17 154.807978  67.549892 25.244
 19     6.468 52874.04575787 25.33 154.804378  67.546832 25.244
 19     6.692 52874.04575851 31.72 154.800788  67.543782 25.244
 21     5.616 52944.04566775 35.38 154.827690  67.550951  7.566
 21     5.730 52944.04566840 32.73 154.824100  67.547891  7.566
 21     5.858 52944.04566904 30.61 154.820500  67.544841  7.566
 22    13.985 52979.04572312 19.19 154.812076  67.550294  3.656
 22    12.672 52979.04572376 20.64 154.808486  67.547244  3.656
 22    12.768 52979.04572441 19.31 154.804886  67.544184  3.656
 23    13.048 53014.04572189 16.15 154.793329  67.550707  3.314
 23    13.540 53014.04572253 15.98 154.789739  67.547647  3.314
 24    14.394 53049.04569253 15.06 154.816277  67.551692  3.027
 24    14.423 53049.04569317 14.17 154.812687  67.548640  2.931
 24    13.979 53049.04569382 15.10 154.809087  67.545590  2.931
 24    13.636 53049.04569446 15.66 154.805497  67.542530  2.931
 25    15.189 53084.04572911 13.49 154.789623  67.551077  2.961
 25    12.792 53084.04572975 13.69 154.786033  67.548017  2.961
 26    15.036 53119.04569845 13.62 154.811092  67.552289  3.035
 26    14.578 53119.04569910 13.60 154.807502  67.549239  3.035
 26    14.809 53119.04569974 13.23 154.803902  67.546179  3.035
 26    14.810 53119.04570039 14.42 154.800312  67.543119  3.035
 27    13.871 53154.04575012 40.25 154.802636  67.551735 41.181
 27    14.071 53154.04575077 42.07 154.799036  67.548675 41.181
 27    13.976 53154.04575141 44.85 154.795446  67.545615 41.181
 28    13.798 53189.04573889 48.55 154.812937  67.552119 37.009
 28    14.027 53189.04573954 49.63 154.809337  67.549059 37.009
 28    13.858 53189.04574018 49.21 154.805747  67.545999 37.009
 28    13.967 53189.04574083 33.58 154.802157  67.542949 37.009
 29    15.841 53224.04575360 21.91 154.802553  67.553226 29.133
 29    15.266 53224.04575425 14.61 154.798955  67.550176 27.968
 29    14.771 53224.04575489 15.63 154.795365  67.547116 27.968
 30     8.350 53259.04572955 48.29 154.786407  67.551496 41.145
 30     8.325 53259.04573020 52.61 154.782817  67.548436 41.145
 31     7.002 53294.04575316 43.44 154.806691  67.552107 15.841
 31     6.996 53294.04575380 44.97 154.803101  67.549047 15.841
 31     6.917 53294.04575445 42.08 154.799511  67.545987 15.841
 32     6.060 53329.04572670 25.75 154.804144  67.551921  5.182
 32     6.098 53329.04572734 25.92 154.800554  67.548861  5.182
 32     5.970 53329.04572799 24.58 154.796954  67.545801  5.182
 33     6.698 53364.04567898 18.19 154.795242  67.550619  3.508
 33    11.486 53364.04567962 17.45 154.791652  67.547559  3.508
 35     6.326 53434.04569298 17.00 154.795196  67.550805  3.564
 35     6.355 53434.04569362 17.95 154.791596  67.547745  3.564
 36     5.874 53469.04573387 15.79 154.814045  67.552074  3.646
 36     6.064 53469.04573451 15.46 154.810445  67.549014  3.646
 36     6.163 53469.04573515 16.56 154.806855  67.545964  3.646
 36     6.144 53469.04573580 15.27 154.803265  67.542904  3.646
 37     6.302 53504.04577911 32.01 154.796933  67.550632 22.483
 37     6.334 53504.04577975 29.34 154.793343  67.547582 22.483
 38    15.947 53539.04577643 20.19 154.800377  67.551204 25.752
 38    15.331 53539.04577708 16.97 154.796787  67.548144 25.752
 38    14.925 53539.04577772 21.42 154.793187  67.545094 25.752
 39    16.007 53574.04577438 30.67 154.796009  67.553672 30.715
 39    15.513 53574.04577502 14.56 154.792412  67.550622 22.066
 39    14.804 53574.04577567 15.68 154.788822  67.547562 22.066
 40    15.349 53609.04572493 18.06 154.786438  67.551683 25.113
 40     9.866 53609.04572557 21.53 154.782848  67.548623 25.113
 41    15.127 53644.04572655 22.38 154.815566  67.550527 27.215
 41    14.855 53644.04572720 22.83 154.811976  67.547477 27.215
 41     7.242 53644.04572784 30.59 154.808386  67.544417 27.215
 42     5.600 53679.04574465 28.85 154.797171  67.552836  8.992
 42     5.677 53679.04574529 33.47 154.793571  67.549786  8.992
 42     5.733 53679.04574594 29.30 154.789981  67.546726  8.992
 43    15.255 53714.04567314 25.62 154.795920  67.552081  5.513
 43     5.448 53714.04567379 27.77 154.792330  67.549021  5.513
 43     5.490 53714.04567443 26.06 154.788740  67.545961  5.513
 44    13.316 53749.04558741 24.62 154.824862  67.550131  4.861
 44    13.523 53749.04558805 24.13 154.821262  67.547071  4.861
 44    14.233 53749.04558870 21.76 154.817672  67.544021  4.861
 45    15.294 53784.04561847 15.08 154.803730  67.551057  2.916
 45    13.608 53784.04561911 15.25 154.800140  67.548007  2.916
 45    13.036 53784.04561976 15.52 154.796550  67.544947  2.916
 46    13.669 53819.04558041 14.41 154.786529  67.551400  2.812
 46    12.924 53819.04558105 14.52 154.782949  67.548340  2.812
 47    15.019 53854.04565924 13.49 154.808494  67.551646  3.306
 47    14.506 53854.04565988 13.62 154.804894  67.548586  3.306
 47    14.318 53854.04566053 13.89 154.801304  67.545526  3.306
 48    15.915 53889.04566786 19.93 154.811655  67.549955 31.062
 48    15.276 53889.04566851 20.91 154.808065  67.546895 31.062
 48    14.055 53889.04566915 28.44 154.804475  67.543845 31.062
 49     9.664 53924.04573543 53.83 154.795908  67.550934 38.781
 49     9.716 53924.04573607 52.05 154.792318  67.547884 38.781
 51    16.072 53994.04565654 16.56 154.828713  67.550427 29.632
 51    15.514 53994.04565718 17.30 154.825123  67.547367 29.632
 51    15.398 53994.04565783 19.92 154.821523  67.544307 29.632
 52     6.874 54029.04571595 33.20 154.817234  67.551291 10.851
 52     6.836 54029.04571659 37.86 154.813634  67.548241 10.851
 52     6.803 54029.04571724 33.08 154.810044  67.545181 10.851
 52     6.697 54029.04571788 25.46 154.806444  67.542121 10.851
 53    14.217 54064.04571017 18.23 154.803957  67.551420  3.741
 53    14.657 54064.04571082 18.10 154.800367  67.548370  3.741
 53    14.729 54064.04571146 17.99 154.796777  67.545310  3.741
 54    13.194 54099.04567702 12.78 154.792718  67.552825  2.513
 54    13.702 54099.04567766 13.02 154.789118  67.549765  2.513
 54    14.477 54099.04567831 13.02 154.785528  67.546705  2.513
 55    14.794 54134.04563392 11.64 154.816191  67.551012  2.479
 55    14.806 54134.04563456 11.75 154.812601  67.547952  2.479
 55    15.465 54134.04563521 11.88 154.809011  67.544892  2.479
 55    15.784 54134.04563585 12.66 154.805416  67.541836  3.379
 57    14.697 54204.04563808  9.87 154.814849  67.551212  2.578
 57    14.759 54204.04563873  9.54 154.811249  67.548162  2.578
 57    15.073 54204.04563937  9.97 154.807659  67.545102  2.578
 57    15.730 54204.04564002 10.73 154.804069  67.542042  2.578
 58    10.276 54239.04567260 35.84 154.807089  67.552164 30.623
 58    10.139 54239.04567324 31.49 154.803499  67.549114 30.623
 58    10.401 54239.04567389 37.32 154.799909  67.546054 30.623
 59    12.261 54274.04569045 51.79 154.802427  67.550504 43.835
 59    12.184 54274.04569109 52.08 154.798827  67.547454 43.835
 59    12.156 54274.04569174 54.38 154.795237  67.544394 43.835
 60    15.699 54309.04569181 15.77 154.807223  67.552236 24.290
 60    15.237 54309.04569246 15.93 154.803633  67.549176 24.290
 60    14.631 54309.04569310 18.87 154.800033  67.546116 24.290
 61     9.789 54344.04566941 46.46 154.794281  67.552853 39.241
 61     9.851 54344.04567005 51.05 154.790691  67.549793 39.241
 61     9.802 54344.04567070 47.68 154.787101  67.546733 39.241
 62     8.569 54379.04562750 40.94 154.812310  67.551888 22.676
 62     8.750 54379.04562815 38.94 154.808720  67.548838 22.676
 62     8.647 54379.04562879 48.55 154.805130  67.545778 22.676
 62     8.640 54379.04562944 49.16 154.801530  67.542728 22.676
 63     6.154 54414.04561770 25.98 154.798791  67.550826  9.553
 63     6.162 54414.04561835 25.94 154.795201  67.547776  9.553
 64    14.225 54449.04559412 13.92 154.816845  67.552263  3.828
 64    14.143 54449.04559476 13.87 154.813255  67.549213  3.828
 64    13.401 54449.04559541 13.71 154.809655  67.546153  3.828
 64    13.334 54449.04559605 15.18 154.806065  67.543103  3.828
 65    14.898 54484.04561129 12.38 154.807572  67.552223  2.486
 65    14.557 54484.04561193 11.65 154.803972  67.549163  2.486
 65    14.497 54484.04561258 12.24 154.800382  67.546113  2.486
 66    14.835 54519.04560803 13.03 154.814425  67.551429  2.717
 66    14.696 54519.04560867 12.75 154.810825  67.548379  2.717
 66    14.925 54519.04560932 13.13 154.807235  67.545319  2.717
 66    15.315 54519.04560996 13.48 154.803645  67.542269  2.717
 67    15.698 54554.04562324 12.24 154.795825  67.552887  2.679
 67    14.721 54554.04562388 13.11 154.792225  67.549837  2.679
 67    14.588 54554.04562453 13.06 154.788635  67.546777  2.679
 69    15.802 54624.04562169 21.82 154.800396  67.550698 32.779
 69    15.085 54624.04562234 23.22 154.796806  67.547648 32.779
 69    15.009 54624.04562298 23.91 154.793216  67.544588 32.779
 70    15.653 54659.04563034 18.87 154.802003  67.551050 27.669
 70    15.251 54659.04563099 15.60 154.798403  67.547990 27.669
 70    15.099 54659.04563163 16.24 154.794813  67.544940 27.669
 71    15.427 54694.04561083 18.97 154.797912  67.551357 29.816
 71    14.774 54694.04561148 19.34 154.794322  67.548297 29.816
 71     7.906 54694.04561212 28.16 154.790732  67.545247 29.816
 72     9.456 54729.04558400 50.65 154.813263  67.551849 30.957
 72     9.432 54729.04558464 52.14 154.809673  67.548789 30.957
 72     9.356 54729.04558529 49.34 154.806083  67.545739 30.957
 72    10.408 54729.04558593 44.64 154.802483  67.542679 30.957
 73    15.364 54764.04558842 26.53 154.804969  67.553056 12.085
 73     6.818 54764.04558907 28.40 154.801369  67.549996 12.085
 73     6.864 54764.04558971 28.06 154.797779  67.546946 12.085
 74    14.832 54799.04557752 22.04 154.816255  67.551667 10.549
 74    14.373 54799.04557816 23.54 154.812665  67.548617 10.549
 74    14.655 54799.04557881 22.96 154.809065  67.545557 10.549
 74    15.158 54799.04557945 21.42 154.805475  67.542507 10.549
 75    15.366 54834.04557918 16.14 154.802034  67.551934  3.786
 75    14.843 54834.04557983 15.62 154.798444  67.548884  3.786
 75    14.460 54834.04558047 16.14 154.794854  67.545824  3.786
 76    14.869 54869.04557431 16.58 154.816386  67.550904  3.726
 76    14.741 54869.04557495 15.32 154.812786  67.547854  3.726
 76    14.872 54869.04557560 15.68 154.809196  67.544794  3.726
 77    15.663 54904.04558892 13.68 154.792114  67.552305  2.897
 77    15.209 54904.04558957 13.73 154.788524  67.549255  2.897
 77    14.583 54904.04559021 13.85 154.784934  67.546195  2.897
 78    15.134 54939.04556552  4.69 154.809645  67.550084  2.761
 78    14.968 54939.04556617  4.68 154.806055  67.547034  2.761
 78    14.392 54939.04556681  5.02 154.802455  67.543974  2.761
 79     9.339 54974.04559657 32.93 154.805276  67.550307 25.770
 79     9.300 54974.04559721 31.57 154.801686  67.547257 25.770
 79     9.229 54974.04559786 28.75 154.798086  67.544197 25.770
 80    15.820 55009.04561036 24.65 154.800779  67.552848 30.643
 80    15.369 55009.04561100 16.72 154.797189  67.549798 30.643
 80    14.687 55009.04561165 18.30 154.793599  67.546738 30.643
 81    15.706 55044.04560014 17.84 154.806374  67.552061 28.708
 81    14.799 55044.04560079 18.75 154.802774  67.549011 28.708
 81     6.635 55044.04560143 27.98 154.799184  67.545951 28.708
 82    16.193 55079.04557705 22.01 154.796510  67.553473 21.720
 82    15.104 55079.04557769 18.78 154.792920  67.550413 21.720
 82     9.180 55079.04557834 25.97 154.789330  67.547363 21.720
 83     6.147 55114.04553240 47.71 154.811570  67.552337 23.437
 83     6.019 55114.04553305 51.89 154.807980  67.549277 23.437
 83     6.028 55114.04553369 50.76 154.804380  67.546217 23.437
 83     6.067 55114.04553434 39.91 154.800790  67.543167 23.437
 84     5.567 55149.04553333 25.72 154.800326  67.550534  6.629
 84     5.540 55149.04553398 24.47 154.796736  67.547484  6.629
 85    13.495 55184.04551517 19.21 154.814468  67.550729  4.414
 85    13.458 55184.04551581 19.18 154.810868  67.547679  4.414
 85    13.171 55184.04551646 19.03 154.807278  67.544619  4.414
 86    15.484 55219.04553068 16.31 154.799911  67.552854  3.163
 86    15.119 55219.04553132 16.42 154.796321  67.549794  3.163
 86    13.484 55219.04553197 16.66 154.792731  67.546744  3.163
 87    14.337 55254.04551158 15.39 154.812367  67.549886  3.832
 87    13.243 55254.04551222 16.46 154.808777  67.546826  3.832
 87    13.706 55254.04551287 16.60 154.805187  67.543776  3.832
 88    15.344 55289.04552074 14.82 154.792134  67.552166  3.324
 88    13.361 55289.04552138 15.31 154.788544  67.549116  3.324
 88    13.935 55289.04552203 15.11 154.784954  67.546056  3.324
 89     5.615 55324.04549841 30.90 154.802506  67.551784 23.886
 89     5.500 55324.04549905 30.00 154.798906  67.548724 23.886
 89     5.692 55324.04549970 37.16 154.795316  67.545674 23.886
 90    16.208 55359.04549662 22.18 154.802030  67.552964 28.619
 90    15.585 55359.04549727 17.81 154.798430  67.549904 28.619
 90    14.757 55359.04549791 20.05 154.794840  67.546854 28.619
 91     7.692 55394.04550075 51.57 154.809246  67.550596 31.586
 91     7.597 55394.04550140 53.17 154.805656  67.547546 31.586
 91     7.735 55394.04550204 51.51 154.802066  67.544486 31.586
 92    15.424 55429.04551270 14.85 154.804772  67.550328 26.024
 92    14.783 55429.04551334 16.48 154.801182  67.547278 26.024
 92    15.097 55429.04551399 16.85 154.797592  67.544218 26.024
 93    15.394 55464.04547602 21.53 154.792119  67.551007 24.180
 93    13.012 55464.04547666 23.33 154.788529  67.547957 24.180
