-132664.197    18.023     0.00    8.27
-132285.682    22.188    11.00    5.92
-131907.254    23.916     4.57    2.49
-131528.914    22.779    -3.01    4.19
-131150.661    20.584    -5.80    5.13
-130772.495    18.347    -5.92    5.24
-130394.416    16.313    -5.38    4.44
-130016.424    14.201    -5.59    1.50
-129638.519    13.871    -0.87    0.00
-129260.701    15.619     4.63    4.03
-128882.970    18.842     8.53    5.63
-128505.326    21.762     7.73    5.34
-128127.769    22.153     1.03    4.82
-127750.299    20.742    -3.74    4.67
-127372.915    19.035    -4.52    4.29
-126995.618    17.590    -3.83    3.28
-126618.407    17.584    -0.02    3.26
-126241.283    18.045     1.22    4.04
-125864.245    18.279     0.62    4.11
-125487.294    18.746     1.24    4.13
-125110.429    18.509    -0.63    3.85
-124733.650    18.001    -1.35    3.45
-124356.958    17.695    -0.81    3.60
-123980.351    19.161     3.89    4.46
-123603.831    20.911     4.65    5.16
-123227.397    21.802     2.37    5.07
-122851.049    21.991     0.50    4.49
-122474.786    21.185    -2.14    4.17
-122098.610    19.321    -4.95    2.63
-121722.519    18.764    -1.48    2.04
-121346.514    18.673    -0.24    1.81
-120970.595    19.646     2.59    2.74
-120594.761    20.973     3.53    3.35
-120219.013    22.535     4.16    3.57
-119843.351    23.371     2.23    3.25
-119467.774    23.745     1.00    3.04
-119092.282    23.428    -0.84    3.03
-118716.876    23.754     0.87    2.62
-118341.555    23.802     0.13    2.08
-117966.319    23.401    -1.07    2.12
-117591.168    22.802    -1.60    2.20
-117216.102    21.479    -3.53    2.43
-116841.122    20.287    -3.18    2.48
-116466.226    18.990    -3.46    1.90
-116091.416    18.518    -1.26    1.58
-115716.690    18.078    -1.18    0.96
-115342.049    17.871    -0.55    0.00
-114967.493    17.871     0.00    0.00
-114593.022    17.871     0.00    0.00
-114218.635    17.871     0.00    0.00
-113844.333    17.871     0.00    0.00
-113470.115    18.014     0.38    0.81
-113095.982    18.264     0.67    1.39
-112721.934    18.134    -0.35    1.07
-112347.969    17.990    -0.38    0.53
-111974.089    18.291     0.81    1.55
-111600.294    19.611     3.53    3.23
-111226.582    21.460     4.95    5.43
-110852.955    23.749     6.13    6.56
-110479.411    26.406     7.11    6.28
-110105.952    28.767     6.32    4.82
-109732.577    28.920     0.41    3.44
-109359.286    28.119    -2.15    2.67
-108986.078    28.391     0.73    3.45
-108612.954    28.518     0.34    3.93
-108239.915    27.723    -2.13    4.36
-107866.958    26.228    -4.01    4.21
-107494.086    24.341    -5.06    3.89
-107121.297    24.303    -0.10    4.25
-106748.591    26.287     5.32    5.44
-106375.969    27.614     3.56    5.93
-106003.431    28.258     1.73    5.17
-105630.976    27.371    -2.38    5.01
-105258.604    24.028    -8.98    7.18
-104886.315    19.277   -12.76    8.13
-104514.110    16.769    -6.74    7.05
-104141.988    16.891     0.33    6.47
-103769.948    18.584     4.55    6.03
-103397.992    21.109     6.79    3.46
-103026.119    21.822     1.92    2.57
-102654.329    21.514    -0.83    4.14
-102282.622    20.920    -1.60    5.30
-101910.997    21.882     2.59    6.32
-101539.455    22.040     0.42    6.58
-101167.996    23.129     2.93    6.70
-100796.620    22.604    -1.41    7.43
-100425.326    21.831    -2.08    8.72
-100054.115    21.317    -1.38    9.35
 -99682.986    21.188    -0.35    9.46
 -99311.940    20.397    -2.13    8.78
 -98940.976    21.342     2.55    8.46
 -98570.094    22.977     4.41    7.67
 -98199.295    24.287     3.53    6.23
 -97828.578    24.218    -0.19    6.03
 -97457.943    20.980    -8.74    6.79
 -97087.390    17.902    -8.31    7.41
 -96716.919    15.099    -7.57    7.07
 -96346.531    14.436    -1.79    7.23
 -95976.224    16.679     6.06    8.99
 -95605.999    19.931     8.78    9.97
 -95235.856    24.800    13.15    9.55
 -94865.794    28.822    10.87    7.66
 -94495.815    30.708     5.10    5.44
 -94125.917    31.426     1.94    4.97
 -93756.101    32.218     2.14    4.78
 -93386.366    30.782    -3.88    5.85
 -93016.713    28.451    -6.31    7.69
 -92647.141    22.119   -17.14    9.53
 -92277.651    17.892   -11.44    8.38
 -91908.242    17.923     0.09    7.53
 -91538.914    20.567     7.16    7.64
 -91169.668    23.465     7.85    6.68
 -90800.503    25.251     4.84    4.07
 -90431.419    25.188    -0.17    2.72
 -90062.416    24.551    -1.72    1.98
 -89693.494    23.761    -2.14    2.18
 -89324.653    22.306    -3.95    2.21
 -88955.893    21.733    -1.55    2.52
 -88587.214    22.301     1.54    3.62
 -88218.616    22.548     0.67    3.97
 -87850.098    22.965     1.13    4.30
 -87481.662    23.181     0.59    4.72
 -87113.306    22.941    -0.65    4.78
 -86745.030    22.271    -1.82    5.05
 -86376.835    21.141    -3.07    5.04
 -86008.721    18.760    -6.47    2.49
 -85640.687    17.921    -2.28    0.26
 -85272.734    17.871    -0.13    0.00
 -84904.861    17.871     0.00    0.00
 -84537.068    17.871     0.00    0.00
 -84169.355    17.871     0.00    0.00
 -83801.723    17.901     0.08    0.17
 -83434.171    18.679     2.12    1.74
 -83066.699    20.257     4.29    3.20
 -82699.307    22.273     5.49    3.90
 -82331.995    23.832     4.24    3.86
 -81964.763    24.790     2.61    4.08
 -81597.611    24.831     0.11    4.11
 -81230.538    24.428    -1.10    3.79
 -80863.546    24.106    -0.88    2.69
 -80496.633    23.695    -1.12    2.64
 -80129.800    22.258    -3.92    3.76
 -79763.046    20.109    -5.86    4.00
 -79396.372    18.170    -5.29    2.98
 -79029.778    17.761    -1.12    2.37
 -78663.263    18.701     2.56    2.83
 -78296.828    20.198     4.08    3.88
 -77930.471    21.121     2.52    4.27
 -77564.195    21.495     1.02    4.47
 -77197.997    20.366    -3.08    4.03
 -76831.879    19.871    -1.35    2.94
 -76465.840    21.792     5.25    4.84
 -76099.880    24.471     7.32    6.14
 -75733.999    27.033     7.00    5.51
 -75368.197    28.051     2.78    4.21
 -75002.474    28.397     0.95    3.74
 -74636.830    28.181    -0.59    3.49
 -74271.265    27.603    -1.58    3.04
 -73905.779    26.661    -2.58    2.59
 -73540.371    25.810    -2.33    2.21
 -73175.043    25.259    -1.51    1.88
 -72809.793    24.812    -1.22    1.79
 -72444.621    24.839     0.07    1.96
 -72079.528    24.456    -1.05    2.08
 -71714.514    23.675    -2.14    1.61
 -71336.851    22.911    -2.02    0.28
 -70955.407    22.871    -0.10    0.00
 -70574.051    22.871     0.00    0.00
 -70192.782    22.871     0.00    0.00
 -69811.600    23.101     0.60    0.87
 -69430.505    23.677     1.51    2.00
 -69049.498    25.443     4.63    4.07
 -68668.577    27.565     5.57    5.09
 -68287.743    29.251     4.43    4.81
 -67906.995    30.300     2.75    4.30
 -67526.335    30.382     0.21    4.17
 -67145.761    28.729    -4.34    4.47
 -66765.274    27.881    -2.23    3.91
 -66384.873    27.994     0.30    3.54
 -66004.559    28.491     1.31    3.45
 -65624.331    29.663     3.08    2.77
 -65244.190    29.281    -1.00    2.73
 -64864.135    28.326    -2.51    3.33
 -64484.166    26.801    -4.01    3.84
 -64104.284    25.163    -4.31    3.59
 -63724.488    23.331    -4.82    3.33
 -63344.778    22.521    -2.13    2.64
 -62965.153    20.538    -5.22    4.84
 -62585.615    14.851   -14.99    9.64
 -62206.163     7.791   -18.60   10.20
 -61826.797     2.541   -13.84    7.21
 -61447.516    -0.704    -8.56    1.96
 -61068.322    -1.129    -1.12    0.00
 -60689.213    -1.129     0.00    0.00
 -60310.189    -1.129     0.00    0.00
 -59931.252    -1.129     0.00    0.00
 -59552.400    -1.129     0.00    0.00
 -59173.633    -1.129     0.00    0.00
 -58794.952    -0.949     0.48    0.70
 -58416.356    -0.425     1.38    1.55
 -58037.845     0.055     1.27    2.06
 -57659.420     0.500     1.18    2.31
 -57281.080     0.701     0.53    2.35
 -56902.825     0.830     0.34    2.29
 -56524.655     0.721    -0.29    1.95
 -56146.570     1.329     1.61    2.30
 -55768.570     2.611     3.39    3.15
 -55390.655     3.977     3.61    3.01
 -55012.825     4.721     1.97    2.41
 -54635.079     4.654    -0.18    2.13
 -54257.419     3.531    -2.97    2.00
 -53879.843     2.552    -2.59    1.39
 -53502.351     3.641     2.89    2.36
 -53124.945     4.654     2.68    2.39
 -52747.622     4.811     0.42    2.43
 -52370.385     4.398    -1.10    2.75
 -51993.231     3.001    -3.70    2.78
 -51616.162     2.304    -1.85    2.28
 -51239.178     2.371     0.18    1.99
 -50862.277     3.208     2.22    2.04
 -50485.461     3.411     0.54    2.11
 -50108.729     2.791    -1.65    2.34
 -49732.081     2.249    -1.44    2.21
 -49355.517     1.721    -1.40    1.62
 -48979.037     1.820     0.26    1.97
 -48602.640     2.861     2.77    2.84
 -48226.328     3.150     0.77    2.78
 -47850.100     3.003    -0.39    2.38
 -47473.955     3.269     0.71    2.70
 -47097.894     5.126     4.94    5.14
 -46721.916     8.598     9.23    6.45
 -46346.022    12.451    10.25    5.70
 -45970.212    14.712     6.01    3.75
 -45594.485    13.651    -2.82    4.24
 -45218.842    10.065    -9.55    5.66
 -44843.282     6.023   -10.76    4.97
 -44467.805     4.108    -5.10    3.82
 -44092.411     5.911     4.80    6.24
 -43717.101     8.229     6.18    6.76
 -43341.874    10.803     6.86    5.95
 -42966.729    11.552     2.00    5.06
 -42591.668    11.417    -0.36    4.32
 -42216.690    11.004    -1.10    4.64
 -41841.795    10.952    -0.14    4.14
 -41466.983    10.449    -1.34    3.48
 -41092.253     9.748    -1.87    3.29
 -40717.606     8.484    -3.37    2.66
 -40343.042     7.675    -2.16    1.90
 -39968.561     8.063     1.04    1.82
 -39594.162     8.319     0.68    2.13
 -39219.846     7.601    -1.92    2.90
 -38845.612     5.925    -4.48    4.58
 -38471.461     2.901    -8.08    6.22
 -38097.392    -0.042    -7.87    6.21
 -37723.405    -2.455    -6.45    5.67
 -37349.501    -4.781    -6.22    4.03
 -36975.678    -6.078    -3.47    2.48
 -36601.938    -6.404    -0.87    1.84
 -36228.281    -2.016    11.74   11.13
 -35854.705     4.830    18.33   17.58
 -35481.211    15.412    28.33   22.53
 -35107.799    23.174    20.79   24.05
 -34734.469    31.724    22.90   23.57
 -34361.221    31.994     0.72   23.44
 -33988.055    27.737   -11.41   23.91
 -33614.970    17.484   -27.48   22.00
 -33241.967     8.828   -23.20   17.92
 -32869.046     0.871   -21.34   11.64
 -32496.206    -3.542   -11.84    5.82
 -32123.448    -4.749    -3.24    3.51
 -31750.772    -5.358    -1.63    2.77
 -31378.176    -5.495    -0.37    2.67
 -31005.663    -6.386    -2.39    1.90
 -30633.230    -6.996    -1.64    0.70
 -30260.879    -6.843     0.41    1.42
 -29888.609    -5.240     4.31    3.80
 -29516.420    -2.768     6.64    5.50
 -29144.312     0.500     8.78    6.15
 -28772.285     3.101     6.99    5.03
 -28400.340     4.818     4.61    2.61
 -28028.475     4.721    -0.26    3.19
 -27656.691     4.056    -1.79    3.31
 -27284.988     3.229    -2.23    3.23
 -26913.366     2.882    -0.93    3.36
 -26541.824     1.326    -4.19    1.61
 -26170.363     0.882    -1.20    0.73
 -25798.983     1.871     2.67    2.84
 -25427.684     6.912    13.58   10.12
 -25056.465    16.126    24.82   16.26
 -24685.326    28.239    32.64   20.57
 -24314.268    43.733    41.76   21.46
 -23943.290    53.871    27.33   21.16
 -23572.393    60.893    18.93   19.99
 -23201.576    59.669    -3.30   18.56
 -22830.839    53.298   -17.18   19.05
 -22460.182    47.851   -14.70   17.43
 -22089.605    44.267    -9.67   14.88
 -21719.109    45.624     3.66   14.07
 -21348.692    48.575     7.97   10.46
 -20978.356    47.514    -2.87    8.69
 -20608.099    43.078   -11.98   10.78
 -20237.922    36.071   -18.93   11.57
 -19867.825    30.005   -16.39   12.81
 -19497.808    25.344   -12.60   16.06
 -19127.871    24.290    -2.85   17.07
 -18758.013    22.562    -4.67   15.60
 -18388.235    19.320    -8.77   13.18
 -18018.536    15.819    -9.47    9.79
 -17648.917    13.402    -6.54    5.43
 -17279.377    12.912    -1.33    3.86
 -16909.917    15.613     7.31    4.10
 -16540.536    18.861     8.79    4.13
 -16171.234    22.947    11.06    5.74
 -15802.012    28.195    14.21    7.52
 -15432.869    34.135    16.09    8.61
 -15063.805    40.551    17.39    7.98
 -14694.820    45.566    13.59    6.64
 -14325.914    52.575    19.00    7.52
 -13957.087    59.555    18.92   10.57
 -13588.339    67.236    20.83   11.93
 -13219.670    73.882    18.03   11.99
 -12851.080    80.708    18.52   12.11
 -12482.569    87.336    17.99   13.04
 -12114.136    96.366    24.51   16.30
 -11745.782   108.376    32.61   20.25
 -11377.507   117.403    24.51   21.90
 -11009.311   124.098    18.18   20.67
 -10641.193   130.428    17.20   21.35
 -10273.153   135.614    14.09   20.48
  -9905.192   139.500    10.56   17.68
  -9537.309   137.871    -4.43   17.06
  -9169.505   130.871   -19.03   19.02
  -8801.779   120.148   -29.16   18.83
  -8434.131   107.300   -34.95   18.62
  -8066.562    92.126   -41.28   21.21
  -7699.070    77.315   -40.31   21.71
  -7331.657    63.851   -36.64   18.05
  -6964.322    51.098   -34.72   11.75
  -6597.064    43.453   -20.82    9.85
  -6229.885    37.632   -15.85   10.10
  -5862.784    32.181   -14.85    8.20
  -5495.760    27.215   -13.53    9.16
  -5128.815    23.212   -10.91   10.01
  -4761.947    17.484   -15.61   11.07
  -4395.156    11.521   -16.26   10.02
  -4028.444     7.392   -11.26    7.39
  -3661.809     5.924    -4.00    4.66
  -3295.252     5.642    -0.77    3.35
  -2928.772     6.421     2.12    4.04
  -2562.369     6.269    -0.41    5.17
  -2196.044     5.188    -2.95    5.48
  -1829.797     3.129    -5.62    4.30
  -1463.627     2.484    -1.76    4.70
  -1097.534     2.059    -1.16    5.12
   -731.518     1.229    -2.27    4.79
   -365.579     0.102    -3.08    1.70
      0.282    -0.129    -0.63    0.00
    366.066    -0.097     0.09    0.23
    731.774     0.449     1.49    2.24
   1097.404     1.555     3.03    3.72
   1462.958     2.461     2.48    4.01
   1828.434     2.748     0.78    3.89
   2193.834     5.263     6.88    8.15
   2559.157     7.392     5.83    9.81
   2924.403     7.775     1.05    9.61
   3297.328     7.387    -1.04    8.46
   3678.602     6.705    -1.79    5.91
   4059.791     6.082    -1.63    2.47
   4440.895     6.191     0.29    2.33
   4821.915     5.063    -2.96    3.39
   5202.849     3.387    -4.40    3.50
   5583.699     1.397    -5.23    2.17
   5964.464     0.434    -2.53    0.92
   6345.145     0.351    -0.22    0.52
   6725.741     0.455     0.27    0.50
   7106.252     0.568     0.30    0.46
   7486.679     0.678     0.29    0.40
   7867.021     0.780     0.27    0.29
   8247.280     0.850     0.18    0.14
   8627.454     4.330     9.15    7.06
   9007.543    11.986    20.14   13.40
   9387.549    24.821    33.78   18.07
   9767.470    39.291    38.09   17.15
  10147.308    54.962    41.26   15.52
  10527.061    66.244    29.71   14.79
  10906.730    76.142    26.07   16.49
  11286.316    80.382    11.17   18.47
  11665.817    79.083    -3.42   20.20
  12045.235    75.635    -9.09   19.27
  12424.569    73.336    -6.06   14.82
  12803.819    74.682     3.55   12.73
  13182.986    77.080     6.32   11.93
  13562.069    81.653    12.06   11.73
  13941.069    86.326    12.33   11.24
  14319.985    92.818    17.13   12.55
  14698.818   104.205    30.06   16.05
  15077.567   115.150    28.90   16.32
  15456.233   122.324    18.95   12.32
  15834.816   124.480     5.69    9.50
  16213.316   122.167    -6.11    8.86
  16591.732   119.029    -8.29    8.14
  16970.066   117.675    -3.58    9.32
  17348.316   116.450    -3.24   10.09
  17726.483   110.830   -14.86   12.35
  18104.568   103.632   -19.04   11.51
  18482.569   100.575    -8.09    8.61
  18860.488    99.913    -1.75    8.61
  19238.324   103.111     8.46    9.08
  19616.077   107.145    10.68    8.32
  19993.748   111.315    11.04   10.12
  20371.336   116.892    14.77   11.36
  20748.842   121.705    12.75    9.23
  21126.264   121.619    -0.23    9.66
  21503.605   117.729   -10.31   11.05
  21880.863   110.366   -19.51   10.25
  22258.039   100.682   -25.68    9.92
  22635.132    93.137   -20.01    9.79
  23012.144    86.031   -18.85    9.55
  23389.073    78.955   -18.77    8.71
  23765.920    74.480   -11.87    6.28
  24142.684    72.882    -4.24    5.35
  24519.367    72.172    -1.88    4.57
  24895.968    72.871     1.86    4.14
  25272.487    74.969     5.57    5.89
  25648.924    79.013    10.74    8.08
  26025.280    82.201     8.47    7.50
  26401.553    79.614    -6.88   11.38
  26777.745    71.458   -21.68   17.38
  27153.855    56.810   -38.95   17.93
  27529.884    47.769   -24.04   10.19
  27905.831    46.726    -2.78    7.27
  28281.696    49.124     6.38    7.26
  28657.480    52.336     8.55    5.91
  29033.183    53.632     3.45    5.79
  29408.804    55.912     6.07    5.96
  29784.344    59.487     9.52    6.30
  30159.803    62.933     9.18    5.00
  30535.181    65.513     6.87    4.62
  30910.477    70.160    12.38    6.67
  31285.693    73.892     9.95    7.90
  31660.827    76.423     6.75    7.80
  32035.881    76.987     1.50    8.44
  32410.853    77.486     1.33    8.83
  32785.745    76.735    -2.00    8.06
  33160.555    76.694    -0.11    7.04
  33535.285    77.455     2.03    7.02
  33909.935    80.545     8.25    8.28
  34284.503    82.572     5.41    7.28
  34658.991    85.065     6.66    6.21
  35033.399    84.882    -0.49    7.19
  35407.726    84.956     0.20    7.26
  35781.972    88.985    10.76    9.79
  36156.138    93.594    12.32   10.15
  36530.224    95.829     5.98    9.48
  36904.230    94.883    -2.53    9.81
  37278.155    89.294   -14.95    9.92
  37652.000    86.110    -8.52    7.75
  38025.765    86.715     1.62    6.72
  38399.449    89.549     7.58    6.52
  38773.054    92.377     7.57    6.08
  39146.579    94.467     5.60    7.25
  39520.023    97.819     8.98    7.59
  39893.388   100.222     6.44    5.79
  40266.673   101.184     2.58    5.26
  40639.878    98.718    -6.61    7.58
  41013.004    93.124   -14.99    8.61
  41386.049    85.665   -19.99   10.73
  41759.015    74.671   -29.48   13.66
  42131.902    66.703   -21.37   11.23
  42504.709    62.721   -10.68    7.42
  42877.436    64.222     4.03    7.61
  43250.084    70.360    16.47    7.61
  43622.653    76.297    15.93    6.74
  43995.142    81.994    15.29    5.45
  44367.552    86.758    12.79    7.39
  44739.882    92.988    16.73    9.41
  45112.134    99.987    18.80    9.18
  45484.306   105.903    15.90    8.54
  45856.399   113.663    20.85    9.21
  46228.414   120.482    18.33   10.14
  46600.349   129.040    23.01    8.94
  46972.205   135.488    17.34    7.70
  47343.982   142.456    18.74    8.18
  47715.681   147.882    14.60    8.57
  48087.301   151.817    10.59    6.92
  48458.842   152.377     1.51    5.83
  48830.304   149.371    -8.09    8.18
  49201.687   142.043   -19.73   13.53
  49572.992   130.502   -31.08   16.74
  49944.219   117.119   -36.05   17.53
  50315.367   107.274   -26.53   12.55
  50686.436   104.148    -8.42    8.11
  51057.427   106.478     6.28    8.50
  51428.340   111.701    14.08    6.71
  51799.175   115.819    11.10    4.74
  52169.931   118.419     7.01    4.34
  52540.609   120.736     6.25    4.93
  52911.209   123.969     8.72    5.20
  53281.730   127.150     8.58    6.00
  53652.174   130.534     9.14    5.86
  54022.540   133.167     7.11    5.75
  54392.827   134.605     3.88    7.24
  54763.037   135.871     3.42    8.01
  55133.169   136.730     2.32    8.61
  55503.223   138.309     4.27    8.71
  55873.199   138.978     1.81    8.70
  56243.098   138.573    -1.09    8.22
  56612.919   138.998     1.15    8.09
  56982.662   139.807     2.19    7.76
  57352.328   141.645     4.97    8.60
  57721.916   143.794     5.82    8.61
  58091.427   144.023     0.62    8.45
  58460.860   143.567    -1.23    8.37
  58830.216   141.603    -5.32    8.21
  59199.495   140.208    -3.78    8.46
  59568.696   143.298     8.37    9.62
  59937.820   147.861    12.36   10.92
  60306.867   153.745    15.94   10.04
  60675.837   158.159    11.96    9.51
  61044.729   162.667    12.22   11.99
  61413.545   166.684    10.89   14.22
  61782.283   173.602    18.76   14.55
  62150.945   181.142    20.45   14.07
  62519.530   187.694    17.77   10.71
  62888.038   189.535     5.00    7.75
  63256.469   188.903    -1.71    8.04
  63624.823   184.361   -12.33    9.99
  63993.101   177.467   -18.72   13.35
  64361.302   164.531   -35.13   22.94
  64729.426   151.282   -35.99   29.19
  65097.474   132.105   -52.10   29.60
  65465.445   117.757   -38.99   22.93
  65833.340   109.242   -23.14   12.16
  66201.158   114.967    15.56   17.25
  66568.900   124.058    24.72   18.94
  66936.566   135.080    29.98   15.81
  67304.155   138.052     8.09   12.25
  67671.668   129.691   -22.75   18.21
  68039.105   113.808   -43.22   26.47
  68406.466    90.871   -62.43   29.31
  68773.750    73.124   -48.32   26.11
  69140.959    56.282   -45.86   17.65
  69508.092    46.902   -25.55   12.53
  69875.148    42.659   -11.56   10.09
  70242.129    41.040    -4.41    7.69
  70609.034    40.605    -1.18    4.78
  70975.863    40.977     1.01    3.82
  71342.616    41.418     1.20    3.99
  71709.294    41.042    -1.03    3.70
  72075.896    40.590    -1.23    3.57
  72442.422    42.871     6.22    6.70
  72808.873    48.414    15.12   11.03
  73175.248    55.227    18.59   12.20
  73541.547    63.356    22.19   11.53
  73907.772    69.797    17.59   11.71
  74273.920    74.419    12.62   12.28
  74639.994    77.124     7.39   12.53
  75005.992    79.498     6.49   13.23
  75371.915    81.819     6.34   13.80
  75737.762    84.985     8.65   15.24
  76103.535    89.778    13.10   18.05
  76469.232    93.742    10.84   20.35
  76834.855    97.713    10.86   19.45
  77200.402   100.513     7.66   16.06
  77565.874   102.350     5.03   13.24
  77934.429   107.619    14.29   12.78
  78315.536   113.741    16.06   13.07
  78696.561   120.840    18.63   11.90
  79077.502   127.600    17.74   12.27
  79458.362   134.566    18.29   14.50
  79839.138   148.478    36.53   19.83
  80219.832   164.577    42.29   24.41
  80600.444   185.156    54.07   27.55
  80980.973   202.403    45.32   28.51
  81361.420   215.148    33.50   39.93
  81741.784   216.850     4.47   48.82
  82122.067   199.510   -45.60   55.37
  82502.267   177.701   -57.36   49.61
  82882.384   155.180   -59.24   25.87
  83262.420   146.850   -21.92   12.33
  83642.374   144.084    -7.28   11.71
  84022.246   141.414    -7.03   14.79
  84402.035   139.746    -4.39   15.39
  84781.743   140.089     0.90   13.10
  85161.369   143.819     9.83   11.64
  85540.913   149.420    14.75   12.64
  85920.376   159.608    26.85   14.80
  86299.757   166.818    19.00   14.19
  86679.056   174.542    20.36   14.12
  87058.273   181.226    17.63   14.08
  87437.409   190.765    25.16   15.79
  87816.464   198.732    21.02   15.82
  88195.437   207.566    23.31   14.09
  88574.329   214.328    17.85   14.47
  88953.139   219.440    13.49   13.51
  89331.868   223.754    11.39   15.26
  89710.516   229.733    15.79   14.17
  90089.083   236.377    17.55   14.73
  90467.569   253.019    43.97   26.55
  90845.973   272.463    51.38   34.11
  91224.297   295.084    59.79   38.47
  91602.540   317.764    59.96   43.72
  91980.701   352.745    92.50   60.25
  92358.782   389.474    97.14   69.14
  92736.782   427.335   100.15   58.76
  93114.701   455.132    73.55   44.42
  93492.540   481.913    70.88   46.27
  93870.298   499.067    45.41   50.64
  94247.975   513.777    38.94   46.60
  94625.572   519.248    14.49   50.35
  95003.088   521.945     7.14   58.82
  95380.524   505.127   -44.56   60.72
  95757.879   487.159   -47.61   56.51
  96135.154   460.510   -70.63   70.99
  96512.349   409.420  -135.44   90.66
  96889.463   361.712  -126.50   86.38
  97266.498   331.159   -81.03   61.37
  97643.452   352.323    56.14   82.25
  98020.326   390.851   102.22   77.88
  98397.120   402.499    30.91   68.15
  98773.834   405.733     8.58   65.23
  99150.468   406.797     2.82   56.86
  99527.022   423.680    44.83   50.07
  99903.496   432.808    24.24   42.41
 100279.890   423.807   -23.91   47.08
 100656.205   397.745   -69.25   43.44
 101032.440   369.603   -74.79   29.72
 101408.595   358.488   -29.54   28.38
 101784.671   355.839    -7.04   28.43
 102160.667   372.635    44.67   34.05
 102536.584   399.052    70.27   34.58
 102912.421   412.095    34.70   29.32
 103288.179   411.839    -0.68   22.55
 103663.858   397.744   -37.52   26.66
 104039.457   369.404   -75.45   37.32
 104414.977   342.425   -71.84   37.06
 104790.418   322.025   -54.33   30.73
 105165.779   311.303   -28.56   29.29
 105541.062   308.608    -7.18   31.67
 105916.265   312.535    10.47   27.76
 106291.390   318.871    16.89   22.01
 106666.435   328.819    26.52   18.48
 107041.402   339.587    28.72   22.06
 107416.290   344.560    13.26   28.68
 107791.099   346.274     4.57   33.73
 108165.829   343.988    -6.10   39.68
 108540.480   346.182     5.85   46.92
 108915.053   356.308    27.03   48.87
 109289.547   373.758    46.59   53.60
 109663.963   398.935    67.24   53.21
 110038.300   423.739    66.26   48.71
 110412.559   448.659    66.58   43.58
 110786.739   461.619    34.63   31.03
 111160.841   459.324    -6.13   40.68
 111534.864   453.071   -16.72   55.33
 111908.809   435.608   -46.70   62.73
 112282.677   431.764   -10.28   58.59
 112656.465   442.988    30.03   56.43
 113030.176   481.308   102.53   67.94
 113403.809   524.219   114.84   73.77
 113777.364   557.629    89.43   71.86
 114150.840   572.186    38.97   82.38
 114524.239   550.967   -56.82   98.48
 114897.560   522.132   -77.23   90.67
 115270.803   495.570   -71.16   74.09
 115643.968   470.427   -67.37   61.13
 116017.056   447.605   -61.16   55.46
 116390.066   426.883   -55.55   46.05
 116762.998   409.456   -46.72   43.91
 117135.852   399.813   -25.86   47.82
 117508.629   396.796    -8.09   57.63
 117881.329   397.124     0.88   66.88
 118253.951   394.361    -7.42   67.60
 118626.496   395.223     2.31   66.14
 118998.963   408.570    35.83   63.47
 119371.353   424.110    41.73   67.90
 119743.666   446.084    59.01   62.05
 120115.901   461.727    42.02   55.19
 120488.060   451.212   -28.25   50.86
 120860.141   428.284   -61.61   62.14
 121232.145   378.925  -132.67   76.46
 121604.073   328.205  -136.36   70.84
 121975.923   279.002  -132.31   57.09
 122347.696   241.710  -100.30   59.79
 122719.392   204.138  -101.07   62.39
 123091.012   166.008  -102.60   58.12
 123462.555   130.940   -94.38   31.58
 123834.021   111.361   -52.70   17.14
 124205.410   100.994   -27.91    8.91
 124576.723    95.303   -15.32    4.93
 124947.959    91.549   -10.11    5.19
 125319.119    89.431    -5.71    6.07
 125690.202    88.334    -2.96    5.72
 126061.208    88.360     0.07    5.35
 126432.138    90.818     6.62    6.39
 126802.992    96.948    16.53    9.60
 127173.770   104.506    20.38   12.30
 127544.471   112.793    22.35   13.53
 127915.096   120.552    20.93   14.96
 128285.645   129.632    24.50   15.39
 128656.118   137.795    22.03   15.66
 129026.514   148.561    29.06   13.01
 129396.835   156.861    22.41   12.14
 129767.079   164.929    21.79    9.98
 130137.248   173.129    22.15   10.49
 130507.341   180.597    20.17   13.30
 130877.358   193.829    35.76   18.16
 131247.299   207.458    36.84   22.21
 131617.164   228.850    57.83   33.33
 131986.954   249.648    56.24   39.70
 132356.668   267.796    49.08   45.41
 132726.306   278.495    28.94   49.55
 133095.869   278.463    -0.09   54.89
 133465.356   267.280   -30.26   53.52
 133834.768   248.928   -49.68   49.64
 134204.104   231.355   -47.57   39.73
 134573.365   221.895   -25.62   27.68
 134942.551   219.086    -7.61   20.13
 135311.661   225.030    16.10   19.31
 135680.696   237.137    32.80   23.83
 136049.656   252.219    40.87   27.08
 136418.540   274.263    59.75   29.07
 136787.350   300.043    69.90   34.64
 137156.084   333.129    89.72   43.33
 137524.744   360.817    75.10   44.82
 137893.328   385.047    65.73   31.47
 138261.837   374.659   -28.19   47.25
 138630.272   337.894   -99.78   76.14
 138998.632   282.000  -151.72   77.28
 139366.917   236.336  -123.98   39.20
 139735.127   239.052     7.37   36.58
 140103.262   270.014    84.10   58.85
 140471.323   328.839   159.81   71.23
 140839.309   379.244   136.96   65.68
 141207.221   422.172   116.67   64.00
 141575.058   450.024    75.71   66.77
 141942.821   459.350    25.36   65.92
 142310.509   447.871   -31.21   64.51
 142678.123   437.584   -27.98   58.06
 143045.662   446.764    24.97   50.42
 143413.127   473.523    72.81   45.08
 143780.518   494.796    57.90   45.36
 144147.835   511.838    46.39   51.86
 144515.077   528.613    45.67   46.25
 144882.245   527.301    -3.57   44.17
 145249.340   513.060   -38.79   50.38
 145616.360   488.052   -68.13   50.71
 145983.306   458.036   -81.79   33.64
 146350.178   448.613   -25.68   26.64
 146716.977   442.246   -17.36   37.53
 147083.701   424.420   -48.61   56.82
 147450.352   399.995   -66.61   64.02
 147816.929   363.656   -99.12   64.81
 148183.432   323.699  -109.01   63.05
 148549.861   278.121  -124.37   60.29
 148916.217   249.581   -77.89   51.20
 149282.500   232.110   -47.69   30.86
 149648.708   225.650   -17.64   23.59
 150014.843   219.099   -17.89   21.06
 150380.905   207.998   -30.32   24.20
 150746.893   190.906   -46.70   16.92
 151112.808   182.914   -21.84   11.31
 151478.650   182.080    -2.28   10.66
 151844.418   184.850     7.57   13.61
 152210.113   187.480     7.19   15.90
 152575.735   185.979    -4.11   19.19
 152955.587   177.850   -21.40   19.66
 153336.447   168.034   -25.77   19.69
 153717.226   158.552   -24.90   15.49
 154097.924   148.752   -25.74   12.74
 154478.542   141.556   -18.90   11.18
 154859.080   138.937    -6.88    9.69
 155239.537   139.452     1.35    9.98
 155619.914   145.663    16.33   10.57
 156000.211   149.076     8.97    8.21
 156380.427   148.980    -0.25    7.93
 156760.564   149.312     0.87    7.82
 157140.620   152.643     8.76   11.50
 157520.597   162.366    25.58   19.81
 157900.493   177.776    40.56   25.01
 158280.310   191.338    35.70   25.11
 158660.047   203.329    31.57   21.87
 159039.704   212.149    23.23   22.64
 159419.281   220.127    21.01   24.72
 159798.778   226.849    17.71   27.89
 160178.196   233.212    16.77   28.15
 160557.534   241.009    20.55   32.43
 160936.793   252.701    30.82   36.69
 161315.972   271.285    49.01   46.34
 161695.072   289.148    47.11   48.01
 162074.092   295.190    15.94   46.31
 162453.033   284.637   -27.84   42.73
 162831.894   265.290   -51.06   33.54
 163210.676   257.241   -21.25   28.06
 163589.379   266.150    23.52   38.61
 163968.003   279.904    36.32   38.98
 164346.548   284.768    12.85   35.87
 164725.014   270.000   -39.01   34.98
 165103.400   249.814   -53.34   19.36
 165481.708   240.100   -25.68   12.88
 165859.937   241.053     2.52   16.33
 166238.086   244.925    10.24   18.88
 166616.157   248.193     8.64   18.69
 166994.150   255.360    18.96   14.81
 167372.063   262.354    18.50   12.58
 167749.898   271.560    24.36   12.11
 168127.654   276.804    13.88   12.06
 168505.332   275.796    -2.67   13.64
 168882.931   274.212    -4.19   14.73
 169260.451   279.480    13.95   17.89
 169637.893   289.792    27.32   23.61
 170015.257   304.382    38.66   26.76
 170392.543   315.746    30.12   26.90
 170769.750   321.719    15.83   25.02
 171146.878   326.440    12.52   22.23
 171523.929   335.491    24.00   23.38
 171900.902   347.110    30.82   26.20
 172277.796   357.915    28.66   27.34
 172654.612   365.303    19.60   28.73
 173031.351   370.654    14.20   29.02
 173408.011   379.568    23.66   32.80
 173784.593   387.732    21.68   38.68
 174161.098   401.258    35.92   46.06
 174537.525   421.043    52.56   50.69
 174913.874   444.133    61.34   54.58
 175290.145   444.882     1.99   48.21
 175666.338   449.527    12.34   43.02
 176042.454   481.095    83.92   64.64
 176418.493   525.032   116.83   73.50
 176794.454   554.377    78.04   56.20
 177170.337   556.308     5.14   54.34
 177546.143   523.990   -85.99   58.92
 177921.871   493.331   -81.59   41.92
 178297.523   475.215   -48.22   38.05
 178673.096   459.162   -42.74   42.78
 179048.593   436.764   -59.64   41.60
 179424.013   429.825   -18.48   48.09
 179799.355   432.344     6.71   65.51
 180174.620   441.476    24.33   75.32
 180549.808   425.699   -42.04   74.98
 180924.919   398.825   -71.63   55.14
 181299.953   390.624   -21.87   58.11
 181674.911   393.216     6.91   67.78
 182049.791   388.691   -12.07   69.94
 182424.594   377.235   -30.56   66.51
 182799.321   348.052   -77.87   59.38
 183173.971   326.871   -56.53   41.37
 183548.545   320.969   -15.75   38.21
 183923.041   329.227    22.05   49.94
 184297.461   329.600     1.00   51.39
 184671.805   315.838   -36.76   47.54
 185046.072   291.914   -63.91   43.39
 185420.262   272.003   -53.20   32.02
 185794.377   253.393   -49.74   22.13
 186168.414   240.312   -34.97   18.97
 186542.376   230.317   -26.72   16.63
 186916.261   229.981    -0.90   18.89
 187290.070   249.534    52.30   39.69
 187663.803   282.124    87.19   50.26
 188037.460   314.138    85.67   36.69
 188411.040   321.034    18.46   31.48
 188784.545   312.238   -23.55   32.20
 189157.974   309.795    -6.54   30.97
 189531.326   327.894    48.47   42.92
 189904.603   352.958    67.14   43.13
 190277.804   372.571    52.55   44.81
 190650.929   374.187     4.33   52.25
 191023.978   371.062    -8.37   45.57
 191396.952   364.100   -18.67   31.14
 191769.850   355.607   -22.77   27.63
 192142.672   332.323   -62.44   40.37
 192515.419   306.929   -68.12   34.90
 192888.090   300.119   -18.27   30.43
 193260.686   309.336    24.74   39.38
 193633.206   327.549    48.88   39.62
 194005.651   347.538    53.66   30.26
 194378.020   352.613    13.63   23.54
 194750.314   345.287   -19.68   30.15
 195122.533   327.904   -46.69   32.96
 195494.677   317.571   -27.76   23.92
 195866.746   329.567    32.24   32.82
 196238.739   352.437    61.47   38.65
 196610.657   361.289    23.80   35.18
 196982.501   352.205   -24.43   44.77
 197354.269   322.727   -79.28   48.87
 197725.962   291.382   -84.32   45.95
 198097.581   265.725   -69.03   39.84
 198469.124   250.764   -40.26   36.17
 198840.593   237.019   -37.00   31.77
 199211.987   224.437   -33.87   28.47
 199583.306   210.653   -37.12   23.34
 199954.551   196.300   -38.66   18.04
 200325.721   187.837   -22.80   13.37
 200696.816   189.716     5.06   17.88
 201067.837   195.906    16.68   25.53
 201438.784   206.176    27.68   34.10
 201809.656   209.371     8.62   39.75
 202180.453   197.282   -32.60   39.51
 202551.176   182.383   -40.18   31.10
 202921.825   169.256   -35.41   17.45
 203292.399   161.803   -20.11    8.16
 203662.900   156.267   -14.94   10.14
 204033.326   151.804   -12.05   10.32
 204403.678   148.212    -9.70    7.93
 204773.956   146.958    -3.39    7.08
 205144.159   149.579     7.08    8.58
 205514.289   154.245    12.60    9.82
 205884.345   160.208    16.11   13.68
 206254.327   170.089    26.70   19.34
 206624.235   179.205    24.64   20.99
 206994.069   188.646    25.52   20.78
 207363.829   198.557    26.80   21.43
 207733.516   209.469    29.51   23.85
 208103.129   222.130    34.25   29.90
 208472.668   227.971    15.80   31.82
 208842.134   225.469    -6.77   34.14
 209211.526   209.241   -43.93   33.49
 209580.844   196.678   -34.01   22.29
 209950.089   198.278     4.33   23.74
 210319.261   211.538    35.91   30.01
 210688.359   231.398    53.80   35.47
 211057.384   242.127    29.07   35.75
 211426.336   248.894    18.34   33.75
 211795.214   246.630    -6.14   23.58
 212164.019   249.849     8.73   23.38
 212532.751   256.718    18.62   30.67
 212901.409   268.062    30.77   34.74
 213269.995   282.839    40.08   33.65
 213638.508   294.616    31.95   30.67
 214006.947   304.730    27.45   25.95
 214375.314   307.492     7.50   32.81
 214743.607   301.663   -15.83   41.06
 215111.828   294.062   -20.64   44.11
 215479.976   290.465    -9.77   43.78
 215848.051   295.682    14.17   35.77
 216216.054   302.882    19.56   29.71
 216583.983   301.393    -4.05   28.32
 216951.840   288.996   -33.69   30.05
 217319.625   271.915   -46.44   22.77
 217687.336   263.116   -23.93   13.31
 218054.976   269.708    17.93   16.03
 218422.542   280.781    30.12   17.54
 218790.037   287.300    17.73   17.04
 219157.459   291.505    11.44   23.27
 219524.808   290.234    -3.46   28.88
 219892.085   284.712   -15.03   30.10
 220259.290   280.534   -11.38   29.94
 220626.423   279.509    -2.79   29.20
 220993.483   284.467    13.51   29.70
 221360.472   297.003    34.15   33.19
 221727.388   312.476    42.16   34.19
 222094.232   321.784    25.37   27.78
 222461.004   320.290    -4.07   24.95
 222827.704   313.578   -18.30   32.56
 223194.332   300.260   -36.32   43.45
 223560.889   288.249   -32.76   47.32
 223927.373   277.113   -30.38   49.27
 224293.786   270.916   -16.91   47.36
 224660.126   276.738    15.89   43.77
 225026.396   293.087    44.63   41.31
 225392.593   305.036    32.62   39.47
 225758.719   311.026    16.36   40.32
 226124.773   303.860   -19.57   49.60
 226490.755   288.021   -43.27   56.82
 226856.666   278.992   -24.67   51.92
 227222.506   281.871     7.87   46.26
 227598.262   288.171    16.76   36.49
 227978.960   287.660    -1.34   33.49
 228359.580   274.915   -33.48   34.27
 228740.121   255.105   -52.05   38.68
 229120.584   241.545   -35.63   40.54
 229500.969   232.104   -24.82   43.37
 229881.275   226.311   -15.23   41.89
 230261.504   229.871     9.36   41.86
 230641.654   241.201    29.80   43.57
 231021.726   260.165    49.89   42.03
 231401.720   282.465    58.67   40.16
 231781.637   299.336    44.40   27.61
 232161.475   296.680    -6.99   27.88
 232541.235   281.013   -41.25   36.24
 232920.918   259.649   -56.26   34.91
 233300.523   246.941   -33.47   33.16
 233680.050   253.685    17.76   38.46
 234059.499   264.515    28.54   35.70
 234438.871   263.355    -3.06   34.85
 234818.165   253.090   -27.06   38.54
 235197.382   233.113   -52.67   42.10
 235576.521   207.366   -67.90   42.56
 235955.583   187.782   -51.65   39.19
 236334.568   171.024   -44.21   37.51
 236713.475   162.005   -23.80   32.80
 237092.304   157.305   -12.40   28.78
 237471.057   151.725   -14.73   24.35
 237849.732   142.157   -25.26   25.32
 238228.330   142.496     0.90   28.77
 238606.851   146.738    11.20   35.99
 238985.295   159.303    33.20   36.04
 239363.662   169.003    25.63   28.81
 239741.952   171.427     6.41   32.20
 240120.165   162.738   -22.97   39.70
 240498.301   144.127   -49.21   47.47
 240876.360   125.171   -50.13   44.14
 241254.343   106.961   -48.17   42.04
 241632.248    84.761   -58.73   36.13
 242010.077    68.167   -43.91   28.44
 242387.830    54.707   -35.63   11.95
 242765.505    51.557    -8.34    2.64
 243143.105    52.838     3.39    2.85
 243520.627    54.104     3.35    1.91
 243898.074    54.489     1.02    1.37
 244275.443    54.217    -0.72    1.34
 244652.737    54.501     0.75    1.20
 245029.954    54.859     0.95    1.27
 245407.095    56.038     3.12    2.24
 245784.159    57.213     3.11    2.45
 246161.148    57.794     1.54    2.86
 246538.060    57.574    -0.59    3.78
 246914.896    56.056    -4.03    3.99
 247291.656    54.139    -5.09    3.69
 247668.340    52.697    -3.83    3.23
 248044.948    52.546    -0.40    2.90
 248421.481    52.360    -0.49    2.56
 248797.937    52.657     0.79    2.58
 249174.317    54.205     4.11    3.06
 249550.622    55.609     3.73    2.37
 249926.851    56.027     1.11    1.88
 250303.004    56.293     0.71    2.11
 250679.082    55.938    -0.94    2.27
 251055.084    55.919    -0.05    2.48
 251431.010    55.883    -0.10    2.40
 251806.861    55.883     0.00    1.94
 252182.637    56.487     1.61    2.62
 252558.337    58.229     4.64    3.93
 252933.962    59.916     4.49    4.59
 253309.511    61.205     3.43    4.05
 253684.985    61.426     0.59    3.52
 254060.384    60.604    -2.19    2.93
 254435.708    60.317    -0.76    1.89
 254810.956    60.109    -0.55    1.51
 255186.129    59.399    -1.89    1.27
 255561.228    59.324    -0.20    1.45
 255936.251    59.627     0.81    1.68
 256311.199    59.895     0.72    1.69
 256686.073    60.804     2.42    1.86
 257060.871    61.064     0.69    1.98
 257435.595    60.916    -0.39    1.59
 257810.244    61.086     0.45    1.04
 258184.818    61.171     0.23    0.92
 258559.317    61.569     1.06    1.09
 258933.742    61.992     1.13    1.04
 259308.092    62.953     2.57    1.65
 259682.368    64.245     3.45    2.35
 260056.569    64.635     1.04    2.21
 260430.695    64.705     0.19    2.07
 260804.748    64.155    -1.47    2.28
 261178.725    63.399    -2.02    1.97
 261552.629    63.504     0.28    2.20
 261926.458    63.749     0.66    2.15
 262300.212    64.113     0.97    1.83
 262673.893    64.051    -0.16    1.41
 263047.499    64.262     0.56    1.23
 263421.032    64.652     1.04    1.44
 263794.490    65.228     1.54    1.33
 264167.874    65.287     0.16    1.14
 264541.184    64.815    -1.27    1.12
 264914.420    64.616    -0.53    1.06
 265287.582    64.516    -0.27    1.02
 265660.671    64.538     0.06    1.13
 266033.685    64.512    -0.07    1.18
 266406.626    64.315    -0.53    1.14
 266779.493    64.705     1.05    1.41
 267152.286    65.530     2.21    1.80
 267525.006    66.594     2.85    2.92
 267897.652    67.685     2.93    3.12
 268270.224    68.305     1.66    2.62
 268642.723    68.298    -0.02    2.34
 269015.149    67.750    -1.47    2.22
 269387.501    67.482    -0.72    1.95
