-164349.112   156.441     0.00   21.75
-163969.321   170.359    36.64   21.63
-163589.453   179.769    24.77   23.15
-163209.509   190.999    29.55   25.74
-162829.488   203.922    34.00   28.15
-162449.391   223.750    52.16   32.29
-162069.217   246.653    60.24   35.40
-161688.967   278.020    82.48   39.79
-161308.640   309.200    81.97   35.03
-160928.236   319.526    27.14   34.09
-160547.755   316.715    -7.39   38.88
-160167.198   308.829   -20.72   39.42
-159798.834   305.732    -8.41   37.66
-159432.857   314.042    22.71   36.61
-159066.810   329.930    43.40   36.72
-158700.693   346.616    45.57   37.74
-158334.506   362.629    43.72   42.85
-157968.248   372.537    27.05   41.88
-157601.920   384.082    31.51   38.31
-157235.522   390.652    17.93   35.93
-156869.053   400.357    26.48   33.85
-156502.514   404.769    12.04   30.06
-156135.904   400.991   -10.30   28.95
-155769.223   382.790   -49.63   30.44
-155402.472   359.770   -62.76   31.81
-155035.650   337.192   -61.54   27.78
-154668.758   333.926    -8.90   29.34
-154301.795   342.446    23.22   40.88
-153934.761   366.986    66.85   54.88
-153567.656   395.832    78.57   58.12
-153200.480   416.276    55.67   55.61
-152833.234   423.425    19.46   55.84
-152465.916   421.954    -4.00   56.32
-152098.528   422.292     0.92   50.76
-151731.069   431.112    24.00   44.58
-151363.538   448.965    48.57   39.48
-150995.937   475.394    71.89   34.81
-150628.264   495.389    54.38   32.03
-150260.520   509.597    38.63   18.78
-149892.705   510.020     1.15   20.61
-149524.818   504.211   -15.79   27.21
-149156.861   494.837   -25.47   39.22
-148788.832   477.790   -46.31   51.70
-148420.731   456.953   -56.60   55.93
-148052.559   429.705   -74.00   55.00
-147684.316   409.640   -54.48   43.24
-147316.001   400.908   -23.71   32.84
-146947.615   399.571    -3.63   25.01
-146579.157   405.304    15.56   22.67
-146210.627   423.072    48.21   24.16
-145842.026   444.081    56.99   32.36
-145473.353   473.430    79.60   34.98
-145104.608   507.254    91.72   42.65
-144735.791   542.813    96.40   44.05
-144366.903   566.361    63.83   34.04
-143997.942   575.446    24.62   27.67
-143628.910   566.694   -23.71   33.90
-143259.806   546.272   -55.32   39.45
-142890.630   525.604   -55.98   46.24
-142521.381   513.837   -31.86   45.05
-142152.061   507.717   -16.57   40.69
-141782.668   510.492     7.51   35.34
-141413.204   511.380     2.40   27.16
-141043.667   507.359   -10.88   25.05
-140674.058   495.261   -32.73   29.27
-140304.376   482.304   -35.05   32.78
-139934.622   462.465   -53.65   35.77
-139564.796   440.627   -59.05   37.85
-139194.897   415.418   -68.14   35.57
-138824.926   391.851   -63.69   27.46
-138454.882   377.061   -39.97   18.96
-138084.766   369.192   -21.26   13.48
-137714.577   367.332    -5.02   16.35
-137344.316   370.746     9.22   19.10
-136973.982   375.392    12.55   20.23
-136603.575   377.037     4.44   19.46
-136233.095   380.350     8.94   17.69
-135862.543   387.781    20.05   17.68
-135491.917   399.795    32.41   21.92
-135121.219   421.219    57.79   27.31
-134750.448   443.200    59.28   29.59
-134379.604   468.226    67.48   29.07
-134008.686   486.581    49.48   25.26
-133637.696   494.975    22.62   18.71
-133266.633   490.726   -11.45   21.13
-132895.496   476.269   -38.95   26.96
-132524.286   457.449   -50.70   27.01
-132153.003   437.680   -53.24   22.10
-131781.647   418.878   -50.63   27.02
-131410.218   398.573   -54.66   29.89
-131038.715   374.323   -65.27   33.15
-130667.138   350.680   -63.62   25.29
-130295.488   341.548   -24.57   16.34
-129923.765   341.700     0.41   13.94
-129551.968   351.350    25.95   17.54
-129180.098   363.146    31.72   16.86
-128808.153   376.845    36.83   19.42
-128436.136   390.504    36.71   19.46
-128064.044   405.881    41.32   25.12
-127691.879   419.363    36.22   25.85
-127319.640   432.992    36.61   23.39
-126947.327   439.976    18.76   20.34
-126574.940   433.804   -16.57   27.38
-126202.479   419.020   -39.69   35.33
-125829.944   395.173   -64.01   42.47
-125457.336   369.773   -68.16   38.40
-125084.653   342.637   -72.81   32.37
-124711.896   322.004   -55.35   34.36
-124339.065   300.152   -58.60   32.01
-123966.159   279.148   -56.32   28.53
-123593.180   260.694   -49.47   22.49
-123220.126   245.031   -41.98   21.64
-122846.998   233.003   -32.23   16.10
-122473.795   232.768    -0.63   19.82
-122100.518   245.176    33.24   31.44
-121727.167   274.381    78.22   45.35
-121353.741   309.073    92.89   45.74
-120980.240   344.953    96.06   49.40
-120606.665   374.537    79.19   40.90
-120233.015   398.323    63.65   36.02
-119859.291   407.031    23.30   32.94
-119485.492   404.251    -7.44   32.78
-119111.618   395.334   -23.85   38.52
-118737.669   378.215   -45.78   40.99
-118363.646   358.584   -52.48   43.08
-117989.547   341.251   -46.33   40.93
-117615.374   327.025   -38.02   44.13
-117241.125   321.015   -16.06   50.34
-116866.802   318.238    -7.42   59.41
-116492.403   317.885    -0.94   63.23
-116117.929   314.389    -9.33   64.30
-115743.380   306.086   -22.17   57.70
-115368.756   293.077   -34.72   53.83
-114994.057   273.438   -52.41   49.20
-114619.282   254.698   -50.00   47.83
-114244.432   235.746   -50.55   43.13
-113869.507   218.281   -46.58   37.23
-113494.506   201.792   -43.97   28.66
-113119.429   188.366   -35.79   24.55
-112744.277   173.099   -40.69   18.78
-112369.050   162.060   -29.42   15.41
-111993.747   150.702   -30.26   14.81
-111618.368   141.399   -24.78   11.28
-111242.913   134.372   -18.71    6.59
-110867.383   130.295   -10.85    4.26
-110491.777   125.471   -12.84    7.15
-110116.095   119.504   -15.88    9.56
-109740.337   112.878   -17.63    8.94
-109364.503   107.692   -13.80    5.66
-108988.593   104.637    -8.13    4.29
-108612.608   102.902    -4.61    4.80
-108236.546   101.626    -3.39    4.62
-107860.408   100.130    -3.98    4.98
-107484.193    97.834    -6.10    6.84
-107107.903    93.948   -10.33    6.97
-106731.536    90.315    -9.65    5.40
-106355.093    87.790    -6.71    3.51
-105978.574    86.867    -2.45    2.58
-105601.978    87.617     1.99    3.66
-105225.306    93.570    15.80   11.11
-104848.557   107.089    35.88   22.89
-104471.732   133.185    69.25   34.57
-104094.830   151.798    49.38   31.36
-103717.852   167.792    42.42   26.32
-103340.796   170.264     6.55   27.86
-102963.664   167.317    -7.81   25.80
-102586.456   164.629    -7.13   18.30
-102209.170   169.317    12.43   12.93
-101831.808   175.606    16.66   12.08
-101454.369   188.417    33.94   15.34
-101076.852   203.741    40.59   21.17
-100699.259   227.295    62.37   32.77
-100321.589   253.065    68.23   38.01
 -99943.842   290.504    99.10   54.73
 -99566.017   336.459   121.62   73.48
 -99188.115   398.580   164.37   91.23
 -98810.136   446.031   125.53   76.30
 -98432.080   462.656    43.97   54.57
 -98053.947   458.813   -10.16   49.29
 -97675.736   425.461   -88.18   54.28
 -97297.447   393.188   -85.31   35.19
 -96919.081   376.819   -43.26   29.27
 -96540.638   368.630   -21.64   30.88
 -96162.117   364.156   -11.82   29.91
 -95783.518   358.120   -15.94   24.70
 -95404.842   349.515   -22.72   26.26
 -95026.088   341.513   -21.13   26.92
 -94647.257   332.548   -23.66   23.03
 -94268.347   322.631   -26.17   16.71
 -93889.360   314.976   -20.20   16.85
 -93510.295   306.013   -23.64   13.98
 -93131.151   296.992   -23.79   13.45
 -92751.930   288.238   -23.08   11.57
 -92372.631   280.315   -20.89   10.97
 -91993.254   271.188   -24.06   10.14
 -91613.798   262.970   -21.66    9.02
 -91234.265   253.707   -24.40    8.58
 -90854.653   246.878   -17.99    9.45
 -90474.963   236.673   -26.87   11.47
 -90095.194   227.196   -24.95   12.36
 -89715.347   217.660   -25.10    9.82
 -89335.422   212.405   -13.83    7.41
 -88955.418   208.425   -10.47    5.45
 -88575.336   206.792    -4.29    7.05
 -88195.175   205.581    -3.19    7.04
 -87814.936   204.616    -2.54    5.68
 -87434.618   203.965    -1.71    3.77
 -87054.221   204.146     0.47    3.25
 -86673.745   205.845     4.46    4.07
 -86293.191   207.878     5.34    4.32
 -85912.558   209.680     4.73    3.78
 -85531.845   211.135     3.82    3.82
 -85158.912   211.954     2.20    3.56
 -84793.157   211.071    -2.42    4.39
 -84427.329   209.779    -3.53    5.09
 -84061.429   208.581    -3.27    6.11
 -83695.458   207.870    -1.94    7.60
 -83329.414   209.309     3.93    7.73
 -82963.298   209.778     1.28    8.12
 -82597.110   211.178     3.82    8.10
 -82230.850   213.397     6.06    8.98
 -81864.518   215.189     4.89   10.16
 -81498.114   214.848    -0.93   10.72
 -81131.637   213.317    -4.18    9.32
 -80765.088   213.515     0.54    7.61
 -80398.467   218.937    14.79   11.80
 -80031.773   226.298    20.07   15.56
 -79665.007   233.278    19.03   15.66
 -79298.168   237.972    12.79   15.39
 -78931.257   240.951     8.12   15.39
 -78564.273   242.644     4.62   15.54
 -78197.216   245.686     8.29   15.12
 -77830.087   252.031    17.28   15.86
 -77462.885   261.459    25.67   17.54
 -77095.611   272.438    29.89   18.38
 -76728.263   283.229    29.37   15.33
 -76360.843   295.481    33.34   12.40
 -75993.350   301.910    17.49   15.41
 -75625.784   309.730    21.27   20.78
 -75258.145   311.196     3.99   23.79
 -74890.433   312.227     2.80   25.21
 -74522.648   309.174    -8.30   20.79
 -74154.790   307.304    -5.08   16.88
 -73786.859   312.306    13.59   17.46
 -73418.854   323.238    29.70   19.30
 -73050.776   335.417    33.09   18.87
 -72682.625   341.787    17.30   15.82
 -72314.401   343.451     4.52   15.91
 -71946.104   339.404   -10.99   16.40
 -71577.733   333.419   -16.25   15.71
 -71209.288   327.081   -17.20   11.87
 -70840.770   320.954   -16.62   11.05
 -70472.179   313.247   -20.91    9.47
 -70103.514   306.514   -18.26    7.25
 -69734.775   301.841   -12.67    5.99
 -69365.962   299.025    -7.63    5.14
 -68997.076   296.754    -6.16    5.59
 -68628.117   295.391    -3.70    5.76
 -68259.083   295.396     0.01    5.34
 -67889.976   295.798     1.09    4.77
 -67520.794   298.515     7.36    5.32
 -67151.539   301.080     6.95    4.40
 -66782.210   304.215     8.49    5.21
 -66412.807   305.830     4.37    5.07
 -66043.329   306.253     1.14    5.47
 -65673.778   306.396     0.39    6.51
 -65304.152   307.230     2.26    7.27
 -64934.453   308.200     2.62    6.95
 -64564.679   310.293     5.66    7.90
 -64194.831   316.251    16.11   13.53
 -63824.908   323.816    20.45   18.59
 -63454.911   336.983    35.58   29.23
 -63084.840   350.594    36.78   34.30
 -62714.694   365.233    39.55   37.29
 -62344.474   376.764    31.15   36.77
 -61974.179   396.119    52.27   31.85
 -61603.809   408.840    34.35   30.27
 -61233.365   425.863    45.95   33.77
 -60862.846   442.493    44.88   37.76
 -60492.253   467.537    67.57   42.85
 -60121.585   486.048    49.94   43.05
 -59750.842   493.159    19.18   48.09
 -59380.024   472.906   -54.61   56.62
 -59009.131   436.026   -99.43   51.83
 -58638.163   416.419   -52.85   47.06
 -58267.120   405.502   -29.42   54.72
 -57896.003   413.042    20.32   57.27
 -57524.810   423.502    28.18   48.96
 -57153.542   427.988    12.08   42.17
 -56782.199   440.750    34.37   38.84
 -56410.780   455.570    39.90   37.58
 -56039.286   474.404    50.70   45.07
 -55667.717   507.834    89.97   63.90
 -55296.073   544.827    99.54   60.78
 -54924.353   565.493    55.59   47.22
 -54552.558   549.178   -43.88   63.61
 -54180.687   503.326  -123.30   80.28
 -53808.741   458.031  -121.77   72.89
 -53436.719   421.980   -96.90   49.36
 -53064.622   418.601    -9.08   45.38
 -52692.449   441.923    62.66   49.03
 -52320.200   465.428    63.14   45.56
 -51947.875   470.399    13.35   38.95
 -51575.475   450.988   -52.12   51.91
 -51202.999   423.525   -73.73   52.71
 -50830.446   411.624   -31.94   41.41
 -50457.818   427.503    42.61   53.10
 -50085.114   472.674   121.19   60.41
 -49712.334   507.219    92.67   36.97
 -49339.478   508.243     2.75   32.81
 -48966.545   498.885   -25.09   41.65
 -48593.537   476.311   -60.52   43.23
 -48220.452   451.112   -67.54   49.88
 -47847.291   417.741   -89.42   58.80
 -47474.053   388.014   -79.64   50.46
 -47100.740   359.472   -76.45   32.54
 -46727.349   349.582   -26.49   26.62
 -46353.883   338.730   -29.06   25.47
 -45980.340   331.081   -20.48   26.07
 -45606.720   322.085   -24.08   27.70
 -45233.024   318.852    -8.65   31.65
 -44859.251   322.309     9.25   39.65
 -44485.401   319.374    -7.85   47.73
 -44111.475   302.031   -46.38   58.86
 -43737.471   269.189   -87.81   60.18
 -43363.391   235.757   -89.37   48.73
 -42989.235   210.204   -68.29   29.92
 -42615.001   195.722   -38.70   19.42
 -42240.690   185.635   -26.95   12.92
 -41866.302   180.448   -13.85   14.23
 -41491.837   179.015    -3.83   17.62
 -41117.295   178.233    -2.09   20.99
 -40742.676   176.124    -5.63   21.45
 -40367.980   172.425    -9.87   19.94
 -39993.206   165.102   -19.54   19.74
 -39618.355   155.905   -24.54   17.06
 -39243.427   146.069   -26.23   16.78
 -38868.421   136.893   -24.47   14.51
 -38493.338   132.726   -11.11   14.77
 -38118.178   130.048    -7.14   18.08
 -37742.939   129.221    -2.20   19.06
 -37367.624   128.151    -2.85   17.97
 -36992.230   126.295    -4.94   15.87
 -36616.759   125.250    -2.78   13.28
 -36241.211   123.250    -5.33   11.15
 -35865.584   121.813    -3.83    9.38
 -35489.880   119.300    -6.69   10.21
 -35114.097   116.594    -7.20   11.82
 -34738.237   113.935    -7.08   12.39
 -34362.299   111.492    -6.50   11.60
 -33986.283   112.276     2.09   11.24
 -33610.189   115.492     8.55   14.28
 -33234.016   125.461    26.50   23.66
 -32857.766   132.848    19.63   30.94
 -32481.437   143.419    28.09   42.22
 -32105.030   146.826     9.05   49.68
 -31728.545   146.634    -0.51   49.99
 -31351.981   142.637   -10.61   40.08
 -30975.339   147.189    12.09   29.93
 -30598.618   159.075    31.55   27.55
 -30221.819   178.792    52.33   29.52
 -29844.942   197.416    49.41   26.71
 -29467.986   212.720    40.60   22.35
 -29090.951   219.119    16.97   23.56
 -28713.837   215.739    -8.96   31.07
 -28336.645   210.328   -14.34   38.38
 -27959.374   203.978   -16.83   38.51
 -27582.024   210.915    18.38   43.28
 -27204.595   230.439    51.73   47.24
 -26827.088   249.656    50.90   45.26
 -26449.501   253.156     9.27   41.62
 -26071.835   244.896   -21.87   43.16
 -25694.090   240.042   -12.85   34.28
 -25316.267   250.548    27.81   37.18
 -24938.363   279.654    77.02   45.98
 -24560.381   305.359    68.01   39.26
 -24182.319   313.728    22.14   27.41
 -23804.178   305.378   -22.08   30.89
 -23425.958   278.026   -72.32   38.90
 -23047.658   249.840   -74.51   41.09
 -22669.279   221.902   -73.83   46.23
 -22290.820   200.181   -57.39   41.68
 -21912.282   179.118   -55.64   36.79
 -21533.664   165.548   -35.84   33.98
 -21154.966   149.906   -41.30   35.64
 -20776.189   134.301   -41.20   35.61
 -20397.331   118.367   -42.06   34.86
 -20018.394   103.776   -38.50   28.71
 -19639.378    93.335   -27.55   23.02
 -19260.281    83.366   -26.29   20.29
 -18881.104    73.945   -24.85   16.58
 -18501.847    65.653   -21.86   12.36
 -18122.510    66.591     2.47   16.72
 -17743.093    69.665     8.10   23.55
 -17363.596    74.666    13.18   26.32
 -16984.018    79.284    12.17   25.77
 -16604.361    75.795    -9.19   21.44
 -16224.623    73.730    -5.44   18.38
 -15844.804    73.228    -1.32   15.31
 -15464.905    74.241     2.67   13.10
 -15084.926    74.675     1.14   12.39
 -14704.866    78.151     9.14   14.43
 -14324.726    82.388    11.15   18.29
 -13944.505    84.826     6.41   18.93
 -13564.203    88.168     8.79   18.20
 -13183.820    94.807    17.45   19.97
 -12803.357   104.655    25.89   20.95
 -12422.813   115.928    29.62   17.60
 -12042.188   125.408    24.91   16.62
 -11661.482   136.135    28.18   17.43
 -11280.695   149.376    34.77   18.24
 -10899.827   154.526    13.52   15.24
 -10521.936   147.602   -18.32   21.65
 -10156.408   130.317   -47.29   26.19
  -9790.805   113.472   -46.07   22.42
  -9425.129    98.165   -41.86   17.01
  -9059.379    87.978   -27.85   18.94
  -8693.556    80.437   -20.61   20.75
  -8327.659    68.913   -31.49   22.82
  -7961.688    56.707   -33.35   21.41
  -7595.643    45.902   -29.52   18.05
  -7229.524    38.667   -19.76   16.21
  -6863.331    31.064   -20.76   14.19
  -6497.064    26.186   -13.32   12.54
  -6130.723    20.444   -15.67    9.08
  -5764.308    16.048   -12.00    6.65
  -5397.819    12.845    -8.74    4.92
  -5031.256     8.739   -11.20    5.83
  -4664.618     5.505    -8.82    5.95
  -4297.906     3.058    -6.67    4.76
  -3931.120     1.952    -3.02    2.70
  -3564.259     3.515     4.26    2.81
  -3197.324     4.962     3.94    2.09
  -2830.315     5.583     1.69    1.41
  -2463.231     6.994     3.85    2.97
  -2096.072     7.445     1.23    4.30
  -1728.839     6.105    -3.65    5.57
  -1361.531     4.809    -3.53    6.24
   -994.149     3.069    -4.73    6.12
   -626.691     1.271    -4.89    3.47
   -259.159     1.250    -0.06    2.68
    108.447     1.813     1.53    2.89
    476.129     2.163     0.95    2.81
    843.886     2.303     0.38    2.80
   1211.717     2.165    -0.38    2.80
   1579.624     1.591    -1.56    2.55
   1947.606     0.885    -1.92    2.25
   2315.662     1.633     2.03    3.49
   2683.794     3.515     5.11    5.40
   3052.001     6.473     8.03    6.14
   3420.284     8.254     4.84    5.10
   3788.641     9.386     3.07    2.95
   4157.074     8.867    -1.41    2.37
   4525.582     8.339    -1.43    1.60
   4894.166     7.930    -1.11    1.65
   5262.825     7.707    -0.61    1.93
   5631.560     8.101     1.07    1.73
   6000.370     8.448     0.94    1.88
   6369.256     8.792     0.93    2.26
   6738.218     8.559    -0.63    2.44
   7107.255     7.905    -1.77    2.95
   7476.368     6.910    -2.70    2.47
   7845.556     5.718    -3.23    2.53
   8214.821     5.222    -1.34    2.60
   8584.161     4.983    -0.65    2.14
   8953.578     4.816    -0.45    1.94
   9323.070     4.447    -1.00    1.87
   9692.638     3.444    -2.71    2.34
  10062.283     2.185    -3.41    2.78
  10432.003     1.011    -3.18    2.38
  10801.800     0.892    -0.32    2.07
  11171.673     1.345     1.22    2.18
  11541.622     1.913     1.53    2.07
  11911.648     2.026     0.31    1.68
  12281.749     1.696    -0.89    1.62
  12651.927     1.637    -0.16    1.43
  13022.182     1.600    -0.10    1.37
  13392.513     1.896     0.80    1.40
  13762.921     2.074     0.48    1.68
  14133.405     2.009    -0.18    2.36
  14503.966     2.845     2.26    2.85
  14874.603     4.378     4.13    3.49
  15245.318     5.377     2.70    3.14
  15616.109     6.368     2.67    2.51
  15986.976     6.006    -0.98    2.69
  16357.921     5.601    -1.09    2.72
  16728.943     5.824     0.60    2.83
  17100.041     6.622     2.15    2.91
  17471.217     7.899     3.44    2.39
  17842.469     8.494     1.60    2.24
  18213.799     8.515     0.06    2.41
  18585.206     8.698     0.49    2.15
  18956.690     9.319     1.67    1.66
  19328.251     8.675    -1.73    2.77
  19699.890     7.943    -1.97    3.78
  20071.606     7.370    -1.54    4.28
  20443.399     7.348    -0.06    4.61
  20815.270     8.918     4.22    4.66
  21187.218    10.681     4.74    4.25
  21559.244    11.074     1.05    3.58
  21931.347    11.647     1.54    3.39
  22303.528    11.856     0.56    3.34
  22675.787    12.877     2.74    2.78
  23048.123    14.048     3.14    1.58
  23420.537    14.345     0.80    1.69
  23793.029    15.590     3.34    2.80
  24165.599    17.505     5.14    3.04
  24538.247    18.941     3.85    2.81
  24910.972    18.741    -0.54    3.39
  25283.776    17.427    -3.53    4.02
  25656.658    16.662    -2.05    3.63
  26029.618    16.482    -0.48    2.90
  26402.656    16.984     1.35    2.39
  26775.772    17.368     1.03    2.59
  27148.966    17.058    -0.83    2.90
  27522.239    17.559     1.34    3.13
  27895.590    18.702     3.06    3.20
  28269.020    20.015     3.52    2.79
  28642.528    20.126     0.30    2.79
  29016.114    19.837    -0.77    2.81
  29389.779    18.558    -3.42    2.61
  29763.523    17.636    -2.47    2.30
  30137.345    16.835    -2.14    2.80
  30511.246    16.069    -2.05    3.01
  30885.226    15.856    -0.57    2.94
  31259.284    15.665    -0.51    2.76
  31633.422    15.674     0.02    2.46
  32007.638    15.730     0.15    2.37
  32381.933    15.069    -1.77    3.39
  32756.307    14.824    -0.65    3.95
  33130.760    15.303     1.28    4.35
  33505.293    17.442     5.71    4.77
  33879.904    19.461     5.39    4.48
  34254.595    21.758     6.13    3.94
  34629.365    24.526     7.39    4.86
  35004.214    26.287     4.70    5.53
  35379.142    29.370     8.22    5.07
  35754.150    31.335     5.24    3.64
  36129.237    32.250     2.44    2.60
  36504.404    32.696     1.19    2.39
  36879.650    33.332     1.69    2.08
  37254.976    33.472     0.37    2.25
  37630.382    34.048     1.53    2.20
  38005.867    34.797     2.00    2.67
  38381.432    35.646     2.26    3.05
  38757.077    36.135     1.30    2.94
  39132.802    36.998     2.30    3.11
  39508.606    38.537     4.09    3.30
  39884.490    39.819     3.41    3.36
  40260.455    41.506     4.48    3.49
  40636.499    44.680     8.44    5.53
  41012.624    52.253    20.13   11.25
  41388.828    62.827    28.11   17.49
  41765.113    82.358    51.91   25.73
  42141.478    99.687    46.05   23.60
  42517.924   107.916    21.86   18.27
  42894.450   103.282   -12.31   22.15
  43271.056    90.516   -33.90   20.02
  43647.742    78.111   -32.93   14.49
  44024.509    69.253   -23.51   10.37
  44401.357    63.347   -15.67    8.55
  44778.285    58.204   -13.65    6.92
  45155.294    55.973    -5.92    5.67
  45532.384    56.430     1.21    6.35
  45909.554    60.158     9.88    7.79
  46286.805    64.389    11.22    7.30
  46664.137    67.274     7.64    5.13
  47041.550    68.452     3.12    4.28
  47419.044    67.005    -3.83    4.08
  47796.619    64.821    -5.78    4.27
  48174.274    63.527    -3.43    3.54
  48552.011    63.484    -0.11    3.39
  48929.830    63.867     1.01    4.82
  49307.729    65.654     4.73    5.87
  49685.710    68.684     8.02    7.11
  50063.772    72.695    10.61    8.99
  50441.915    76.589    10.30   11.08
  50820.140    78.069     3.91   12.04
  51198.446    77.316    -1.99   11.58
  51576.834    72.107   -13.77   10.33
  51955.303    66.662   -14.39    9.93
  52333.854    58.263   -22.19    9.12
  52712.486    51.537   -17.77    8.68
  53091.201    45.069   -17.08    6.62
  53469.997    40.005   -13.37    5.74
  53848.875    35.813   -11.06    4.88
  54227.835    33.916    -5.01    4.19
  54606.876    33.207    -1.87    3.14
  54986.000    33.537     0.87    2.96
  55365.206    33.739     0.53    2.86
  55744.494    33.974     0.62    2.98
  56123.864    33.005    -2.56    3.15
  56503.316    31.745    -3.32    2.88
  56882.851    31.084    -1.74    3.09
  57262.468    30.432    -1.72    3.29
  57642.167    29.388    -2.75    3.60
  58021.949    28.462    -2.44    3.37
  58401.813    27.653    -2.13    3.09
  58781.759    27.341    -0.82    3.17
  59161.789    26.937    -1.06    3.46
  59541.900    25.877    -2.79    3.63
  59922.095    23.377    -6.58    4.01
  60302.372    20.516    -7.52    5.25
  60682.732    14.821   -14.97    7.01
  61063.175     9.867   -13.02    7.05
  61443.701     9.856    -0.03    7.48
  61824.309    12.463     6.85    8.38
  62205.001    18.084    14.77    6.33
  62585.776    21.845     9.88    2.99
  62966.634    23.282     3.77    2.93
  63347.575    24.558     3.35    2.54
  63728.599    25.412     2.24    2.33
  64109.706    26.463     2.76    2.39
  64477.134    28.069     4.37    2.27
  64842.506    29.400     3.64    2.66
  65207.954    30.797     3.82    2.34
  65573.476    31.672     2.39    2.06
  65939.075    32.104     1.18    1.82
  66304.748    30.912    -3.26    3.05
  66670.498    30.167    -2.04    3.75
  67036.323    28.985    -3.23    3.72
  67402.223    28.324    -1.81    3.78
  67768.200    28.313    -0.03    4.89
  68134.252    28.058    -0.70    5.42
  68500.380    27.874    -0.50    5.59
  68866.584    27.434    -1.20    5.11
  69232.863    26.259    -3.21    5.23
  69599.219    23.506    -7.52    5.72
  69965.651    20.849    -7.25    5.09
  70332.159    19.463    -3.78    4.32
  70698.743    18.947    -1.41    4.05
  71065.403    19.485     1.47    3.73
  71432.139    19.568     0.23    3.11
  71798.951    19.581     0.03    3.01
  72165.840    18.610    -2.65    3.68
  72532.805    16.980    -4.44    4.19
  72899.847    15.557    -3.88    3.54
  73266.965    14.816    -2.02    3.98
  73634.159    16.260     3.93    5.17
  74001.430    18.839     7.02    5.78
  74368.777    21.611     7.55    6.62
  74736.202    24.455     7.74    5.75
  75103.702    27.548     8.42    4.80
  75471.280    29.022     4.01    3.70
  75838.934    28.874    -0.40    3.56
  76206.665    27.724    -3.13    4.46
  76574.473    25.472    -6.12    5.42
  76942.358    21.743   -10.14    5.89
  77310.320    18.079    -9.96    7.12
  77678.359    14.548    -9.59    6.75
  78046.475    12.269    -6.19    4.36
  78414.668    12.042    -0.61    3.93
  78782.938    13.135     2.97    3.19
  79151.285    13.992     2.33    2.76
  79519.709    14.588     1.62    2.16
  79888.211    15.631     2.83    2.42
  80256.791    16.641     2.74    2.75
  80625.447    18.250     4.36    3.22
  80994.181    20.700     6.65    3.45
  81362.993    21.954     3.40    3.01
  81731.882    22.358     1.10    3.22
  82100.848    21.391    -2.62    4.19
  82469.892    19.276    -5.73    4.13
  82839.014    14.954   -11.71    7.18
  83208.214     8.284   -18.07    9.99
  83577.491     3.068   -14.13    8.93
  83946.847     0.568    -6.77    6.65
  84316.280     0.433    -0.37    6.80
  84685.791     0.032    -1.09    6.81
  85055.380    -0.901    -2.52    5.34
  85425.047    -2.661    -4.76    3.76
  85794.792    -2.882    -0.60    3.85
  86164.615    -2.536     0.94    3.59
  86534.517    -3.372    -2.26    3.47
  86904.496    -4.927    -4.20    3.55
  87274.554    -6.257    -3.59    3.21
  87644.690    -6.401    -0.39    3.25
  88014.905    -5.401     2.70    3.49
  88385.198    -4.817     1.58    3.13
  88755.569    -4.116     1.89    2.73
  89126.019    -3.035     2.92    2.29
  89496.548    -3.161    -0.34    3.16
  89867.155    -3.076     0.23    3.07
  90237.840    -2.989     0.24    2.77
  90608.605    -3.552    -1.52    2.60
  90979.448    -3.834    -0.76    2.65
  91350.370    -5.344    -4.07    3.46
  91721.371    -7.281    -5.22    3.58
  92092.451    -8.314    -2.78    3.43
  92463.610    -9.381    -2.87    2.27
  92834.847    -9.400    -0.05    1.54
  93206.164    -8.984     1.12    1.71
  93577.560    -8.578     1.09    1.83
  93949.035    -8.095     1.30    1.85
  94320.590    -7.359     1.98    2.12
  94692.223    -5.936     3.83    2.72
  95063.936    -3.786     5.78    4.39
  95435.728    -2.213     4.23    3.99
  95807.600    -0.871     3.61    3.57
  96179.551    -0.419     1.22    2.97
  96551.582     0.256     1.81    1.70
  96923.692     0.976     1.94    1.78
  97295.881     1.292     0.85    1.95
  97668.151     2.393     2.96    3.34
  98040.500     2.887     1.33    3.85
  98412.929     2.874    -0.04    4.17
  98785.438     2.016    -2.30    4.42
  99158.026     0.094    -5.16    4.82
  99530.695    -1.411    -4.04    4.77
  99903.443    -2.690    -3.43    4.47
 100276.272    -3.657    -2.59    4.14
 100649.180    -2.882     2.08    5.35
 101022.169    -1.854     2.75    5.70
 101395.238    -0.463     3.73    5.20
 101768.387    -0.344     0.32    5.19
 102141.616    -2.649    -6.18    6.78
 102514.926    -4.374    -4.62    7.46
 102888.316    -4.896    -1.40    7.22
 103261.786    -5.782    -2.37    6.26
 103635.337    -5.154     1.68    5.61
 104008.968    -4.671     1.29    5.30
 104382.680    -4.298     1.00    4.68
 104756.473    -4.737    -1.17    3.80
 105130.346    -3.963     2.07    3.32
 105504.300    -2.661     3.48    3.24
 105878.335     0.032     7.20    3.39
 106252.451     1.382     3.61    3.36
 106626.648     2.526     3.06    3.25
 107000.925     3.279     2.01    4.70
 107375.284     3.569     0.77    6.46
 107749.723     3.741     0.46    7.15
 108124.244     3.259    -1.29    6.39
 108498.846     4.005     1.99    5.24
 108873.529     5.981     5.28    5.39
 109248.293     8.282     6.14    4.73
 109623.138     9.722     3.84    3.51
 109998.065     8.630    -2.91    4.54
 110373.074     8.042    -1.57    4.28
 110748.163     7.659    -1.02    3.68
 111123.335     7.782     0.33    3.23
 111498.588     8.231     1.20    2.39
 111873.922     8.052    -0.48    2.28
 112249.338     8.083     0.08    1.96
 112624.836     8.547     1.24    1.80
 113000.416     9.292     1.98    3.04
 113376.077    10.204     2.43    3.08
 113751.821    10.287     0.22    3.28
 114127.646    10.843     1.48    3.25
 114503.553    10.979     0.36    3.01
 114879.542    11.282     0.81    2.95
 115255.614    11.433     0.40    2.31
 115631.767    12.914     3.94    4.02
 116008.003    15.999     8.20    6.43
 116384.321    19.506     9.32    8.06
 116760.722    22.004     6.64    7.05
 117137.204    21.302    -1.87    7.69
 117513.769    18.091    -8.53    8.09
 117890.417    16.062    -5.39    5.82
 118267.147    16.670     1.61    4.54
 118643.960    18.651     5.26    4.86
 119020.855    21.841     8.46    3.88
 119397.833    24.456     6.94    3.82
 119774.894    27.124     7.08    3.54
 120152.037    33.823    17.76   11.68
 120529.263    46.450    33.48   21.62
 120906.573    68.231    57.73   30.19
 121283.965    85.099    44.70   25.07
 121661.440    97.943    34.03   19.68
 122038.998   103.949    15.91   18.94
 122416.640   107.302     8.88   16.88
 122794.364   110.179     7.62   14.33
 123172.172   114.700    11.97    9.64
 123550.063   117.724     8.00    7.81
 123928.037   122.052    11.45    8.79
 124306.095   128.578    17.26   12.40
 124684.236   138.228    25.52   16.71
 125062.461   146.126    20.89   17.93
 125440.769   149.537     9.02   18.77
 125819.161   147.244    -6.06   19.13
 126197.636   139.620   -20.15   17.74
 126576.195   135.279   -11.47   15.73
 126954.838   134.710    -1.50   14.28
 127333.565   137.465     7.27   13.10
 127712.376   137.795     0.87   11.26
 128091.270   134.190    -9.51   11.46
 128470.249   128.351   -15.41   10.82
 128849.311   121.412   -18.31    9.89
 129228.458   113.931   -19.73    7.83
 129607.689   109.166   -12.57    7.66
 129987.004   104.705   -11.76    7.49
 130366.403   100.681   -10.61    7.02
 130745.887    98.434    -5.92    6.65
 131125.455    97.259    -3.10    7.55
 131505.107    97.331     0.19    9.56
 131884.844    99.251     5.06   11.64
 132264.665   100.137     2.33   11.76
 132644.571   101.578     3.79   11.94
 133024.562   101.901     0.85   11.54
 133404.637   100.557    -3.53   11.30
 133784.798    96.808    -9.86   10.86
 134165.043    93.863    -7.74   10.53
 134545.372    89.756   -10.80   10.09
 134925.787    87.210    -6.69   10.08
 135306.287    84.241    -7.80   10.94
 135686.872    82.052    -5.75   10.59
 136067.541    78.600    -9.07    8.43
 136448.296    76.496    -5.53    6.80
 136829.137    75.639    -2.25    5.66
 137210.062    76.114     1.25    5.38
 137591.073    76.933     2.15    6.62
 137972.169    77.578     1.69    7.33
 138353.351    77.256    -0.84    7.09
 138734.618    77.454     0.52    6.90
 139107.403    79.486     5.45    7.28
 139472.540    81.971     6.81    7.58
 139837.755    85.363     9.29    6.80
 140203.046    85.588     0.62    6.86
 140568.415    85.063    -1.44    6.99
 140933.861    83.155    -5.22    5.96
 141299.385    86.037     7.88   14.01
 141664.986    93.312    19.90   20.09
 142030.665    97.047    10.21   19.36
 142396.420   100.335     8.99   18.02
 142762.254    98.221    -5.78   14.83
 143128.165    93.979   -11.59   10.09
 143494.154    90.251   -10.19    8.01
 143860.220    86.618    -9.93    7.62
 144226.364    80.931   -15.53    6.38
 144592.586    77.052   -10.59    7.26
 144958.886    72.116   -13.48    7.29
 145325.264    67.365   -12.97    7.52
 145691.720    62.515   -13.24    7.94
 146058.253    57.445   -13.83    7.66
 146424.865    53.874    -9.74    5.72
 146791.555    51.537    -6.37    4.48
 147158.323    50.300    -3.37    3.61
 147525.169    50.578     0.76    5.51
 147892.093    52.637     5.61    5.90
 148259.096    55.026     6.51    5.10
 148626.177    58.588     9.70    4.56
 148993.336    61.974     9.22    4.98
 149360.574    65.823    10.48    5.68
 149727.890    69.774    10.76    5.13
 150095.285    73.516    10.19    5.05
 150462.759    77.347    10.42    6.47
 150830.311    82.225    13.27    6.95
 151197.942    87.047    13.12    7.12
 151565.651    92.243    14.13    6.78
 151933.439    97.761    15.00    8.19
 152301.306   104.016    17.00    8.44
 152669.252   109.945    16.12    6.41
 153037.277   112.098     5.85    5.10
 153405.381   108.747    -9.10    9.09
 153773.564   103.193   -15.09   11.09
 154141.826    96.287   -18.76   11.52
 154510.168    87.777   -23.11   11.31
 154878.588    80.485   -19.79   11.21
 155247.088    70.837   -26.18   14.04
 155615.667    63.190   -20.75   11.58
 155984.325    59.821    -9.14    7.74
 156353.063    60.567     2.02    7.66
 156721.880    65.176    12.50    7.51
 157090.776    69.072    10.56    4.60
 157459.752    71.494     6.56    4.23
 157828.808    74.133     7.15    3.82
 158197.944    76.589     6.66    4.26
 158567.159    79.799     8.70    6.06
 158936.453    82.833     8.21    5.69
 159305.828    86.782    10.69    4.48
 159675.283    90.567    10.25    4.97
 160044.817    94.370    10.29    4.79
 160414.431    98.007     9.84    4.15
 160784.126   100.287     6.17    2.41
 161153.900    99.697    -1.60    2.80
 161523.755    98.290    -3.81    3.96
 161893.689    95.380    -7.87    5.19
 162263.704    92.042    -9.02    5.04
 162633.799    87.792   -11.48    5.27
 163003.975    84.297    -9.44    4.61
 163374.231    82.874    -3.84    3.70
 163744.567    82.884     0.03    3.43
 164114.984    85.042     5.83    4.16
 164485.481    87.447     6.49    4.83
 164856.059    88.798     3.65    5.09
 165226.717    89.864     2.88    4.37
 165597.457    91.026     3.14    3.41
 165968.276    91.329     0.82    2.47
 166339.177    91.853     1.41    2.44
 166710.159    94.176     6.26    3.39
 167081.221    97.052     7.75    4.84
 167452.364   100.629     9.64    5.80
 167823.589   104.143     9.47    6.80
 168194.894   107.526     9.11    7.95
 168566.280   110.147     7.06    8.09
 168937.748   112.493     6.32    7.20
 169309.297   115.279     7.50    6.67
 169680.927   119.693    11.88    7.85
 170052.638   127.349    20.60   10.23
 170424.431   131.700    11.71    8.98
 170796.305   136.047    11.69   10.03
 171168.261   135.377    -1.80   12.01
 171540.298   131.315   -10.92   12.89
 171912.417   125.761   -14.93   12.71
 172284.617   118.753   -18.83   12.56
 172656.899   109.131   -25.85   10.61
 173029.263   102.874   -16.81    6.60
 173401.708   101.606    -3.40    4.37
 173774.236   104.462     7.67    7.05
 174146.845   112.664    22.02   11.81
 174519.536   121.741    24.36   12.71
 174892.309   131.141    25.22   10.29
 175265.164   137.224    16.32    6.25
 175638.102   138.537     3.52    5.80
 176011.121   135.877    -7.13    8.21
 176384.223   130.214   -15.18   11.01
 176757.407   123.787   -17.22   13.13
 177130.673   118.735   -13.54   14.18
 177504.022   115.072    -9.81   14.22
 177877.453   111.684    -9.07   14.81
 178250.967   106.814   -13.04   13.76
 178624.563   101.526   -14.16   13.38
 178998.242    93.457   -21.60   13.40
 179372.003    85.980   -20.01   11.88
 179745.847    78.121   -21.03    9.31
 180119.774    72.345   -15.45    5.46
 180493.783    69.577    -7.40    3.23
 180867.876    68.477    -2.94    3.08
 181242.051    67.183    -3.46    3.00
 181616.310    67.567     1.02    3.49
 181990.651    67.693     0.34    3.10
 182365.076    67.820     0.34    2.90
 182739.583    68.158     0.90    3.28
 183114.174    69.157     2.67    4.45
 183488.848    70.884     4.61    5.32
 183863.605    72.927     5.45    5.21
 184238.446    74.906     5.28    5.01
 184613.370    76.739     4.89    5.81
 184988.378    76.722    -0.04    5.56
 185363.469    76.167    -1.48    5.94
 185738.643    75.649    -1.38    6.22
 186113.902    77.496     4.92    7.79
 186489.243    81.454    10.55    9.84
 186864.669    88.917    19.88   10.33
 187240.179    96.772    20.92   10.06
 187615.772   105.757    23.93    9.31
 187991.449   111.193    14.47    9.90
 188367.210   113.333     5.69   10.24
 188743.056   112.821    -1.36   10.14
 189118.985   113.527     1.88   10.11
 189494.998   115.153     4.33   10.32
 189871.096   120.068    13.07   12.48
 190247.278   124.527    11.85   12.94
 190623.544   122.967    -4.15   13.40
 190999.894   119.359    -9.59   11.54
 191376.329   116.558    -7.44    8.36
 191752.848   113.309    -8.63    4.62
 192129.452   115.429     5.63    5.57
 192506.141   121.062    14.95    7.43
 192882.914   126.557    14.59    8.00
 193259.771   133.890    19.46   10.27
 193636.714   140.006    16.23   12.11
 194013.741   145.646    14.96   15.98
 194390.853   147.782     5.66   18.30
 194768.050   147.446    -0.89   20.42
 195145.332   145.627    -4.82   21.84
 195522.699   143.658    -5.22   21.59
 195900.151   140.991    -7.07   21.04
 196277.689   137.627    -8.91   19.62
 196655.311   135.214    -6.39   17.16
 197033.019   134.986    -0.60   13.97
 197410.812   136.457     3.89   11.55
 197788.690   140.446    10.56   10.25
 198166.654   138.213    -5.91   13.07
 198544.703   132.083   -16.22   15.47
 198922.838   127.987   -10.83   13.34
 199301.058   129.245     3.33   13.67
 199679.364   141.164    31.51   19.35
 200057.756   155.962    39.11   17.54
 200436.234   167.794    31.27   17.79
 200814.797   174.548    17.84   15.55
 201193.446   168.337   -16.40   19.06
 201572.181   153.635   -38.82   23.42
 201951.003   132.646   -55.41   26.39
 202329.910   108.235   -64.43   26.78
 202708.903    89.586   -49.21   22.40
 203087.983    76.118   -35.54   14.20
 203467.148    75.458    -1.74   10.66
 203846.400    79.370    10.32   11.16
 204225.739    84.596    13.78   12.81
 204605.163    85.116     1.37   15.46
 204984.675    81.636    -9.17   17.44
 205364.272    78.860    -7.31   16.39
 205743.957    78.677    -0.48   14.71
 206123.727    83.874    13.69   15.59
 206503.585    94.587    28.21   16.00
 206883.529   107.353    33.61   16.11
 207263.561   120.810    35.41   13.88
 207643.679   126.193    14.17   11.56
 208023.884   122.909    -8.64   15.10
 208404.176   108.710   -37.34   28.72
 208784.555    82.032   -70.15   38.45
 209165.021    58.187   -62.68   34.02
 209545.574    35.913   -58.54   20.78
 209926.214    25.355   -27.74   11.09
 210306.942    22.230    -8.21    9.93
 210687.757    22.241     0.03   11.60
 211068.660    23.187     2.48   12.82
 211449.650    23.767     1.52   13.60
 211830.727    23.032    -1.93   12.76
 212211.892    23.325     0.77   11.71
 212593.145    24.299     2.56   12.45
 212974.485    23.774    -1.38   12.85
 213355.914    22.398    -3.61   10.79
 213734.485    22.200    -0.52    7.72
 214099.382    23.618     3.89    8.25
 214464.358    25.566     5.34    8.26
 214829.412    28.967     9.32    8.87
 215194.546    32.745    10.35   12.71
 215559.759    37.078    11.87   16.16
 215925.051    41.487    12.07   17.12
