-147726.694    -5.986     0.00    0.00
-147354.496    -5.986     0.00    0.00
-146982.387    -5.986     0.00    0.00
-146610.367    -5.986     0.00    0.00
-146238.436    -5.986     0.00    0.00
-145866.594    -5.986     0.00    0.00
-145494.842    -5.986     0.00    0.00
-145123.178    -5.986     0.00    0.00
-144751.603    -5.986     0.00    0.00
-144380.117    -5.986     0.00    0.00
-144008.720    -5.986     0.00    0.00
-143637.411    -5.986     0.00    0.00
-143266.191    -5.986     0.00    0.00
-142895.060    -5.986     0.00    0.00
-142524.017    -5.986     0.00    0.00
-142153.062    -5.986     0.00    0.00
-141782.196    -5.986     0.00    0.00
-141411.418    -5.986     0.00    0.00
-141040.729    -5.986     0.00    0.00
-140670.128    -5.986     0.00    0.00
-140299.615    -5.986     0.00    0.00
-139929.189    -5.986     0.00    0.00
-139558.852    -5.986     0.00    0.00
-139188.603    -5.986     0.00    0.00
-138818.442    -5.986     0.00    0.00
-138448.369    -5.986     0.00    0.00
-138078.383    -5.986     0.00    0.00
-137708.485    -5.986     0.00    0.00
-137338.675    -5.986     0.00    0.00
-136968.952    -5.986     0.00    0.00
-136599.317    -5.986     0.00    0.00
-136229.769    -5.986     0.00    0.00
-135860.309    -5.986     0.00    0.00
-135490.936    -5.986     0.00    0.00
-135121.650    -5.986     0.00    0.00
-134752.451    -5.699     0.78    0.67
-134383.340    -5.225     1.29    1.01
-134014.316    -4.646     1.57    1.06
-133645.378    -4.032     1.67    0.97
-133276.528    -3.467     1.53    0.82
-132907.764    -3.125     0.93    0.94
-132539.088    -3.051     0.20    1.20
-132170.498    -3.371    -0.87    1.51
-131801.995    -3.757    -1.05    1.75
-131433.578    -4.112    -0.97    1.76
-131065.249    -4.359    -0.67    1.75
-130697.005    -4.430    -0.19    1.80
-130328.848    -3.874     1.51    2.41
-129960.778    -2.977     2.44    3.41
-129592.794    -1.938     2.82    3.85
-129224.896    -1.151     2.14    3.72
-128857.085    -0.071     2.94    4.18
-128489.359     0.775     2.30    3.85
-128121.720     2.188     3.84    3.22
-127754.167     2.608     1.14    2.99
-127386.700     2.214    -1.07    3.25
-127019.318     1.331    -2.40    3.18
-126652.023     0.801    -1.44    2.92
-126284.813    -0.190    -2.70    3.28
-125917.690    -1.429    -3.38    2.91
-125550.651    -1.842    -1.12    2.96
-125183.699    -2.206    -0.99    2.74
-124816.832    -1.399     2.20    2.76
-124450.051    -0.921     1.30    2.53
-124083.355    -1.069    -0.41    2.48
-123716.744    -2.041    -2.65    2.72
-123350.219    -3.441    -3.82    2.52
-122983.779    -4.518    -2.94    2.12
-122617.424    -5.229    -1.94    1.27
-122251.155    -5.285    -0.15    1.01
-121884.970    -5.171     0.31    0.82
-121518.871    -5.024     0.40    0.65
-121152.857    -4.786     0.65    0.81
-120786.927    -4.250     1.46    1.85
-120421.083    -3.153     3.00    2.42
-120055.323    -2.894     0.71    2.46
-119689.648    -2.937    -0.12    2.05
-119324.057    -2.711     0.62    1.75
-118958.552    -2.514     0.54    1.91
-118593.130    -2.298     0.59    1.99
-118227.794    -2.537    -0.66    2.08
-117862.542    -3.194    -1.80    2.24
-117497.374    -3.940    -2.04    1.98
-117132.290    -4.444    -1.38    1.79
-116767.291    -4.884    -1.21    1.55
-116402.376    -4.995    -0.30    1.31
-116037.546    -4.908     0.24    1.21
-115672.799    -4.913    -0.01    0.99
-115308.136    -4.700     0.58    1.18
-114943.558    -4.350     0.96    1.25
-114579.063    -4.477    -0.35    1.29
-114214.652    -4.948    -1.29    0.98
-113850.325    -5.042    -0.26    0.87
-113468.414    -4.796     0.65    1.26
-113086.447    -3.042     4.59    3.74
-112704.575    -1.033     5.26    4.55
-112322.796     0.162     3.13    4.19
-111941.111    -0.005    -0.44    4.41
-111559.521    -2.005    -5.24    4.04
-111178.024    -3.977    -5.17    2.82
-110796.621    -5.179    -3.15    1.10
-110415.312    -5.236    -0.15    0.94
-110034.096    -5.229     0.02    0.81
-109652.974    -5.145     0.22    0.60
-109271.946    -4.874     0.71    0.89
-108891.011    -3.547     3.48    2.12
-108510.170    -1.688     4.88    3.38
-108129.422     0.060     4.59    3.41
-107748.767     1.504     3.79    2.83
-107368.205     2.060     1.46    2.53
-106987.736     1.925    -0.35    2.49
-106607.361     1.950     0.07    2.61
-106227.078     1.436    -1.35    3.17
-105846.889     0.464    -2.56    3.36
-105466.792    -0.386    -2.24    3.20
-105086.788    -1.477    -2.87    2.60
-104706.877    -2.194    -1.89    1.97
-104327.059    -2.894    -1.84    0.70
-103947.333    -2.921    -0.07    0.59
-103567.699    -2.650     0.71    1.54
-103188.159    -2.618     0.08    1.52
-102808.710    -2.727    -0.29    1.06
-102429.354    -2.335     1.03    1.40
-102050.090    -1.901     1.14    1.73
-101670.918    -1.939    -0.10    1.78
-101291.839    -2.024    -0.22    1.78
-100912.851    -2.225    -0.53    1.83
-100533.956    -2.149     0.20    2.25
-100155.152    -2.177    -0.07    2.30
 -99776.441    -1.768     1.08    2.21
 -99397.821    -0.628     3.01    2.72
 -99019.292     0.389     2.69    2.77
 -98640.856     2.144     4.64    3.17
 -98262.511     3.490     3.56    3.03
 -97884.258     4.397     2.40    2.27
 -97506.096     4.855     1.21    1.89
 -97128.026     5.233     1.00    2.78
 -96750.046     5.425     0.51    3.37
 -96372.159     6.071     1.71    3.68
 -95994.362     6.087     0.04    3.75
 -95616.657     5.810    -0.73    3.52
 -95239.042     5.593    -0.57    2.77
 -94861.519     5.320    -0.72    2.13
 -94484.086     5.289    -0.08    2.13
 -94106.745     5.112    -0.47    2.08
 -93729.494     4.347    -2.03    1.81
 -93352.334     3.552    -2.11    1.57
 -92975.265     3.603     0.14    3.17
 -92598.286     3.584    -0.05    4.21
 -92221.398     4.481     2.38    4.59
 -91844.601     5.060     1.54    4.54
 -91467.894     4.859    -0.54    3.91
 -91091.277     4.397    -1.23    2.77
 -90714.751     4.095    -0.80    2.90
 -90338.314     3.570    -1.40    3.03
 -89961.968     3.499    -0.19    3.04
 -89585.713     3.588     0.24    2.56
 -89209.547     4.033     1.18    2.37
 -88833.471     5.071     2.76    2.03
 -88457.485     6.712     4.37    1.80
 -88081.589     8.533     4.84    2.91
 -87705.783    10.154     4.31    2.78
 -87330.066    11.601     3.85    1.66
 -86954.439    11.867     0.71    1.45
 -86578.902    11.469    -1.06    1.51
 -86203.454    12.326     2.28    1.94
 -85828.096    14.396     5.52    3.03
 -85452.827    16.640     5.98    3.52
 -85077.648    17.668     2.74    3.45
 -84702.558    17.857     0.50    3.91
 -84327.557    18.570     1.90    4.47
 -83952.645    19.149     1.54    3.92
 -83577.823    19.565     1.11    3.22
 -83203.089    18.926    -1.71    3.80
 -82828.444    16.537    -6.38    4.51
 -82453.889    14.460    -5.55    3.93
 -82079.422    13.519    -2.51    3.24
 -81705.044    12.841    -1.81    2.33
 -81330.754    12.801    -0.11    1.96
 -80956.554    12.561    -0.64    1.90
 -80582.442    11.655    -2.42    1.81
 -80208.418    10.797    -2.30    1.65
 -79834.483    10.364    -1.16    1.93
 -79460.636    10.755     1.05    2.46
 -79086.878    11.744     2.65    2.60
 -78713.208    12.838     2.93    2.18
 -78339.626    14.101     3.38    2.16
 -77966.133    15.117     2.72    2.56
 -77592.727    15.976     2.30    2.30
 -77219.410    16.788     2.17    1.99
 -76846.180    16.930     0.38    1.93
 -76473.039    17.499     1.53    1.99
 -76099.985    18.616     2.99    2.45
 -75727.019    19.820     3.23    2.04
 -75354.141    20.808     2.65    1.38
 -74981.351    20.889     0.22    1.38
 -74608.648    21.354     1.25    1.99
 -74236.033    21.372     0.05    2.21
 -73863.505    20.747    -1.68    2.39
 -73491.065    19.968    -2.09    2.65
 -73118.712    18.761    -3.24    2.11
 -72746.446    18.740    -0.06    1.65
 -72374.268    18.565    -0.47    1.88
 -72002.177    17.904    -1.78    2.26
 -71630.172    18.014     0.30    2.40
 -71258.255    18.575     1.51    2.65
 -70886.425    19.388     2.19    2.32
 -70514.682    20.629     3.34    1.79
 -70143.026    20.644     0.04    1.82
 -69771.457    20.585    -0.16    1.70
 -69399.974    20.304    -0.76    1.76
 -69028.579    19.632    -1.81    1.72
 -68657.269    19.618    -0.04    2.32
 -68286.047    19.665     0.13    2.23
 -67914.911    19.071    -1.60    2.65
 -67543.861    17.238    -4.94    3.93
 -67172.898    14.892    -6.33    4.27
 -66802.021    13.107    -4.81    4.07
 -66431.230    11.762    -3.63    3.34
 -66060.526    11.542    -0.59    2.78
 -65689.908    12.109     1.53    2.95
 -65319.376    11.852    -0.69    3.35
 -64948.930    11.107    -2.01    3.90
 -64578.570     9.641    -3.96    4.19
 -64208.296     7.671    -5.32    3.23
 -63838.107     6.504    -3.15    1.45
 -63468.005     6.080    -1.15    0.32
 -63097.988     6.100     0.05    0.40
 -62728.057     8.351     6.08    4.12
 -62358.212    11.957     9.75    6.14
 -61988.452    16.322    11.80    5.75
 -61618.778    19.551     8.74    3.71
 -61249.189    20.612     2.87    2.68
 -60879.686    20.135    -1.29    3.01
 -60510.268    21.204     2.89    4.70
 -60140.935    23.262     5.57    6.34
 -59771.688    25.429     5.87    6.76
 -59402.526    27.104     4.54    6.15
 -59033.448    26.958    -0.39    6.78
 -58664.456    25.249    -4.63    6.69
 -58295.549    26.184     2.53    7.29
 -57926.727    28.325     5.81    7.70
 -57557.989    32.176    10.44    7.15
 -57189.337    33.757     4.29    6.43
 -56820.769    33.106    -1.77    7.09
 -56452.286    28.977   -11.21    8.45
 -56083.888    24.917   -11.02    7.53
 -55715.574    21.901    -8.19    5.04
 -55347.344    20.505    -3.79    2.51
 -54979.200    20.014    -1.33    0.00
 -54611.139    20.014     0.00    0.00
 -54243.163    20.014     0.00    0.00
 -53875.271    20.100     0.23    0.46
 -53507.464    23.300     8.70    6.72
 -53139.740    28.166    13.24    8.50
 -52772.101    32.690    12.31    7.55
 -52404.546    36.985    11.69    3.59
 -52037.075    37.079     0.25    2.43
 -51669.688    36.645    -1.18    3.24
 -51302.385    33.929    -7.39    5.60
 -50935.165    32.533    -3.80    6.51
 -50568.029    33.043     1.39    6.70
 -50200.978    33.665     1.69    6.57
 -49834.009    34.422     2.06    6.56
 -49467.125    32.500    -5.24    7.61
 -49100.324    30.176    -6.34    7.58
 -48733.606    27.604    -7.01    7.41
 -48366.972    24.612    -8.16    6.43
 -48000.421    25.147     1.46    6.64
 -47633.954    28.300     8.60    7.32
 -47267.569    30.387     5.70    6.82
 -46901.269    32.665     6.22    5.09
 -46535.051    31.690    -2.66    5.78
 -46168.916    28.655    -8.29    6.69
 -45802.865    25.457    -8.74    6.10
 -45436.896    22.044    -9.33    2.89
 -45071.010    21.071    -2.66    0.43
 -44705.207    21.014    -0.16    0.00
 -44339.487    21.839     2.26    2.32
 -43973.850    24.042     6.03    4.01
 -43608.296    25.904     5.09    4.81
 -43242.824    25.235    -1.83    5.79
 -42877.435    23.302    -5.29    6.24
 -42512.128    19.835    -9.49    4.47
 -42146.904    18.080    -4.80    0.35
 -41781.762    19.249     3.20    3.20
 -41416.703    23.881    12.69    6.83
 -41051.726    27.918    11.06    6.71
 -40686.831    31.693    10.35    3.65
 -40322.018    32.633     2.58    1.23
 -39957.288    31.796    -2.29    1.44
 -39592.640    30.099    -4.65    2.60
 -39228.074    28.514    -4.35    2.84
 -38851.904    27.851    -1.76    2.42
 -38470.107    27.230    -1.63    2.36
 -38088.403    27.437     0.54    2.03
 -37706.790    27.664     0.60    1.79
 -37325.269    27.927     0.69    1.90
 -36943.839    28.709     2.05    1.58
 -36562.501    28.919     0.55    1.84
 -36181.255    28.519    -1.05    2.29
 -35800.100    27.395    -2.95    2.67
 -35419.036    26.806    -1.54    2.83
 -35038.063    26.305    -1.32    2.69
 -34657.182    25.825    -1.26    1.91
 -34276.392    25.601    -0.59    1.39
 -33895.693    25.325    -0.72    0.99
 -33515.085    24.888    -1.15    1.67
 -33134.568    24.024    -2.27    2.21
 -32754.142    22.431    -4.19    2.64
 -32373.806    20.995    -3.78    2.45
 -31993.562    19.885    -2.92    2.00
 -31613.408    17.920    -5.17    4.14
 -31233.345    14.687    -8.50    5.69
 -30853.372    11.822    -7.54    5.40
 -30473.490     9.841    -5.22    4.17
 -30093.698     9.833    -0.02    3.71
 -29713.997    10.922     2.87    3.61
 -29334.386    11.212     0.76    3.73
 -28954.865    11.113    -0.26    3.61
 -28575.435    10.929    -0.48    3.28
 -28196.095    10.344    -1.54    3.41
 -27816.844     9.976    -0.97    3.50
 -27437.684    10.641     1.76    4.05
 -27058.614    10.726     0.22    4.43
 -26679.633    10.888     0.43    4.55
 -26300.743    11.373     1.28    4.44
 -25921.942    11.395     0.06    3.99
 -25543.231    12.033     1.69    2.97
 -25164.609    12.138     0.28    2.36
 -24786.077    11.383    -1.99    2.26
 -24407.635    11.285    -0.26    1.81
 -24029.282     9.836    -3.83    3.55
 -23651.018     7.614    -5.87    5.00
 -23272.844     6.289    -3.50    5.58
 -22894.759     7.042     1.99    6.00
 -22516.763     9.044     5.30    5.72
 -22138.856     9.637     1.57    5.55
 -21761.038     7.667    -5.21    6.24
 -21383.310     7.120    -1.45    6.20
 -21005.670     7.847     1.93    6.25
 -20628.119    10.795     7.81    5.52
 -20250.657    13.344     6.75    2.38
 -19873.284    13.690     0.92    1.28
 -19495.999    13.118    -1.52    1.26
 -19118.803    12.091    -2.72    3.05
 -18741.696    11.252    -2.22    4.54
 -18364.677     9.955    -3.44    5.75
 -17987.747     9.759    -0.52    6.04
 -17610.905     9.574    -0.49    5.95
 -17234.151    10.363     2.09    5.07
 -16857.486    10.432     0.18    4.69
 -16480.908    10.130    -0.80    5.01
 -16104.419     9.610    -1.38    5.64
 -15728.018    10.193     1.55    5.09
 -15351.705    11.412     3.24    4.55
 -14975.480    13.214     4.79    2.04
 -14599.343    13.668     1.21    1.44
 -14223.294    13.810     0.38    1.33
 -13847.333    13.907     0.26    2.07
 -13471.459    11.102    -7.46    5.89
 -13095.673     7.947    -8.40    7.16
 -12719.974     4.222    -9.91    6.75
 -12344.363     1.243    -7.93    4.16
 -11968.840    -0.455    -4.52    1.85
 -11593.404    -0.862    -1.08    0.84
 -11218.055    -0.904    -0.11    0.71
 -10842.794    -0.707     0.53    1.36
 -10467.620    -0.359     0.93    2.40
 -10092.533     0.266     1.67    3.45
  -9717.533     0.927     1.76    4.25
  -9342.620     1.567     1.71    4.62
  -8967.794     1.793     0.60    4.83
  -8593.055     2.072     0.75    4.94
  -8218.403     1.595    -1.27    4.66
  -7843.838     0.913    -1.82    4.12
  -7469.360     0.645    -0.72    3.84
  -7094.968     0.381    -0.70    3.61
  -6720.663    -0.053    -1.16    3.14
  -6346.444    -0.606    -1.48    1.89
  -5972.312    -0.821    -0.57    0.99
  -5598.267    -0.506     0.84    2.04
  -5224.308    -0.035     1.26    3.10
  -4850.435     0.690     1.94    4.26
  -4476.648     1.553     2.31    5.37
  -4102.948     2.240     1.84    6.05
  -3729.334     4.054     4.86    7.33
  -3355.806     4.938     2.37    7.76
  -2982.364     6.514     4.22    8.32
  -2609.008     6.927     1.11    8.30
  -2235.738     7.252     0.87    8.14
  -1862.554     6.947    -0.82    8.26
  -1489.456     7.276     0.88    8.27
  -1116.443     6.674    -1.61    8.11
   -743.516     6.408    -0.71    8.09
   -370.675     5.416    -2.66    7.70
      2.080     4.793    -1.67    7.50
    374.751     3.806    -2.65    7.08
    747.335     3.652    -0.41    6.58
   1119.834     3.075    -1.55    6.30
   1492.248     2.101    -2.62    5.74
   1864.577     0.393    -4.59    4.11
   2236.820    -0.824    -3.27    1.03
   2608.979    -0.986    -0.44    0.00
   2981.052    -0.986     0.00    0.00
   3353.040    -0.601     1.03    2.18
   3724.943     0.701     3.50    5.22
   4096.761     3.306     7.01    7.61
   4468.494     6.024     7.31    9.12
   4840.142     8.879     7.68    9.50
   5211.706    11.548     7.18    9.26
   5583.185    14.585     8.18    8.29
   5954.579    17.177     6.98    7.11
   6325.889    19.612     6.56    4.13
   6697.114    21.697     5.62    3.53
   7068.254    22.754     2.85    3.31
   7439.310    24.127     3.70    4.56
   7810.282    24.893     2.06    4.34
   8181.170    24.128    -2.06    4.76
   8551.973    22.592    -4.14    4.63
   8922.692    22.639     0.13    4.93
   9293.327    23.591     2.57    5.53
   9663.877    24.704     3.00    4.91
  10034.344    24.331    -1.01    4.74
  10404.727    23.670    -1.78    4.75
  10775.026    24.852     3.19    6.07
  11145.241    28.224     9.11    7.21
  11515.372    34.062    15.77    9.76
  11885.419    39.533    14.78   10.10
  12255.383    46.347    18.42   11.95
  12625.263    52.870    17.63   11.90
  12995.060    58.410    14.98   11.10
  13364.773    63.724    14.37   10.99
  13734.402    66.640     7.89   11.41
  14103.948    68.166     4.13   13.50
  14473.411    69.935     4.79   15.07
  14842.790    69.857    -0.21   16.28
  15212.087    71.822     5.32   15.89
  15581.300    71.549    -0.74   16.31
  15950.430    72.822     3.45   16.76
  16319.476    74.858     5.52   16.49
  16688.440    72.274    -7.00   18.11
  17057.321    67.887   -11.89   16.44
  17426.119    68.519     1.71   15.03
  17794.834    70.677     5.85   14.62
  18163.466    74.344     9.95   12.30
  18532.016    76.082     4.72   10.74
  18900.482    74.733    -3.66   10.59
  19268.866    74.524    -0.57   10.23
  19637.168    73.707    -2.22   10.73
  20005.387    72.157    -4.21   11.04
  20373.524    70.572    -4.31   11.68
  20741.578    70.024    -1.49   12.24
  21109.550    69.228    -2.16   13.14
  21477.439    68.337    -2.42   13.43
  21845.246    66.149    -5.95   13.56
  22212.971    64.092    -5.59   13.13
  22580.614    62.090    -5.45   12.92
  22948.175    61.754    -0.91   13.08
  23315.654    56.697   -13.76   16.08
  23683.051    50.121   -17.90   16.81
  24050.365    43.567   -17.84   12.35
  24417.598    40.062    -9.54    9.46
  24784.750    41.946     5.13    9.92
  25151.819    45.347     9.27   10.66
  25518.807    50.427    13.84   11.65
  25885.713    57.524    19.34   10.53
  26252.537    62.427    13.37    9.48
  26619.280    65.751     9.06   10.13
  26985.942    64.168    -4.32   17.72
  27352.522    56.885   -19.87   25.10
  27719.020    47.664   -25.16   29.64
  28085.437    39.373   -22.63   30.26
  28451.773    30.066   -25.41   29.32
  28818.028    23.204   -18.73   27.83
  29184.202    15.653   -20.62   24.39
  29550.294     8.082   -20.68   18.52
  29916.305     3.092   -13.63   11.46
  30282.236     0.380    -7.41    5.94
  30648.085    -0.132    -1.40    4.19
  31013.854    -0.184    -0.14    3.88
  31379.542    -0.212    -0.08    4.10
  31745.148    -0.562    -0.96    2.13
  32110.675    -0.016     1.49    2.72
  32476.120     2.062     5.69    6.63
  32841.485     5.499     9.41   10.86
  33206.769    10.305    13.16   15.16
  33571.973    13.736     9.39   17.06
  33937.096    18.504    13.06   18.50
  34302.139    20.975     6.77   18.87
  34667.101    23.577     7.13   17.73
  35031.983    24.341     2.09   16.25
  35396.785    25.596     3.44   15.65
  35767.637    27.300     4.59   16.52
  36149.263    26.456    -2.21   17.32
  36530.799    21.383   -13.30   15.66
  36912.245    17.772    -9.47   12.62
  37293.602    17.171    -1.58   11.82
  37674.870    19.664     6.54   13.70
  38056.048    23.187     9.24   14.47
  38437.138    25.416     5.85   13.99
  38818.138    26.465     2.75   12.57
  39199.049    26.004    -1.21   10.92
  39579.872    22.830    -8.34    9.55
  39960.605    18.404   -11.62    7.59
  40341.250    14.947    -9.08    4.59
  40721.805    12.994    -5.13    1.62
  41102.272    12.730    -0.69    1.09
  41482.650    13.113     1.01    1.46
  41862.940    14.655     4.05    4.65
  42243.141    18.430     9.93    8.20
  42623.254    23.200    12.55    9.11
  43003.278    27.377    10.99    7.65
  43383.214    32.697    14.00    5.76
  43763.061    35.450     7.25    5.93
  44142.821    39.163     9.78    6.14
  44522.492    42.081     7.69    5.54
  44902.075    43.836     4.62    4.64
  45281.570    45.857     5.33    5.87
  45660.976    45.543    -0.83    7.10
  46040.295    45.529    -0.04    8.52
  46419.526    46.563     2.73    8.50
  46798.670    48.426     4.91    6.79
  47177.725    50.590     5.71    5.33
  47556.693    51.838     3.29    4.30
  47935.573    53.705     4.93    3.84
  48314.365    55.762     5.43    3.91
  48693.070    57.524     4.65    3.88
  49071.688    58.759     3.26    4.78
  49450.218    56.858    -5.02    7.78
  49828.661    51.927   -13.03    8.52
  50207.016    48.143   -10.00    7.10
  50585.284    43.616   -11.97    7.89
  50963.465    40.422    -8.44    8.14
  51341.559    39.150    -3.36    8.29
  51719.566    39.055    -0.25    9.85
  52097.486    40.426     3.63    9.96
  52475.319    38.974    -3.84   11.13
  52853.065    34.169   -12.72   12.07
  53230.724    29.460   -12.47   10.78
  53608.297    29.151    -0.82    9.73
  53985.782    31.387     5.92    9.92
  54363.182    33.553     5.74    9.46
  54740.494    34.724     3.10    8.33
  55117.720    36.304     4.19    8.32
  55494.860    39.475     8.41    8.40
  55871.913    43.267    10.06    6.86
  56248.880    45.445     5.78    5.38
  56625.760    44.800    -1.71    5.07
  57002.555    43.681    -2.97    5.10
  57379.263    42.136    -4.10    5.64
  57755.885    42.305     0.45    5.92
  58132.421    41.896    -1.09    7.36
  58508.871    37.082   -12.79   10.34
  58885.235    31.243   -15.51   14.73
  59261.513    22.739   -22.60   14.97
  59637.705    14.914   -20.80   12.13
  60013.812    10.387   -12.04    9.36
  60389.833     7.504    -7.67    7.23
  60765.768     5.485    -5.37    5.53
  61141.618     4.469    -2.70    3.86
  61517.382     3.905    -1.50    2.50
  61893.061     3.749    -0.41    2.14
  62268.654     3.832     0.22    2.35
  62644.162     4.788     2.55    4.58
  63019.584     7.851     8.16    9.75
  63394.921    10.083     5.95   12.75
  63770.173    11.754     4.45   14.16
  64145.340    11.485    -0.72   13.45
  64520.422    11.101    -1.02   12.93
  64895.419    10.655    -1.19   12.82
  65270.331     9.549    -2.95   11.46
  65645.158     6.994    -6.81    8.04
  66019.900     5.166    -4.88    4.94
  66394.558     4.894    -0.72    3.60
  66769.130     5.934     2.78    4.12
  67143.618     7.984     5.47    4.52
  67518.022     9.475     3.98    4.01
  67892.340    10.974     4.00    2.89
  68266.575    11.788     2.18    1.37
  68640.724    11.649    -0.37    1.25
  69014.790    11.667     0.05    1.25
  69388.771    11.575    -0.25    1.25
  69762.668    11.543    -0.09    1.23
  70136.480    11.337    -0.55    1.19
  70510.209    11.259    -0.21    1.13
  70883.853    11.479     0.59    1.18
  71257.413    11.887     1.09    1.11
  71630.890    12.254     0.98    1.09
  72004.282    12.465     0.57    1.24
  72377.590    12.697     0.62    1.48
  72750.815    12.820     0.33    1.72
  73123.956    12.583    -0.64    2.99
  73497.013    11.540    -2.79    4.27
  73869.986     9.377    -5.80    5.35
  74242.876     7.205    -5.82    4.93
  74615.682     5.192    -5.40    4.02
  74988.405     3.751    -3.87    2.46
  75361.044     3.034    -1.93    0.20
  75733.600     3.014    -0.05    0.00
  76106.073     3.034     0.05    0.20
  76478.462     3.766     1.97    3.16
  76850.768     5.559     4.82    5.97
  77222.991     9.053     9.39   10.57
  77595.131    15.646    17.71   17.35
  77967.187    25.269    25.86   21.90
  78339.161    36.157    29.27   20.77
  78711.052    43.318    19.25   16.26
  79082.860    47.687    11.75    9.22
  79454.585    49.377     4.54    7.54
  79826.227    53.075     9.95    9.76
  80197.786    59.585    17.52   11.64
  80569.263    65.935    17.09   10.20
  80940.657    70.054    11.09    7.37
  81311.969    69.975    -0.21    6.59
  81683.198    67.149    -7.61    6.86
  82054.345    64.004    -8.47    8.10
  82425.409    60.110   -10.49   10.71
  82796.391    51.583   -22.98   14.83
  83167.291    42.529   -24.41   15.66
  83538.108    38.469   -10.95   15.20
  83908.843    40.182     4.62   17.44
  84279.497    43.414     8.72   18.58
  84650.068    43.406    -0.02   18.05
  85020.557    40.441    -8.00   17.63
  85390.964    35.113   -14.38   16.19
  85761.289    28.826   -16.97   12.59
  86131.532    23.857   -13.42    8.27
  86501.693    20.267    -9.70    4.91
  86871.773    18.885    -3.73    2.31
  87241.771    19.212     0.88    3.13
  87611.687    21.044     4.95    5.06
  87981.522    22.641     4.32    5.30
  88351.275    23.660     2.75    5.24
  88720.947    23.766     0.29    4.96
  89090.537    23.764    -0.01    4.50
  89460.046    26.063     6.22    5.98
  89829.473    30.559    12.17    8.87
  90198.820    38.103    20.42   11.80
  90568.085    44.244    16.63   10.26
  90937.269    48.894    12.59    7.91
  91306.371    48.877    -0.05    7.33
  91675.393    47.267    -4.36    5.69
  92044.334    47.083    -0.50    3.89
  92413.193    48.929     5.00    5.08
  92781.972    53.602    12.67    7.78
  93150.670    58.744    13.94    7.43
  93519.287    62.284     9.60    5.15
  93887.824    63.430     3.11    5.73
  94256.279    62.228    -3.26    6.89
  94624.654    59.524    -7.34    7.46
  94992.949    57.203    -6.30    7.27
  95361.163    55.014    -5.95    6.02
  95729.296    54.509    -1.37    4.99
  96097.349    56.867     6.41    6.40
  96465.322    60.364     9.50    7.99
  96833.214    66.044    15.44   10.65
  97201.026    72.514    17.59   13.17
  97568.758    82.077    26.00   15.30
  97936.410    94.651    34.20   19.42
  98303.981   108.730    38.30   20.16
  98671.473   123.464    40.09   19.33
  99038.884   134.620    30.36   13.86
  99406.216   141.574    18.93    8.32
  99773.467   142.256     1.86    9.95
 100140.639   139.718    -6.91   13.53
 100507.731   137.400    -6.31   15.71
 100874.743   134.318    -8.40   16.32
 101241.675   132.604    -4.67   16.57
 101608.528   132.873     0.73   15.59
 101975.301   136.754    10.58   15.96
 102341.995   147.428    29.11   18.96
 102708.609   162.392    40.81   20.59
 103075.143   178.163    43.02   21.68
 103441.599   196.858    51.01   23.01
 103807.974   218.865    60.06   31.83
 104174.271   241.691    62.31   34.72
 104540.488   267.883    71.52   34.01
 104906.626   284.844    46.32   28.52
 105272.685   296.983    33.16   21.60
 105638.665   296.093    -2.43   21.60
 106004.566   286.067   -27.40   25.31
 106370.388   263.084   -62.82   32.70
 106736.131   238.585   -66.98   32.21
 107101.795   211.761   -73.35   27.98
 107467.380   191.764   -54.70   22.55
 107832.887   173.808   -49.12   19.06
 108198.314   158.504   -41.88   19.07
 108563.663   145.884   -34.54   16.33
 108928.934   140.354   -15.14   15.67
 109294.125   136.787    -9.77   17.77
 109659.239   135.424    -3.73   19.26
 110024.273   133.014    -6.60   17.43
 110390.216   132.191    -2.25   13.44
 110771.670   134.242     5.38   11.54
 111153.036   142.066    20.52   11.37
 111534.316   152.808    28.17   15.14
 111915.508   166.225    35.19   16.44
 112296.614   178.314    31.72   14.80
 112677.633   185.931    19.99   10.13
 113058.564   184.298    -4.28   11.10
 113439.409   176.298   -21.00   13.55
 113820.167   165.667   -27.92   15.41
 114200.839   154.993   -28.04   14.68
 114581.424   148.212   -17.82   12.74
 114961.922   145.572    -6.94   13.08
 115342.333   145.163    -1.08   13.24
 115722.659   142.393    -7.28   14.59
 116102.897   135.677   -17.66   19.75
 116483.050   123.025   -33.28   23.84
 116863.116   112.450   -27.82   20.36
 117243.096   111.301    -3.02   16.28
 117622.989   117.727    16.91   16.28
 118002.797   126.659    23.52   12.50
 118382.518   132.915    16.47   11.19
 118762.154   137.788    12.84   11.77
 119141.703   142.489    12.38    9.80
 119521.167   147.047    12.01    5.68
 119900.545   147.390     0.91    6.23
 120279.837   144.885    -6.60    8.31
 120659.043   136.584   -21.89   13.63
 121038.163   123.057   -35.68   19.47
 121417.198   108.242   -39.08   25.01
 121796.148    92.035   -42.76   24.63
 122175.012    82.905   -24.10   19.29
 122553.790    82.667    -0.63   16.83
 122932.483    88.924    16.52   19.39
 123311.091    98.014    24.01   16.38
 123689.613   103.469    14.41   10.52
 124068.051   106.478     7.95    7.63
 124446.403   109.337     7.56    8.49
 124824.670   113.365    10.65    9.61
 125202.852   118.063    12.42    8.39
 125580.949   120.606     6.72    7.15
 125958.961   125.155    12.03    6.48
 126336.888   130.075    13.02    7.57
 126714.730   135.337    13.93    7.35
 127092.488   140.712    14.23    5.70
 127470.161   146.549    15.46    6.33
 127847.749   151.136    12.15    6.71
 128225.253   155.174    10.69    4.65
 128602.672   155.903     1.93    3.82
 128980.007   154.004    -5.03    4.66
 129357.257   151.862    -5.68    4.22
 129734.423   151.973     0.29    5.13
 130111.504   153.448     3.91    6.07
 130488.501   156.354     7.71    6.83
 130865.414   159.334     7.91    8.86
 131242.243   161.261     5.11   11.22
 131618.988   160.489    -2.05   12.08
 131995.649   156.655   -10.18   13.87
 132372.226   148.034   -22.89   13.05
 132748.719   139.493   -22.69   10.38
 133125.128   130.154   -24.81   10.28
 133501.453   123.144   -18.62    9.97
 133877.694   118.277   -12.94    7.46
 134253.852   115.440    -7.54    4.71
 134629.926   116.444     2.67    5.59
 135005.916   119.107     7.08    6.57
 135381.823   122.351     8.63    6.49
 135757.647   124.756     6.40    6.24
 136133.387   125.792     2.76    6.71
 136509.043   125.226    -1.51    7.28
 136884.617   122.392    -7.55    7.10
 137260.107   120.883    -4.02    5.92
 137635.514   119.704    -3.14    4.83
 138010.837   119.575    -0.34    3.73
 138386.078   119.691     0.31    2.49
 138761.235   120.244     1.47    2.39
 139136.310   122.004     4.69    3.29
 139511.302   124.832     7.54    4.33
 139886.210   129.716    13.03    5.72
 140261.036   136.534    18.19    8.79
 140635.779   144.318    20.77    9.25
 141010.440   154.234    26.46   11.55
 141385.017   165.433    29.90   13.17
 141759.512   180.704    40.77   19.71
 142133.925   198.457    47.41   22.29
 142508.255   219.728    56.82   25.04
 142882.503   243.667    63.96   29.06
 143256.668   270.443    71.55   30.81
 143630.751   287.940    46.77   25.39
 144004.751   293.104    13.81   20.99
 144378.669   281.381   -31.35   25.06
 144752.506   260.076   -56.99   25.52
 145126.260   239.279   -55.64   24.49
 145499.931   219.670   -52.47   19.10
 145873.521   204.802   -39.79   14.30
 146247.029   192.791   -32.15   10.24
 146620.455   185.424   -19.73   10.15
 146993.799   182.862    -6.86   11.09
 147367.062   185.701     7.61   15.05
 147740.242   190.941    14.04   18.42
 148113.341   195.474    12.15   18.55
 148486.358   196.243     2.06   17.24
 148859.294   191.942   -11.53   16.21
 149232.148   183.014   -23.94   16.26
 149604.921   175.529   -20.08   12.71
 149977.612   172.974    -6.86   11.34
 150350.221   175.472     6.71   14.20
 150722.750   181.134    15.20   15.77
 151095.197   185.298    11.18   16.77
 151467.563   188.388     8.30   14.88
 151839.847   191.297     7.81   14.09
 152212.051   199.626    22.38   16.60
 152584.174   212.309    34.08   18.44
 152956.215   229.341    45.77   21.40
 153328.176   248.443    51.35   23.75
 153700.055   272.657    65.11   27.72
 154071.854   291.962    51.92   25.56
 154443.572   303.075    29.89   17.09
 154815.209   297.873   -14.00   23.01
 155186.765   277.605   -54.54   30.73
 155558.241   251.347   -70.68   31.29
 155929.636   227.427   -64.40   24.29
 156300.951   211.934   -41.72   18.54
 156672.185   201.177   -28.97   14.25
 157043.339   197.660    -9.47   16.32
 157414.412   195.306    -6.35   19.02
 157785.405   196.830     4.11   21.56
 158156.318   194.228    -7.01   25.51
 158527.150   186.327   -21.30   27.53
 158897.902   174.504   -31.89   28.31
 159268.574   160.993   -36.44   24.76
 159639.166   150.105   -29.38   15.98
 160009.678   146.014   -11.04   10.28
 160380.110   152.524    17.57   15.42
 160750.462   167.275    39.82   20.65
 161120.734   188.289    56.75   28.34
 161490.927   212.466    65.30   31.01
 161861.039   244.388    86.24   35.84
 162231.072   274.145    80.41   35.55
 162601.025   306.014    86.13   34.23
 162970.899   331.759    69.60   35.30
 163340.693   356.158    65.97   35.65
 163710.407   372.473    44.12   34.95
 164080.042   378.101    15.22   34.32
 164449.597   365.718   -33.50   38.81
 164819.074   340.067   -69.42   38.84
 165188.470   309.447   -82.88   38.37
 165557.788   285.024   -66.12   32.03
 165927.026   264.463   -55.68   28.65
 166296.185   250.921   -36.68   26.53
 166665.265   241.385   -25.83   22.14
 167034.266   242.444     2.87   21.20
 167403.188   257.297    40.25   32.00
 167772.031   293.812    98.99   54.44
 168140.795   332.894   105.97   53.92
 168509.480   354.636    58.96   39.62
 168878.087   352.597    -5.53   44.03
 169246.614   315.606  -100.36   55.65
 169615.063   280.334   -95.72   42.42
 169983.433   258.793   -58.47   27.42
 170351.725   254.914   -10.53   32.00
 170719.938   255.077     0.44   35.83
 171088.072   251.842    -8.79   32.41
 171456.128   241.851   -27.14   27.12
 171824.106   229.721   -32.96   28.35
 172192.005   210.165   -53.15   33.78
 172559.826   182.127   -76.22   33.40
 172927.568   164.065   -49.11   24.15
 173295.233   151.656   -33.75   22.35
 173662.819   147.789   -10.52   25.10
 174030.327   142.961   -13.14   24.61
 174397.757   137.184   -15.72   22.48
 174765.109   131.231   -16.20   21.16
 175132.383   124.820   -17.45   20.43
 175499.579   117.358   -20.32   16.71
 175866.697   106.736   -28.93   13.51
 176233.737    98.218   -23.20   10.60
 176600.700    90.456   -21.15    7.06
 176967.585    86.643   -10.39    4.80
 177334.392    85.655    -2.69    4.79
 177701.121    90.902    14.30   10.62
 178067.773    99.132    22.45   13.84
 178434.348   111.375    33.39   19.37
 178800.845   123.736    33.72   23.96
 179167.264   141.225    47.72   31.16
 179533.606   157.687    44.93   36.98
 179899.871   176.599    51.63   39.38
 180266.058   193.570    46.34   40.54
 180632.168   209.068    42.33   35.80
 180998.201   220.378    30.89   32.22
 181364.157   230.277    27.05   27.56
 181730.036   239.045    23.96   19.97
 182095.838   243.127    11.16   20.19
 182461.562   244.756     4.45   28.41
 182827.210   247.371     7.15   35.21
 183192.781   253.351    16.36   40.94
 183558.275   265.086    32.10   37.26
 183923.692   273.246    22.33   30.24
 184289.033   269.718    -9.65   27.80
 184654.296   254.241   -42.37   34.09
 185019.483   225.109   -79.76   34.80
 185396.957   196.789   -75.01   30.61
 185778.153   171.237   -67.02   24.57
 186159.265   155.024   -42.54   17.41
 186540.292   146.274   -22.96   11.15
 186921.234   149.769     9.17   15.12
 187302.092   165.259    40.67   24.75
 187682.864   186.694    56.29   28.45
 188063.553   208.993    58.57   28.05
 188444.156   221.310    32.36   29.42
 188824.676   230.606    24.43   36.19
 189205.110   237.300    17.59   40.56
 189585.461   244.940    20.09   38.98
 189965.727   243.320    -4.26   37.34
 190345.909   227.077   -42.72   44.49
 190726.007   189.272   -99.45   58.80
 191106.020   138.851  -132.66   63.19
 191485.950    98.591  -105.95   47.68
 191865.795    68.214   -79.96   21.42
 192245.557    58.014   -26.86    5.84
 192625.234    57.667    -0.91    4.83
 193004.828    61.251     9.44    6.12
 193384.338    64.953     9.75    6.29
 193763.764    68.670     9.80    5.59
 194143.107    72.557    10.24    6.44
 194522.365    74.983     6.40    6.60
 194901.541    78.340     8.85    6.38
 195280.632    80.943     6.86    5.46
 195659.640    83.107     5.71    4.64
 196038.565    84.212     2.92    4.86
 196417.407    85.382     3.09    7.23
 196796.165    85.698     0.83    9.07
 197174.840    85.130    -1.50    9.15
 197553.431    86.075     2.50    8.90
 197931.940    87.035     2.53    9.00
 198310.365    88.368     3.52    8.91
 198688.707    88.940     1.51    9.76
 199066.966    88.606    -0.88    9.35
 199445.143    89.035     1.14    8.47
 199823.236    91.297     5.98    7.20
 200201.247    93.277     5.24    6.94
 200579.175    94.368     2.89    7.64
 200957.020    94.129    -0.63    8.57
 201334.782    93.095    -2.74    8.78
 201712.462    91.186    -5.05    7.29
 202090.059    90.797    -1.03    5.55
 202467.574    91.992     3.16    6.73
 202845.006    97.176    13.73   10.23
 203222.356   103.460    16.65   12.37
 203599.624   109.952    17.21   13.03
 203976.809   115.258    14.07   13.57
 204353.912   119.414    11.02   13.25
 204730.933   124.236    12.79   14.88
 205107.871   130.287    16.05   17.18
 205484.728   136.884    17.50   20.85
 205861.502   141.220    11.51   20.64
 206238.195   143.300     5.52   22.29
 206614.805   141.993    -3.47   22.17
 206991.334   141.618    -1.00   22.21
 207367.781   145.106     9.26   21.82
 207744.146   153.582    22.52   22.49
 208120.429   165.212    30.90   24.02
 208496.631   178.477    35.26   25.56
 208872.751   191.426    34.42   23.96
 209248.790   200.519    24.18   21.24
 209624.747   208.560    21.39   19.08
 210000.622   214.572    15.99   19.14
 210376.417   219.674    13.57   20.19
 210752.129   224.494    12.83   19.27
 211127.761   231.233    17.94   18.80
 211503.311   233.451     5.91   18.36
 211878.780   235.116     4.43   19.78
 212254.168   234.618    -1.33   20.99
 212629.475   235.780     3.10   21.86
 213004.701   242.483    17.86   22.04
 213379.846   254.971    33.28   22.18
 213754.909   269.759    39.42   24.89
 214129.892   290.418    55.09   29.93
 214504.795   314.431    64.04   34.66
 214879.616   335.699    56.73   27.02
 215254.357   350.375    39.16   21.03
 215629.016   353.081     7.22   21.31
 216003.596   343.582   -25.36   25.90
 216378.095   326.614   -45.30   30.35
 216752.513   305.066   -57.54   31.46
 217126.850   282.450   -60.41   30.92
 217501.108   262.149   -54.23   26.78
 217875.285   246.688   -41.32   24.80
 218249.381   238.212   -22.65   26.72
 218623.398   232.793   -14.49   26.51
 218997.334   235.170     6.36   23.37
 219371.190   239.733    12.20   20.93
 219744.966   245.393    15.14   16.92
 220118.661   247.181     4.78   14.97
 220492.277   240.546   -17.76   18.43
 220865.813   227.660   -34.49   20.30
 221239.269   212.274   -41.19   20.83
 221612.645   198.754   -36.21   20.96
 221985.941   185.223   -36.24   19.64
 222359.157   175.649   -25.65   19.88
 222732.294   165.514   -27.16   18.15
 223105.351   156.951   -22.95   18.12
 223478.329   146.092   -29.11   16.32
 223851.227   134.272   -31.69   16.33
 224224.045   123.450   -29.02   12.13
 224596.784   119.462   -10.70    7.07
 224969.443   120.218     2.03    6.79
 225342.023   122.877     7.14    5.48
 225714.524   124.519     4.41    3.13
 226086.946   126.446     5.17    4.37
 226459.288   129.191     7.37    6.08
 226831.551   133.267    10.95    7.26
 227203.736   138.591    14.30   10.19
 227575.841   144.885    16.91   13.08
 227947.867   151.660    18.21   17.03
 228319.814   156.525    13.08   18.29
 228691.682   157.169     1.73   17.36
 229063.471   155.470    -4.57   15.88
 229435.182   155.712     0.65   12.88
 229806.813   155.969     0.69    9.85
 230178.366   160.684    12.69   12.01
 230549.841   169.251    23.06   14.41
 230921.236   181.524    33.04   19.34
 231292.554   192.626    29.89   21.64
 231663.792   204.326    31.51   22.45
 232034.952   215.535    30.19   22.16
 232406.034   223.498    21.46   21.61
 232777.038   233.372    26.61   20.49
 233147.963   241.301    21.37   20.21
 233518.809   248.785    20.18   18.00
 233889.578   254.947    16.62   15.41
 234260.268   260.961    16.22   14.22
 234630.881   262.452     4.02   14.93
 235001.415   259.045    -9.19   19.16
 235371.871   249.493   -25.78   22.36
 235742.249   240.330   -24.74   19.73
 236112.550   236.046   -11.57   15.21
 236482.772   238.751     7.31   15.91
 236852.917   241.588     7.66   18.67
 237222.983   241.572    -0.04   24.63
 237592.973   235.740   -15.76   32.83
 237962.884   220.514   -41.16   36.25
 238332.718   204.839   -42.38   35.09
 238702.474   188.980   -42.88   31.06
 239072.152   173.477   -41.93   26.71
 239441.754   160.688   -34.60   23.04
 239811.277   147.181   -36.55   16.93
 240180.724   138.714   -22.91   12.25
 240550.092   132.732   -16.19   10.94
 240919.384   130.879    -5.02   13.73
 241288.599   134.061     8.62   18.71
 241657.736   140.591    17.69   17.94
