# NaN NaN NaN ;Mean Elev.(m), Avg Gradient(m/km), RMS Gradient(m/km) - SRTM1     
#   -3.764  -0.004   5.832 ;Mean Elev.(m), Avg Gradient(m/km), RMS Gradient(m/km) - ASTER GDEM
#   34.370   0.591   5.129 ;Mean Elev.(m), Avg Gradient(m/km), RMS Gradient(m/km) - GMTED2010 
  8 152.452980  66.742493    18.712    18.794  3 52492.04978616 30.362
 12 152.457280  66.742699    15.510    15.510  2 52632.04977247 26.492
 13 152.444441  66.742141    14.994    14.994  2 52667.04979299 24.404
 15 152.442880  66.741899    14.676    14.676  2 52737.04980554 23.885
 16 152.435343  66.742426    15.275    15.279  3 52772.04977478 22.834
 17 152.457679  66.742044    23.105    23.024  3 52807.04982841 29.268
 18 152.458163  66.742898    16.679    16.642  3 52842.04988716 33.576
 19 152.452149  66.743482    17.986    15.955  3 52877.04992585 32.325
 20 152.445032  66.743382    20.188    22.146  3 52912.04988458 19.626
 23 152.437772  66.742582    14.858    14.858  2 53017.04987486 28.611
 25 152.426787  66.740096    23.440    22.841  3 53087.04989139 18.298
 26 152.454461  66.742043    15.284    15.034  3 53122.04986025 19.776
 27 152.445396  66.741988    23.238    23.220  3 53157.04991626 48.614
 28 152.452284  66.743378    21.429    20.503  3 53192.04990838 23.646
 29 152.445963  66.742065    20.921    20.921  2 53227.04991036 23.285
 30 152.428683  66.741280    18.506    18.547  3 53262.04988442 44.002
 31 152.446242  66.743421    16.658    16.653  3 53297.04991915 39.076
 32 152.446140  66.741587    16.132    16.125  3 53332.04989151 26.336
 35 152.439022  66.742946    15.279    15.279  2 53437.04985409 23.968
 36 152.452251  66.743274    15.354    15.302  3 53472.04990593 21.272
 37 152.443614  66.742047    17.042    17.022  3 53507.04993691 35.143
 38 152.442962  66.742884    26.539    23.501  3 53542.04994337 20.952
 39 152.436289  66.742176    18.139    18.131  3 53577.04993141 51.523
 40 152.428247  66.740723    22.801    23.030  3 53612.04988403 20.518
 41 152.459732  66.743183    18.238    18.238  2 53647.04988736 29.285
 42 152.437580  66.742559    14.444    14.444  2 53682.04990397 40.414
 43 152.439374  66.742378    14.706    14.689  3 53717.04983140 30.732
 45 152.447120  66.742491    14.763    14.763  2 53787.04978052 24.392
 46 152.426412  66.739541    14.734    14.770  3 53822.04973640 23.492
 47 152.449469  66.742617    15.846    16.073  3 53857.04982597  3.805
 48 152.455833  66.742771    24.259    24.259  2 53892.04983872 23.139
 49 152.438293  66.742238    22.796    23.137  3 53927.04989993 22.227
 50 152.431348  66.741593    23.085    23.085  2 53962.04988488 13.256
 52 152.458366  66.742956    15.907    15.907  2 54032.04987919 36.293
 53 152.446023  66.742690    15.099    15.109  3 54067.04987358 32.876
 54 152.433663  66.741912    15.366    15.366  2 54102.04983479 18.931
 55 152.455209  66.742070    15.995    16.326  3 54137.04980113 18.132
 56 152.436554  66.741717    20.571    16.168  3 54172.04981168 16.853
 58 152.448362  66.742783    23.477    23.477  2 54242.04983906 51.740
 59 152.447984  66.742438    22.716    23.107  3 54277.04985344 18.502
 60 152.447057  66.741720    18.344    16.197  3 54312.04985444 39.047
 61 152.435282  66.742425    35.538    35.538  2 54347.04982744 17.068
 62 152.455304  66.742583    16.829    16.829  2 54382.04979109 27.134
 63 152.439826  66.742488    15.410    15.410  2 54417.04977651 34.027
 65 152.447428  66.742261    15.174    15.174  2 54487.04977337 19.688
 66 152.454998  66.742601    15.058    14.922  3 54522.04977361 20.833
 67 152.438485  66.742486    14.791    14.791  2 54557.04978383 21.434
 68 152.449502  66.742506    15.582    15.582  2 54592.04976965 16.615
 69 152.444096  66.742135    19.281    19.298  3 54627.04978559 45.850
 70 152.446840  66.742770    20.608    20.608  2 54662.04979310 20.045
 71 152.438314  66.741562    16.884    16.875  3 54697.04976920 35.934
 72 152.456482  66.743334    19.620    17.340  3 54732.04974906 24.033
 73 152.446274  66.742482    15.030    15.030  2 54767.04974810 48.734
 74 152.455992  66.742822    15.220    15.208  3 54802.04974315 31.201
 75 152.446589  66.742834    15.502    15.184  3 54837.04974034 23.942
 76 152.456305  66.743073    15.615    15.386  3 54872.04974168 22.218
 77 152.432568  66.741615    14.759    14.759  2 54907.04974881 24.512
 78 152.454904  66.743371    14.659    14.663  3 54942.04973436 23.983
 79 152.447304  66.742853    20.336    20.336  2 54977.04976249 50.873
 80 152.443834  66.742386    17.058    17.058  2 55012.04977113 42.011
 81 152.449826  66.743242    18.492    16.348  3 55047.04976272 27.307
 82 152.434009  66.741947    21.669    21.698  3 55082.04973543 52.868
 83 152.455188  66.742393    14.926    14.926  2 55117.04969477 47.054
 84 152.442929  66.742471    14.503    14.503  2 55152.04969307 33.854
 85 152.454834  66.741901    14.667    14.691  3 55187.04968147 29.151
 86 152.443249  66.742756    15.236    15.236  2 55222.04969156 23.168
 87 152.453669  66.743445    15.112    14.958  3 55257.04967739 23.155
 88 152.434135  66.741515    14.595    14.595  2 55292.04968013 22.560
 89 152.446235  66.742643    17.611    14.894  3 55327.04966179 26.856
 90 152.441898  66.742797    22.222    22.222  2 55362.04965824 21.581
 91 152.454914  66.742782    16.221    16.221  2 55397.04966518 51.843
 92 152.449393  66.742845    19.170    17.305  3 55432.04967306 19.281
 93 152.431656  66.741170    20.007    20.007  2 55467.04963351 50.153
