# NaN NaN NaN ;Mean Elev.(m), Avg Gradient(m/km), RMS Gradient(m/km) - SRTM1     
#   12.841   0.574   8.799 ;Mean Elev.(m), Avg Gradient(m/km), RMS Gradient(m/km) - ASTER GDEM
#   30.233  -0.121   1.281 ;Mean Elev.(m), Avg Gradient(m/km), RMS Gradient(m/km) - GMTED2010 
 13    21.278 52667.04982490 18.78 152.278316  66.589914  5.156
 13    24.319 52667.04982555 18.55 152.274976  66.586844  5.156
 13    22.916 52667.04982619 18.72 152.271636  66.583764  5.156
 13    24.071 52667.04982684 18.60 152.268306  66.580684  5.156
 13    24.758 52667.04982748 18.12 152.264966  66.577614  5.156
 13    25.192 52667.04982813 18.64 152.261636  66.574534  5.156
 15    23.496 52737.04983681 17.29 152.280130  66.592744  3.420
 15    21.552 52737.04983745 17.10 152.276790  66.589674  3.420
 15    24.415 52737.04983810 16.92 152.273450  66.586594  3.420
 15    22.893 52737.04983874 17.88 152.270120  66.583514  3.420
 15    24.642 52737.04983939 17.53 152.266790  66.580444  3.420
 15    24.851 52737.04984003 17.96 152.263450  66.577364  3.420
 15    25.149 52737.04984068 17.40 152.260120  66.574284  3.420
 16    25.967 52772.04980637  7.11 152.270964  66.591729  3.161
 16    23.721 52772.04980895 12.43 152.257624  66.579419  3.161
 16    16.886 52772.04980959 20.84 152.254299  66.576342  6.646
 16    16.769 52772.04981024 20.51 152.250969  66.573262  6.646
 16    16.836 52772.04981088 15.30 152.247639  66.570182  6.646
 19    17.165 52877.04995809 31.58 152.284293  66.589723 27.367
 19    17.409 52877.04995873 41.07 152.280954  66.586649 32.472
 19    17.113 52877.04995938 42.77 152.277614  66.583579 32.472
 19    17.267 52877.04996002 45.05 152.274284  66.580499 32.472
 20    26.575 52912.04991617 24.03 152.280626  66.592682 21.208
 20    18.306 52912.04991681 25.92 152.277286  66.589612 21.208
 20    17.114 52912.04991746 32.17 152.273956  66.586532 21.208
 20    17.214 52912.04991810 32.68 152.270616  66.583452 21.208
 20    26.069 52912.04991875 25.04 152.267286  66.580382 21.208
 20    26.805 52912.04991939 21.62 152.263956  66.577302 21.208
 20    26.927 52912.04992004 26.04 152.260625  66.574226 21.855
 23    23.448 53017.04990549 18.35 152.278367  66.596508  4.714
 23    22.054 53017.04990613 18.89 152.275037  66.593428  4.714
 23    21.080 53017.04990677 18.55 152.271697  66.590348  4.714
 23    22.904 53017.04990871 19.46 152.261695  66.581116  5.140
 23    24.403 53017.04990935 19.56 152.258355  66.578046  5.140
 23    24.652 53017.04991000 19.18 152.255025  66.574966  5.140
 23    25.079 53017.04991064 19.59 152.251695  66.571886  5.140
 25    24.186 53087.04992556 15.97 152.249084  66.577090  4.513
 25    24.636 53087.04992621 15.92 152.245744  66.574020  4.513
 25    24.786 53087.04992685 16.20 152.242414  66.570940  4.513
 25    24.739 53087.04992749 17.50 152.239084  66.567860  4.513
 27    24.981 53157.04994785 41.11 152.280891  66.591309 30.049
 27    24.852 53157.04994850 40.19 152.277551  66.588229 30.049
 27    25.021 53157.04994914 44.57 152.274211  66.585159 30.049
 27    24.902 53157.04994979 46.56 152.270881  66.582079 30.049
 27    25.042 53157.04995043 45.68 152.267541  66.578999 30.049
 27    25.071 53157.04995107 43.94 152.264211  66.575919 30.049
 28    26.171 53192.04994061 19.96 152.284465  66.589614 19.053
 28    26.265 53192.04994126 18.17 152.281133  66.586537 25.122
 29    21.034 53227.04994227 30.42 152.279852  66.589835 30.991
 29    20.830 53227.04994292 27.06 152.276522  66.586765 30.991
 29    26.215 53227.04994356 23.22 152.273182  66.583685 30.991
 29    26.698 53227.04994421 25.10 152.269850  66.580604 27.109
 29    21.283 53227.04994485 30.46 152.266520  66.577534 27.109
 29    21.248 53227.04994550 41.28 152.263180  66.574454 27.109
 30    20.398 53262.04991859 52.71 152.250991  66.578272 31.871
 30    20.380 53262.04991923 49.23 152.247661  66.575192 31.871
 30    20.472 53262.04991988 44.89 152.244321  66.572112 31.871
 30    20.449 53262.04992052 39.40 152.240991  66.569042 31.871
 31    18.305 53297.04995138 29.90 152.278367  66.589675 31.308
 31    18.457 53297.04995203 34.59 152.275034  66.586592 27.990
 31    18.610 53297.04995267 43.61 152.271694  66.583522 27.990
 31    18.491 53297.04995332 46.80 152.268364  66.580442 27.990
 31    18.499 53297.04995396 49.73 152.265024  66.577362 27.990
 31    18.498 53297.04995461 45.24 152.261694  66.574282 27.990
 32    17.664 53332.04992310 23.80 152.281680  66.590904  5.677
 32    17.440 53332.04992375 24.80 152.278350  66.587824  5.677
 32    17.597 53332.04992439 26.43 152.275017  66.584747  7.562
 32    17.545 53332.04992504 29.62 152.271677  66.581677  7.562
 32    17.571 53332.04992568 29.73 152.268337  66.578597  7.562
 32    17.514 53332.04992633 30.59 152.265007  66.575517  7.562
 35    23.098 53437.04988536 15.87 152.276282  66.593795  4.361
 35    20.257 53437.04988600 16.97 152.272952  66.590715  4.361
 35    16.910 53437.04988729 17.55 152.266278  66.584554  5.644
 35    16.691 53437.04988794 18.95 152.262948  66.581484  5.644
 35    16.744 53437.04988858 20.08 152.259608  66.578404  5.644
 35    16.764 53437.04988923 21.17 152.256278  66.575324  5.644
 35    16.705 53437.04988987 21.10 152.252948  66.572254  5.644
 36    21.233 53472.04993816 16.44 152.284382  66.589524  5.902
 36    19.945 53472.04993881 17.95 152.281042  66.586444  5.902
 37    26.482 53507.04996850 30.18 152.279147  66.591358 26.138
 37    19.092 53507.04996914 36.00 152.275807  66.588278 26.138
 37    18.932 53507.04996979 38.15 152.272477  66.585208 26.138
 37    18.954 53507.04997043 32.84 152.269137  66.582128 26.138
 37    26.335 53507.04997108 30.11 152.265800  66.579047 21.797
 37    19.007 53507.04997172 34.18 152.262470  66.575977 21.797
 37    19.073 53507.04997237 43.30 152.259140  66.572897 21.797
 38    20.063 53542.04997496 40.60 152.278492  66.592197 35.058
 38    20.058 53542.04997561 36.68 152.275162  66.589117 35.058
 38    19.984 53542.04997625 29.39 152.271824  66.586040 24.517
 38    26.218 53542.04997689 25.01 152.268484  66.582970 24.517
 38    26.803 53542.04997754 22.06 152.265154  66.579890 24.517
 38    27.068 53542.04997818 24.01 152.261814  66.576810 24.517
 38    27.103 53542.04997883 27.66 152.258484  66.573740 24.517
 39    19.490 53577.04996300 45.12 152.271883  66.591487 43.842
 39    19.982 53577.04996493 43.51 152.261876  66.582255 37.411
 39    20.041 53577.04996558 49.93 152.258536  66.579175 37.411
 39    19.913 53577.04996622 52.27 152.255206  66.576095 37.411
 39    20.004 53577.04996687 52.70 152.251876  66.573015 37.411
 39    19.993 53577.04996751 48.89 152.248546  66.569945 37.411
 40    20.512 53612.04991819 44.92 152.250564  66.577709 33.115
 40    20.398 53612.04991884 50.12 152.247234  66.574639 33.115
 40    20.490 53612.04991948 50.05 152.243904  66.571559 33.115
 40    20.379 53612.04992013 51.42 152.240574  66.568479 33.115
 42    18.580 53682.04993523 27.40 152.274809  66.593414 13.819
 42    18.164 53682.04993588 24.35 152.271469  66.590334 13.819
 42    16.245 53682.04993781 37.31 152.261460  66.581106 14.868
 42    16.188 53682.04993846 40.35 152.258130  66.578026 14.868
 42    16.170 53682.04993910 38.23 152.254800  66.574946 14.868
 42    16.299 53682.04993975 36.66 152.251470  66.571876 14.868
 43    22.172 53717.04986235 22.21 152.278324  66.594760  9.014
 43    20.026 53717.04986299 22.21 152.274984  66.591680  9.014
 43    20.649 53717.04986364 23.13 152.271644  66.588610  9.014
 43    16.342 53717.04986428 25.68 152.268314  66.585530  9.014
 43    16.502 53717.04986493 27.13 152.264973  66.582448  7.686
 43    16.391 53717.04986557 29.51 152.261643  66.579378  7.686
 43    16.310 53717.04986622 30.01 152.258313  66.576298  7.686
 43    16.368 53717.04986686 30.76 152.254983  66.573218  7.686
 45    21.155 53787.04981243 17.38 152.281010  66.590266  4.395
 45    23.625 53787.04981307 17.51 152.277680  66.587186  4.395
 45    24.259 53787.04981372 16.65 152.274341  66.584108  3.151
 45    23.903 53787.04981436 17.02 152.271001  66.581038  3.151
 45    25.277 53787.04981501 16.97 152.267671  66.577958  3.151
 45    24.694 53787.04981565 16.56 152.264341  66.574878  3.151
 46    24.289 53822.04977057 18.39 152.248787  66.576518  3.676
 46    24.772 53822.04977121 17.26 152.245457  66.573448  3.676
 46    24.633 53822.04977186 18.29 152.242122  66.570366  3.428
 46    24.730 53822.04977250 17.90 152.238802  66.567286  3.428
 47    25.863 53857.04985820  5.04 152.281611  66.588865  2.728
 47    25.844 53857.04985884  4.65 152.278281  66.585785  2.728
 47    26.176 53857.04985949  5.02 152.274941  66.582705  2.728
 47    25.923 53857.04986013  5.36 152.271601  66.579635  2.728
 47    26.015 53857.04986078  3.89 152.268271  66.576555  2.728
 49    19.733 53927.04993087 31.12 152.277148  66.594626 36.999
 49    19.513 53927.04993152 31.26 152.273808  66.591556 36.999
 49    19.405 53927.04993216 33.62 152.270468  66.588476 36.999
 49    19.411 53927.04993345 27.02 152.263798  66.582316 36.999
 49    26.342 53927.04993410 23.82 152.260468  66.579246 36.999
 49    26.859 53927.04993474 21.87 152.257128  66.576166 36.999
 49    27.101 53927.04993539 22.48 152.253795  66.573094 22.491
 50    20.523 53962.04991873 25.39 152.255277  66.580126 30.143
 50    26.490 53962.04991937 17.72 152.251937  66.577056 30.143
 50    26.756 53962.04992002 19.14 152.248607  66.573976 30.143
 50    26.739 53962.04992066 23.36 152.245274  66.570899 22.800
 53    20.853 54067.04990581 20.55 152.278240  66.588929  5.436
 53    21.165 54067.04990646 19.71 152.274900  66.585849  5.436
 53    24.931 54067.04990710 19.81 152.271570  66.582779  5.436
 53    24.632 54067.04990775 20.97 152.268230  66.579699  5.436
 53    24.726 54067.04990839 19.56 152.264900  66.576619  5.436
 53    24.804 54067.04990904 18.95 152.261564  66.573538  5.268
 54    19.795 54102.04986605 16.59 152.270955  66.592752  3.833
 54    25.288 54102.04986863 18.66 152.257615  66.580442  3.833
 54    22.763 54102.04986928 18.01 152.254285  66.577362  3.833
 54    24.768 54102.04986992 16.62 152.250955  66.574292  3.833
 54    24.846 54102.04987057 17.35 152.247624  66.571214  3.657
 56    24.063 54172.04984263 14.43 152.275489  66.594097  3.284
 56    25.397 54172.04984327 14.25 152.272159  66.591027  3.284
 56    24.995 54172.04984521 15.45 152.262149  66.581797  3.284
 56    25.748 54172.04984585 15.58 152.258819  66.578717  3.284
 56    25.408 54172.04984650 14.06 152.255489  66.575637  3.284
 56    25.080 54172.04984714 13.97 152.252159  66.572567  3.284
 58    25.006 54242.04987161 46.64 152.278875  66.587477 37.580
 58    25.041 54242.04987226 50.17 152.275535  66.584407 37.580
 58    24.956 54242.04987290 53.44 152.272205  66.581327 37.580
 58    25.117 54242.04987355 54.59 152.268865  66.578247 37.580
 58    25.151 54242.04987419 50.83 152.265535  66.575177 37.580
 59    20.914 54277.04988568 22.46 152.280169  66.588677 22.105
 59    26.024 54277.04988632 19.38 152.276839  66.585597 22.105
 59    26.477 54277.04988697 16.96 152.273499  66.582527 22.105
 59    26.727 54277.04988761 19.04 152.270169  66.579447 22.105
 59    26.884 54277.04988825 21.83 152.266829  66.576367 22.105
 60    18.124 54312.04988667 34.01 152.279260  66.587957 36.690
 60    18.075 54312.04988732 36.08 152.275930  66.584877 36.690
 60    18.101 54312.04988796 43.61 152.272590  66.581807 36.690
 60    17.980 54312.04988860 48.06 152.269260  66.578727 36.690
 60    17.998 54312.04988925 45.10 152.265920  66.575647 36.690
 61    19.433 54347.04985870 37.49 152.272567  66.593266 29.179
 61    26.091 54347.04986128 26.18 152.259227  66.580956 29.179
 61    26.512 54347.04986193 22.08 152.255897  66.577876 29.179
 61    26.836 54347.04986257 21.46 152.252567  66.574796 29.179
 61    26.834 54347.04986322 27.86 152.249237  66.571726 29.179
 63    23.146 54417.04980714 21.73 152.280414  66.596407  4.578
 63    17.895 54417.04980778 24.19 152.277078  66.593331 12.474
 63    16.132 54417.04980842 26.93 152.273738  66.590261 12.474
 63    16.303 54417.04980907 31.51 152.270398  66.587181 12.474
 63    16.365 54417.04980971 33.27 152.267068  66.584101 12.474
 63    16.617 54417.04981036 39.51 152.263738  66.581031 12.474
 63    16.553 54417.04981100 34.10 152.260398  66.577951 12.474
 63    16.612 54417.04981165 33.50 152.257068  66.574871 12.474
 63    16.406 54417.04981229 30.98 152.253738  66.571791 12.474
 65    21.286 54487.04980528 16.13 152.281308  66.590042  3.524
 65    21.182 54487.04980592 16.08 152.277968  66.586962  3.524
 65    21.633 54487.04980657 16.84 152.274628  66.583882  3.524
 65    22.701 54487.04980721 17.31 152.271298  66.580802  3.524
 65    24.066 54487.04980786 16.00 152.267958  66.577732  3.524
 65    24.347 54487.04980850 16.45 152.264628  66.574652  3.524
 67    21.276 54557.04981445 15.24 152.279076  66.596409  3.413
 67    20.544 54557.04981509 16.33 152.275746  66.593329  3.413
 67    20.648 54557.04981574 15.75 152.272408  66.590251  4.449
 67    21.339 54557.04981703 17.02 152.265738  66.584101  4.449
 67    21.956 54557.04981767 18.60 152.262398  66.581021  4.449
 67    22.770 54557.04981832 18.74 152.259068  66.577951  4.449
 67    23.100 54557.04981896 18.31 152.255738  66.574871  4.449
 67    24.960 54557.04981961 18.10 152.252398  66.571791  4.449
 68    16.607 54592.04980221 12.13 152.280009  66.587213 24.224
 68    16.474 54592.04980285 21.55 152.276669  66.584133 24.224
 68    16.681 54592.04980350 24.24 152.273329  66.581053 24.224
 68    16.722 54592.04980414 14.13 152.269999  66.577973 24.224
 68    16.630 54592.04980479 21.44 152.266659  66.574903 24.224
 69    20.811 54627.04981718 44.88 152.279649  66.591446 31.507
 69    20.893 54627.04981783 46.70 152.276309  66.588376 31.507
 69    20.777 54627.04981847 43.73 152.272979  66.585296 31.507
 69    20.697 54627.04981912 38.05 152.269639  66.582216 31.507
 69    20.772 54627.04981976 36.19 152.266309  66.579146 31.507
 69    20.839 54627.04982041 35.18 152.262969  66.576066 31.507
 69    20.994 54627.04982105 35.36 152.259639  66.572986 31.507
 70    19.957 54662.04982502 38.01 152.280688  66.590549 33.532
 70    19.760 54662.04982566 37.39 152.277348  66.587479 33.532
 70    19.641 54662.04982630 29.59 152.274018  66.584399 33.532
 70    26.131 54662.04982695 24.83 152.270678  66.581319 33.532
 70    19.967 54662.04982759 29.12 152.267348  66.578239 33.532
 70    19.985 54662.04982824 40.45 152.264008  66.575169 33.532
 71    18.190 54697.04980014 31.29 152.277254  66.593943 40.199
 71    18.413 54697.04980078 32.01 152.273914  66.590863 40.199
 71    18.709 54697.04980143 30.80 152.270580  66.587782 26.219
 71    18.817 54697.04980207 30.71 152.267250  66.584712 26.219
 71    18.824 54697.04980272 26.12 152.263910  66.581632 26.219
 71    25.940 54697.04980336 21.86 152.260580  66.578552 26.219
 71    26.709 54697.04980401 18.75 152.257250  66.575482 26.219
 71    26.830 54697.04980465 20.07 152.253910  66.572402 26.219
 73    16.847 54767.04978002 27.88 152.280153  66.590263 20.489
 73    16.656 54767.04978066 31.43 152.276813  66.587193 20.489
 73    16.805 54767.04978131 38.26 152.273473  66.584113 20.489
 73    16.655 54767.04978195 41.00 152.270143  66.581033 20.489
 73    16.747 54767.04978259 42.84 152.266813  66.577963 20.489
 73    16.761 54767.04978324 35.86 152.263473  66.574883 20.489
 75    24.195 54837.04977257 18.68 152.278780  66.589070  3.980
 75    24.775 54837.04977321 18.78 152.275450  66.586000  3.980
 75    24.814 54837.04977386 18.96 152.272110  66.582920  3.980
 75    24.658 54837.04977450 20.19 152.268780  66.579840  3.980
 75    24.340 54837.04977515 19.36 152.265440  66.576770  3.980
 75    23.999 54837.04977579 19.17 152.262110  66.573690  3.980
 77    26.098 54907.04978265 18.16 152.256521  66.580157  4.868
 77    23.468 54907.04978330 18.11 152.253191  66.577077  4.868
 77    24.323 54907.04978394 18.41 152.249851  66.573997  4.868
 77    24.577 54907.04978459 19.33 152.246521  66.570917  4.868
 79    21.600 54977.04979440 44.88 152.281150  66.590629 30.034
 79    21.849 54977.04979505 45.80 152.277810  66.587559 30.034
 79    21.853 54977.04979569 46.44 152.274480  66.584479 30.034
 79    21.884 54977.04979634 49.57 152.271140  66.581399 30.034
 79    21.866 54977.04979698 50.22 152.267810  66.578329 30.034
 79    21.762 54977.04979763 47.85 152.264470  66.575249 30.034
 80    19.706 55012.04980240 39.24 152.281054  66.593236 28.524
 80    19.856 55012.04980304 35.44 152.277721  66.590161 32.817
 80    18.823 55012.04980369 36.51 152.274381  66.587091 32.817
 80    18.820 55012.04980433 44.30 152.271041  66.584011 32.817
 80    18.844 55012.04980498 50.61 152.267711  66.580931 32.817
 80    18.850 55012.04980562 49.95 152.264371  66.577861 32.817
 80    18.866 55012.04980627 49.96 152.261041  66.574781 32.817
 81    18.185 55047.04979495 24.73 152.281996  66.589479 27.581
 81    18.167 55047.04979560 22.68 152.278656  66.586409 27.581
 81    18.263 55047.04979624 20.77 152.275326  66.583329 27.581
 81    26.274 55047.04979689 20.02 152.271986  66.580249 27.581
 81    26.843 55047.04979753 17.80 152.268656  66.577169 27.581
 82    23.315 55082.04976637 50.68 152.272968  66.594327 36.345
 82    23.458 55082.04976959 53.54 152.256303  66.578935 39.399
 82    23.394 55082.04977024 52.97 152.252963  66.575865 39.399
 82    23.601 55082.04977088 53.12 152.249633  66.572785 39.399
 82    23.607 55082.04977153 51.40 152.246303  66.569705 39.399
 84    17.080 55152.04972434 24.02 152.280149  66.593324  8.841
 84    16.681 55152.04972498 24.93 152.276819  66.590244  8.841
 84    16.218 55152.04972563 26.34 152.273483  66.587168  9.846
 84    16.465 55152.04972627 29.83 152.270143  66.584098  9.846
 84    16.273 55152.04972692 32.88 152.266813  66.581018  9.846
 84    16.360 55152.04972756 31.00 152.263473  66.577938  9.846
 84    16.291 55152.04972821 31.56 152.260143  66.574868  9.846
 86    21.727 55222.04972282 18.58 152.280474  66.593608  5.520
 86    20.513 55222.04972347 19.40 152.277133  66.590534  5.252
 86    24.066 55222.04972411 18.42 152.273803  66.587464  5.252
 86    24.660 55222.04972476 18.25 152.270463  66.584384  5.252
 86    24.338 55222.04972540 19.04 152.267133  66.581304  5.252
 86    24.432 55222.04972605 18.12 152.263793  66.578224  5.252
 86    24.461 55222.04972669 17.67 152.260463  66.575154  5.252
 86    24.935 55222.04972733 18.04 152.257133  66.572074  5.252
 88    18.873 55292.04971140 18.64 152.271420  66.592353  6.604
 88    23.165 55292.04971398 16.83 152.258084  66.580042  5.024
 88    24.432 55292.04971463 17.12 152.254754  66.576972  5.024
 88    24.676 55292.04971527 17.29 152.251414  66.573892  5.024
 88    24.865 55292.04971591 18.04 152.248084  66.570812  5.024
 89    18.756 55327.04969402 23.64 152.278417  66.588878 20.901
 89    18.781 55327.04969467 23.22 152.275077  66.585808 20.901
 89    18.758 55327.04969531 26.42 152.271737  66.582728 20.901
 89    16.656 55327.04969596 29.13 152.268407  66.579648 20.901
 89    16.764 55327.04969660 25.29 152.265077  66.576578 20.901
 89    16.712 55327.04969725 29.11 152.261737  66.573498 20.901
 90    19.817 55362.04968951 35.53 152.279129  66.593646 33.903
 90    19.699 55362.04969016 35.04 152.275792  66.590570 28.084
 90    19.606 55362.04969080 35.11 152.272462  66.587490 28.084
 90    19.319 55362.04969144 30.67 152.269122  66.584420 28.084
 90    25.913 55362.04969209 24.30 152.265792  66.581340 28.084
 90    26.647 55362.04969273 20.49 152.262452  66.578260 28.084
 90    26.892 55362.04969338 21.63 152.259122  66.575190 28.084
 90    26.964 55362.04969402 26.75 152.255792  66.572110 28.084
 92    19.124 55432.04970529 20.11 152.281575  66.589079 23.658
 92    19.245 55432.04970594 20.02 152.278244  66.586002 29.740
 92    19.001 55432.04970658 18.95 152.274904  66.582932 29.740
 92    18.756 55432.04970723 18.71 152.271574  66.579852 29.740
 92    26.696 55432.04970787 14.76 152.268234  66.576772 29.740
 93    21.565 55467.04966736 51.04 152.255642  66.579696 36.019
 93    21.675 55467.04966800 48.85 152.252312  66.576626 36.019
 93    21.613 55467.04966865 52.22 152.248982  66.573546 36.019
 93    21.735 55467.04966929 52.83 152.245652  66.570466 36.019
