# NaN NaN NaN ;Mean Elev.(m), Avg Gradient(m/km), RMS Gradient(m/km) - SRTM1     
#   -7.292  -1.150   3.669 ;Mean Elev.(m), Avg Gradient(m/km), RMS Gradient(m/km) - ASTER GDEM
#    5.986  -0.680   3.001 ;Mean Elev.(m), Avg Gradient(m/km), RMS Gradient(m/km) - GMTED2010 
  7 158.366886  68.690741     5.913     6.108 21 52467.03942555 13.020
  8 158.360299  68.691415     6.985     6.511 23 52502.03941745 24.593
  9 158.388687  68.690702     4.693     3.252 14 52537.03940255 22.630
 10 158.368854  68.690453     0.643     0.660 20 52572.03944021 39.711
 11 158.362739  68.690228     3.719     4.317 22 52607.03939909 23.797
 12 158.376251  68.689471     5.609     5.910 18 52642.03939659 20.904
 13 158.362628  68.691310     6.587     6.611 22 52677.03938342 16.860
 14 158.376548  68.689928     6.588     6.142 17 52712.03941389 14.574
 15 158.326535  68.672427     9.374     9.509 14 52747.03944537 13.714
 16 158.385207  68.690665     2.242     1.701 16 52782.03937945 38.430
 17 158.382327  68.690039     8.000     7.536 16 52817.03945916 23.550
 18 158.378283  68.690209     3.813     2.676 17 52852.03950992 32.065
 20 158.344071  68.681432     7.648     9.363 17 52922.03950186 27.240
 21 158.387610  68.690829     3.734     4.048 14 52957.03946423 21.635
 22 158.376611  68.689986     5.991     6.030 18 52992.03948537 18.325
 23 158.364110  68.691455     6.633     6.682 22 53027.03945114 14.700
 24 158.379019  68.690220     6.678     6.275 18 53062.03946001 14.376
 25 158.326155  68.672484     9.061     9.017 13 53097.03948855 13.192
 26 158.384758  68.690575     6.397     6.235 15 53132.03945675 10.713
 28 158.370261  68.691088     8.275     7.867 20 53202.03953513 20.313
 29 158.365060  68.689808     9.374     8.812 21 53237.03950467 19.889
 30 158.393927  68.690684     8.406     7.336 12 53272.03946053 18.819
 31 158.370328  68.690812     4.431     4.475 20 53307.03952584 22.140
 33 158.332704  68.674722     9.827     9.968 15 53377.03943122 11.821
 35 158.391639  68.690948     6.836     6.717 12 53447.03945210 12.508
 36 158.368858  68.689649     8.072     8.163 20 53482.03953832 11.554
 37 158.366334  68.690383     4.160     3.945 20 53517.03954028 37.826
 38 158.359493  68.690587     8.914     8.394 22 53552.03956124 21.328
 39 158.365102  68.691213     3.344     3.007 22 53587.03951508 45.640
 40 158.380016  68.689169     3.472     3.467 16 53622.03948061 50.320
 41 158.377048  68.691258     6.287     6.820 18 53657.03950836 25.419
 42 158.360834  68.690766     0.100     0.094 22 53692.03949479 29.398
 43 158.330985  68.674454     2.674     0.401 14 53727.03942205 21.276
 44 158.390630  68.691274     4.128     3.973 13 53762.03937066 18.427
 45 158.360668  68.690634     6.694     6.952 23 53797.03938423 12.604
 47 158.374214  68.690195     2.561     2.159 18 53867.03944221 18.320
 48 158.367912  68.689939     9.062     9.340 20 53902.03947225 19.675
 49 158.360516  68.691378     8.473     8.197 23 53937.03951053 21.083
 50 158.339752  68.678750     9.570     9.931 16 53972.03947838 22.497
 52 158.380754  68.689734     6.830     6.895 16 54042.03948528 12.833
 53 158.361018  68.690136     7.538     7.493 22 54077.03947999 11.973
 54 158.318395  68.668350     9.424     9.302 13 54112.03942507 10.388
 56 158.326747  68.672119    10.085     9.703 13 54182.03941189  9.428
 57 158.374932  68.690032     7.123     6.930 18 54217.03943014  8.255
 58 158.369571  68.690007     8.615     8.630 20 54252.03945617 48.695
 59 158.366015  68.689886     3.924     3.925 21 54287.03946158 51.687
 60 158.370160  68.691464     5.430     5.635 20 54322.03945834 24.973
 61 158.332701  68.674901     9.928    10.475 15 54357.03942152 24.055
 62 158.370000  68.690034     1.251     1.271 20 54392.03939916 37.926
 63 158.364129  68.691751     8.310     8.440 22 54427.03936786 16.845
 64 158.377579  68.690365     7.343     7.069 18 54462.03937636 12.319
 65 158.361638  68.689708     8.262     8.146 22 54497.03937604 11.762
 66 158.374481  68.689907     7.720     7.892 18 54532.03938971 10.851
 67 158.333072  68.675120     9.748     9.721 15 54567.03938447 12.121
 68 158.371437  68.690516     0.730     0.707 19 54602.03938492 28.370
 69 158.367111  68.691428     8.468     8.107 21 54637.03939649 21.178
 70 158.364456  68.690938     3.656     2.896 21 54672.03940009 33.055
 71 158.360510  68.690924     4.523     2.969 23 54707.03936000 28.848
 72 158.373696  68.690555     6.311     6.359 19 54742.03936469 23.012
 73 158.363642  68.690562     0.711     0.717 21 54777.03934135 28.693
 74 158.380779  68.691099     6.073     5.830 17 54812.03935787 18.859
 75 158.360836  68.691100     6.249     6.447 22 54847.03934156 14.462
 76 158.370915  68.689324     6.432     6.341 19 54882.03936181 12.731
 77 158.327763  68.672708     8.646     8.787 14 54917.03934881 11.913
 78 158.370266  68.689718     7.128     6.976 20 54952.03935527 12.405
 79 158.368229  68.689972     8.782     8.065 20 54987.03937980 18.737
 80 158.367501  68.691428     5.086     5.402 21 55022.03937220 21.872
 81 158.363718  68.689565     2.361     1.658 21 55057.03936889 28.863
 82 158.337006  68.677559     4.642     4.634 16 55092.03932845 49.553
 83 158.370321  68.689732     0.569     0.537 19 55127.03930850 40.581
 84 158.362127  68.691032     3.850     4.560 22 55162.03928683 21.323
 85 158.375786  68.689423     6.475     6.305 18 55197.03929919 16.563
 86 158.339068  68.678173     7.775     8.086 16 55232.03929345 14.766
 87 158.370401  68.689828     6.762     6.791 19 55267.03929423 14.614
 88 158.340206  68.679249     8.557     8.758 16 55302.03927374 12.696
 89 158.365823  68.690616     3.692     3.667 22 55337.03926869 36.017
 90 158.365721  68.689914     8.069     7.939 21 55372.03925876 21.609
 91 158.376209  68.691078     1.934     1.644 18 55407.03927813 29.779
 92 158.364432  68.690527     4.288     4.301 22 55442.03927777 49.882
 93 158.335084  68.676927     9.059     9.393 15 55477.03922245 27.712
