-121164.351   395.939     0.00   25.33
-120792.044   403.921    21.44   26.92
-120419.656   406.722     7.52   29.46
-120047.189   411.808    13.66   31.19
-119674.642   420.578    23.54   32.86
-119302.016   427.699    19.11   28.53
-118929.309   426.907    -2.12   25.14
-118556.523   411.442   -41.48   27.05
-118183.657   393.646   -47.72   25.44
-117810.711   374.046   -52.55   20.79
-117437.684   357.712   -43.78   23.17
-117064.578   338.903   -50.41   24.49
-116691.392   321.650   -46.23   22.12
-116318.125   309.011   -33.86   15.92
-115944.778   302.939   -16.26   11.22
-115571.351   299.538    -9.11   10.64
-115197.844   292.792   -18.06   14.99
-114824.256   283.980   -23.59   17.75
-114450.588   280.664    -8.87   17.52
-114076.839   288.376    20.63   28.96
-113703.009   303.948    41.65   38.28
-113329.100   317.417    36.02   38.42
-112955.109   318.475     2.83   36.52
-112581.038   312.276   -16.57   30.13
-112206.886   309.773    -6.69   22.00
-111832.653   316.485    17.93   21.12
-111458.340   322.375    15.73   17.47
-111083.945   320.980    -3.73   15.92
-110709.470   314.871   -16.31   17.00
-110334.913   306.776   -21.61   17.03
-109960.276   304.133    -7.05   19.90
-109585.557   303.083    -2.80   24.73
-109210.758   302.240    -2.25   27.16
-108835.877   302.256     0.04   22.68
-108460.914   304.105     4.93   15.50
-108085.871   308.209    10.94   10.78
-107710.746   313.569    14.29    6.05
-107335.540   312.691    -2.34    6.47
-106960.252   305.222   -19.90   15.76
-106584.883   289.227   -42.61   23.05
-106209.432   277.102   -32.29   18.84
-105833.899   273.180   -10.45   14.60
-105458.285   281.990    23.45   19.78
-105082.589   297.428    41.09   17.39
-104706.812   304.636    19.18   11.94
-104330.952   300.864   -10.04   17.12
-103955.011   289.041   -31.45   19.67
-103578.987   274.087   -39.77   14.57
-103202.882   264.776   -24.75   10.25
-102826.695   263.320    -3.87   12.13
-102450.425   269.394    16.14   16.91
-102074.073   282.751    35.49   26.68
-101697.640   303.135    54.15   32.86
-101321.123   323.847    55.01   33.81
-100944.525   331.449    20.18   29.64
-100567.844   329.697    -4.65   26.01
-100191.081   316.273   -35.63   26.51
 -99814.235   298.164   -48.05   24.62
 -99437.307   279.276   -50.11   25.96
 -99060.296   259.424   -52.65   20.84
 -98683.203   242.143   -45.82   16.71
 -98306.027   229.618   -33.21   12.00
 -97928.768   219.261   -27.45   11.48
 -97551.426   212.501   -17.91    9.84
 -97174.001   209.839    -7.05    9.40
 -96796.494   210.650     2.15   11.42
 -96418.904   214.133     9.22   11.16
 -96041.230   212.495    -4.34   10.06
 -95663.474   205.480   -18.57   13.43
 -95285.634   196.432   -23.94   14.35
 -94907.711   188.041   -22.20   12.03
 -94529.705   183.264   -12.64    9.96
 -94151.616   181.388    -4.96   10.98
 -93773.444   180.847    -1.43   11.12
 -93395.188   178.238    -6.90   10.59
 -93016.848   176.834    -3.71   11.55
 -92638.425   173.296    -9.35   14.51
 -92259.919   168.382   -12.98   15.51
 -91881.329   161.688   -17.68   14.13
 -91502.655   156.725   -13.11   10.00
 -91123.897   152.753   -10.49    4.70
 -90745.056   151.615    -3.00    3.54
 -90366.131   151.081    -1.41    2.48
 -89987.122   150.464    -1.63    2.62
 -89608.029   151.306     2.22    5.19
 -89228.852   156.279    13.11   12.59
 -88849.591   168.619    32.54   24.99
 -88470.246   185.403    44.24   35.06
 -88090.817   210.454    66.02   42.72
 -87711.304   237.248    70.60   43.16
 -87331.706   266.338    76.63   37.07
 -86952.024   277.511    29.43   40.54
 -86572.258   282.980    14.40   46.83
 -86192.407   280.011    -7.82   46.50
 -85812.472   274.917   -13.41   41.09
 -85432.452   268.888   -15.86   33.58
 -85052.347   255.230   -35.93   31.44
 -84672.158   234.072   -55.65   32.95
 -84291.884   210.082   -63.08   27.42
 -83911.526   197.521   -33.02   15.73
 -83531.083   203.355    15.33   21.86
 -83150.554   225.776    58.92   34.00
 -82769.941   258.074    84.85   36.53
 -82389.243   280.011    57.62   26.39
 -82008.460   287.368    19.32   17.67
 -81627.591   275.330   -31.60   24.27
 -81246.638   250.011   -66.46   26.27
 -80865.599   229.358   -54.20   22.29
 -80484.475   213.798   -40.82   14.76
 -80103.266   205.815   -20.94    8.35
 -79732.333   203.774    -5.50    6.43
 -79367.225   209.111    14.62   11.65
 -79002.039   217.485    22.93   17.49
 -78636.776   229.320    32.40   19.74
 -78271.436   244.203    40.73   18.04
 -77906.019   258.256    38.45   18.01
 -77540.525   274.422    44.23   23.09
 -77174.953   297.204    62.32   32.54
 -76809.304   322.728    69.80   42.99
 -76443.578   358.045    96.56   50.25
 -76077.774   399.204   112.51   64.78
 -75711.893   431.799    89.08   55.53
 -75345.934   440.480    23.72   42.05
 -74979.898   430.084   -28.40   42.46
 -74613.784   394.082   -98.33   49.02
 -74247.593   358.225   -97.91   45.60
 -73881.324   326.063   -87.80   37.54
 -73514.977   303.225   -62.34   25.40
 -73148.552   287.099   -44.01   18.88
 -72782.049   274.547   -34.25   22.93
 -72415.468   262.753   -32.17   24.29
 -72048.810   248.657   -38.44   22.78
 -71682.073   236.310   -33.67   22.31
 -71315.259   220.584   -42.87   18.82
 -70948.366   207.919   -34.52   18.43
 -70581.395   192.958   -40.77   16.33
 -70214.346   178.580   -39.17   17.59
 -69847.219   165.001   -36.99   16.29
 -69480.013   151.480   -36.82   13.80
 -69112.729   143.169   -22.63    9.09
 -68745.367   142.480    -1.88    9.23
 -68377.926   150.850    22.78   18.39
 -68010.406   167.937    46.49   23.53
 -67642.809   186.650    50.90   26.01
 -67275.132   206.338    53.54   26.76
 -66907.377   223.164    45.75   27.26
 -66539.543   236.295    35.70   25.29
 -66171.630   246.398    27.46   20.70
 -65803.639   252.313    16.07   14.10
 -65435.569   247.527   -13.00   13.73
 -65067.419   235.738   -32.02   23.01
 -64699.191   216.990   -50.91   25.88
 -64330.884   196.260   -56.28   22.93
 -63962.498   178.575   -48.00   14.82
 -63594.033   164.150   -39.15   14.25
 -63225.488   152.225   -32.36   13.99
 -62856.865   146.939   -14.34   11.83
 -62488.162   149.364     6.58   16.05
 -62119.379   161.444    32.75   23.38
 -61750.518   176.337    40.37   22.05
 -61381.577   186.582    27.77   14.03
 -61012.556   184.623    -5.31   15.23
 -60643.456   174.130   -28.43   19.34
 -60274.277   164.582   -25.86   14.90
 -59905.018   162.794    -4.84   12.98
 -59535.679   169.586    18.39   15.60
 -59166.261   178.511    24.16   12.93
 -58796.762   184.327    15.74    9.17
 -58427.184   186.010     4.55   10.95
 -58057.526   187.895     5.10   12.36
 -57687.788   192.980    13.75   13.67
 -57317.970   200.295    19.78   12.85
 -56948.073   207.470    19.40   12.99
 -56578.095   213.227    15.56   12.37
 -56208.037   220.398    19.38   14.25
 -55837.898   226.899    17.56   13.86
 -55467.680   234.083    19.40   10.07
 -55097.381   239.273    14.02    7.29
 -54727.002   241.114     4.97    7.06
 -54356.543   237.520    -9.70   10.35
 -53986.003   231.786   -15.47   12.20
 -53615.382   222.580   -24.84   12.41
 -53244.681   212.936   -26.02    9.10
 -52873.900   205.859   -19.09    8.84
 -52503.038   199.459   -17.26    9.26
 -52132.095   191.790   -20.67   10.65
 -51761.071   183.536   -22.25   11.72
 -51389.967   173.115   -28.08   13.81
 -51018.782   163.051   -27.11   14.40
 -50647.516   153.897   -24.66   11.67
 -50276.168   149.738   -11.20    8.20
 -49904.740   150.788     2.83   10.57
 -49533.231   155.840    13.60   13.67
 -49161.641   161.925    16.37   14.00
 -48789.969   165.899    10.69   11.16
 -48418.217   166.876     2.63    9.33
 -48046.383   165.550    -3.56    9.11
 -47674.468   163.340    -5.94    8.68
 -47302.471   159.271   -10.94    8.55
 -46930.393   154.728   -12.21    9.58
 -46558.233   146.858   -21.15   10.58
 -46185.992   139.677   -19.29   10.98
 -45813.670   132.182   -20.13    9.54
 -45441.265   125.633   -17.58    7.90
 -45068.779   120.262   -14.42    5.76
 -44696.212   116.850    -9.16    5.03
 -44323.562   114.219    -7.06    2.80
 -43950.831   112.970    -3.35    1.63
 -43578.018   112.495    -1.27    1.14
 -43205.122   114.223     4.63    3.67
 -42832.145   117.123     7.78    5.59
 -42459.086   121.788    12.51    8.17
 -42085.944   124.859     8.23    9.33
 -41712.721   127.521     7.13    9.79
 -41339.415   128.450     2.49    9.50
 -40966.027   129.873     3.81    7.95
 -40592.556   131.425     4.15    6.85
 -40219.003   133.719     6.14    4.86
 -39845.368   135.390     4.47    4.67
 -39471.650   136.892     4.02    6.44
 -39097.850   137.334     1.18    8.60
 -38723.967   136.506    -2.21   10.15
 -38350.001   131.901   -12.31   11.64
 -37975.953   124.690   -19.28   12.86
 -37601.822   113.859   -28.95   14.24
 -37227.608   103.000   -29.02   14.86
 -36853.311    90.253   -34.06   12.65
 -36478.932    85.850   -11.76   10.49
 -36104.469    91.230    14.37   17.85
 -35729.923   102.909    31.18   23.47
 -35355.295   120.459    46.85   23.17
 -34980.583   136.829    43.68   19.39
 -34605.787   149.331    33.36   13.14
 -34230.909   156.740    19.76    8.47
 -33855.947   159.773     8.09    4.59
 -33480.902   156.390    -9.02    6.76
 -33105.774   150.751   -15.03    8.48
 -32730.562   145.630   -13.65    7.68
 -32355.266   143.490    -5.70    5.54
 -31979.887   144.358     2.31    4.83
 -31604.424   144.761     1.07    5.10
 -31228.878   140.210   -12.12   10.31
 -30853.248   131.860   -22.23   14.37
 -30477.534   119.748   -32.24   14.19
 -30101.736   111.566   -21.77   12.49
 -29725.854   105.515   -16.10   11.64
 -29349.888    99.690   -15.49   12.90
 -28973.839    89.732   -26.48   15.34
 -28597.705    82.980   -17.95   14.62
 -28221.487    77.969   -13.32   13.38
 -27845.185    79.733     4.69   14.65
 -27468.798    87.788    21.40   14.76
 -27092.327    97.530    25.88   15.82
 -26715.772   109.164    30.90   15.10
 -26339.133   119.402    27.18   11.63
 -25962.409   123.584    11.10    9.44
 -25585.600   120.520    -8.13   13.32
 -25208.707   113.348   -19.03   15.35
 -24831.729   105.564   -20.65   12.67
 -24454.667   100.702   -12.90    8.39
 -24077.520    95.101   -14.85    9.55
 -23700.288    87.827   -19.28   12.32
 -23322.971    76.530   -29.94   16.22
 -22945.569    62.817   -36.34   19.97
 -22568.082    48.647   -37.54   17.80
 -22190.510    40.940   -20.41   13.55
 -21812.853    40.350    -1.56   13.80
 -21435.111    44.130    10.01   17.99
 -21057.284    50.176    16.00   19.56
 -20679.371    52.280     5.57   20.08
 -20301.373    47.782   -11.90   20.91
 -19923.290    39.820   -21.06   18.94
 -19545.122    32.500   -19.36   13.72
 -19166.867    28.313   -11.07    6.64
 -18788.528    33.031    12.47   10.52
 -18410.102    43.130    26.69   16.71
 -18031.591    58.671    41.06   21.48
 -17652.995    76.850    48.02   23.69
 -17274.312    96.511    51.92   19.62
 -16895.544   110.515    36.97   16.22
 -16516.690   123.041    33.06   14.58
 -16137.749   135.677    33.34   17.91
 -15758.723   149.958    37.68   23.10
 -15379.611   165.673    41.45   25.67
 -15000.412   177.688    31.68   25.65
 -14621.128   180.090     6.33   24.86
 -14241.757   177.077    -7.94   26.90
 -13862.300   173.353    -9.81   30.04
 -13482.757   175.730     6.26   31.53
 -13103.127   185.574    25.93   30.07
 -12723.410   197.549    31.54   27.52
 -12343.608   209.852    32.39   24.02
 -11963.718   217.331    19.69   22.67
 -11583.742   212.871   -11.74   26.79
 -11203.679   206.182   -17.60   28.57
 -10823.530   200.422   -15.15   27.37
 -10443.293   196.390   -10.60   23.92
 -10062.970   200.307    10.30   22.64
  -9682.560   206.417    16.06   21.20
  -9302.062   211.176    12.51   18.04
  -8921.478   212.782     4.22   16.73
  -8540.807   207.330   -14.32   18.79
  -8160.048   200.495   -17.95   19.05
  -7779.203   192.030   -22.23   19.00
  -7398.269   183.855   -21.46   17.40
  -7017.249   171.366   -32.78   19.80
  -6636.141   155.435   -41.80   22.54
  -6254.946   135.120   -53.29   25.95
  -5873.663   116.633   -48.49   21.24
  -5492.293   100.400   -42.56   15.22
  -5115.391    90.521   -26.21   11.70
  -4750.521    81.624   -24.38   12.56
  -4385.573    75.839   -15.85   12.18
  -4020.546    69.818   -16.49   12.94
  -3655.440    63.990   -15.96   13.58
  -3290.255    58.691   -14.51   12.37
  -2924.991    53.080   -15.36   11.38
  -2559.648    50.113    -8.12   11.22
  -2194.226    48.220    -5.18   12.21
  -1828.725    47.258    -2.63   12.71
  -1463.144    40.815   -17.62   14.27
  -1097.484    29.490   -30.97   19.41
   -731.745    15.324   -38.73   16.40
   -365.927     5.931   -25.68   10.71
     -0.029     0.697   -14.30    2.52
    365.948     2.840     5.86    4.93
    732.005     5.608     7.56    5.78
   1098.141     8.355     7.50    4.73
   1464.357     9.366     2.76    3.07
   1830.653     9.459     0.25    2.90
   2197.028    11.225     4.82    4.64
   2563.483    12.772     4.22    5.54
   2930.018    13.010     0.65    5.26
   3296.633    11.287    -4.70    4.42
   3663.328     9.201    -5.69    2.05
   4030.102     8.941    -0.71    1.12
   4396.957     9.074     0.36    1.26
   4763.892     9.392     0.87    1.24
   5130.907     9.677     0.78    1.19
   5498.002     9.770     0.25    1.15
   5865.177     9.725    -0.12    1.19
   6232.433     9.907     0.49    1.26
   6599.769     9.901    -0.02    1.18
   6967.185    10.042     0.38    1.16
   7334.682    10.412     1.01    0.78
   7702.259    10.470     0.16    0.72
   8069.917    10.530     0.16    0.72
   8437.656    10.396    -0.36    0.85
   8805.475    10.196    -0.54    0.96
   9173.375    10.109    -0.24    1.00
   9541.355     9.936    -0.47    1.01
   9909.417    10.863     2.52    2.29
  10277.559    12.760     5.15    3.59
  10645.782    14.840     5.65    3.77
  11014.086    16.530     4.59    3.33
  11382.472    16.485    -0.12    2.92
  11750.938    15.505    -2.66    3.36
  12119.485    14.674    -2.26    3.70
  12488.114    13.913    -2.07    3.35
  12856.824    12.896    -2.76    3.35
  13225.615    11.970    -2.51    2.84
  13594.487    10.950    -2.77    2.25
  13963.441    10.150    -2.17    1.35
  14332.476    10.833     1.85    1.71
  14701.593    11.771     2.54    1.92
  15070.792    12.569     2.16    1.94
  15440.072    13.398     2.25    1.89
  15809.433    14.549     3.12    2.09
  16178.877    15.839     3.49    3.31
  16548.402    16.040     0.55    3.91
  16918.009    16.300     0.70    4.30
  17287.698    17.627     3.59    4.78
  17657.468    19.314     4.56    5.33
  18027.321    21.107     4.85    6.12
  18397.256    21.243     0.37    6.07
  18767.273    21.565     0.87    6.47
  19137.372    23.608     5.52    7.19
  19507.553    24.919     3.54    7.38
  19877.817    26.080     3.13    6.61
  20248.162    25.530    -1.49    6.45
  20618.591    23.101    -6.56    6.04
  20989.101    20.441    -7.18    3.43
  21359.694    19.296    -3.09    1.54
  21730.370    19.206    -0.24    1.44
  22101.128    19.431     0.61    2.76
  22471.969    19.451     0.05    3.80
  22842.892    21.170     4.64    7.49
  23213.899    24.794     9.77   10.26
  23584.988    32.390    20.47   12.93
  23956.160    44.190    31.79   15.18
  24327.414    57.010    34.53   17.51
  24698.752    72.021    40.42   19.20
  25070.173    83.347    30.49   15.08
  25441.677    88.626    14.21   12.41
  25813.264    87.098    -4.11   12.26
  26184.934    83.647    -9.29   11.31
  26556.688    76.882   -18.20   11.67
  26928.524    68.800   -21.74   11.20
  27300.444    61.594   -19.38   10.05
  27672.448    56.980   -12.40   10.08
  28044.535    55.778    -3.23    9.90
  28416.705    59.422     9.79   10.46
  28788.960    60.949     4.10   10.17
  29161.297    58.663    -6.14   11.05
  29533.719    55.590    -8.25    9.41
  29906.224    52.000    -9.64    5.36
  30278.813    49.899    -5.64    7.00
  30651.486    48.922    -2.62    8.69
  31024.242    48.693    -0.61   10.82
  31397.083    47.733    -2.58   11.15
  31770.008    47.852     0.32   11.73
  32143.016    48.950     2.94   10.52
  32516.109    47.874    -2.88   10.39
  32889.286    48.745     2.34   10.65
  33262.548    53.188    11.90   10.17
  33635.893    54.611     3.81    9.90
  34009.323    54.363    -0.67   10.40
  34382.838    52.061    -6.16   10.54
  34756.437    52.505     1.19   11.39
  35130.120    58.337    15.61   16.84
  35503.888    66.822    22.70   20.54
  35877.741    76.802    26.70   22.73
  36251.678    81.680    13.05   20.93
  36625.700    73.265   -22.50   26.97
  36999.807    59.910   -35.70   24.46
  37373.999    49.000   -29.16   17.95
  37748.275    39.178   -26.24    7.11
  38122.637    38.394    -2.09    4.96
  38497.084    40.001     4.29    4.99
  38871.616    44.231    11.29    8.19
  39246.233    47.465     8.64    8.03
  39620.935    50.255     7.44    6.94
  39995.722    52.188     5.16    5.71
  40370.595    53.539     3.60    4.33
  40745.553    54.218     1.81    3.71
  41120.597    55.376     3.09    4.35
  41495.726    56.235     2.29    3.80
  41870.941    55.610    -1.67    4.71
  42246.241    52.952    -7.08    6.53
  42621.627    49.721    -8.61    6.01
  42997.099    46.804    -7.77    5.96
  43372.656    43.307    -9.31    6.67
  43748.300    39.188   -10.96    5.60
  44124.029    36.634    -6.80    4.78
  44499.844    33.913    -7.24    3.41
  44875.745    32.700    -3.23    3.71
  45251.733    33.802     2.93    5.75
  45627.806    36.310     6.67    7.47
  46003.966    38.125     4.82    7.57
  46380.212    38.314     0.50    7.37
  46756.544    35.505    -7.46    8.10
  47132.962    36.529     2.72   10.77
  47509.468    40.717    11.12   11.85
  47886.059    44.413     9.81   10.04
  48262.737    48.307    10.34    6.18
  48639.502    48.794     1.29    5.76
  49016.353    50.615     4.83    7.19
  49393.291    52.924     6.12    6.49
  49770.316    54.214     3.42    5.59
  50147.428    52.769    -3.83    7.11
  50524.626    48.770   -10.60    8.69
  50901.912    43.500   -13.97    9.21
  51279.284    38.020   -14.52    6.49
  51656.744    35.373    -7.01    2.30
  52034.291    37.240     4.95    5.33
  52411.925    42.136    12.96    8.28
  52789.646    45.366     8.55    8.39
  53167.455    50.419    13.37    8.40
  53545.351    53.922     9.27    7.18
  53923.334    54.317     1.05    6.28
  54301.405    53.980    -0.89    8.05
  54679.564    51.031    -7.80    9.97
  55057.810    45.827   -13.76   11.69
  55436.143    38.673   -18.91    9.27
  55814.565    35.000    -9.71    5.43
  56193.074    34.704    -0.78    4.89
  56571.671    36.349     4.34    4.24
  56950.356    36.905     1.47    4.78
  57329.129    34.699    -5.82    6.86
  57707.990    32.490    -5.83    8.24
  58086.940    30.465    -5.34    8.11
  58465.977    31.827     3.59    9.24
  58845.103    33.238     3.72    8.86
  59224.316    35.021     4.70    7.28
  59603.619    35.165     0.38    5.44
  59983.009    33.536    -4.29    5.41
  60362.488    35.893     6.21    7.60
  60742.056    40.139    11.19    9.12
  61121.712    43.586     9.08    7.08
  61501.457    43.802     0.57    7.26
  61881.290    40.206    -9.47    7.75
  62261.213    37.971    -5.88    6.45
  62641.224    39.631     4.37   11.19
  63021.324    42.382     7.24   12.58
  63401.513    42.752     0.97   12.53
  63781.791    39.416    -8.77   10.48
  64162.158    33.835   -14.67    6.05
  64542.614    28.775   -13.30    5.72
  64923.159    25.225    -9.33    5.36
  65303.794    24.058    -3.07    6.65
  65684.518    24.902     2.22    8.12
  66065.331    26.298     3.67    8.48
  66446.234    28.563     5.95    7.19
  66827.226    31.262     7.08    5.79
  67208.308    30.860    -1.05    6.10
  67589.480    28.157    -7.09    7.07
  67970.741    25.366    -7.32    7.09
  68352.092    22.638    -7.16    4.85
  68733.533    24.366     4.53    7.24
  69115.063    27.346     7.81    8.40
  69496.684    30.980     9.52    7.60
  69863.020    33.209     6.08    5.66
  70227.726    30.722    -6.82    4.84
  70592.514    28.846    -5.14    5.04
  70957.381    30.382     4.21    5.85
  71322.330    31.099     1.96    5.77
  71687.359    30.759    -0.93    6.59
  72052.470    28.664    -5.74    7.20
  72417.661    26.567    -5.74    7.15
  72782.933    26.000    -1.55    7.24
  73148.286    28.990     8.18    7.83
  73513.720    33.894    13.42    6.19
  73879.235    37.620    10.19    4.10
  74244.832    38.352     2.00    3.73
  74610.509    38.287    -0.18    4.06
  74976.268    37.846    -1.21    5.10
  75342.108    37.281    -1.54    5.33
  75708.030    36.590    -1.89    5.04
  76074.033    34.442    -5.87    5.16
  76440.117    32.143    -6.28    4.67
  76806.283    29.971    -5.93    4.17
  77172.531    27.373    -7.10    3.46
  77538.860    25.827    -4.22    4.68
  77905.271    23.990    -5.01    5.98
  78271.763    22.455    -4.19    5.56
  78638.338    23.264     2.21    6.13
  79004.994    25.227     5.36    6.20
  79371.732    25.819     1.61    5.09
  79738.553    24.608    -3.30    6.04
  80105.455    20.582   -10.97    6.78
  80472.439    17.452    -8.53    5.07
  80839.506    15.684    -4.82    3.75
  81206.654    16.179     1.35    3.62
  81573.885    17.770     4.33    4.06
  81941.198    20.699     7.97    4.97
  82308.594    22.088     3.78    4.40
  82676.072    21.330    -2.06    5.20
  83043.632    20.333    -2.71    5.33
  83411.275    17.939    -6.51    4.39
  83779.001    16.781    -3.15    5.08
  84146.809    15.921    -2.34    4.83
  84514.699    16.510     1.60    5.39
  84882.673    17.314     2.18    5.95
  85250.729    17.753     1.19    6.11
  85618.868    19.228     4.01    7.03
  85987.090    19.133    -0.26    7.27
  86355.396    18.471    -1.80    6.33
  86723.784    18.314    -0.43    5.91
  87092.255    17.481    -2.26    5.05
  87460.809    15.745    -4.71    3.66
  87829.446    15.760     0.04    4.16
  88198.167    17.346     4.30    4.86
  88566.971    17.653     0.83    4.95
  88935.858    16.743    -2.47    5.68
  89304.829    16.696    -0.13    5.79
  89673.883    16.581    -0.31    5.53
  90043.021    16.615     0.09    5.43
  90412.242    15.650    -2.61    5.54
  90781.547    15.106    -1.48    5.82
  91150.935    15.547     1.19    6.98
  91520.408    16.679     3.06    7.24
  91889.964    16.921     0.65    7.02
  92259.604    16.981     0.16    6.16
  92629.328    15.894    -2.94    5.63
  92999.136    15.408    -1.32    4.65
  93369.027    15.839     1.17    4.92
  93739.003    15.162    -1.83    5.37
  94109.063    15.714     1.49    6.06
  94479.208    14.123    -4.30    6.44
  94849.436    14.281     0.43    6.68
  95219.749    14.304     0.06    6.44
  95590.146    13.637    -1.80    5.32
  95960.628    13.533    -0.28    5.16
  96331.194    14.416     2.38    4.91
  96701.845    15.333     2.47    4.64
  97072.580    15.643     0.84    4.51
  97443.400    14.324    -3.56    4.15
  97814.304    13.136    -3.20    3.82
  98185.294    13.067    -0.19    4.21
  98556.368    14.680     4.35    4.41
  98927.527    15.592     2.46    4.42
  99298.771    15.362    -0.62    4.11
  99670.100    15.550     0.51    4.70
 100041.514    16.606     2.84    5.38
 100413.013    18.817     5.95    5.98
 100784.598    19.434     1.66    6.80
 101156.267    19.794     0.97    7.33
 101528.022    19.413    -1.02    7.85
 101899.862    19.068    -0.93    8.03
 102271.788    17.400    -4.48    6.81
 102643.799    16.413    -2.65    6.26
 103015.896    15.330    -2.91    5.27
 103388.078    14.654    -1.82    3.25
 103760.346    14.480    -0.47    2.51
 104132.699    14.235    -0.66    1.94
 104505.138    14.173    -0.17    2.21
 104877.663    15.434     3.38    4.11
 105250.274    16.625     3.20    4.67
 105622.971    17.106     1.29    5.01
 105995.754    17.067    -0.10    4.34
 106368.623    17.837     2.07    4.02
 106741.578    18.415     1.55    3.42
 107114.619    18.133    -0.76    3.32
 107487.746    18.200     0.18    3.67
 107860.960    18.167    -0.09    3.74
 108234.260    17.566    -1.61    4.29
 108607.647    16.621    -2.53    5.41
 108981.119    14.509    -5.65    5.98
 109354.679    12.819    -4.53    5.89
 109728.325    11.243    -4.22    5.89
 110102.057     9.375    -5.00    4.37
 110475.877     8.150    -3.28    4.37
 110849.783     6.916    -3.30    5.15
 111223.776     5.723    -3.19    5.19
 111597.855     4.423    -3.48    3.49
 111972.022     3.519    -2.42    2.34
 112346.276     3.190    -0.88    2.64
 112720.616     3.009    -0.48    2.79
 113095.044     2.514    -1.32    2.94
 113469.559     3.235     1.93    3.83
 113844.162     4.314     2.88    4.26
 114218.851     6.162     4.93    4.54
 114593.628     9.541     9.02    5.85
 114968.493    11.415     5.00    6.18
 115343.444    15.293    10.34    6.23
 115718.484    18.094     7.47    6.08
 116093.611    19.126     2.75    6.35
 116468.825    19.961     2.23    5.77
 116844.128    19.962     0.00    4.85
 117219.518    18.707    -3.34    4.13
 117594.996    17.047    -4.42    4.60
 117970.562    15.777    -3.38    4.97
 118346.215    14.536    -3.30    5.23
 118721.957    11.859    -7.13    3.89
 119097.787    12.211     0.94    4.03
 119473.705    12.868     1.75    3.97
 119849.712    11.160    -4.54    4.39
 120225.806    10.178    -2.61    4.54
 120601.989     9.981    -0.53    4.78
 120978.260    11.614     4.34    5.52
 121354.620    12.767     3.06    5.17
 121731.068    13.731     2.56    4.91
 122107.605    14.200     1.25    4.72
 122484.231    14.171    -0.08    5.35
 122860.945    15.586     3.76    5.63
 123237.748    15.472    -0.30    6.21
 123614.639    13.909    -4.15    5.79
 123991.620    12.314    -4.23    5.66
 124368.690    11.245    -2.83    5.67
 124745.848    10.800    -1.18    5.84
 125123.096    10.690    -0.29    5.95
 125500.433     9.449    -3.29    5.86
 125877.859     7.950    -3.97    4.61
