# NaN NaN NaN ;Mean Elev.(m), Avg Gradient(m/km), RMS Gradient(m/km) - SRTM1     
#   -6.836  -0.327   6.326 ;Mean Elev.(m), Avg Gradient(m/km), RMS Gradient(m/km) - ASTER GDEM
#   32.023   0.354   5.191 ;Mean Elev.(m), Avg Gradient(m/km), RMS Gradient(m/km) - GMTED2010 
  8    19.533 52492.04979325 26.15 152.415897  66.708676 22.008
  8    24.978 52492.04979390 20.50 152.412537  66.705606 22.008
 12    14.919 52632.04977988 26.68 152.418500  66.707356  7.420
 12    21.780 52632.04978053 27.88 152.415130  66.704276  7.420
 13    21.994 52667.04979912 20.87 152.412416  66.712941  5.941
 13    21.316 52667.04979976 21.77 152.409046  66.709861  5.941
 13    21.169 52667.04980041 22.57 152.405676  66.706791  5.941
 15    14.790 52737.04981167 23.20 152.410853  66.712689  4.781
 15    14.913 52737.04981231 22.33 152.407493  66.709619  4.781
 16    15.520 52772.04977994 17.84 152.408380  66.717829 18.076
 16    15.344 52772.04978058 19.97 152.405010  66.714759 18.076
 16    15.310 52772.04978123 17.75 152.401640  66.711689 18.076
 17    24.738 52807.04983614 18.33 152.417208  66.705162 24.467
 17    25.004 52807.04983679 22.77 152.413838  66.702082 24.467
 18    16.750 52842.04989425 37.80 152.421062  66.709090 31.393
 18    17.245 52842.04989490 28.87 152.417692  66.706010 31.393
 18    16.584 52842.04989554 25.48 152.414322  66.702940 31.393
 19    15.678 52877.04993295 51.90 152.415050  66.709671 29.545
 19    15.713 52877.04993359 52.69 152.411680  66.706591 29.545
 20    23.756 52912.04989103 15.77 152.411325  66.712639 15.612
 20    23.275 52912.04989167 18.86 152.407965  66.709569 15.612
 23    21.529 53017.04988034 23.50 152.409117  66.716457  7.212
 23    20.932 53017.04988099 24.21 152.405757  66.713377  7.212
 23    14.899 53017.04988163 24.60 152.402387  66.710307  7.212
 25    26.450 53087.04989526 15.13 152.406564  66.721653  4.093
 25    21.429 53087.04989591 15.87 152.403194  66.718573  4.093
 25    21.502 53087.04989655 15.94 152.399824  66.715503  4.093
 25    20.963 53087.04989719 16.39 152.396454  66.712433  4.093
 26    23.920 53122.04986734 17.33 152.417368  66.708233  4.889
 26    22.313 53122.04986798 17.86 152.414001  66.705159  5.399
 27    23.664 53157.04992271 48.79 152.411672  66.711244 28.096
 27    23.670 53157.04992335 52.86 152.408302  66.708174 28.096
 28    24.386 53192.04991547 17.17 152.415196  66.709565 17.750
 28    24.832 53192.04991611 18.90 152.411836  66.706495 17.750
 29    21.777 53227.04991649 17.58 152.413933  66.712860 29.612
 29    23.506 53227.04991713 16.93 152.410563  66.709790 29.612
 29    24.342 53227.04991778 20.56 152.407203  66.706720 29.612
 30    18.653 53262.04988829 33.89 152.408453  66.722840 31.615
 30    18.717 53262.04988893 44.95 152.405093  66.719760 31.615
 30    18.589 53262.04988958 45.91 152.401723  66.716690 31.615
 30    18.709 53262.04989022 44.59 152.398353  66.713610 31.615
 31    16.815 53297.04992560 37.34 152.412512  66.712684 27.961
 31    16.816 53297.04992624 39.03 152.409139  66.709612 23.195
 31    16.579 53297.04992688 32.95 152.405779  66.706532 23.195
 32    16.034 53332.04989796 27.14 152.412423  66.710850  7.286
 32    16.158 53332.04989861 28.32 152.409061  66.707775  6.509
 35    21.662 53437.04985957 20.72 152.410367  66.716811  7.320
 35    19.356 53437.04986021 22.30 152.406997  66.713741  7.320
 35    15.211 53437.04986086 22.34 152.403637  66.710671  7.320
 36    22.922 53472.04991302 17.29 152.415151  66.709461  4.761
 36    22.334 53472.04991366 17.66 152.411791  66.706391  4.761
 37    23.913 53507.04994336 26.13 152.409897  66.711304 15.230
 37    24.452 53507.04994400 26.73 152.406527  66.708234 15.230
 38    24.379 53542.04994982 18.32 152.409245  66.712147 19.237
 38    24.377 53542.04995046 21.92 152.405878  66.709070 21.718
 39    18.336 53577.04993657 48.81 152.409316  66.717583 35.372
 39    18.235 53577.04993721 49.25 152.405946  66.714503 35.372
 39    18.170 53577.04993786 51.75 152.402586  66.711433 35.372
 40    18.774 53612.04988789 31.58 152.408020  66.722276 18.125
 40    18.611 53612.04988854 31.70 152.404650  66.719206 18.125
 40    18.785 53612.04988918 48.17 152.401290  66.716126 18.125
 40    18.642 53612.04988983 51.95 152.397920  66.713056 18.125
 42    14.414 53682.04990945 37.86 152.408925  66.716434 19.176
 42    14.354 53682.04991009 38.52 152.405555  66.713354 19.176
 42    14.458 53682.04991073 36.42 152.402185  66.710284 19.176
 43    14.646 53717.04983720 29.53 152.409044  66.714708 10.878
 43    14.727 53717.04983785 30.52 152.405674  66.711638 10.878
 43    14.695 53717.04983849 27.60 152.402304  66.708558 10.878
 45    14.739 53787.04978728 26.26 152.411725  66.710216  8.050
 45    21.108 53787.04978793 23.26 152.408357  66.707139  5.473
 46    20.480 53822.04974027 24.33 152.406192  66.721098  7.533
 46    14.780 53822.04974091 25.94 152.402822  66.718018  7.533
 46    14.737 53822.04974156 24.83 152.399462  66.714948  7.533
 46    14.742 53822.04974220 22.81 152.396092  66.711868  7.533
 47    24.462 53857.04983241  2.91 152.415739  66.711880  4.182
 47    22.759 53857.04983306  4.19 152.412369  66.708800  4.182
 47    22.466 53857.04983370  5.64 152.409009  66.705730  4.182
 48    24.521 53892.04984614 22.09 152.417054  66.707417 23.207
 48    24.849 53892.04984678 24.25 152.413694  66.704347 23.207
 49    23.980 53927.04990573 17.06 152.407940  66.714575 23.283
 49    24.539 53927.04990638 19.68 152.404570  66.711495 23.283
 50    21.982 53962.04988972 20.75 152.406068  66.718533 20.308
 50    22.770 53962.04989036 16.62 152.402698  66.715463 20.308
 50    19.300 53962.04989101 27.29 152.399328  66.712393 20.308
 52    15.891 54032.04988660 37.72 152.419586  66.707606 14.792
 52    16.616 54032.04988724 35.95 152.416216  66.704536 14.792
 53    23.002 54067.04988003 23.02 152.412310  66.711947  9.744
 53    23.074 54067.04988067 22.43 152.408940  66.708877  9.744
 54    23.154 54102.04983962 13.39 152.408383  66.718852  4.676
 54    23.178 54102.04984027 14.36 152.405013  66.715782  4.676
 54    22.890 54102.04984091 14.78 152.401653  66.712702  4.676
 55    23.271 54137.04980822 15.70 152.418112  66.708257  3.852
 55    22.917 54137.04980887 15.72 152.414742  66.705187  3.852
 56    23.153 54172.04981684 14.19 152.409587  66.717120  3.715
 56    22.763 54172.04981748 14.47 152.406217  66.714050  3.715
 56    22.196 54172.04981813 14.71 152.402847  66.710970  3.715
 58    23.765 54242.04984583 44.07 152.412959  66.710506 24.865
 58    23.804 54242.04984647 46.07 152.409589  66.707436 24.865
 59    24.263 54277.04985989 17.57 152.414262  66.711704 19.321
 59    24.360 54277.04986053 19.45 152.410902  66.708624 19.321
 59    24.946 54277.04986118 25.82 152.407532  66.705554 19.321
 60    16.442 54312.04986088 33.28 152.413339  66.710976 23.776
 60    16.363 54312.04986153 37.74 152.409979  66.707906 23.776
 61    23.496 54347.04983292 19.00 152.406630  66.716297 17.459
 61    23.239 54347.04983356 20.84 152.403270  66.713217 17.459
 61    22.774 54347.04983421 31.25 152.399900  66.710147 17.459
 62    16.443 54382.04979786 41.97 152.419890  66.710309 22.420
 62    16.360 54382.04979851 43.11 152.416520  66.707229 22.420
 62    16.389 54382.04979915 39.01 152.413160  66.704159 22.420
 63    15.276 54417.04978199 35.21 152.411170  66.716358 11.571
 63    15.260 54417.04978264 37.91 152.407800  66.713278 11.571
 63    15.346 54417.04978328 37.58 152.404440  66.710208 11.571
 65    21.467 54487.04978014 19.56 152.412033  66.709981  4.732
 65    21.159 54487.04978078 18.67 152.408663  66.706911  4.732
 66    22.020 54522.04978070 18.33 152.417908  66.708791  4.373
 66    21.848 54522.04978134 18.04 152.414538  66.705711  4.373
 67    21.792 54557.04978931 18.51 152.409830  66.716361  5.522
 67    21.648 54557.04978995 18.20 152.406462  66.713283  4.411
 67    20.817 54557.04979060 17.95 152.403102  66.710213  4.411
 68    15.083 54592.04977642 13.33 152.414101  66.710227  9.126
 68    14.918 54592.04977707 10.72 152.410731  66.707157  9.126
 69    19.493 54627.04979204 38.11 152.410378  66.711390 28.560
 69    19.510 54627.04979268 44.83 152.407018  66.708320 28.560
 70    18.410 54662.04979987 47.56 152.411442  66.710492 27.100
 70    18.267 54662.04980052 49.42 152.408072  66.707422 27.100
 71    17.195 54697.04977500 50.45 152.407981  66.713889 28.838
 71    17.073 54697.04977564 52.08 152.404607  66.710818 26.280
 72    24.335 54732.04975615 20.15 152.419380  66.709521 18.516
 72    24.480 54732.04975679 18.45 152.416010  66.706451 18.516
 72    24.736 54732.04975744 22.47 152.412650  66.703371 18.516
 73    14.911 54767.04975423 36.55 152.414243  66.713284 17.278
 73    15.006 54767.04975487 40.60 152.410873  66.710204 17.278
 73    14.837 54767.04975552 37.99 152.407513  66.707134 17.278
 74    15.159 54802.04975024 34.01 152.418891  66.709014  9.783
 74    15.505 54802.04975088 32.74 152.415521  66.705934  9.783
 74    15.187 54802.04975153 29.61 152.412161  66.702864  9.783
 75    14.648 54837.04974678 31.57 152.412873  66.712096  7.486
 75    14.875 54837.04974743 32.18 152.409503  66.709016  7.486
 75    14.745 54837.04974807 28.86 152.406143  66.705946  7.486
 76    14.814 54872.04974877 25.96 152.419207  66.709266  5.677
 76    14.793 54872.04974941 26.54 152.415837  66.706186  5.677
 76    14.883 54872.04975006 25.13 152.412467  66.703116  5.677
 77    21.091 54907.04975364 22.80 152.407283  66.718565  6.395
 77    14.680 54907.04975429 23.99 152.403916  66.715487  5.362
 77    14.747 54907.04975493 23.08 152.400546  66.712417  5.362
 78    14.761 54942.04974145 21.31 152.417802  66.709560  6.943
 78    14.756 54942.04974210 21.87 152.414432  66.706480  6.943
 79    20.452 54977.04976926 51.73 152.411902  66.710574 22.645
 79    20.502 54977.04976990 52.64 152.408532  66.707504 22.645
 80    17.168 55012.04977726 45.12 152.411806  66.713186 19.335
 80    17.243 55012.04977790 51.88 152.408436  66.710106 19.335
 80    17.080 55012.04977855 43.54 152.405076  66.707036 19.335
 81    23.763 55047.04976981 14.67 152.412731  66.709424 19.226
 81    23.748 55047.04977046 15.90 152.409371  66.706354 19.226
 82    21.892 55082.04974058 51.82 152.407046  66.717354 37.326
 82    21.909 55082.04974123 52.78 152.403676  66.714274 37.326
 82    21.885 55082.04974187 52.45 152.400311  66.711203 36.676
 83    14.952 55117.04970154 36.68 152.419778  66.710119 16.544
 83    15.183 55117.04970218 40.67 152.416418  66.707049 16.544
 83    15.002 55117.04970283 40.23 152.413048  66.703969 16.544
 84    21.172 55152.04969920 25.75 152.410899  66.713271 12.208
 84    14.619 55152.04969984 27.86 152.407534  66.710195 10.654
 84    20.897 55152.04970049 23.50 152.404164  66.707125 10.654
 85    22.661 55187.04968856 24.68 152.417739  66.708092  7.585
 85    17.583 55187.04968921 23.03 152.414369  66.705012  7.585
 86    22.225 55222.04969768 21.30 152.411224  66.713558  4.765
 86    20.848 55222.04969832 22.85 152.407854  66.710478  4.765
 86    20.518 55222.04969897 22.84 152.404484  66.707408  4.765
 87    22.471 55257.04968448 20.65 152.416580  66.709636  5.246
 87    14.736 55257.04968513 23.46 152.413210  66.706556  5.246
 88    21.644 55292.04968497 19.88 152.408850  66.718460  6.493
 88    21.438 55292.04968561 18.75 152.405490  66.715380  6.493
 88    20.761 55292.04968626 19.39 152.402124  66.712309  5.135
 89    15.405 55327.04966823 27.86 152.412513  66.711904  9.315
 89    21.754 55327.04966888 23.18 152.409143  66.708824  9.315
 90    24.019 55362.04966437 19.66 152.409875  66.713597 16.994
 90    24.468 55362.04966501 19.68 152.406505  66.710517 16.994
 90    23.230 55362.04966566 25.37 152.403135  66.707447 16.994
 91    16.372 55397.04967195 42.73 152.419498  66.710506 27.545
 91    16.530 55397.04967259 50.32 152.416138  66.707436 27.545
 91    16.298 55397.04967324 42.87 152.412768  66.704356 27.545
 92    24.029 55432.04967951 13.68 152.415676  66.712108 28.238
 92    23.638 55432.04968015 15.71 152.412305  66.709031 21.996
 92    24.815 55432.04968080 16.00 152.408945  66.705951 21.996
 93    20.129 55467.04963835 53.89 152.406381  66.718115 27.487
 93    20.090 55467.04963899 49.06 152.403011  66.715045 27.487
 93    20.004 55467.04963964 45.91 152.399651  66.711964 17.784
