# NaN NaN NaN ;Mean Elev.(m), Avg Gradient(m/km), RMS Gradient(m/km) - SRTM1     
#  -11.323  -7.810  19.015 ;Mean Elev.(m), Avg Gradient(m/km), RMS Gradient(m/km) - ASTER GDEM
#    6.301  -6.135  24.798 ;Mean Elev.(m), Avg Gradient(m/km), RMS Gradient(m/km) - GMTED2010 
  9 155.851751  67.569427    14.852    14.917  4 52535.42474343 20.553
 10 155.867675  67.570890     4.826     5.001  4 52570.42477528 36.853
 12 155.860061  67.569914    12.579    12.541  3 52640.42473629 21.971
 13 155.877802  67.573546    13.107    13.347  4 52675.42472873 19.403
 14 155.862030  67.570915    13.428    13.597  4 52710.42475006 18.469
 15 155.871073  67.571716    12.374    12.127  4 52745.42477802 17.250
 16 155.856561  67.569123   112.871   112.945  3 52780.42471505  1.322
 18 155.866545  67.567327     9.229     9.229  2 52850.42484850 27.909
 19 155.869921  67.570341    11.439    11.716  3 52885.42488389 19.148
 20 155.880233  67.573245     6.678     4.848  4 52920.42484000 36.031
 21 155.863984  67.571328    10.320    11.897  4 52955.42480414 23.987
 22 155.873757  67.573307     9.862    10.962  4 52990.42481774 23.216
 23 155.884373  67.576061    14.255    14.224  3 53025.42479041 17.886
 26 155.869335  67.572234    16.870    16.459  4 53130.42480034  3.652
 28 155.869523  67.571600    11.142    10.670  3 53200.42487303 25.696
 29 155.883596  67.574953    13.478    13.951  3 53235.42484291 18.786
 30 155.854225  67.570208    12.046    12.037  3 53270.42480518 42.354
 33 155.883269  67.578542    12.730    12.844  3 53375.42476681 12.751
 34 155.871123  67.572235    12.581    12.628  4 53410.42481030 12.631
 35 155.885091  67.576492    12.083    11.698  3 53445.42479326 11.740
 36 155.858493  67.570568    12.010    12.270  4 53480.42487531 11.156
 38 155.869136  67.572531    16.325    16.614  3 53550.42490041 16.677
 39 155.878625  67.573451     9.218     9.262  3 53585.42485973 46.195
 41 155.864303  67.570459     6.999     5.008  4 53655.42484627 39.685
 42 155.874643  67.570754     4.396     4.396  2 53690.42483785 25.221
 45 155.881192  67.574745    14.424    14.985  3 53795.42472556 13.899
 48 155.869476  67.571497    13.954    13.874  4 53900.42480890 43.003
 50 155.873756  67.572363    10.789    10.803  4 53970.42481878 39.703
 51 155.858741  67.570384    69.192    69.192  2 54005.42479658 12.488
 52 155.869012  67.570875     9.315     8.906  4 54040.42482619 21.383
 53 155.874234  67.574955    13.140    13.063  3 54075.42482116 19.204
 58 155.868716  67.571223    16.111    16.144  4 54250.42479539 41.804
 59 155.874225  67.573352    14.005    14.534  4 54285.42480225 16.281
 60 155.873370  67.573295     8.843     8.918  4 54320.42479938 27.398
 63 155.877350  67.573206    14.550    14.397  4 54425.42471105 17.535
 69 155.870052  67.572870    35.181    16.537  4 54635.42473673 26.207
 70 155.873403  67.572797    13.692    16.347  3 54670.42474090 16.596
 72 155.868969  67.569399     9.939     8.746  3 54740.42470377 39.548
 73 155.878557  67.573477     7.986     5.417  3 54775.42468400 24.826
 74 155.861890  67.570380    13.497    13.174  3 54810.42469763 21.881
 76 155.865310  67.572869    21.452    22.115  4 54880.42470115 18.827
 79 155.867573  67.572177    11.537    11.568  3 54985.42471885 42.914
 80 155.874661  67.572956    14.234    14.114  4 55020.42471282 15.724
 81 155.877317  67.572142     8.821     7.059  4 55055.42470945 20.838
 82 155.884554  67.571448    10.060    10.060  2 55090.42466801 49.068
 83 155.870164  67.571282     4.306     4.645  4 55125.42464752 35.472
 84 155.878634  67.571870     4.406     4.406  2 55160.42462934 27.083
 87 155.864971  67.576524    14.379    14.379  2 55265.42463415 17.898
 88 155.881409  67.575358    12.831    13.093  4 55300.42461487 17.217
 91 155.867610  67.571542    13.511    14.139  4 55405.42461842 16.064
 92 155.877683  67.572858    10.463    10.261  4 55440.42461887 32.742
