# NaN NaN NaN ;Mean Elev.(m), Avg Gradient(m/km), RMS Gradient(m/km) - SRTM1     
#  -11.610  -7.719  20.419 ;Mean Elev.(m), Avg Gradient(m/km), RMS Gradient(m/km) - ASTER GDEM
#   15.831  -6.399  19.431 ;Mean Elev.(m), Avg Gradient(m/km), RMS Gradient(m/km) - GMTED2010 
  7 153.474201  67.159028    64.387    64.387  2 52471.43267100 14.606
  8 153.479566  67.159009   105.897   105.897  2 52506.43264937  1.755
 10 153.469188  67.158680    11.721    11.721  2 52576.43268018 41.241
 11 153.478931  67.160456    11.813    11.883  3 52611.43264272 28.333
 12 153.470202  67.158668    13.332    13.332  2 52646.43262931 21.235
 13 153.489795  67.159834    17.437    17.417  3 52681.43260053 18.806
 15 153.474227  67.159701    11.326    11.313  3 52751.43268246 18.909
 16 153.455276  67.158635    98.350    98.350  2 52786.43262694  3.722
 18 153.467596  67.160713    22.123    22.123  2 52856.43274795 16.952
 20 153.487907  67.159647    11.734    12.230  3 52926.43273211 48.248
 21 153.468706  67.159662    11.497    11.497  2 52961.43270066 33.305
 22 153.470971  67.158829    12.935    12.967  3 52996.43274043 24.021
 23 153.486837  67.160489    15.985    15.732  3 53031.43270150 20.308
 24 153.474191  67.159196    11.308    11.314  3 53066.43270986 21.649
 25 153.485642  67.159913    13.890    13.890  2 53101.43270829 18.484
 26 153.473854  67.159116    12.524    12.524  2 53136.43271177 19.507
 30 153.456745  67.158914    61.266    61.724  3 53276.43271491  1.798
 31 153.468902  67.159076    12.919    12.960  3 53311.43275506 24.868
 32 153.480757  67.159485    13.847    13.847  2 53346.43272068 18.395
 33 153.460932  67.158169    13.689    13.689  2 53381.43267959 15.467
 34 153.482208  67.159644    18.307    18.307  2 53416.43269876 14.729
 35 153.456322  67.158614    16.846    18.432  3 53451.43269703 13.518
 36 153.463809  67.158413    12.201    12.201  2 53486.43278213 12.342
 37 153.478083  67.159604   106.644   106.840  3 53521.43277487  1.664
 38 153.469337  67.159593    18.732    18.732  2 53556.43279934 22.011
 41 153.465793  67.160121    11.535    11.535  2 53661.43275119 44.031
 42 153.483398  67.158892    12.417    12.316  3 53696.43271934 29.013
 44 153.474577  67.158783    11.712    11.712  2 53766.43261424 21.440
 45 153.489811  67.160298    17.722    17.469  3 53801.43261607 15.495
 46 153.459915  67.158446    14.139    12.185  3 53836.43262413 16.411
 47 153.469230  67.160033    12.654    12.654  2 53871.43267987 20.465
 48 153.467340  67.159734    76.186    76.186  2 53906.43271863  2.184
 49 153.466218  67.158073    19.821    19.821  2 53941.43274712 17.441
 50 153.484707  67.159428   108.911   108.911  2 53976.43270210  0.606
 52 153.476991  67.159911    18.368    18.542  3 54046.43271844 17.202
 53 153.481065  67.160585    16.879    16.618  3 54081.43271140 16.083
 54 153.491507  67.161452    18.239    18.200  3 54116.43264425 14.269
 55 153.472509  67.159597    42.023    42.023  2 54151.43266206  3.611
 56 153.491180  67.159499    15.107    15.271  3 54186.43263623 15.829
 57 153.467032  67.159251    13.016    13.218  3 54221.43267179 15.470
 58 153.476029  67.158757   107.893   107.847  3 54256.43269447  3.353
 59 153.476806  67.159686    19.404    19.404  2 54291.43269633 21.269
 60 153.480721  67.159503   103.352   103.352  2 54326.43269348  0.137
 61 153.492619  67.160434   112.452   111.118  3 54361.43264459  1.220
 62 153.472986  67.159598    12.497    12.607  3 54396.43263358 40.694
 63 153.486912  67.160782    11.841    11.854  3 54431.43259468 27.819
 64 153.470201  67.158691    12.159    12.118  3 54466.43261437 20.296
 65 153.483564  67.160070    14.266    14.587  3 54501.43260821 18.291
 66 153.478326  67.159062    11.945    11.945  2 54536.43262933 20.042
 67 153.488939  67.160297    13.685    13.685  2 54571.43261037 17.094
 68 153.472843  67.159998   104.708   103.175  3 54606.43262356  3.710
 69 153.478252  67.159704    73.261    73.261  2 54641.43263251  0.901
 72 153.471881  67.158769    13.678    13.678  2 54746.43260259 33.191
 73 153.481136  67.159649    12.335    12.457  3 54781.43257487 33.689
 74 153.470587  67.158968    12.134    12.314  3 54816.43259570 31.723
 75 153.483520  67.159367    11.724    11.885  3 54851.43257285 22.664
 76 153.471781  67.159630    11.649    11.649  2 54886.43259980 20.906
 77 153.490547  67.160565    11.364    11.353  3 54921.43257386 22.064
 78 153.469611  67.158439    14.857    14.857  2 54956.43259579 15.974
 79 153.472113  67.159559   108.984   108.984  2 54991.43261902  0.570
 80 153.479016  67.161577    23.715    23.715  2 55026.43260999 13.250
 81 153.477416  67.159574    16.327    15.711  3 55061.43260305 35.877
 82 153.491870  67.160507    13.301    13.301  2 55096.43255230 42.714
 83 153.472632  67.158844    11.507    11.387  3 55131.43254562 43.784
 84 153.483654  67.159162    11.761    11.841  3 55166.43251435 24.114
 85 153.470453  67.159773    11.424    11.424  2 55201.43253805 23.961
 86 153.485893  67.159449    15.154    15.860  3 55236.43252080 17.787
 87 153.476790  67.158960    13.499    13.535  3 55271.43253202 17.420
 88 153.492777  67.159422    11.556    11.610  3 55306.43250249 18.302
 89 153.475353  67.160000   101.872   103.717  3 55341.43250278  1.000
 90 153.482451  67.159342    68.915    68.915  2 55376.43249548  0.964
 91 153.471964  67.159639    15.762    16.006  3 55411.43251890 37.455
 93 153.495796  67.160805    13.482    13.482  2 55481.43244284 44.193
