# NaN NaN NaN ;Mean Elev.(m), Avg Gradient(m/km), RMS Gradient(m/km) - SRTM1     
#   -9.564  -0.835   5.161 ;Mean Elev.(m), Avg Gradient(m/km), RMS Gradient(m/km) - ASTER GDEM
#    5.054  -0.260   3.482 ;Mean Elev.(m), Avg Gradient(m/km), RMS Gradient(m/km) - GMTED2010 
  7     7.859 52467.03940299 23.72 158.505473  68.796640  8.461
  7     4.935 52467.03940363 22.80 158.501503  68.793620  8.461
  7     2.863 52467.03940428 21.94 158.497523  68.790600  8.461
  7     2.790 52467.03940492 22.19 158.493553  68.787570  8.461
  7     2.781 52467.03940557 20.95 158.489573  68.784550  8.461
  7     7.243 52467.03940621 18.13 158.485603  68.781520  8.461
  7     7.440 52467.03940686 16.36 158.481633  68.778500  8.461
  7     7.399 52467.03940750 16.03 158.477653  68.775470  8.461
  7     7.669 52467.03940815 14.37 158.473683  68.772450  8.461
  7     8.051 52467.03940879 14.06 158.469713  68.769420  8.461
  7     7.984 52467.03940944 14.97 158.465753  68.766400  8.461
  7     8.093 52467.03941008 16.34 158.461783  68.763370  8.461
  7     8.183 52467.03941073 17.79 158.457813  68.760350  8.461
  7     8.200 52467.03941137 16.14 158.453853  68.757320  8.461
  7     8.116 52467.03941201 14.97 158.449883  68.754300  8.461
  7     7.856 52467.03941266 15.73 158.445923  68.751270  8.461
  7     8.790 52467.03941330 13.43 158.441963  68.748240  8.461
  7     8.051 52467.03941395 15.13 158.438003  68.745220  8.461
  7     2.713 52467.03941459 16.17 158.434040  68.742194  9.377
  7     3.537 52467.03941524 14.75 158.430080  68.739164  9.377
  7     3.867 52467.03941588 13.57 158.426120  68.736144  9.377
  7     4.704 52467.03941653 11.43 158.422170  68.733114  9.377
  7     6.963 52467.03941717  8.90 158.418210  68.730084  9.377
  7     7.274 52467.03941782  7.59 158.414260  68.727064  9.377
  7     7.759 52467.03941846  6.56 158.410300  68.724034  9.377
  8     2.616 52502.03939553 31.88 158.494877  68.794303 29.100
  8     2.942 52502.03939618 22.32 158.490907  68.791273 29.100
  8     2.838 52502.03939682 27.91 158.486927  68.788253 29.100
  8     2.604 52502.03939747 23.48 158.482957  68.785223 29.100
  8     2.453 52502.03939811 19.10 158.478987  68.782203 29.100
  8     6.182 52502.03939876 17.11 158.475017  68.779173 29.100
  8     6.426 52502.03939940 15.79 158.471047  68.776153 29.100
  8     6.512 52502.03940005 14.62 158.467077  68.773123 29.100
  8     7.227 52502.03940069 15.81 158.463107  68.770103 29.100
  8     7.516 52502.03940134 16.35 158.459137  68.767073 29.100
  8     7.681 52502.03940198 16.22 158.455171  68.764055  8.091
  8     7.784 52502.03940263 17.43 158.451201  68.761025  8.091
  8     7.474 52502.03940327 17.85 158.447241  68.757995  8.091
  8     7.244 52502.03940391 18.11 158.443281  68.754975  8.091
  8     4.163 52502.03940456 20.81 158.439311  68.751945  8.091
  8     4.292 52502.03940520 21.49 158.435351  68.748925  8.091
  8     2.992 52502.03940585 22.97 158.431391  68.745895  8.091
  8     2.866 52502.03940649 22.08 158.427431  68.742875  8.091
  8     2.813 52502.03940714 22.55 158.423471  68.739845  8.091
  8     3.874 52502.03940778 17.72 158.419521  68.736815  8.091
  8     6.981 52502.03940843 16.59 158.415561  68.733795  8.091
  8     7.260 52502.03940907 15.02 158.411611  68.730765  8.091
  8     7.750 52502.03940972 14.68 158.407651  68.727745  8.091
  9     5.767 52537.03939578 34.62 158.430164  68.722476 15.356
  9     5.721 52537.03939643 22.64 158.426214  68.719456 15.356
  9     5.611 52537.03939707 16.77 158.422254  68.716426 15.356
  9     5.051 52537.03939772 15.81 158.418304  68.713396 15.356
 10     0.467 52572.03941732 33.33 158.509451  68.797864 10.889
 10     0.596 52572.03941796 38.65 158.505471  68.794844 10.889
 10     0.688 52572.03941861 40.48 158.501501  68.791814 10.889
 10     0.708 52572.03941925 40.71 158.497516  68.788796 27.153
 10     0.763 52572.03941990 38.78 158.493546  68.785766 27.153
 10     0.598 52572.03942054 39.92 158.489566  68.782746 27.153
 10     0.704 52572.03942119 37.67 158.485596  68.779716 27.153
 10     0.625 52572.03942183 36.62 158.481626  68.776696 27.153
 10     0.478 52572.03942248 38.39 158.477656  68.773666 27.153
 10     0.523 52572.03942312 36.67 158.473686  68.770646 27.153
 10     0.468 52572.03942377 34.45 158.469716  68.767616 27.153
 10     0.593 52572.03942763 35.98 158.445926  68.749466 27.153
 10     0.727 52572.03942828 37.11 158.441956  68.746446 27.153
 10     0.700 52572.03942892 37.52 158.437996  68.743416 27.153
 10     0.712 52572.03942957 40.03 158.434036  68.740386 27.153
 10     0.660 52572.03943021 39.60 158.430076  68.737366 27.153
 10     0.686 52572.03943086 40.68 158.426126  68.734336 27.153
 10     0.660 52572.03943150 42.49 158.422166  68.731316 27.153
 10     0.649 52572.03943215 38.50 158.418207  68.728285 33.049
 10     0.657 52572.03943279 36.28 158.414257  68.725265 33.049
 10     0.709 52572.03943344 38.00 158.410297  68.722235 33.049
 11     5.031 52607.03937684 21.88 158.499286  68.794623  4.837
 11     3.473 52607.03937749 22.09 158.495316  68.791603  4.837
 11     3.333 52607.03937813 21.51 158.491346  68.788573  4.837
 11     2.459 52607.03937878 21.98 158.487366  68.785553  4.837
 11     2.309 52607.03937942 22.43 158.483396  68.782523  4.837
 11     0.940 52607.03938007 22.29 158.479426  68.779503  4.837
 11     2.976 52607.03938071 22.05 158.475456  68.776473  4.837
 11     3.209 52607.03938136 22.51 158.471486  68.773453  4.837
 11     6.151 52607.03938200 20.70 158.467516  68.770423  4.837
 11     6.173 52607.03938265 20.27 158.463548  68.767397  8.639
 11     6.317 52607.03938329 20.90 158.459578  68.764377  8.639
 11     6.312 52607.03938394 22.83 158.455618  68.761347  8.639
 11     6.316 52607.03938458 23.68 158.451648  68.758327  8.639
 11     6.293 52607.03938523 23.38 158.447688  68.755297  8.639
 11     0.443 52607.03938587 25.30 158.443728  68.752277  8.639
 11     0.495 52607.03938651 26.12 158.439768  68.749247  8.639
 11     0.419 52607.03938716 25.17 158.435808  68.746217  8.639
 11     0.404 52607.03938780 25.77 158.431848  68.743197  8.639
 11     0.421 52607.03938845 25.34 158.427888  68.740167  8.639
 11     0.432 52607.03938909 25.35 158.423928  68.737147  8.639
 11     0.311 52607.03938974 26.75 158.419978  68.734117  8.639
 11     0.293 52607.03939038 25.91 158.416018  68.731097  8.639
 11     0.356 52607.03939103 25.70 158.412068  68.728067  8.639
 11     0.419 52607.03939167 24.43 158.408108  68.725037  8.639
 12     4.681 52642.03937371 20.03 158.516881  68.796875  3.354
 12     4.144 52642.03937435 20.57 158.512901  68.793855  3.354
 12     4.465 52642.03937500 19.20 158.508921  68.790825  3.354
 12     4.682 52642.03937564 18.98 158.504951  68.787805  3.354
 12     5.053 52642.03937629 18.38 158.500971  68.784785  3.354
 12     5.110 52642.03937693 18.51 158.497001  68.781755  3.354
 12     5.401 52642.03937758 18.58 158.493019  68.778735  4.300
 12     5.334 52642.03938725 21.88 158.433529  68.733355  4.300
 12     5.210 52642.03938789 22.13 158.429579  68.730325  4.300
 12     5.360 52642.03938854 21.90 158.425619  68.727305  4.300
 12     5.102 52642.03938918 21.61 158.421659  68.724275  4.300
 12     4.497 52642.03938982 22.19 158.417709  68.721255  4.300
 12     4.632 52642.03939047 20.47 158.413753  68.718222  4.747
 13     5.495 52677.03936118 15.30 158.499195  68.795703  2.462
 13     5.060 52677.03936183 15.49 158.495215  68.792683  2.462
 13     4.643 52677.03936247 15.35 158.491245  68.789663  2.462
 13     4.100 52677.03936311 16.24 158.487265  68.786633  2.462
 13     5.788 52677.03936376 15.99 158.483295  68.783613  2.462
 13     5.480 52677.03936440 15.90 158.479325  68.780583  2.462
 13     5.009 52677.03936505 16.19 158.475355  68.777563  2.462
 13     5.970 52677.03936569 15.47 158.471381  68.774532  3.139
 13     6.142 52677.03936634 15.54 158.467411  68.771512  3.139
 13     6.722 52677.03936698 15.53 158.463451  68.768482  3.139
 13     6.916 52677.03936763 15.63 158.459481  68.765462  3.139
 13     6.918 52677.03936827 16.14 158.455511  68.762432  3.139
 13     7.155 52677.03936892 15.98 158.451551  68.759412  3.139
 13     6.793 52677.03936956 16.68 158.447591  68.756382  3.139
 13     6.698 52677.03937021 16.88 158.443621  68.753352  3.139
 13     5.663 52677.03937085 17.63 158.439661  68.750332  3.139
 13     5.182 52677.03937150 17.15 158.435701  68.747302  3.139
 13     4.589 52677.03937214 17.45 158.431741  68.744282  3.139
 13     3.948 52677.03937278 16.85 158.427781  68.741252  3.139
 13     4.010 52677.03937343 17.17 158.423821  68.738232  3.139
 13     4.135 52677.03937407 17.31 158.419871  68.735202  3.139
 13     4.449 52677.03937472 16.97 158.415911  68.732172  3.139
 13     4.301 52677.03937536 16.87 158.411961  68.729152  3.139
 13     4.318 52677.03937601 16.87 158.408001  68.726122  3.139
 14     5.256 52712.03939132 13.42 158.515196  68.795822  2.143
 14     4.685 52712.03939197 13.76 158.511216  68.792792  2.143
 14     5.374 52712.03939261 13.58 158.507236  68.789772  2.143
 14     6.791 52712.03939326 13.54 158.503256  68.786752  2.143
 14     7.271 52712.03939390 13.55 158.499286  68.783722  2.143
 14     7.518 52712.03939455 13.92 158.495312  68.780704  2.578
 14     7.535 52712.03939519 13.73 158.491342  68.777674  2.578
 14     5.091 52712.03940422 14.72 158.435812  68.735324  2.578
 14     5.137 52712.03940486 15.06 158.431852  68.732294  2.578
 14     5.474 52712.03940551 15.38 158.427892  68.729274  2.578
 14     5.356 52712.03940615 14.93 158.423942  68.726244  2.578
 14     5.355 52712.03940680 14.75 158.419982  68.723224  2.578
 14     4.871 52712.03940744 14.79 158.416032  68.720192  2.655
 14     4.611 52712.03940809 15.28 158.412072  68.717172  2.655
 15     5.086 52747.03942120 13.86 158.474805  68.785917  2.734
 15     5.330 52747.03942184 13.81 158.470825  68.782887  2.734
 15     5.518 52747.03942249 13.56 158.466855  68.779867  2.734
 15     5.590 52747.03942313 13.45 158.462885  68.776837  2.734
 15     5.137 52747.03942378 13.90 158.458915  68.773817  2.734
 15     5.853 52747.03942442 13.15 158.454945  68.770787  2.734
 15     6.049 52747.03942507 13.53 158.450985  68.767767  2.734
 15     5.863 52747.03942571 13.21 158.447015  68.764737  2.734
 15     6.166 52747.03942636 13.32 158.443055  68.761717  2.734
 15     5.922 52747.03942700 13.59 158.439085  68.758687  2.734
 15     3.859 52747.03942958 14.48 158.423235  68.746587  2.734
 15     3.324 52747.03943022 14.02 158.419275  68.743557  2.734
 15     3.097 52747.03943087 14.07 158.415325  68.740537  2.734
 15     3.301 52747.03943151 14.32 158.411365  68.737507  2.734
 15     3.547 52747.03943216 13.83 158.407405  68.734487  2.734
 15     3.507 52747.03943280 14.26 158.403455  68.731457  2.734
 16     1.558 52782.03935914 32.70 158.509978  68.785971 24.234
 16     1.592 52782.03935979 39.74 158.505998  68.782941 24.234
 16     1.440 52782.03937204 35.04 158.430634  68.725470 33.541
 16     1.610 52782.03937268 28.69 158.426674  68.722440 33.541
 16     1.488 52782.03937333 30.54 158.422724  68.719420 33.541
 16     1.407 52782.03937397 33.63 158.418764  68.716390 33.541
 17     7.799 52817.03943692 20.26 158.519028  68.794416 23.287
 17     7.077 52817.03943756 19.91 158.515048  68.791396 23.287
 17     7.288 52817.03943820 21.99 158.511068  68.788366 23.287
 17     7.490 52817.03943885 24.85 158.507088  68.785346 23.287
 17     7.967 52817.03943949 25.67 158.503108  68.782316 23.287
 17     8.824 52817.03945110 19.26 158.431711  68.727869 29.047
 17     8.604 52817.03945174 19.61 158.427751  68.724839 29.047
 17     7.278 52817.03945239 18.59 158.423801  68.721819 29.047
 17     7.601 52817.03945303 16.93 158.419840  68.718789  7.919
 17     7.280 52817.03945368 17.45 158.415890  68.715759  7.919
 18     7.716 52852.03948735 16.56 158.516930  68.796107 24.262
 18     6.630 52852.03948800 15.54 158.512950  68.793077 24.262
 18     6.936 52852.03948864 15.80 158.508970  68.790057 24.262
 18     7.329 52852.03948929 17.41 158.504990  68.787037 24.262
 18     7.483 52852.03948993 16.96 158.501020  68.784007 24.262
 18     7.423 52852.03949058 19.40 158.497046  68.780987 14.824
 18     7.968 52852.03950089 17.67 158.433586  68.732577 14.824
 18     5.049 52852.03950154 20.09 158.429626  68.729557 14.824
 18     6.011 52852.03950218 20.38 158.425676  68.726527 14.824
 18     5.663 52852.03950283 19.02 158.421716  68.723497 14.824
 18     5.064 52852.03950347 20.48 158.417767  68.720474 19.999
 18     2.139 52852.03950411 20.07 158.413807  68.717454 19.999
 20     7.633 52922.03947801 21.11 158.490444  68.793399  9.902
 20     7.099 52922.03947865 21.26 158.486474  68.790379  9.902
 20     6.881 52922.03947930 21.98 158.482494  68.787359  9.902
 20     5.963 52922.03947994 21.97 158.478524  68.784329  9.902
 20     5.553 52922.03948059 21.43 158.474554  68.781309  9.902
 20     5.148 52922.03948123 21.75 158.470585  68.778277  4.420
 20     5.286 52922.03948187 22.39 158.466615  68.775257  4.420
 20     5.344 52922.03948252 22.03 158.462645  68.772227  4.420
 20     5.501 52922.03948316 21.28 158.458675  68.769207  4.420
 20     6.221 52922.03948381 20.85 158.454715  68.766177  4.420
 20     6.250 52922.03948445 20.84 158.450745  68.763157  4.420
 20     6.448 52922.03948510 21.32 158.446785  68.760127  4.420
 20     6.406 52922.03948574 22.85 158.442815  68.757097  4.420
 20     6.035 52922.03948639 21.70 158.438855  68.754077  4.420
 20     5.835 52922.03948703 24.00 158.434895  68.751047  4.420
 20     5.561 52922.03948768 24.25 158.430935  68.748027  4.420
 20     5.183 52922.03948832 23.09 158.426975  68.744997  4.420
 20     4.833 52922.03948897 23.19 158.423015  68.741967  4.420
 20     4.786 52922.03948961 22.60 158.419065  68.738947  4.420
 20     4.779 52922.03949026 22.07 158.415105  68.735917  4.420
 20     4.555 52922.03949090 21.89 158.411145  68.732897  4.420
 20     7.013 52922.03949155 22.32 158.407195  68.729867  4.420
 21     5.432 52957.03945746 21.40 158.429073  68.722605  4.545
 21     5.309 52957.03945810 21.40 158.425123  68.719585  4.545
 21     4.893 52957.03945875 20.63 158.421170  68.716553  5.065
 21     4.434 52957.03945939 21.23 158.417220  68.713533  5.065
 22     4.719 52992.03946248 18.12 158.517214  68.797390  3.214
 22     4.463 52992.03946312 18.15 158.513234  68.794370  3.214
 22     4.085 52992.03946377 19.07 158.509254  68.791350  3.214
 22     4.175 52992.03946441 18.40 158.505284  68.788320  3.214
 22     4.398 52992.03946506 18.66 158.501300  68.785302  3.712
 22     4.737 52992.03946570 18.12 158.497330  68.782272  3.712
 22     4.746 52992.03946635 18.40 158.493360  68.779252  3.712
 22     4.762 52992.03947602 18.43 158.433880  68.733872  3.712
 22     5.061 52992.03947666 19.15 158.429920  68.730842  3.712
 22     5.094 52992.03947731 18.96 158.425970  68.727822  3.712
 22     5.041 52992.03947795 18.80 158.422010  68.724791  4.084
 22     4.801 52992.03947860 18.87 158.418060  68.721771  4.084
 22     4.457 52992.03947924 18.46 158.414110  68.718741  4.084
 23     5.814 53027.03942890 13.67 158.500661  68.795853  2.017
 23     4.735 53027.03942954 13.67 158.496681  68.792833  2.017
 23     4.302 53027.03943019 13.78 158.492706  68.789808  2.787
 23     3.513 53027.03943083 13.71 158.488736  68.786778  2.787
 23     3.413 53027.03943148 14.28 158.484766  68.783758  2.787
 23     4.054 53027.03943212 14.21 158.480796  68.780738  2.787
 23     4.603 53027.03943276 14.13 158.476826  68.777708  2.787
 23     4.540 53027.03943341 14.24 158.472856  68.774678  2.787
 23     5.635 53027.03943405 14.19 158.468886  68.771658  2.787
 23     5.991 53027.03943470 13.76 158.464916  68.768628  2.787
 23     6.387 53027.03943534 13.92 158.460956  68.765608  2.787
 23     6.566 53027.03943599 14.09 158.456986  68.762578  2.787
 23     7.095 53027.03943663 14.15 158.453026  68.759558  2.787
 23     5.842 53027.03943728 14.71 158.449066  68.756528  2.787
 23     6.479 53027.03943792 14.94 158.445096  68.753508  2.787
 23     5.584 53027.03943857 15.20 158.441136  68.750478  2.787
 23     5.623 53027.03943921 15.20 158.437176  68.747448  2.787
 23     4.667 53027.03943986 15.32 158.433216  68.744428  2.787
 23     3.792 53027.03944050 15.86 158.429256  68.741398  2.787
 23     3.917 53027.03944115 15.39 158.425306  68.738378  2.787
 23     3.974 53027.03944179 15.52 158.421346  68.735348  2.787
 23     3.749 53027.03944243 15.47 158.417396  68.732318  2.787
 23     4.201 53027.03944308 15.44 158.413436  68.729290  2.715
 23     4.177 53027.03944372 15.42 158.409486  68.726270  2.715
 24     4.778 53062.03943712 12.91 158.519621  68.797632  2.139
 24     4.548 53062.03943777 13.69 158.515641  68.794602  2.139
 24     4.368 53062.03943841 13.78 158.511671  68.791582  2.139
 24     4.853 53062.03943906 13.86 158.507691  68.788562  2.139
 24     4.880 53062.03943970 14.10 158.503711  68.785532  2.139
 24     4.879 53062.03944035 14.22 158.499745  68.782512  2.836
 24     5.007 53062.03944099 14.29 158.495765  68.779482  2.836
 24     5.238 53062.03945131 15.31 158.432335  68.731082  2.836
 24     5.363 53062.03945195 15.70 158.428375  68.728052  2.836
 24     5.311 53062.03945259 15.28 158.424425  68.725032  2.836
 24     5.155 53062.03945324 14.93 158.420464  68.721999  2.671
 24     4.541 53062.03945388 15.38 158.416514  68.718979  2.671
 25     4.485 53097.03946470 12.61 158.472416  68.784466  2.060
 25     4.599 53097.03946534 13.07 158.468446  68.781446  2.060
 25     4.714 53097.03946599 12.89 158.464478  68.778414  2.665
 25     4.827 53097.03946663 13.10 158.460508  68.775394  2.665
 25     4.862 53097.03946728 12.57 158.456538  68.772364  2.665
 25     5.723 53097.03946792 12.28 158.452568  68.769344  2.665
 25     5.309 53097.03946857 12.58 158.448608  68.766314  2.665
 25     5.762 53097.03946921 12.47 158.444638  68.763294  2.665
 25     5.369 53097.03946986 12.93 158.440678  68.760264  2.665
 25     5.658 53097.03947050 12.55 158.436708  68.757234  2.665
 25     2.991 53097.03947308 13.49 158.420868  68.745134  2.665
 25     2.766 53097.03947372 13.60 158.416908  68.742114  2.665
 25     2.695 53097.03947437 13.67 158.412948  68.739084  2.665
 25     3.416 53097.03947501 13.36 158.408998  68.736054  2.665
 25     3.409 53097.03947566 13.34 158.405038  68.733034  2.665
 26     5.148 53132.03943612 10.83 158.511470  68.787405  1.988
 26     6.253 53132.03943676 10.39 158.507490  68.784375  1.988
 26     5.131 53132.03944901 11.38 158.432150  68.726898  2.340
 26     5.426 53132.03944965 11.34 158.428190  68.723868  2.340
 26     5.495 53132.03945030 10.90 158.424240  68.720848  2.340
 26     5.332 53132.03945094 10.73 158.420290  68.717818  2.340
 26     5.045 53132.03945159 10.57 158.416330  68.714788  2.340
 28     5.340 53202.03951288 24.40 158.506886  68.795480 27.136
 28     5.078 53202.03951353 23.96 158.502906  68.792450 27.136
 28     5.098 53202.03951417 22.88 158.498926  68.789430 27.136
 28     6.562 53202.03951482 20.72 158.494956  68.786400 27.136
 28     7.332 53202.03951546 18.01 158.490976  68.783380 27.136
 28     7.538 53202.03951611 20.12 158.487009  68.780357  9.097
 28     7.669 53202.03951675 21.50 158.483029  68.777327  9.097
 28     7.916 53202.03951740 21.52 158.479059  68.774307  9.097
 28     8.165 53202.03951804 21.72 158.475089  68.771277  9.097
 28     8.792 53202.03952320 24.44 158.443369  68.747077  9.097
 28     8.784 53202.03952384 20.20 158.439399  68.744057  9.097
 28     8.894 53202.03952449 19.00 158.435439  68.741027  9.097
 28     8.687 53202.03952513 17.74 158.431489  68.737997  9.097
 28     8.002 53202.03952578 18.76 158.427529  68.734977  9.097
 28     6.878 53202.03952642 18.61 158.423569  68.731947  9.097
 28     6.999 53202.03952707 19.91 158.419609  68.728927  9.097
 28     4.964 53202.03952771 20.81 158.415659  68.725897  9.097
 28     5.115 53202.03952836 20.51 158.411699  68.722867  9.097
 29     8.507 53237.03948211 16.89 158.503599  68.795724 25.908
 29     8.140 53237.03948275 17.66 158.499619  68.792694 25.908
 29     7.581 53237.03948340 18.73 158.495649  68.789674 25.908
 29     6.939 53237.03948404 19.62 158.491669  68.786644 25.908
 29     7.378 53237.03948469 16.41 158.487699  68.783624 25.908
 29     7.591 53237.03948533 17.53 158.483726  68.780595  8.208
 29     7.887 53237.03948598 18.79 158.479756  68.777575  8.208
 29     8.005 53237.03948662 19.02 158.475786  68.774545  8.208
 29     8.162 53237.03948727 22.32 158.471816  68.771525  8.208
 29     8.198 53237.03948791 24.04 158.467846  68.768495  8.208
 29     8.350 53237.03948856 22.67 158.463886  68.765475  8.208
 29     8.233 53237.03948920 24.47 158.459916  68.762445  8.208
 29     8.110 53237.03948985 24.89 158.455956  68.759415  8.208
 29     8.142 53237.03949049 22.28 158.451986  68.756395  8.208
 29     8.160 53237.03949113 20.22 158.448026  68.753365  8.208
 29     8.602 53237.03949178 20.57 158.444066  68.750345  8.208
 29     8.664 53237.03949242 20.05 158.440106  68.747315  8.208
 29     8.715 53237.03949307 18.95 158.436146  68.744295  8.208
 29     8.692 53237.03949371 19.49 158.432186  68.741265  8.208
 29     8.628 53237.03949436 17.40 158.428226  68.738235  8.208
 29     8.134 53237.03949500 17.42 158.424276  68.735215  8.208
 29     7.512 53237.03949565 17.45 158.420316  68.732185  8.208
 29     6.069 53237.03949629 21.44 158.416366  68.729165  8.208
 29     4.421 53237.03949694 25.74 158.412406  68.726135  8.208
 29     4.961 53237.03949758 22.18 158.408456  68.723105  8.208
 30     7.312 53272.03945569 15.81 158.423549  68.713387 40.447
 30     6.897 53272.03945634 16.64 158.419588  68.710354 11.010
 31     1.106 53307.03950295 23.24 158.510947  68.798224  5.836
 31     1.251 53307.03950360 25.05 158.506977  68.795194  5.836
 31     1.420 53307.03950424 24.78 158.502997  68.792174  5.836
 31     1.359 53307.03950489 25.67 158.499017  68.789144  5.836
 31     1.362 53307.03950553 25.39 158.495037  68.786124  5.836
 31     1.276 53307.03950618 25.91 158.491067  68.783094  5.836
 31     1.119 53307.03950682 26.30 158.487087  68.780074  5.836
 31     1.169 53307.03950746 24.81 158.483117  68.777052  7.213
 31     1.176 53307.03950811 24.11 158.479147  68.774022  7.213
 31     1.102 53307.03950875 23.62 158.475177  68.771002  7.213
 31     1.377 53307.03951391 23.99 158.443447  68.746802  7.213
 31     2.315 53307.03951456 23.64 158.439487  68.743772  7.213
 31     1.241 53307.03951520 24.13 158.435527  68.740752  7.213
 31     1.195 53307.03951585 24.64 158.431567  68.737722  7.213
 31     1.187 53307.03951649 24.57 158.427607  68.734692  7.213
 31     1.286 53307.03951713 23.68 158.423647  68.731672  7.213
 31     4.279 53307.03951778 23.32 158.419687  68.728642  7.213
 31     4.138 53307.03951842 23.96 158.415737  68.725622  7.213
 31     1.362 53307.03951907 25.13 158.411777  68.722592  7.213
 33     5.608 53377.03940672 11.84 158.482943  68.789725  2.905
 33     5.685 53377.03940737 11.79 158.478973  68.786705  2.905
 33     5.768 53377.03940801 12.43 158.474993  68.783675  2.905
 33     5.428 53377.03940865 12.62 158.471023  68.780655  2.905
 33     5.656 53377.03940930 12.51 158.467053  68.777625  2.905
 33     6.140 53377.03940994 12.49 158.463093  68.774605  2.905
 33     6.511 53377.03941059 12.21 158.459123  68.771575  2.905
 33     6.178 53377.03941123 12.52 158.455153  68.768555  2.905
 33     6.602 53377.03941188 12.37 158.451193  68.765525  2.905
 33     6.782 53377.03941252 12.77 158.447223  68.762505  2.905
 33     6.181 53377.03941317 14.34 158.443263  68.759475  2.905
 33     6.260 53377.03941381 13.53 158.439303  68.756445  2.905
 33     5.744 53377.03941446 14.08 158.435343  68.753425  2.905
 33     5.711 53377.03941510 13.94 158.431383  68.750395  2.905
 33     5.352 53377.03941575 13.64 158.427413  68.747375  2.905
 33     4.631 53377.03941639 13.28 158.423457  68.744344  2.638
 33     3.942 53377.03941704 12.63 158.419507  68.741314  2.638
 33     4.613 53377.03941768 13.12 158.415547  68.738294  2.638
 33     4.751 53377.03941833 12.66 158.411587  68.735264  2.638
 33     4.496 53377.03941897 12.43 158.407637  68.732244  2.638
 33     4.867 53377.03941961 12.37 158.403687  68.729214  2.638
 35     5.618 53447.03944662 12.29 158.425209  68.716671  2.354
 35     5.609 53447.03944727 12.50 158.421259  68.713641  2.354
 35     5.608 53447.03944791 12.87 158.417309  68.710621  2.354
 36     5.462 53482.03951544 10.78 158.509483  68.797061  2.160
 36     5.522 53482.03951608 10.92 158.505503  68.794031  2.160
 36     5.811 53482.03951673 11.10 158.501523  68.791011  2.160
 36     6.175 53482.03951737 11.67 158.497543  68.787991  2.160
 36     6.642 53482.03951802 11.69 158.493573  68.784961  2.160
 36     6.804 53482.03951866 11.93 158.489596  68.781942  2.762
 36     7.382 53482.03951931 11.14 158.485626  68.778912  2.762
 36     7.439 53482.03951995 11.62 158.481646  68.775892  2.762
 36     7.548 53482.03952059 11.50 158.477676  68.772862  2.762
 36     7.658 53482.03952124 11.57 158.473706  68.769842  2.762
 36     6.233 53482.03952640 11.79 158.441976  68.745642  2.762
 36     5.223 53482.03952704 12.56 158.438016  68.742612  2.762
 36     4.806 53482.03952769 12.17 158.434056  68.739582  2.762
 36     5.049 53482.03952833 12.06 158.430096  68.736562  2.762
 36     5.247 53482.03952898 11.77 158.426136  68.733532  2.762
 36     5.463 53482.03952962 12.60 158.422176  68.730512  2.762
 36     5.471 53482.03953027 11.97 158.418226  68.727482  2.762
 36     5.127 53482.03953091 12.39 158.414266  68.724452  2.762
 36     5.150 53482.03953155 11.98 158.410313  68.721428  2.482
 37     3.839 53517.03951740 41.57 158.506905  68.797800 27.835
 37     3.924 53517.03951804 41.11 158.502925  68.794780 27.835
 37     4.815 53517.03951869 33.56 158.498955  68.791750 27.835
 37     5.472 53517.03951933 28.87 158.494975  68.788730 27.835
 37     5.654 53517.03951998 25.97 158.491005  68.785710 27.835
 37     5.669 53517.03952062 27.24 158.487025  68.782680 27.835
 37     7.604 53517.03952127 25.64 158.483055  68.779660 27.835
 37     7.663 53517.03952191 26.27 158.479085  68.776630 18.708
 37     7.893 53517.03952256 27.02 158.475115  68.773610 18.708
 37     8.027 53517.03952320 30.08 158.471145  68.770580 18.708
 37     8.095 53517.03952384 31.79 158.467175  68.767560 18.708
 37     3.956 53517.03952449 34.97 158.463205  68.764530 18.708
 37     3.978 53517.03952513 35.18 158.459245  68.761510 18.708
 37     3.888 53517.03952578 33.60 158.455275  68.758480 18.708
 37     8.748 53517.03952642 30.47 158.451315  68.755450 18.708
 37     8.614 53517.03952707 29.91 158.447345  68.752430 18.708
 37     8.710 53517.03952771 28.80 158.443385  68.749400 18.708
 37     8.903 53517.03952836 28.01 158.439425  68.746380 18.708
 37     8.827 53517.03952900 27.49 158.435465  68.743350 18.708
 37     8.327 53517.03952965 28.13 158.431505  68.740330 18.708
 37     3.947 53517.03953029 27.68 158.427545  68.737300 18.708
 37     3.954 53517.03953094 28.92 158.423585  68.734270 18.708
 37     3.898 53517.03953158 29.22 158.419635  68.731250 18.708
 37     3.836 53517.03953223 29.73 158.415675  68.728220 18.708
 37     3.904 53517.03953287 30.51 158.411725  68.725190 18.708
 37     3.762 53517.03953352 31.78 158.407765  68.722170 18.708
 38     8.141 53552.03953900 22.68 158.496081  68.794984 21.905
 38     3.584 53552.03953964 25.61 158.492111  68.791954 21.905
 38     3.660 53552.03954029 23.79 158.488131  68.788934 21.905
 38     6.724 53552.03954093 18.55 158.484151  68.785904 21.905
 38     7.129 53552.03954158 17.30 158.480181  68.782884 21.905
 38     7.192 53552.03954222 15.85 158.476213  68.779857  5.742
 38     7.342 53552.03954287 17.18 158.472243  68.776837  5.742
 38     7.779 53552.03954351 15.29 158.468263  68.773807  5.742
 38     7.906 53552.03954416 15.28 158.464303  68.770787  5.742
 38     8.019 53552.03954480 15.97 158.460333  68.767757  5.742
 38     8.074 53552.03954544 17.19 158.456363  68.764737  5.742
 38     8.075 53552.03954609 18.89 158.452393  68.761707  5.742
 38     8.176 53552.03954673 18.97 158.448433  68.758677  5.742
 38     8.227 53552.03954738 18.50 158.444463  68.755657  5.742
 38     8.386 53552.03954802 17.80 158.440503  68.752627  5.742
 38     8.554 53552.03954867 18.09 158.436543  68.749607  5.742
 38     8.675 53552.03954931 18.14 158.432583  68.746577  5.742
 38     8.515 53552.03954996 17.34 158.428623  68.743557  5.742
 38     8.154 53552.03955060 18.23 158.424663  68.740527  5.742
 38     3.834 53552.03955125 20.92 158.420703  68.737497  5.742
 38     4.064 53552.03955189 21.25 158.416743  68.734477  5.742
 38     4.591 53552.03955254 20.30 158.412793  68.731447  5.742
 38     7.661 53552.03955318 19.22 158.408833  68.728427  5.742
 38     7.826 53552.03955383 19.20 158.404883  68.725397  5.742
 39     2.837 53587.03949284 41.62 158.501674  68.795606 33.165
 39     2.738 53587.03949349 30.13 158.497694  68.792586 33.165
 39     2.864 53587.03949413 21.30 158.493724  68.789566 33.165
 39     2.757 53587.03949478 20.33 158.489744  68.786536 33.165
 39     6.583 53587.03949542 15.67 158.485774  68.783516 33.165
 39     6.679 53587.03949607 16.76 158.481804  68.780486 33.165
 39     7.129 53587.03949671 15.66 158.477834  68.777466 33.165
 39     7.417 53587.03949735 15.39 158.473858  68.774435 15.120
 39     7.908 53587.03949800 15.61 158.469888  68.771415 15.120
 39     8.088 53587.03949864 16.36 158.465928  68.768385 15.120
 39     8.072 53587.03949929 17.01 158.461958  68.765365 15.120
 39     8.363 53587.03949993 16.88 158.457988  68.762335 15.120
 39     8.221 53587.03950058 17.84 158.454028  68.759315 15.120
 39     8.203 53587.03950122 18.81 158.450068  68.756285 15.120
 39     7.858 53587.03950187 20.10 158.446098  68.753255 15.120
 39     8.509 53587.03950251 19.80 158.442138  68.750235 15.120
 39     8.678 53587.03950316 19.92 158.438178  68.747205 15.120
 39     8.712 53587.03950380 20.20 158.434218  68.744185 15.120
 39     8.395 53587.03950445 19.86 158.430258  68.741155 15.120
 39     7.835 53587.03950509 21.24 158.426298  68.738135 15.120
 39     2.889 53587.03950574 29.19 158.422348  68.735105 15.120
 39     2.925 53587.03950638 35.94 158.418388  68.732075 15.120
 39     3.051 53587.03950703 39.09 158.414438  68.729055 15.120
 39     3.012 53587.03950767 37.88 158.410478  68.726025 15.120
 40     3.202 53622.03945772 52.25 158.520694  68.796566 42.425
 40     3.289 53622.03945837 51.58 158.516714  68.793546 42.425
 40     3.201 53622.03945901 53.55 158.512734  68.790526 42.425
 40     3.346 53622.03945966 50.86 158.508754  68.787496 42.425
 40     3.260 53622.03946030 53.31 158.504784  68.784476 42.425
 40     3.192 53622.03946095 52.49 158.500804  68.781446 42.425
 40     3.354 53622.03947191 52.41 158.433359  68.730023 39.516
 40     3.390 53622.03947255 52.96 158.429399  68.726993 39.516
 40     3.370 53622.03947320 52.44 158.425439  68.723973 39.516
 40     3.454 53622.03947384 51.92 158.421489  68.720943 39.516
 40     3.437 53622.03947449 51.83 158.417529  68.717923 39.516
 40     3.457 53622.03947513 51.61 158.413579  68.714893 39.516
 41     5.050 53657.03948612 25.07 158.513716  68.795641 15.098
 41     4.751 53657.03948677 24.01 158.509736  68.792611 15.098
 41     5.028 53657.03948741 23.39 158.505756  68.789591 15.098
 41     6.723 53657.03948806 21.84 158.501786  68.786571 15.098
 41     6.974 53657.03948870 21.73 158.497806  68.783541 15.098
 41     7.321 53657.03948935 21.63 158.493837  68.780522  4.590
 41     7.442 53657.03948999 20.73 158.489857  68.777492  4.590
 41     5.033 53657.03949902 22.92 158.434337  68.735142  4.590
 41     5.237 53657.03949966 22.47 158.430377  68.732112  4.590
 41     5.362 53657.03950031 23.68 158.426427  68.729092  4.590
 41     5.169 53657.03950095 24.52 158.422467  68.726062  4.590
 41     4.820 53657.03950160 24.33 158.418507  68.723042  4.590
 41     4.663 53657.03950224 25.25 158.414562  68.720009  7.748
 42     0.078 53692.03947254 24.78 158.497409  68.795160  8.447
 42     0.047 53692.03947319 26.67 158.493429  68.792140  8.447
 42     0.168 53692.03947383 28.96 158.489449  68.789110  8.447
 42     0.151 53692.03947448 29.19 158.485479  68.786090  8.447
 42     0.051 53692.03947512 29.60 158.481509  68.783060  8.447
 42     0.208 53692.03947577 30.03 158.477539  68.780040  8.447
 42     0.109 53692.03947641 28.08 158.473561  68.777011 15.463
 42     0.104 53692.03947706 29.69 158.469591  68.773991 15.463
 42     0.170 53692.03947770 28.25 158.465621  68.770961 15.463
 42     0.142 53692.03947835 28.38 158.461661  68.767941 15.463
 42     0.228 53692.03947899 28.20 158.457691  68.764911 15.463
 42     0.199 53692.03947964 28.29 158.453721  68.761891 15.463
 42     0.133 53692.03948028 27.89 158.449761  68.758861 15.463
 42     0.220 53692.03948092 28.10 158.445801  68.755831 15.463
 42     0.217 53692.03948157 27.74 158.441831  68.752811 15.463
 42     0.140 53692.03948221 29.07 158.437871  68.749781 15.463
 42     0.101 53692.03948286 29.12 158.433911  68.746761 15.463
 42     0.133 53692.03948350 27.18 158.429951  68.743731 15.463
 42     0.116 53692.03948415 26.75 158.425991  68.740711 15.463
 42     0.140 53692.03948479 27.80 158.422031  68.737681 15.463
 42     0.183 53692.03948544 28.50 158.418081  68.734651 15.463
 42     0.094 53692.03948608 26.87 158.414121  68.731631 15.463
 42     0.121 53692.03948673 27.08 158.410171  68.728601 15.463
 42     0.188 53692.03948737 27.76 158.406211  68.725581 15.463
 43     0.261 53727.03939787 22.17 158.479222  68.787951  4.515
 43     0.163 53727.03939852 23.31 158.475252  68.784921  4.515
 43     0.169 53727.03939916 23.55 158.471282  68.781901  4.515
 43     0.242 53727.03939980 23.12 158.467312  68.778871  4.515
 43     0.148 53727.03940045 22.91 158.463341  68.775855  8.247
 43     0.092 53727.03940109 23.67 158.459371  68.772825  8.247
 43     0.137 53727.03940174 23.55 158.455411  68.769795  8.247
 43     0.162 53727.03940238 24.48 158.451441  68.766775  8.247
 43     0.355 53727.03940303 23.03 158.447481  68.763745  8.247
 43     0.199 53727.03940367 23.92 158.443511  68.760725  8.247
 43     0.091 53727.03940432 23.74 158.439551  68.757695  8.247
 43     0.201 53727.03940496 23.48 158.435591  68.754665  8.247
 43     0.206 53727.03940561 23.44 158.431631  68.751645  8.247
 43     0.112 53727.03940625 22.84 158.427671  68.748615  8.247
 43     0.207 53727.03940690 22.74 158.423711  68.745595  8.247
 43     0.263 53727.03940754 22.48 158.419751  68.742565  8.247
 43     0.229 53727.03940819 22.90 158.415801  68.739545  8.247
 43     0.394 53727.03940883 21.70 158.411841  68.736515  8.247
 43     0.147 53727.03940947 22.35 158.407891  68.733485  8.247
 43     0.208 53727.03941012 21.80 158.403931  68.730465  8.247
 44     0.492 53762.03936486 19.15 158.426171  68.718511  5.089
 44     0.541 53762.03936550 19.86 158.422211  68.715491  5.089
 44     0.368 53762.03936615 19.73 158.418261  68.712461  5.089
 45     5.354 53797.03936231 11.63 158.495220  68.793527  2.367
 45     5.493 53797.03936296 12.02 158.491250  68.790497  2.367
 45     5.998 53797.03936360 11.97 158.487270  68.787477  2.367
 45     6.414 53797.03936425 12.01 158.483300  68.784447  2.367
 45     5.938 53797.03936489 12.13 158.479330  68.781427  2.367
 45     6.111 53797.03936554 12.25 158.475359  68.778396  3.037
 45     5.532 53797.03936618 12.70 158.471389  68.775376  3.037
 45     5.200 53797.03936683 12.86 158.467419  68.772346  3.037
 45     5.150 53797.03936747 12.36 158.463449  68.769326  3.037
 45     5.487 53797.03936812 12.47 158.459489  68.766296  3.037
 45     6.087 53797.03936876 12.25 158.455519  68.763276  3.037
 45     6.381 53797.03936941 11.95 158.451559  68.760246  3.037
 45     6.733 53797.03937005 12.38 158.447589  68.757216  3.037
 45     4.720 53797.03937069 12.50 158.443629  68.754196  3.037
 45     6.104 53797.03937134 12.35 158.439669  68.751166  3.037
 45     5.679 53797.03937198 12.03 158.435709  68.748146  3.037
 45     3.985 53797.03937263 12.39 158.431749  68.745116  3.037
 45     3.571 53797.03937327 12.70 158.427789  68.742096  3.037
 45     3.891 53797.03937392 12.50 158.423829  68.739066  3.037
 45     3.651 53797.03937456 12.58 158.419879  68.736036  3.037
 45     4.117 53797.03937521 12.63 158.415919  68.733016  3.037
 45     4.495 53797.03937585 12.57 158.411969  68.729986  3.037
 45     3.917 53797.03937650 12.78 158.408019  68.726956  3.037
 47     3.243 53867.03941933  8.09 158.514843  68.797604  5.953
 47     3.181 53867.03941997  9.66 158.510863  68.794584  5.953
 47     3.703 53867.03942062  8.63 158.506883  68.791554  5.953
 47     1.966 53867.03942126 10.87 158.502913  68.788534  5.953
 47     1.496 53867.03942191 14.14 158.498933  68.785504  5.953
 47     2.196 53867.03942255 10.69 158.494953  68.782484  5.953
 47     7.756 53867.03942320 10.45 158.490983  68.779464  5.953
 47     7.919 53867.03942384  7.90 158.487013  68.776434  5.953
 47    -0.004 53867.03943222  9.28 158.435454  68.737104 13.295
 47     0.109 53867.03943287 13.44 158.431494  68.734084 13.295
 47     0.969 53867.03943351  9.41 158.427534  68.731054 13.295
 47     1.841 53867.03943415 10.96 158.423584  68.728034 13.295
 47     0.021 53867.03943480 12.75 158.419624  68.725004 13.295
 47     2.582 53867.03943544 13.06 158.415674  68.721974 13.295
 47     0.721 53867.03943609 15.88 158.411714  68.718954 13.295
 48     8.574 53902.03944937 25.65 158.508498  68.797358 22.973
 48     8.441 53902.03945001 17.52 158.504518  68.794328 22.973
 48     7.702 53902.03945066 18.49 158.500548  68.791308 22.973
 48     7.209 53902.03945130 19.85 158.496568  68.788288 22.973
 48     7.148 53902.03945195 20.47 158.492588  68.785258 22.973
 48     7.437 53902.03945259 21.14 158.488618  68.782238 22.973
 48     7.881 53902.03945324 21.03 158.484648  68.779208 22.973
 48     7.616 53902.03945388 24.33 158.480678  68.776188 22.973
 48     7.830 53902.03945452 25.78 158.476701  68.773159  9.501
 48     8.108 53902.03945517 24.29 158.472731  68.770139  9.501
 48     8.236 53902.03945581 25.54 158.468761  68.767109  9.501
 48     8.385 53902.03945904 27.08 158.448941  68.751979  9.501
 48     8.839 53902.03945968 26.14 158.444971  68.748959  9.501
 48     8.960 53902.03946033 24.92 158.441011  68.745929  9.501
 48     8.976 53902.03946097 24.60 158.437051  68.742909  9.501
 48     8.936 53902.03946162 20.23 158.433091  68.739879  9.501
 48     8.761 53902.03946226 18.10 158.429131  68.736859  9.501
 48     8.390 53902.03946291 16.70 158.425171  68.733829  9.501
 48     7.719 53902.03946355 17.38 158.421221  68.730799  9.501
 48     7.266 53902.03946419 19.38 158.417261  68.727779  9.501
 48     7.451 53902.03946484 19.99 158.413311  68.724749  9.501
 48     7.840 53902.03946548 16.87 158.409351  68.721719  9.501
 49     2.724 53937.03948861 23.01 158.495144  68.794255 18.576
 49     2.905 53937.03948926 23.47 158.491174  68.791235 18.576
 49     2.964 53937.03948990 21.22 158.487194  68.788205 18.576
 49     5.816 53937.03949055 19.09 158.483214  68.785185 18.576
 49     6.225 53937.03949119 19.55 158.479244  68.782155 18.576
 49     7.101 53937.03949183 14.28 158.475274  68.779135 18.576
 49     7.387 53937.03949248 14.53 158.471304  68.776115 18.576
 49     7.768 53937.03949312 14.48 158.467334  68.773085 18.576
 49     7.677 53937.03949377 14.99 158.463364  68.770065 18.576
 49     7.895 53937.03949441 14.30 158.459388  68.767032  6.629
 49     7.907 53937.03949506 17.10 158.455418  68.764012  6.629
 49     7.968 53937.03949570 18.72 158.451458  68.760982  6.629
 49     7.891 53937.03949635 16.54 158.447488  68.757962  6.629
 49     7.649 53937.03949699 17.36 158.443528  68.754932  6.629
 49     5.608 53937.03949764 19.27 158.439558  68.751912  6.629
 49     8.132 53937.03949828 20.38 158.435598  68.748882  6.629
 49     7.872 53937.03949893 20.53 158.431638  68.745852  6.629
 49     2.617 53937.03949957 22.18 158.427678  68.742832  6.629
 49     3.249 53937.03950022 21.19 158.423718  68.739802  6.629
 49     3.754 53937.03950086 20.17 158.419758  68.736782  6.629
 49     6.894 53937.03950150 18.68 158.415798  68.733752  6.629
 49     7.546 53937.03950215 17.15 158.411848  68.730732  6.629
 49     7.851 53937.03950279 16.50 158.407888  68.727702  6.629
 50     4.039 53972.03945421 28.90 158.488102  68.792233 18.565
 50     4.063 53972.03945485 24.01 158.484122  68.789213 18.565
 50     4.187 53972.03945550 23.87 158.480152  68.786183 18.565
 50     6.701 53972.03945614 18.66 158.476182  68.783163 18.565
 50     6.891 53972.03945679 19.02 158.472202  68.780133 18.565
 50     6.963 53972.03945743 19.57 158.468232  68.777113 18.565
 50     7.332 53972.03945808 18.19 158.464262  68.774083 18.565
 50     7.562 53972.03945872 17.40 158.460302  68.771063 18.565
 50     7.410 53972.03945937 20.68 158.456332  68.768033 18.565
 50     6.967 53972.03946001 23.68 158.452363  68.765015 10.247
 50     7.230 53972.03946066 23.25 158.448403  68.761985 10.247
 50     7.177 53972.03946130 23.49 158.444433  68.758955 10.247
 50     7.641 53972.03946195 21.12 158.440473  68.755935 10.247
 50     7.736 53972.03946259 19.59 158.436513  68.752905 10.247
 50     8.054 53972.03946323 21.48 158.432543  68.749885 10.247
 50     8.032 53972.03946388 20.06 158.428583  68.746855 10.247
 50     8.222 53972.03946452 16.72 158.424623  68.743825 10.247
 50     8.035 53972.03946517 16.30 158.420673  68.740805 10.247
 50     7.244 53972.03946581 19.87 158.416713  68.737775 10.247
 50     7.042 53972.03946646 22.44 158.412753  68.734755 10.247
 50     4.302 53972.03946710 27.47 158.408803  68.731725 10.247
 50     4.354 53972.03946775 29.19 158.404843  68.728695 10.247
 52     5.011 54042.03946239 12.93 158.521380  68.797143  2.786
 52     4.806 54042.03946304 12.46 158.517400  68.794113  2.786
 52     5.333 54042.03946368 12.28 158.513422  68.791089  4.091
 52     6.238 54042.03946432 11.62 158.509442  68.788069  4.091
 52     7.170 54042.03946497 12.23 158.505472  68.785039  4.091
 52     7.333 54042.03946561 12.63 158.501492  68.782019  4.091
 52     5.430 54042.03947657 13.28 158.434079  68.730592  4.143
 52     5.512 54042.03947722 13.78 158.430119  68.727562  4.143
 52     5.514 54042.03947786 12.65 158.426169  68.724542  4.143
 52     5.343 54042.03947851 13.21 158.422209  68.721512  4.143
 52     5.085 54042.03947915 12.42 158.418259  68.718492  4.143
 52     4.795 54042.03947980 12.45 158.414299  68.715462  4.143
 53     5.377 54077.03945774 12.61 158.497567  68.794529  2.458
 53     5.863 54077.03945839 12.28 158.493597  68.791509  2.458
 53     6.108 54077.03945903 12.63 158.489617  68.788479  2.458
 53     6.444 54077.03945968 12.30 158.485647  68.785459  2.458
 53     6.889 54077.03946032 12.32 158.481677  68.782429  2.458
 53     6.761 54077.03946097 12.30 158.477707  68.779409  2.458
 53     6.965 54077.03946161 12.00 158.473737  68.776379  2.458
 53     7.376 54077.03946226 11.85 158.469767  68.773359  2.458
 53     7.032 54077.03946290 11.92 158.465797  68.770329  2.458
 53     7.407 54077.03946355 12.02 158.461828  68.767305  2.835
 53     6.930 54077.03946419 12.30 158.457858  68.764285  2.835
 53     6.810 54077.03946484 11.70 158.453898  68.761255  2.835
 53     7.053 54077.03946548 12.43 158.449928  68.758235  2.835
 53     5.955 54077.03946613 12.73 158.445968  68.755205  2.835
 53     6.746 54077.03946677 12.52 158.442008  68.752185  2.835
 53     5.834 54077.03946741 12.25 158.438048  68.749155  2.835
 53     5.300 54077.03946806 12.47 158.434088  68.746125  2.835
 53     4.799 54077.03946870 12.20 158.430128  68.743105  2.835
 53     4.168 54077.03946935 12.42 158.426168  68.740075  2.835
 53     4.632 54077.03946999 12.36 158.422208  68.737055  2.835
 53     3.954 54077.03947064 12.09 158.418258  68.734025  2.835
 53     4.516 54077.03947128 11.93 158.414298  68.730995  2.835
 53     4.282 54077.03947193 11.85 158.410338  68.727975  2.835
 53     4.234 54077.03947257 11.73 158.406388  68.724945  2.835
 54     6.003 54112.03940058 10.19 158.468534  68.783371  2.279
 54     5.978 54112.03940122 10.80 158.464564  68.780341  2.279
 54     4.082 54112.03940831 10.62 158.420967  68.747058  2.504
 54     4.061 54112.03940896 10.26 158.417007  68.744038  2.504
 54     4.413 54112.03940960 10.09 158.413047  68.741008  2.504
 54     4.040 54112.03941025  9.76 158.409097  68.737978  2.504
 54     3.857 54112.03941089  9.82 158.405137  68.734958  2.504
 56     5.890 54182.03938740  8.70 158.476945  68.787126  2.432
 56     6.487 54182.03938804  8.70 158.472975  68.784106  2.432
 56     6.229 54182.03938868  8.65 158.469005  68.781076  2.432
 56     6.549 54182.03938933  9.10 158.465035  68.778056  2.432
 56     6.676 54182.03938997  8.90 158.461065  68.775026  2.432
 56     6.944 54182.03939062  8.56 158.457105  68.772006  2.432
 56     6.575 54182.03939126  8.59 158.453135  68.768976  2.432
 56     7.129 54182.03939191  8.53 158.449165  68.765956  2.432
 56     6.983 54182.03939255  8.33 158.445205  68.762926  2.432
 56     6.921 54182.03939320  8.56 158.441245  68.759896  2.432
 56     6.697 54182.03939384  8.93 158.437275  68.756876  2.432
 56     5.791 54182.03939578  9.13 158.425395  68.747796  2.432
 56     5.158 54182.03939642  8.97 158.421445  68.744776  2.432
 56     4.616 54182.03939707  9.00 158.417478  68.741743  2.319
 56     4.009 54182.03939771  9.05 158.413528  68.738723  2.319
 56     4.364 54182.03939835  9.19 158.409568  68.735693  2.319
 56     5.119 54182.03939900  9.06 158.405618  68.732663  2.319
 57     5.243 54217.03940725  7.80 158.515561  68.797440  2.278
 57     5.489 54217.03940790  7.85 158.511581  68.794420  2.278
 57     6.368 54217.03940854  8.17 158.507601  68.791390  2.278
 57     6.778 54217.03940919  7.86 158.503621  68.788370  2.278
 57     7.411 54217.03940983  7.72 158.499651  68.785350  2.278
 57     7.685 54217.03941048  8.16 158.495671  68.782320  2.278
 57     7.669 54217.03941112  8.10 158.491701  68.779300  2.278
 57     6.077 54217.03942015  8.42 158.436175  68.736948  2.826
 57     4.010 54217.03942079  8.84 158.432215  68.733918  2.826
 57     3.232 54217.03942144  9.09 158.428255  68.730888  2.826
 57     5.058 54217.03942208  9.19 158.424295  68.727868  2.826
 57     4.957 54217.03942273  8.73 158.420345  68.724838  2.826
 57     4.743 54217.03942337  9.07 158.416385  68.721818  2.826
 57     4.420 54217.03942402  8.69 158.412435  68.718788  2.826
 58     8.217 54252.03943328 53.30 158.510162  68.797419 51.205
 58     8.215 54252.03943393 52.99 158.506182  68.794399 51.205
 58     8.218 54252.03943457 44.43 158.502212  68.791379 51.205
 58     8.226 54252.03943522 48.82 158.498232  68.788349 51.205
 58     8.230 54252.03943586 52.11 158.494262  68.785329 51.205
 58     8.238 54252.03943651 51.76 158.490282  68.782299 51.205
 58     8.252 54252.03943715 52.30 158.486312  68.779279 51.205
 58     8.261 54252.03943780 53.64 158.482342  68.776249 51.205
 58     8.272 54252.03943844 53.60 158.478372  68.773229 51.205
 58     8.283 54252.03943908 50.98 158.474392  68.770199 51.205
 58     8.398 54252.03944424 52.10 158.442672  68.745999 51.205
 58     8.406 54252.03944489 52.00 158.438713  68.742973 48.723
 58     8.414 54252.03944553 51.92 158.434753  68.739943 48.723
 58     8.427 54252.03944618 50.74 158.430793  68.736923 48.723
 58     8.438 54252.03944682 52.08 158.426833  68.733893 48.723
 58     8.451 54252.03944747 52.13 158.422883  68.730873 48.723
 58     8.464 54252.03944811 51.79 158.418923  68.727843 48.723
 58     8.479 54252.03944875 51.63 158.414963  68.724813 48.723
 58     8.491 54252.03944940 49.89 158.411013  68.721793 48.723
 59     4.029 54287.03943902 51.26 158.504581  68.795796 42.384
 59     3.659 54287.03943966 51.87 158.500601  68.792766 42.384
 59     3.787 54287.03944031 51.23 158.496631  68.789746 42.384
 59     3.825 54287.03944095 51.21 158.492651  68.786716 42.384
 59     3.838 54287.03944160 51.35 158.488681  68.783696 42.384
 59     3.842 54287.03944224 50.32 158.484711  68.780666 42.384
 59     3.846 54287.03944289 50.80 158.480741  68.777646 42.384
 59     3.849 54287.03944353 50.64 158.476771  68.774616 42.384
 59     3.854 54287.03944418 51.23 158.472801  68.771596 42.384
 59     3.855 54287.03944482 51.76 158.468831  68.768566 42.384
 59     3.856 54287.03944547 50.51 158.464861  68.765546 42.384
 59     3.862 54287.03944676 48.66 158.456931  68.759496 42.384
 59     3.868 54287.03944740 49.22 158.452961  68.756466 42.384
 59     3.872 54287.03944805 51.65 158.449001  68.753446 42.384
 59     3.881 54287.03944869 51.51 158.445041  68.750416 42.384
 59     3.880 54287.03944933 51.10 158.441081  68.747386 42.384
 59     3.884 54287.03944998 50.83 158.437121  68.744366 42.384
 59     3.885 54287.03945062 51.32 158.433153  68.741339 48.290
 59     3.885 54287.03945127 51.40 158.429203  68.738309 48.290
 59     3.888 54287.03945191 51.15 158.425243  68.735289 48.290
 59     3.890 54287.03945256 51.52 158.421283  68.732259 48.290
 59     3.893 54287.03945320 51.34 158.417333  68.729239 48.290
 59     3.893 54287.03945385 52.12 158.413373  68.726209 48.290
 59     3.897 54287.03945449 51.18 158.409423  68.723179 48.290
 60     5.432 54322.03943610 23.87 158.506763  68.795860  7.853
 60     5.917 54322.03943675 19.04 158.502793  68.792830  7.853
 60     6.674 54322.03943739 18.30 158.498813  68.789810  7.853
 60     6.942 54322.03943804 17.00 158.494843  68.786780  7.853
 60     7.247 54322.03943868 17.06 158.490863  68.783760  7.853
 60     7.662 54322.03943933 18.37 158.486893  68.780730  7.853
 60     7.514 54322.03943997 20.88 158.482923  68.777710  7.853
 60     8.016 54322.03944062 18.30 158.478953  68.774680  7.853
 60     8.143 54322.03944126 19.30 158.474983  68.771660  7.853
 60     8.140 54322.03944191 19.96 158.471013  68.768630  7.853
 60     7.581 54322.03944577 21.59 158.447213  68.750480  7.853
 60     8.201 54322.03944642 22.30 158.443253  68.747450  7.853
 60     7.677 54322.03944706 24.02 158.439293  68.744430  7.853
 60     2.564 54322.03944771 25.13 158.435338  68.741403 13.319
 60     2.493 54322.03944835 25.57 158.431378  68.738373 13.319
 60     2.539 54322.03944900 26.16 158.427418  68.735353 13.319
 60     2.513 54322.03944964 24.87 158.423458  68.732323 13.319
 60     2.570 54322.03945029 31.47 158.419508  68.729303 13.319
 60     2.462 54322.03945093 35.81 158.415548  68.726273 13.319
 60     3.696 54322.03945158 26.76 158.411598  68.723243 13.319
 61     3.855 54357.03939702 25.31 158.482947  68.789912 11.873
 61     7.766 54357.03939766 19.40 158.478977  68.786882 11.873
 61     7.569 54357.03939831 17.04 158.474997  68.783862 11.873
 61     7.380 54357.03939895 16.73 158.471027  68.780832 11.873
 61     7.195 54357.03939960 16.87 158.467057  68.777812 11.873
 61     7.309 54357.03940024 17.35 158.463087  68.774782 11.873
 61     7.416 54357.03940089 17.49 158.459127  68.771762 11.873
 61     7.376 54357.03940153 18.42 158.455157  68.768732 11.873
 61     7.569 54357.03940218 17.20 158.451187  68.765712 11.873
 61     7.414 54357.03940282 20.06 158.447227  68.762682 11.873
 61     7.213 54357.03940347 22.17 158.443267  68.759652 11.873
 61     7.221 54357.03940411 19.78 158.439297  68.756632 11.873
 61     7.212 54357.03940476 19.07 158.435337  68.753602 11.873
 61     7.747 54357.03940540 18.56 158.431377  68.750582 11.873
 61     6.889 54357.03940605 19.48 158.427417  68.747552 11.873
 61     7.176 54357.03940669 20.05 158.423457  68.744522 11.873
 61     6.950 54357.03940733 21.39 158.419508  68.741497 12.345
 61     7.348 54357.03940798 20.57 158.415548  68.738477 12.345
 61     7.590 54357.03940862 19.58 158.411588  68.735447 12.345
 61     7.877 54357.03940927 19.23 158.407638  68.732427 12.345
 61     8.087 54357.03940991 19.45 158.403688  68.729397 12.345
 62     1.255 54392.03937627 33.85 158.510581  68.797444 26.340
 62     1.171 54392.03937692 36.31 158.506601  68.794424 26.340
 62     1.144 54392.03937756 41.22 158.502621  68.791394 26.340
 62     1.238 54392.03937821 41.94 158.498651  68.788374 26.340
 62     1.222 54392.03937885 41.12 158.494671  68.785354 26.340
 62     1.164 54392.03937950 44.27 158.490701  68.782324 26.340
 62     1.241 54392.03938014 40.84 158.486731  68.779304 26.340
 62     1.144 54392.03938079 39.03 158.482761  68.776274 26.340
 62     1.194 54392.03938143 44.08 158.478781  68.773254 26.340
 62     1.665 54392.03938788 39.65 158.439131  68.742994 26.340
 62     1.213 54392.03938852 41.93 158.435171  68.739974 26.340
 62     1.269 54392.03938917 40.00 158.431219  68.736947 27.125
 62     1.202 54392.03938981 41.59 158.427259  68.733917 27.125
 62     1.227 54392.03939046 38.15 158.423299  68.730897 27.125
 62     1.118 54392.03939110 39.06 158.419349  68.727867 27.125
 62     1.130 54392.03939175 36.44 158.415389  68.724837 27.125
 62     1.122 54392.03939239 35.78 158.411439  68.721817 27.125
 63     5.436 54427.03934561 18.06 158.500704  68.796150  3.112
 63     5.993 54427.03934626 17.64 158.496734  68.793120  3.112
 63     5.935 54427.03934690 18.06 158.492754  68.790100  3.112
 63     6.319 54427.03934755 17.99 158.488784  68.787070  3.112
 63     6.575 54427.03934819 18.03 158.484804  68.784050  3.112
 63     7.055 54427.03934884 17.89 158.480834  68.781020  3.112
 63     7.096 54427.03934948 17.88 158.476864  68.778000  3.112
 63     7.322 54427.03935013 17.71 158.472894  68.774970  3.112
 63     7.415 54427.03935077 17.93 158.468924  68.771950  3.112
 63     7.403 54427.03935142 17.93 158.464954  68.768920  3.112
 63     7.580 54427.03935206 17.39 158.460994  68.765900  3.112
 63     7.645 54427.03935271 17.96 158.457024  68.762870  3.112
 63     7.273 54427.03935335 17.57 158.453064  68.759850  3.112
 63     7.355 54427.03935400 17.56 158.449094  68.756820  3.112
 63     7.116 54427.03935464 18.05 158.445134  68.753800  3.112
 63     6.605 54427.03935528 18.27 158.441174  68.750770  3.112
 63     6.113 54427.03935593 18.54 158.437214  68.747740  3.112
 63     4.508 54427.03935657 18.88 158.433254  68.744720  3.112
 63     5.132 54427.03935722 17.77 158.429294  68.741690  3.112
 63     4.841 54427.03935786 18.11 158.425334  68.738670  3.112
 63     5.333 54427.03935851 17.61 158.421376  68.735638  2.857
 63     4.909 54427.03935915 17.49 158.417416  68.732618  2.857
 63     6.477 54427.03935980 17.15 158.413466  68.729588  2.857
 63     6.199 54427.03936044 17.45 158.409516  68.726558  2.857
 64     5.047 54462.03935348 12.67 158.518201  68.797771  2.583
 64     5.196 54462.03935412 12.37 158.514221  68.794751  2.583
 64     6.367 54462.03935477 12.54 158.510241  68.791721  2.583
 64     6.783 54462.03935541 12.88 158.506271  68.788701  2.583
 64     7.022 54462.03935605 13.26 158.502291  68.785681  2.583
 64     7.552 54462.03935670 13.07 158.498321  68.782651  2.583
 64     7.879 54462.03935734 13.43 158.494341  68.779631  2.583
 64     7.870 54462.03936701 12.13 158.434855  68.734247  2.562
 64     4.208 54462.03936766 12.68 158.430895  68.731227  2.562
 64     5.167 54462.03936830 12.97 158.426935  68.728197  2.562
 64     5.267 54462.03936895 12.37 158.422985  68.725167  2.562
 64     5.364 54462.03936959 12.62 158.419025  68.722147  2.562
 64     4.577 54462.03937024 12.91 158.415075  68.719117  2.562
 65     5.364 54497.03935380 11.55 158.498192  68.794108  2.125
 65     6.043 54497.03935445 11.17 158.494212  68.791078  2.125
 65     6.515 54497.03935509 11.21 158.490242  68.788058  2.125
 65     6.884 54497.03935574 11.55 158.486262  68.785028  2.125
 65     7.182 54497.03935638 11.14 158.482292  68.782008  2.125
 65     7.432 54497.03935703 11.77 158.478325  68.778980  2.554
 65     7.471 54497.03935767 11.72 158.474355  68.775960  2.554
 65     7.681 54497.03935831 11.50 158.470385  68.772930  2.554
 65     7.583 54497.03935896 11.41 158.466415  68.769910  2.554
 65     7.657 54497.03935960 11.86 158.462445  68.766880  2.554
 65     7.793 54497.03936025 11.15 158.458485  68.763860  2.554
 65     7.482 54497.03936089 11.18 158.454515  68.760830  2.554
 65     7.446 54497.03936154 11.45 158.450555  68.757800  2.554
 65     7.149 54497.03936218 11.81 158.446585  68.754780  2.554
 65     6.698 54497.03936283 12.14 158.442625  68.751750  2.554
 65     6.242 54497.03936347 11.87 158.438665  68.748730  2.554
 65     5.787 54497.03936412 11.87 158.434705  68.745700  2.554
 65     5.117 54497.03936476 11.66 158.430745  68.742680  2.554
 65     6.584 54497.03936541 11.40 158.426785  68.739650  2.554
 65     4.612 54497.03936605 11.27 158.422835  68.736620  2.554
 65     5.592 54497.03936670 11.70 158.418875  68.733600  2.554
 65     5.944 54497.03936734 11.57 158.414915  68.730570  2.554
 65     5.712 54497.03936798 11.65 158.410965  68.727550  2.554
 65     5.499 54497.03936863 11.90 158.407015  68.724520  2.554
 66     5.064 54532.03936682 11.18 158.515084  68.797313  2.155
 66     5.232 54532.03936747 11.76 158.511104  68.794293  2.155
 66     6.096 54532.03936811 11.04 158.507124  68.791273  2.155
 66     6.857 54532.03936876 11.03 158.503144  68.788243  2.155
 66     7.124 54532.03936940 12.80 158.499168  68.785224  2.702
 66     7.502 54532.03937005 11.74 158.495198  68.782194  2.702
 66     7.815 54532.03937069 11.93 158.491228  68.779174  2.702
 66     4.871 54532.03937972 11.14 158.435708  68.736814  2.702
 66     4.936 54532.03938036 11.09 158.431748  68.733794  2.702
 66     6.279 54532.03938101 10.89 158.427788  68.730764  2.702
 66     6.238 54532.03938165 10.93 158.423838  68.727744  2.702
 66     5.854 54532.03938230 11.21 158.419877  68.724712  2.285
 66     5.670 54532.03938294 10.81 158.415927  68.721692  2.285
 66     4.739 54532.03938358 11.25 158.411977  68.718662  2.285
 67     5.887 54567.03935998 11.76 158.483322  68.790128  2.056
 67     6.451 54567.03936062 12.06 158.479352  68.787108  2.056
 67     6.620 54567.03936127 11.90 158.475375  68.784076  2.321
 67     6.954 54567.03936191 11.83 158.471405  68.781056  2.321
 67     7.096 54567.03936255 11.99 158.467435  68.778026  2.321
 67     7.265 54567.03936320 11.52 158.463465  68.775006  2.321
 67     7.405 54567.03936384 11.77 158.459505  68.771976  2.321
 67     7.364 54567.03936449 12.03 158.455535  68.768956  2.321
 67     7.265 54567.03936513 11.64 158.451565  68.765926  2.321
 67     7.290 54567.03936578 11.76 158.447605  68.762896  2.321
 67     7.091 54567.03936642 11.90 158.443635  68.759876  2.321
 67     6.764 54567.03936707 12.13 158.439675  68.756846  2.321
 67     6.477 54567.03936771 11.95 158.435715  68.753826  2.321
 67     6.215 54567.03936836 12.20 158.431755  68.750796  2.321
 67     5.976 54567.03936900 11.92 158.427795  68.747776  2.321
 67     6.613 54567.03936965 11.55 158.423835  68.744746  2.321
 67     6.857 54567.03937029 11.68 158.419875  68.741716  2.321
 67     6.872 54567.03937094 11.67 158.415925  68.738696  2.321
 67     6.987 54567.03937158 11.62 158.411965  68.735666  2.321
 67     7.407 54567.03937223 11.64 158.408015  68.732636  2.321
 67     7.605 54567.03937287 11.52 158.404055  68.729616  2.321
 68     8.378 54602.03936236 12.48 158.510049  68.796416  8.974
 68     0.791 54602.03936301 19.19 158.506069  68.793396  8.974
 68     6.400 54602.03936365 16.31 158.502089  68.790366  8.974
 68     6.693 54602.03936430 15.98 158.498119  68.787346  8.974
 68     6.679 54602.03936494 15.66 158.494139  68.784316  8.974
 68     1.051 54602.03936558 18.87 158.490169  68.781296  8.974
 68     8.155 54602.03936623 19.35 158.486199  68.778276  8.974
 68     7.188 54602.03936687 21.55 158.482219  68.775246  8.974
 68     7.348 54602.03936752 19.24 158.478249  68.772226  8.974
 68     8.181 54602.03937397 13.31 158.438604  68.741963 13.975
 68     4.894 54602.03937461 13.40 158.434644  68.738943 13.975
 68     5.034 54602.03937525 12.60 158.430684  68.735913 13.975
 68     6.327 54602.03937590 12.83 158.426724  68.732893 13.975
 68     5.594 54602.03937654 14.81 158.422764  68.729863 13.975
 68     4.540 54602.03937719 18.87 158.418814  68.726833 13.975
 68     0.570 54602.03937783 23.01 158.414854  68.723813 13.975
 68     0.611 54602.03937848 25.71 158.410904  68.720783 13.975
 69     8.045 54637.03937393 28.59 158.505700  68.797329 34.247
 69     5.315 54637.03937457 28.79 158.501730  68.794309 34.247
 69     5.211 54637.03937522 29.94 158.497750  68.791279 34.247
 69     6.026 54637.03937586 24.44 158.493770  68.788259 34.247
 69     6.257 54637.03937651 22.98 158.489803  68.785237  8.449
 69     7.180 54637.03937715 21.30 158.485823  68.782207  8.449
 69     7.785 54637.03937780 20.20 158.481853  68.779187  8.449
 69     7.380 54637.03937844 23.17 158.477883  68.776157  8.449
 69     7.873 54637.03937909 22.58 158.473913  68.773137  8.449
 69     7.969 54637.03937973 23.42 158.469943  68.770107  8.449
 69     8.140 54637.03938038 23.25 158.465973  68.767087  8.449
 69     8.103 54637.03938102 23.93 158.462003  68.764057  8.449
 69     8.268 54637.03938167 23.47 158.458043  68.761037  8.449
 69     8.361 54637.03938231 21.25 158.454073  68.758007  8.449
 69     8.602 54637.03938295 22.62 158.450113  68.754987  8.449
 69     7.950 54637.03938360 24.44 158.446153  68.751957  8.449
 69     8.786 54637.03938424 23.17 158.442183  68.748937  8.449
 69     8.972 54637.03938489 21.22 158.438223  68.745907  8.449
 69     8.891 54637.03938553 21.31 158.434263  68.742877  8.449
 69     8.438 54637.03938618 22.96 158.430303  68.739857  8.449
 69     4.804 54637.03938682 23.64 158.426343  68.736827  8.449
 69     5.303 54637.03938747 24.23 158.422393  68.733807  8.449
 69     5.555 54637.03938811 25.13 158.418433  68.730777  8.449
 69     6.025 54637.03938876 25.59 158.414483  68.727747  8.449
 69     6.482 54637.03938940 22.79 158.410521  68.724721  7.014
 70     5.671 54672.03937752 28.27 158.503029  68.796843 25.349
 70     5.866 54672.03937817 19.93 158.499059  68.793823 25.349
 70     6.179 54672.03937881 19.06 158.495079  68.790793 25.349
 70     2.943 54672.03937946 22.21 158.491109  68.787773 25.349
 70     2.727 54672.03938010 21.70 158.487130  68.784749 18.105
 70     6.506 54672.03938075 22.39 158.483160  68.781719 18.105
 70     2.655 54672.03938139 24.89 158.479190  68.778699 18.105
 70     2.800 54672.03938204 25.45 158.475220  68.775669 18.105
 70     2.596 54672.03938268 28.60 158.471250  68.772649 18.105
 70     2.606 54672.03938333 30.31 158.467280  68.769619 18.105
 70     2.699 54672.03938397 32.34 158.463310  68.766599 18.105
 70     2.796 54672.03938462 33.73 158.459340  68.763569 18.105
 70     2.794 54672.03938526 37.91 158.455380  68.760549 18.105
 70     2.823 54672.03938591 39.88 158.451410  68.757519 18.105
 70     2.836 54672.03938655 38.94 158.447450  68.754499 18.105
 70     2.836 54672.03938719 38.36 158.443490  68.751469 18.105
 70     2.758 54672.03938784 33.86 158.439520  68.748449 18.105
 70     2.882 54672.03938848 37.82 158.435560  68.745419 18.105
 70     2.836 54672.03938913 35.48 158.431600  68.742389 18.105
 70     2.961 54672.03938977 38.69 158.427640  68.739369 18.105
 70     2.842 54672.03939042 37.53 158.423690  68.736339 18.105
 70     2.720 54672.03939106 33.18 158.419730  68.733319 18.105
 70     2.639 54672.03939171 29.90 158.415770  68.730289 18.105
 70     2.275 54672.03939235 32.72 158.411820  68.727259 18.105
 70     2.491 54672.03939300 29.78 158.407866  68.724231 17.832
 71     1.710 54707.03933808 22.24 158.495076  68.793814 27.321
 71     3.116 54707.03933872 17.77 158.491096  68.790794 27.321
 71     2.123 54707.03933937 19.13 158.487126  68.787764 27.321
 71     1.970 54707.03934001 20.00 158.483156  68.784744 27.321
 71     6.433 54707.03934066 18.16 158.479178  68.781714  6.842
 71     6.636 54707.03934130 15.85 158.475208  68.778694  6.842
 71     7.183 54707.03934195 14.98 158.471238  68.775664  6.842
 71     7.332 54707.03934259 14.50 158.467268  68.772644  6.842
 71     7.428 54707.03934324 14.50 158.463308  68.769614  6.842
 71     7.713 54707.03934388 14.82 158.459338  68.766594  6.842
 71     7.693 54707.03934452 17.14 158.455368  68.763564  6.842
 71     7.645 54707.03934517 19.06 158.451408  68.760534  6.842
 71     7.445 54707.03934581 20.25 158.447438  68.757514  6.842
 71     6.706 54707.03934646 21.39 158.443478  68.754484  6.842
 71     2.166 54707.03934710 23.25 158.439518  68.751464  6.842
 71     2.117 54707.03934775 25.15 158.435558  68.748434  6.842
 71     2.661 54707.03934839 25.08 158.431598  68.745414  6.842
 71     3.383 54707.03934904 21.75 158.427638  68.742384  6.842
 71     3.842 54707.03934968 18.35 158.423678  68.739354  6.842
 71     4.043 54707.03935033 18.10 158.419728  68.736334  6.842
 71     4.451 54707.03935097 16.76 158.415768  68.733304  6.842
 71     4.674 54707.03935162 16.21 158.411808  68.730274  6.842
 71     4.649 54707.03935226 16.27 158.407858  68.727254  6.842
 72     5.472 54742.03934213 21.14 158.512317  68.796449 27.316
 72     6.169 54742.03934277 19.75 158.508337  68.793429 27.316
 72     6.736 54742.03934342 19.24 158.504357  68.790409 27.316
 72     7.055 54742.03934406 18.90 158.500387  68.787379 27.316
 72     7.220 54742.03934471 17.99 158.496407  68.784359 11.410
 72     7.263 54742.03934535 19.44 158.492437  68.781329 11.410
 72     7.361 54742.03934600 20.30 158.488457  68.778309 11.410
 72     7.137 54742.03934664 24.30 158.484487  68.775279 11.410
 72     8.249 54742.03935438 13.81 158.436907  68.738979 11.410
 72     4.660 54742.03935502 14.60 158.432947  68.735949 11.410
 72     6.162 54742.03935567 14.53 158.428987  68.732929 11.410
 72     6.134 54742.03935631 14.88 158.425027  68.729899 11.410
 72     6.090 54742.03935695 16.10 158.421077  68.726879 11.410
 72     5.857 54742.03935760 16.81 158.417122  68.723847 10.508
 72     4.512 54742.03935824 17.29 158.413172  68.720827 10.508
 73     0.584 54777.03931878 25.82 158.502191  68.796466  7.935
 73     0.731 54777.03931943 26.52 158.498211  68.793446  7.935
 73     0.739 54777.03932007 27.44 158.494241  68.790416  7.935
 73     0.700 54777.03932072 29.58 158.490261  68.787396  7.935
 73     0.638 54777.03932136 29.28 158.486287  68.784372 14.038
 73     0.649 54777.03932201 29.68 158.482317  68.781342 14.038
 73     0.637 54777.03932265 28.22 158.478347  68.778322 14.038
 73     0.699 54777.03932330 27.10 158.474377  68.775292 14.038
 73     0.708 54777.03932394 27.52 158.470407  68.772272 14.038
 73     0.708 54777.03932459 27.41 158.466437  68.769242 14.038
 73     0.692 54777.03932523 28.34 158.462477  68.766222 14.038
 73     0.672 54777.03932588 28.32 158.458507  68.763192 14.038
 73     0.856 54777.03932652 32.64 158.454547  68.760172 14.038
 73     0.868 54777.03932716 28.79 158.450577  68.757142 14.038
 73     0.717 54777.03932781 25.51 158.446617  68.754122 14.038
 73     0.763 54777.03932845 26.68 158.442657  68.751092 14.038
 73     0.723 54777.03932910 27.81 158.438697  68.748072 14.038
 73     0.699 54777.03932974 27.91 158.434737  68.745042 14.038
 73     0.647 54777.03933039 29.35 158.430777  68.742012 14.038
 73     0.582 54777.03933103 29.14 158.426817  68.738992 14.038
 73     0.675 54777.03933168 29.18 158.422857  68.735962 14.038
 73     0.588 54777.03933232 28.65 158.418907  68.732942 14.038
 73     0.648 54777.03933297 29.48 158.414947  68.729912 14.038
 73     0.570 54777.03933361 29.40 158.410997  68.726882 14.038
 73     0.676 54777.03933426 28.51 158.407038  68.723855 14.216
 74     4.740 54812.03933530 17.76 158.519446  68.796993  3.576
 74     4.529 54812.03933595 18.15 158.515466  68.793963  3.576
 74     4.464 54812.03933659 18.67 158.511486  68.790943  3.576
 74     6.225 54812.03933724 18.33 158.507506  68.787923  3.576
 74     4.674 54812.03933788 19.23 158.503526  68.784893  3.576
 74     7.030 54812.03933853 18.72 158.499552  68.781875  3.662
 74     5.035 54812.03934949 20.23 158.432132  68.730445  3.662
 74     4.931 54812.03935013 20.33 158.428172  68.727415  3.662
 74     5.021 54812.03935078 20.02 158.424222  68.724395  3.662
 74     4.697 54812.03935142 20.64 158.420263  68.721363  3.800
 74     4.421 54812.03935207 19.90 158.416313  68.718343  3.800
 75     4.878 54847.03931932 13.96 158.497392  68.795495  2.426
 75     4.499 54847.03931997 13.44 158.493422  68.792475  2.426
 75     4.391 54847.03932061 13.78 158.489442  68.789445  2.426
 75     3.576 54847.03932126 14.01 158.485472  68.786425  2.426
 75     5.894 54847.03932190 14.40 158.481499  68.783398  3.065
 75     5.914 54847.03932255 14.73 158.477529  68.780378  3.065
 75     4.218 54847.03932319 14.12 158.473559  68.777348  3.065
 75     6.086 54847.03932383 14.21 158.469589  68.774328  3.065
 75     6.257 54847.03932448 13.70 158.465619  68.771298  3.065
 75     5.948 54847.03932512 13.60 158.461649  68.768278  3.065
 75     5.803 54847.03932577 14.24 158.457689  68.765248  3.065
 75     6.271 54847.03932641 13.68 158.453719  68.762218  3.065
 75     6.497 54847.03932706 13.57 158.449749  68.759198  3.065
 75     5.454 54847.03932770 13.80 158.445789  68.756168  3.065
 75     4.689 54847.03932835 14.14 158.441829  68.753148  3.065
 75     5.677 54847.03932899 14.23 158.437869  68.750118  3.065
 75     4.536 54847.03932964 14.67 158.433909  68.747098  3.065
 75     4.406 54847.03933028 14.44 158.429949  68.744068  3.065
 75     3.145 54847.03933093 14.79 158.425989  68.741038  3.065
 75     3.098 54847.03933157 14.17 158.422029  68.738018  3.065
 75     2.798 54847.03933222 14.49 158.418079  68.734988  3.065
 75     2.905 54847.03933286 14.75 158.414119  68.731968  3.065
 75     2.936 54847.03933350 15.05 158.410169  68.728938  3.065
 75     3.328 54847.03933415 14.51 158.406209  68.725908  3.065
 76     5.022 54882.03933860 12.03 158.513489  68.798249  2.344
 76     4.810 54882.03933925 12.23 158.509519  68.795219  2.344
 76     4.942 54882.03933989 11.70 158.505539  68.792199  2.344
 76     5.777 54882.03934054 12.28 158.501559  68.789169  2.344
 76     6.370 54882.03934118 12.52 158.497588  68.786152  2.714
 76     6.884 54882.03934182 12.24 158.493608  68.783122  2.714
 76     7.275 54882.03934247 12.66 158.489638  68.780102  2.714
 76     7.416 54882.03934311 12.36 158.485668  68.777072  2.714
 76     4.284 54882.03935085 12.63 158.438078  68.740772  2.714
 76     3.709 54882.03935150 12.88 158.434118  68.737742  2.714
 76     3.240 54882.03935214 13.05 158.430158  68.734722  2.714
 76     4.801 54882.03935278 12.99 158.426198  68.731692  2.714
 76     3.311 54882.03935343 14.16 158.422238  68.728672  2.714
 76     4.461 54882.03935407 13.43 158.418282  68.725642  2.930
 76     2.768 54882.03935472 13.50 158.414332  68.722622  2.930
 76     2.308 54882.03935536 13.90 158.410382  68.719592  2.930
 77     4.288 54917.03932463 11.71 158.475999  68.786203  2.843
 77     5.531 54917.03932528 11.33 158.472029  68.783183  2.843
 77     5.545 54917.03932592 11.75 158.468059  68.780153  2.843
 77     4.407 54917.03932657 11.65 158.464089  68.777133  2.843
 77     5.284 54917.03932721 11.40 158.460119  68.774103  2.843
 77     5.366 54917.03932786 11.40 158.456149  68.771083  2.843
 77     5.170 54917.03932850 11.01 158.452179  68.768053  2.843
 77     5.074 54917.03932915 11.32 158.448219  68.765023  2.843
 77     4.860 54917.03932979 11.48 158.444249  68.762003  2.843
 77     4.159 54917.03933043 11.69 158.440289  68.758973  2.843
 77     3.811 54917.03933108 11.74 158.436329  68.755953  2.843
 77     2.996 54917.03933237 11.96 158.428409  68.749903  2.843
 77     3.154 54917.03933301 11.83 158.424449  68.746873  2.843
 77     3.274 54917.03933366 11.76 158.420489  68.743843  2.843
 77     3.052 54917.03933430 11.53 158.416529  68.740823  2.843
 77     3.047 54917.03933495 11.78 158.412579  68.737793  2.843
 77     3.046 54917.03933559 11.96 158.408619  68.734763  2.843
 77     3.221 54917.03933624 11.68 158.404669  68.731743  2.843
 78     4.679 54952.03933238 11.44 158.510857  68.797135  2.451
 78     4.902 54952.03933303 11.72 158.506887  68.794115  2.451
 78     5.908 54952.03933367 11.95 158.502907  68.791085  2.451
 78     6.108 54952.03933432 12.27 158.498927  68.788065  2.451
 78     6.673 54952.03933496 12.45 158.494957  68.785035  2.451
 78     6.946 54952.03933561 12.01 158.490977  68.782015  2.451
 78     6.923 54952.03933625 12.43 158.487007  68.778985  2.451
 78     7.129 54952.03933690 12.05 158.483037  68.775965  2.451
 78     6.963 54952.03933754 11.89 158.479067  68.772935  2.451
 78     5.283 54952.03934399 11.97 158.439404  68.742687  2.916
 78     3.765 54952.03934463 13.14 158.435444  68.739657  2.916
 78     3.108 54952.03934528 12.92 158.431484  68.736637  2.916
 78     4.230 54952.03934592 13.12 158.427524  68.733607  2.916
 78     4.181 54952.03934657 12.90 158.423574  68.730577  2.916
 78     4.628 54952.03934721 12.96 158.419614  68.727557  2.916
 78     4.583 54952.03934786 13.22 158.415664  68.724527  2.916
 78     4.147 54952.03934850 12.90 158.411704  68.721507  2.916
 79     8.140 54987.03935691 24.09 158.508825  68.797383 30.481
 79     6.068 54987.03935755 21.89 158.504845  68.794363 30.481
 79     6.518 54987.03935820 22.01 158.500865  68.791333 30.481
 79     6.918 54987.03935884 21.53 158.496895  68.788313 30.481
 79     6.984 54987.03935949 20.88 158.492913  68.785292 11.046
 79     7.288 54987.03936013 20.52 158.488943  68.782262 11.046
 79     7.658 54987.03936078 21.82 158.484973  68.779242 11.046
 79     7.413 54987.03936142 25.24 158.480993  68.776212 11.046
 79     7.848 54987.03936207 24.38 158.477023  68.773192 11.046
 79     8.050 54987.03936271 23.75 158.473053  68.770162 11.046
 79     7.182 54987.03936658 26.50 158.449253  68.752012 11.046
 79     8.920 54987.03936722 27.35 158.445293  68.748992 11.046
 79     9.012 54987.03936787 27.25 158.441333  68.745962 11.046
 79     8.890 54987.03936851 23.65 158.437373  68.742932 11.046
 79     8.991 54987.03936916 20.45 158.433413  68.739912 11.046
 79     8.877 54987.03936980 18.73 158.429453  68.736882 11.046
 79     5.612 54987.03937045 21.54 158.425493  68.733862 11.046
 79     6.886 54987.03937109 21.31 158.421543  68.730832 11.046
 79     7.219 54987.03937174 19.59 158.417583  68.727802 11.046
 79     7.152 54987.03937238 20.28 158.413626  68.724778  6.292
 79     7.476 54987.03937303 18.66 158.409676  68.721758  6.292
 80     8.220 55022.03934964 19.65 158.506086  68.797331 22.280
 80     7.889 55022.03935028 14.83 158.502106  68.794311 22.280
 80     6.811 55022.03935093 16.66 158.498126  68.791281 22.280
 80     6.836 55022.03935157 16.91 158.494156  68.788261 22.280
 80     6.536 55022.03935222 17.91 158.490176  68.785238  5.632
 80     6.762 55022.03935286 17.20 158.486206  68.782208  5.632
 80     7.319 55022.03935351 14.95 158.482236  68.779188  5.632
 80     7.306 55022.03935415 14.98 158.478266  68.776158  5.632
 80     7.666 55022.03935480 14.82 158.474296  68.773138  5.632
 80     7.774 55022.03935544 15.61 158.470326  68.770108  5.632
 80     7.878 55022.03935609 15.67 158.466356  68.767088  5.632
 80     7.815 55022.03935673 17.82 158.462386  68.764058  5.632
 80     8.029 55022.03935738 18.83 158.458426  68.761038  5.632
 80     7.959 55022.03935802 18.47 158.454456  68.758008  5.632
 80     8.215 55022.03935867 15.87 158.450496  68.754988  5.632
 80     8.233 55022.03935931 16.85 158.446536  68.751958  5.632
 80     8.567 55022.03935995 19.06 158.442566  68.748938  5.632
 80     8.851 55022.03936060 17.00 158.438606  68.745908  5.632
 80     8.741 55022.03936124 16.14 158.434646  68.742878  5.632
 80     8.397 55022.03936189 14.71 158.430686  68.739858  5.632
 80     8.063 55022.03936253 14.95 158.426736  68.736828  5.632
 80     6.897 55022.03936318 14.60 158.422776  68.733808  5.632
 80     6.926 55022.03936382 14.59 158.418816  68.730778  5.632
 80     6.923 55022.03936447 14.15 158.414866  68.727748  5.632
 80     4.086 55022.03936511 17.11 158.410910  68.724721 12.454
 81     5.023 55057.03934632 30.84 158.502276  68.795474 31.803
 81     1.643 55057.03934697 28.70 158.498296  68.792454 31.803
 81     1.433 55057.03934761 22.58 158.494326  68.789424 31.803
 81     6.547 55057.03934826 15.86 158.490346  68.786404 31.803
 81     6.527 55057.03934890 15.44 158.486378  68.783378  5.510
 81     6.816 55057.03934955 16.26 158.482398  68.780348  5.510
 81     7.189 55057.03935019 15.74 158.478428  68.777328  5.510
 81     7.559 55057.03935084 15.47 158.474458  68.774308  5.510
 81     7.768 55057.03935148 14.54 158.470488  68.771278  5.510
 81     7.929 55057.03935213 15.60 158.466518  68.768248  5.510
 81     7.844 55057.03935277 14.84 158.462558  68.765228  5.510
 81     1.645 55057.03935341 21.12 158.458588  68.762198  5.510
 81     7.704 55057.03935406 16.08 158.454628  68.759178  5.510
 81     7.594 55057.03935470 17.06 158.450658  68.756148  5.510
 81     7.304 55057.03935535 18.28 158.446698  68.753128  5.510
 81     8.220 55057.03935599 19.25 158.442738  68.750098  5.510
 81     8.512 55057.03935664 20.06 158.438768  68.747078  5.510
 81     1.203 55057.03935728 20.99 158.434808  68.744048  5.510
 81     2.530 55057.03935793 18.60 158.430848  68.741018  5.510
 81     3.636 55057.03935857 16.52 158.426898  68.737998  5.510
 81     2.409 55057.03935922 18.09 158.422938  68.734968  5.510
 81     3.038 55057.03935986 18.31 158.418978  68.731948  5.510
 81     4.685 55057.03936051 15.64 158.415028  68.728918  5.510
 81     4.246 55057.03936115 15.18 158.411068  68.725888  5.510
 81     4.025 55057.03936180 15.33 158.407124  68.722868 19.893
 82     4.535 55092.03930427 50.13 158.485309  68.791055 29.087
 82     4.411 55092.03930491 53.24 158.481329  68.788025 29.087
 82     4.411 55092.03930556 52.99 158.477359  68.785005 29.087
 82     4.543 55092.03930620 51.78 158.473391  68.781974 51.221
 82     4.444 55092.03930685 53.04 158.469421  68.778954 51.221
 82     4.424 55092.03930749 52.76 158.465451  68.775924 51.221
 82     4.536 55092.03930814 51.30 158.461481  68.772904 51.221
 82     4.506 55092.03930878 51.61 158.457511  68.769874 51.221
 82     4.463 55092.03930943 52.63 158.453551  68.766854 51.221
 82     4.441 55092.03931007 53.25 158.449581  68.763824 51.221
 82     4.433 55092.03931072 51.99 158.445621  68.760794 51.221
 82     4.438 55092.03931136 53.53 158.441651  68.757774 51.221
 82     4.476 55092.03931201 53.25 158.437691  68.754744 51.221
 82     4.500 55092.03931265 52.38 158.433731  68.751724 51.221
 82     4.540 55092.03931330 52.74 158.429771  68.748694 51.221
 82     4.515 55092.03931394 52.27 158.425811  68.745674 51.221
 82     4.462 55092.03931459 52.35 158.421851  68.742644 51.221
 82     4.458 55092.03931523 52.87 158.417891  68.739614 51.221
 82     4.472 55092.03931587 52.33 158.413941  68.736594 51.221
 82     4.501 55092.03931652 52.47 158.409981  68.733564 51.221
 82     4.541 55092.03931716 52.67 158.406031  68.730534 51.221
 83     0.344 55127.03928593 37.98 158.508918  68.795630 12.506
 83     0.530 55127.03928658 44.60 158.504938  68.792610 12.506
 83     0.442 55127.03928722 45.58 158.500958  68.789580 12.506
 83     0.580 55127.03928787 44.26 158.496981  68.786562 20.299
 83     0.486 55127.03928851 44.57 158.493011  68.783532 20.299
 83     0.608 55127.03928915 40.57 158.489041  68.780512 20.299
 83     0.558 55127.03928980 42.42 158.485061  68.777482 20.299
 83     0.465 55127.03929044 37.49 158.481091  68.774462 20.299
 83     0.518 55127.03929689 37.98 158.441441  68.744212 20.299
 83     0.493 55127.03929754 46.19 158.437481  68.741182 20.299
 83     0.306 55127.03929818 44.64 158.433521  68.738152 20.299
 83     0.414 55127.03929882 35.30 158.429561  68.735132 20.299
 83     0.550 55127.03929947 33.39 158.425601  68.732102 20.299
 83     0.508 55127.03930011 32.13 158.421651  68.729082 20.299
 83     0.422 55127.03930076 30.89 158.417690  68.726050 19.761
 83     0.571 55127.03930140 31.96 158.413740  68.723030 19.761
 83     0.551 55127.03930205 31.45 158.409790  68.720000 19.761
 84     0.209 55162.03926458 24.49 158.498697  68.795425  4.627
 84     0.273 55162.03926523 26.11 158.494727  68.792405  4.627
 84     0.466 55162.03926587 26.44 158.490747  68.789375  4.627
 84     0.348 55162.03926652 27.46 158.486777  68.786355  4.627
 84     0.265 55162.03926716 27.40 158.482799  68.783329  6.447
 84     0.436 55162.03926781 27.37 158.478829  68.780309  6.447
 84     0.706 55162.03926845 23.90 158.474859  68.777279  6.447
 84     2.806 55162.03926910 23.33 158.470889  68.774259  6.447
 84     2.711 55162.03926974 23.36 158.466919  68.771229  6.447
 84     5.263 55162.03927039 21.87 158.462949  68.768199  6.447
 84     5.738 55162.03927103 21.59 158.458989  68.765179  6.447
 84     6.024 55162.03927168 20.74 158.455019  68.762149  6.447
 84     6.202 55162.03927232 20.82 158.451049  68.759129  6.447
 84     6.148 55162.03927297 21.89 158.447089  68.756099  6.447
 84     5.961 55162.03927361 21.30 158.443129  68.753079  6.447
 84     2.206 55162.03927425 23.06 158.439169  68.750049  6.447
 84     1.910 55162.03927490 23.15 158.435209  68.747029  6.447
 84     0.981 55162.03927554 23.79 158.431249  68.743999  6.447
 84     0.586 55162.03927619 24.06 158.427289  68.740969  6.447
 84     0.814 55162.03927683 24.00 158.423329  68.737949  6.447
 84     0.779 55162.03927748 23.65 158.419369  68.734919  6.447
 84     3.310 55162.03927812 22.09 158.415419  68.731899  6.447
 84     3.616 55162.03927877 21.13 158.411459  68.728869  6.447
 84     3.563 55162.03927941 20.83 158.407509  68.725839  6.447
 85     4.875 55197.03927630 17.90 158.516405  68.796827  2.653
 85     3.666 55197.03927695 18.96 158.512425  68.793807  2.653
 85     3.644 55197.03927759 18.52 158.508455  68.790787  2.653
 85     3.779 55197.03927824 18.41 158.504475  68.787757  2.653
 85     2.621 55197.03927888 19.38 158.500499  68.784739  3.262
 85     4.447 55197.03927952 19.51 158.496519  68.781709  3.262
 85     4.883 55197.03928017 18.98 158.492549  68.778689  3.262
 85     4.346 55197.03928920 17.69 158.437019  68.736329  3.262
 85     4.513 55197.03928984 18.11 158.433069  68.733309  3.262
 85     5.001 55197.03929048 18.01 158.429109  68.730279  3.262
 85     4.869 55197.03929113 18.61 158.425149  68.727259  3.262
 85     4.695 55197.03929177 18.80 158.421198  68.724228  2.796
 85     4.509 55197.03929242 17.43 158.417238  68.721208  2.796
 85     4.076 55197.03929306 17.77 158.413288  68.718178  2.796
 86     4.769 55232.03926928 14.51 158.487377  68.791654  2.193
 86     4.337 55232.03926992 14.60 158.483407  68.788634  2.193
 86     3.427 55232.03927057 15.10 158.479433  68.785608  2.900
 86     3.813 55232.03927121 15.25 158.475463  68.782588  2.900
 86     4.408 55232.03927186 14.91 158.471493  68.779558  2.900
 86     4.299 55232.03927250 14.65 158.467523  68.776538  2.900
 86     4.981 55232.03927314 14.36 158.463553  68.773508  2.900
 86     4.762 55232.03927379 14.70 158.459583  68.770488  2.900
 86     5.501 55232.03927443 14.20 158.455613  68.767458  2.900
 86     5.528 55232.03927508 14.33 158.451653  68.764428  2.900
 86     5.275 55232.03927572 14.82 158.447683  68.761408  2.900
 86     5.545 55232.03927637 14.57 158.443723  68.758378  2.900
 86     5.221 55232.03927701 14.95 158.439763  68.755358  2.900
 86     4.584 55232.03927766 14.82 158.435803  68.752328  2.900
 86     4.032 55232.03927830 15.44 158.431843  68.749308  2.900
 86     3.388 55232.03927895 15.26 158.427883  68.746278  2.900
 86     3.107 55232.03927959 15.65 158.423923  68.743248  2.900
 86     3.428 55232.03928024 15.74 158.419963  68.740228  2.900
 86     3.310 55232.03928088 15.87 158.416003  68.737198  2.900
 86     3.455 55232.03928153 15.57 158.412053  68.734178  2.900
 86     3.286 55232.03928217 14.84 158.408093  68.731148  2.900
 86     3.440 55232.03928281 14.69 158.404143  68.728118  2.900
 87     4.722 55267.03927167 15.00 158.508999  68.795729  2.264
 87     4.302 55267.03927231 15.13 158.505019  68.792709  2.264
 87     4.295 55267.03927296 15.48 158.501039  68.789679  2.264
 87     4.674 55267.03927360 15.31 158.497071  68.786659  2.813
 87     4.850 55267.03927425 15.57 158.493091  68.783629  2.813
 87     6.477 55267.03927489 15.32 158.489121  68.780609  2.813
 87     6.708 55267.03927554 15.30 158.485151  68.777579  2.813
 87     6.779 55267.03927618 14.57 158.481171  68.774559  2.813
 87     5.386 55267.03928263 15.36 158.441521  68.744309  2.813
 87     4.733 55267.03928327 15.41 158.437561  68.741279  2.813
 87     4.083 55267.03928392 16.34 158.433601  68.738249  2.813
 87     3.225 55267.03928456 16.09 158.429641  68.735229  2.813
 87     4.529 55267.03928521 15.88 158.425681  68.732199  2.813
 87     4.378 55267.03928585 16.66 158.421731  68.729179  2.813
 87     4.264 55267.03928650 16.43 158.417768  68.726147  2.684
 87     4.430 55267.03928714 15.53 158.413818  68.723127  2.684
 87     3.980 55267.03928779 15.67 158.409868  68.720097  2.684
 88     4.130 55302.03924957 12.60 158.488525  68.792742  2.088
 88     4.763 55302.03925021 12.77 158.484555  68.789722  2.088
 88     5.272 55302.03925086 12.91 158.480585  68.786692  2.088
 88     4.192 55302.03925150 13.15 158.476615  68.783672  2.088
 88     4.261 55302.03925215 13.38 158.472637  68.780639  2.537
 88     5.299 55302.03925279 12.99 158.468667  68.777619  2.537
 88     5.751 55302.03925344 12.49 158.464697  68.774589  2.537
 88     5.187 55302.03925408 12.73 158.460737  68.771569  2.537
 88     5.946 55302.03925472 12.39 158.456767  68.768539  2.537
 88     5.924 55302.03925537 12.73 158.452797  68.765519  2.537
 88     6.008 55302.03925601 12.81 158.448837  68.762489  2.537
 88     6.187 55302.03925666 12.69 158.444877  68.759459  2.537
 88     6.111 55302.03925730 12.92 158.440907  68.756439  2.537
 88     5.801 55302.03925795 12.99 158.436947  68.753409  2.537
 88     5.632 55302.03925859 13.74 158.432987  68.750389  2.537
 88     4.524 55302.03925924 13.28 158.429027  68.747359  2.537
 88     4.372 55302.03925988 13.83 158.425067  68.744329  2.537
 88     3.569 55302.03926053 13.98 158.421107  68.741309  2.537
 88     3.681 55302.03926117 13.25 158.417157  68.738279  2.537
 88     4.649 55302.03926182 13.14 158.413197  68.735259  2.537
 88     4.016 55302.03926246 13.04 158.409247  68.732229  2.537
 88     3.791 55302.03926311 13.24 158.405287  68.729199  2.537
 89     3.384 55337.03924645 40.80 158.502411  68.795010 34.372
 89     3.341 55337.03924709 38.64 158.498431  68.791990 34.372
 89     3.507 55337.03924773 43.14 158.494461  68.788960 34.372
 89     3.455 55337.03924838 44.33 158.490481  68.785940 34.372
 89     3.412 55337.03924902 45.52 158.486511  68.782910 34.372
 89     3.391 55337.03924967 43.44 158.482541  68.779890 34.372
 89     3.426 55337.03925031 40.64 158.478561  68.776860 34.372
 89     3.360 55337.03925096 39.21 158.474591  68.773840 34.372
 89     3.405 55337.03925160 37.19 158.470621  68.770810 34.372
 89     3.493 55337.03925225 37.58 158.466661  68.767790 34.372
 89     3.461 55337.03925289 40.03 158.462691  68.764760 34.372
 89     3.561 55337.03925354 40.97 158.458721  68.761740 34.372
 89     3.486 55337.03925418 36.93 158.454761  68.758710 34.372
 89     3.597 55337.03925483 35.08 158.450791  68.755690 34.372
 89     3.394 55337.03925547 34.70 158.446831  68.752660 34.372
 89     3.514 55337.03925612 32.37 158.442871  68.749630 34.372
 89     3.542 55337.03925676 32.32 158.438911  68.746610 34.372
 89     3.562 55337.03925740 35.60 158.434951  68.743580 34.372
 89     3.519 55337.03925805 36.29 158.430991  68.740560 34.372
 89     3.469 55337.03925869 37.06 158.427026  68.737530 30.450
 89     3.503 55337.03925934 37.25 158.423076  68.734510 30.450
 89     3.599 55337.03925998 38.04 158.419116  68.731480 30.450
 89     3.579 55337.03926063 38.42 158.415156  68.728450 30.450
 89     3.587 55337.03926127 36.37 158.411206  68.725430 30.450
 90     8.421 55372.03923619 18.97 158.504290  68.795818 22.341
 90     7.693 55372.03923684 18.84 158.500310  68.792798 22.341
 90     7.159 55372.03923748 17.98 158.496330  68.789768 22.341
 90     7.038 55372.03923813 18.54 158.492360  68.786748 22.341
 90     6.963 55372.03923877 18.87 158.488389  68.783724  7.351
 90     7.501 55372.03923942 17.61 158.484419  68.780694  7.351
 90     7.528 55372.03924006 18.82 158.480439  68.777674  7.351
 90     7.555 55372.03924071 22.32 158.476469  68.774644  7.351
 90     8.123 55372.03924135 20.59 158.472499  68.771624  7.351
 90     8.108 55372.03924200 20.88 158.468539  68.768594  7.351
 90     8.490 55372.03924264 19.13 158.464569  68.765574  7.351
 90     8.156 55372.03924393 22.60 158.456639  68.759524  7.351
 90     8.184 55372.03924457 21.55 158.452669  68.756494  7.351
 90     8.347 55372.03924522 21.05 158.448709  68.753474  7.351
 90     8.789 55372.03924586 20.61 158.444749  68.750444  7.351
 90     8.909 55372.03924651 21.72 158.440779  68.747424  7.351
 90     8.915 55372.03924715 19.75 158.436819  68.744394  7.351
 90     8.686 55372.03924780 19.15 158.432859  68.741364  7.351
 90     8.401 55372.03924844 19.46 158.428909  68.738344  7.351
 90     6.357 55372.03924909 19.89 158.424949  68.735314  7.351
 90     7.514 55372.03924973 18.24 158.420989  68.732294  7.351
 90     7.337 55372.03925038 18.03 158.417039  68.729264  7.351
 90     7.564 55372.03925102 17.10 158.413079  68.726234  7.351
 90     7.815 55372.03925167 17.19 158.409132  68.723207  8.222
 91     5.376 55407.03925525 21.80 158.516833  68.798493 27.569
 91     5.516 55407.03925589 17.65 158.512853  68.795463 27.569
 91     5.960 55407.03925654 16.64 158.508873  68.792443 27.569
 91     6.959 55407.03925718 14.87 158.504893  68.789413 27.569
 91     7.334 55407.03925783 15.65 158.500923  68.786393 27.569
 91     7.538 55407.03925847 13.88 158.496946  68.783372 18.930
 91     7.522 55407.03925911 16.45 158.492976  68.780342 18.930
 91     7.227 55407.03925976 25.54 158.488996  68.777322 18.930
 91     1.593 55407.03926814 39.94 158.437446  68.737992 18.930
 91     1.543 55407.03926879 32.85 158.433486  68.734962 18.930
 91     1.557 55407.03926943 21.19 158.429526  68.731942 18.930
 91     6.060 55407.03927007 15.10 158.425576  68.728912 18.930
 91     6.387 55407.03927072 13.90 158.421616  68.725882 18.930
 91     4.990 55407.03927136 15.11 158.417664  68.722857 23.968
 91     4.672 55407.03927201 15.22 158.413704  68.719837 23.968
 92     4.182 55442.03925553 53.34 158.501011  68.794923 36.083
 92     4.100 55442.03925617 52.25 158.497031  68.791903 36.083
 92     4.117 55442.03925682 52.45 158.493061  68.788873 36.083
 92     4.151 55442.03925746 48.46 158.489081  68.785853 36.083
 92     4.057 55442.03925811 51.69 158.485109  68.782826 52.379
 92     4.085 55442.03925875 50.77 158.481139  68.779796 52.379
 92     4.207 55442.03925940 46.45 158.477169  68.776776 52.379
 92     4.149 55442.03926004 42.55 158.473199  68.773746 52.379
 92     4.060 55442.03926069 39.05 158.469229  68.770726 52.379
 92     4.079 55442.03926133 40.71 158.465259  68.767706 52.379
 92     4.215 55442.03926198 42.92 158.461299  68.764676 52.379
 92     4.220 55442.03926262 46.24 158.457329  68.761646 52.379
 92     4.240 55442.03926327 48.32 158.453359  68.758626 52.379
 92     4.245 55442.03926391 50.27 158.449399  68.755596 52.379
 92     4.238 55442.03926455 47.27 158.445439  68.752576 52.379
 92     4.190 55442.03926520 43.76 158.441479  68.749546 52.379
 92     4.115 55442.03926584 47.70 158.437509  68.746526 52.379
 92     4.102 55442.03926649 47.07 158.433549  68.743496 52.379
 92     4.127 55442.03926713 49.86 158.429599  68.740466 52.379
 92     4.174 55442.03926778 49.60 158.425639  68.737446 52.379
 92     4.238 55442.03926842 51.43 158.421679  68.734416 52.379
 92     4.276 55442.03926907 51.70 158.417729  68.731396 52.379
 92     4.246 55442.03926971 49.25 158.413769  68.728366 52.379
 92     4.240 55442.03927036 50.13 158.409819  68.725336 52.379
 93     4.685 55477.03919860 25.55 158.481377  68.788906 14.713
 93     3.783 55477.03919924 29.07 158.477397  68.785886 14.713
 93     5.078 55477.03919989 25.11 158.473424  68.782855  5.519
 93     5.825 55477.03920053 23.19 158.469454  68.779835  5.519
 93     5.619 55477.03920118 22.55 158.465494  68.776805  5.519
 93     5.819 55477.03920182 21.50 158.461524  68.773785  5.519
 93     5.893 55477.03920247 21.34 158.457554  68.770755  5.519
 93     5.821 55477.03920311 21.86 158.453584  68.767735  5.519
 93     5.643 55477.03920376 23.10 158.449624  68.764705  5.519
 93     5.851 55477.03920440 23.18 158.445664  68.761675  5.519
 93     6.321 55477.03920505 21.00 158.441694  68.758655  5.519
 93     6.107 55477.03920569 21.05 158.437734  68.755625  5.519
 93     6.103 55477.03920634 21.04 158.433774  68.752605  5.519
 93     6.172 55477.03920698 21.25 158.429814  68.749575  5.519
 93     6.538 55477.03920763 20.19 158.425854  68.746555  5.519
 93     5.397 55477.03920827 22.23 158.421894  68.743525  5.519
 93     5.378 55477.03920891 20.31 158.417944  68.740495  5.519
 93     5.280 55477.03920956 20.16 158.413984  68.737475  5.519
 93     7.172 55477.03921020 21.42 158.410024  68.734445  5.519
 93     3.781 55477.03921085 22.57 158.406074  68.731415  5.519
