# NaN NaN NaN ;Mean Elev.(m), Avg Gradient(m/km), RMS Gradient(m/km) - SRTM1     
#   -3.114  -1.312  11.364 ;Mean Elev.(m), Avg Gradient(m/km), RMS Gradient(m/km) - ASTER GDEM
#    9.179  -2.414   7.901 ;Mean Elev.(m), Avg Gradient(m/km), RMS Gradient(m/km) - GMTED2010 
  7    57.774 52467.03953063  3.81 157.737302  68.196227  5.957
  7    57.048 52467.03953128  0.94 157.733512  68.193187  5.957
  7    48.988 52467.03953192  4.43 157.729732  68.190147  5.957
  7    44.641 52467.03953257  4.00 157.725952  68.187097  5.957
  7    53.642 52467.03953321  1.49 157.722172  68.184057  5.957
  7     8.951 52467.03954030  8.36 157.680642  68.150607  5.957
  7    10.178 52467.03954095  9.50 157.676872  68.147567  5.957
  7    12.623 52467.03954159 10.31 157.673102  68.144527  5.957
  8    10.503 52502.03952382 13.39 157.723280  68.190793  7.054
  8    10.168 52502.03952447  9.68 157.719500  68.187753  7.054
  8     6.203 52502.03952511 14.72 157.715720  68.184713  7.054
  8     7.211 52502.03952576 14.44 157.711940  68.181673  7.054
  8     8.794 52502.03952640 12.02 157.708160  68.178633  7.054
  8     5.882 52502.03953092 13.25 157.681740  68.157345 13.923
  8     5.038 52502.03953156 20.72 157.677970  68.154305 13.923
  8     5.123 52502.03953221 13.90 157.674200  68.151255 13.923
  8    12.329 52502.03953285 11.71 157.670430  68.148215 13.923
  8    12.966 52502.03953349 11.36 157.666670  68.145175 13.923
  9     4.196 52537.03951892 15.61 157.692452  68.143070  8.872
  9     4.451 52537.03951956 14.51 157.688682  68.140030  8.872
  9    10.421 52537.03952021 15.13 157.684912  68.136990  8.872
  9    12.767 52537.03952085 15.82 157.681142  68.133940  8.872
 10    57.363 52572.03954561 13.31 157.737308  68.194439  7.091
 10    56.417 52572.03954625 11.89 157.733528  68.191399  7.091
 10    55.616 52572.03954690 12.76 157.729748  68.188359  7.091
 10    53.944 52572.03954754 10.50 157.725968  68.185319  7.091
 10     1.535 52572.03955528 31.62 157.680654  68.148830 10.123
 10     1.630 52572.03955592 31.54 157.676884  68.145790 10.123
 10     1.529 52572.03955657 29.71 157.673124  68.142750 10.123
 11    57.940 52607.03950320 10.86 157.739030  68.200250  6.855
 11    57.525 52607.03950385 10.47 157.735240  68.197210  6.855
 11    56.764 52607.03950449 10.21 157.731460  68.194170  6.855
 11    55.884 52607.03950513  9.72 157.727680  68.191130  6.855
 11    54.758 52607.03950578  9.79 157.723900  68.188090  6.855
 11    53.422 52607.03950642 10.66 157.720120  68.185050  6.855
 11    46.115 52607.03950707 11.71 157.716340  68.182010  6.855
 11     1.092 52607.03951287 27.70 157.682370  68.154635 10.862
 11     1.279 52607.03951352 29.87 157.678600  68.151595 10.862
 11     1.277 52607.03951416 28.42 157.674830  68.148555 10.862
 11     1.306 52607.03951480 25.93 157.671060  68.145515 10.862
 12     7.443 52642.03951231 21.97 157.684125  68.144832  8.647
 12     8.669 52642.03951296 20.80 157.680355  68.141792  8.647
 12     9.879 52642.03951360 20.27 157.676595  68.138752  8.647
 13    56.852 52677.03948818  9.19 157.735101  68.198294  6.059
 13    56.362 52677.03948883  9.99 157.731321  68.195254  6.059
 13    55.445 52677.03948947  8.96 157.727531  68.192214  6.059
 13    55.136 52677.03949012  7.33 157.723751  68.189174  6.059
 13    53.322 52677.03949076  8.50 157.719971  68.186134  6.059
 13    51.738 52677.03949141  9.13 157.716191  68.183094  6.059
 13    49.938 52677.03949205 10.20 157.712411  68.180054  6.059
 13     0.854 52677.03949721 22.27 157.682219  68.155722  6.424
 13     1.713 52677.03949785 21.31 157.678449  68.152682  6.424
 13     4.609 52677.03949850 20.18 157.674679  68.149642  6.424
 13     6.300 52677.03949914 18.99 157.670919  68.146592  6.424
 13     7.524 52677.03949979 19.75 157.667149  68.143552  6.424
 14     5.847 52712.03952928 18.57 157.686283  68.146809  6.872
 14     6.870 52712.03952993 18.64 157.682513  68.143769  6.872
 14     7.937 52712.03953057 19.22 157.678753  68.140729  6.872
 14     9.246 52712.03953122 19.40 157.674983  68.137689  6.872
 15    57.365 52747.03954433  9.13 157.734047  68.206692  3.747
 15    55.612 52747.03954498  8.01 157.730257  68.203652  3.747
 15    55.507 52747.03954562  7.65 157.726477  68.200612  3.747
 15    54.791 52747.03954627  7.33 157.722697  68.197572  3.747
 15    55.131 52747.03954691  6.96 157.718907  68.194532  3.747
 15    53.255 52747.03954755  5.32 157.715127  68.191492  3.747
 15    53.222 52747.03954820  5.19 157.711347  68.188452  3.747
 15    50.734 52747.03954884  6.52 157.707567  68.185412  3.747
 15    49.134 52747.03954949  7.08 157.703787  68.182372  3.747
 15    44.808 52747.03955013 10.30 157.700006  68.179326  5.765
 15    45.722 52747.03955078  8.92 157.696236  68.176286  5.765
 15    46.135 52747.03955142  9.79 157.692456  68.173246  5.765
 15    46.478 52747.03955207  9.45 157.688686  68.170206  5.765
 15     0.974 52747.03955400 19.66 157.677366  68.161076  5.765
 15     1.423 52747.03955465 19.56 157.673586  68.158036  5.765
 15     1.743 52747.03955529 19.11 157.669816  68.154996  5.765
 15     4.188 52747.03955594 18.15 157.666046  68.151956  5.765
 15     5.827 52747.03955658 17.83 157.662286  68.148916  5.765
 16     3.389 52782.03949582 30.43 157.689018  68.143007 12.655
 16     3.119 52782.03949646 30.96 157.685248  68.139967 12.655
 16     2.316 52782.03949710 33.98 157.681478  68.136927 12.655
 18     7.292 52852.03962596 12.99 157.684261  68.144039 11.736
 18     9.223 52852.03962660 13.17 157.680491  68.140999 11.736
 18    11.818 52852.03962725 13.60 157.676721  68.137959 11.736
 20    57.701 52922.03960372 12.42 157.734163  68.202039  9.492
 20    57.347 52922.03960436  9.25 157.730373  68.198999  9.492
 20    56.537 52922.03960501 11.18 157.726593  68.195959  9.492
 20    55.835 52922.03960565 11.46 157.722813  68.192919  9.492
 20    54.653 52922.03960630  8.91 157.719033  68.189879  9.492
 20    53.427 52922.03960694 13.85 157.715253  68.186839  9.492
 20     9.571 52922.03960759 15.50 157.711473  68.183799  9.492
 20     9.237 52922.03960823 16.69 157.707693  68.180759  9.492
 20     8.992 52922.03960888 17.66 157.703913  68.177709  9.492
 20     7.382 52922.03960952 24.97 157.700143  68.174669  9.492
 20     6.932 52922.03961017 24.21 157.696367  68.171637 10.675
 20     3.142 52922.03961081 23.26 157.692587  68.168587 10.675
 20     2.847 52922.03961274 25.51 157.681277  68.159467 10.675
 20     3.298 52922.03961339 23.05 157.677507  68.156427 10.675
 20     8.355 52922.03961403 21.66 157.673737  68.153387 10.675
 20     8.990 52922.03961468 19.43 157.669967  68.150337 10.675
 20     9.021 52922.03961532 18.98 157.666197  68.147297 10.675
 21     1.158 52957.03958059 24.62 157.691576  68.143165  7.885
 21     1.286 52957.03958124 23.66 157.687806  68.140125  7.885
 21     1.462 52957.03958188 22.11 157.684046  68.137085  7.885
 21     7.816 52957.03958253 21.87 157.680276  68.134045  7.885
 22     2.443 52992.03960109 21.51 157.684645  68.145334  6.350
 22     1.325 52992.03960173 21.23 157.680875  68.142294  6.350
 22     2.211 52992.03960237 20.90 157.677105  68.139244  6.350
 23    50.645 53027.03955590  7.52 157.736665  68.198428  4.070
 23    56.304 53027.03955654  9.17 157.732885  68.195388  4.070
 23    55.501 53027.03955719  7.32 157.729095  68.192348  4.070
 23    54.661 53027.03955783  6.92 157.725315  68.189308  4.070
 23    53.243 53027.03955848  6.97 157.721535  68.186268  4.070
 23    48.297 53027.03955912  7.81 157.717759  68.183222  5.636
 23    50.361 53027.03955977  8.42 157.713979  68.180182  5.636
 23     1.809 53027.03956557 19.13 157.680029  68.152812  5.636
 23     4.464 53027.03956621 18.15 157.676259  68.149772  5.636
 23     4.548 53027.03956686 18.24 157.672489  68.146732  5.636
 23     7.427 53027.03956750 17.62 157.668719  68.143682  5.636
 24     2.560 53062.03957637 18.15 157.683272  68.142522  6.585
 24     7.083 53062.03957702 17.66 157.679502  68.139482  6.585
 25    56.939 53097.03958783  7.30 157.731846  68.205216  3.664
 25    56.808 53097.03958848  7.51 157.728066  68.202176  3.664
 25    56.175 53097.03958912  6.82 157.724276  68.199136  3.664
 25    55.579 53097.03958977  5.32 157.720496  68.196096  3.664
 25    54.970 53097.03959041  4.41 157.716716  68.193056  3.664
 25    53.471 53097.03959106  5.75 157.712936  68.190016  3.664
 25    51.962 53097.03959170  5.05 157.709156  68.186976  3.664
 25    50.595 53097.03959234  4.37 157.705376  68.183936  3.664
 25    48.323 53097.03959299  5.65 157.701596  68.180896  3.664
 25    46.020 53097.03959363  6.89 157.697826  68.177846  3.664
 25    45.860 53097.03959428  6.28 157.694046  68.174806  3.664
 25    50.128 53097.03959492  6.83 157.690271  68.171764  4.906
 25    46.347 53097.03959557  7.98 157.686491  68.168724  4.906
 25    46.795 53097.03959621  7.23 157.682721  68.165684  4.906
 25    50.944 53097.03959686  6.10 157.678951  68.162644  4.906
 25    44.696 53097.03959750 11.28 157.675181  68.159604  4.906
 25     3.085 53097.03959879 16.17 157.667641  68.153524  4.906
 25     4.086 53097.03959944 15.53 157.663871  68.150474  4.906
 26    42.654 53132.03957408  3.16 157.683215  68.138306  4.605
 26    40.133 53132.03957472  5.66 157.679455  68.135266  4.605
 28    45.580 53202.03964053 11.21 157.738692  68.195069 10.025
 28    45.584 53202.03964118 10.11 157.734912  68.192029 10.025
 28    10.339 53202.03965020 11.81 157.682031  68.149455 12.397
 28    12.403 53202.03965085 11.66 157.678261  68.146415 12.397
 28    12.851 53202.03965149 11.65 157.674501  68.143375 12.397
 29    45.711 53237.03960911  9.92 157.739516  68.198300  6.680
 29    57.353 53237.03960975  8.01 157.735726  68.195260  6.680
 29    56.795 53237.03961040  4.78 157.731946  68.192220  6.680
 29    44.985 53237.03961104  6.37 157.728166  68.189180  6.680
 29    47.463 53237.03961169  5.66 157.724386  68.186140  6.680
 29    48.067 53237.03961233  5.07 157.720606  68.183100  6.680
 29    57.726 53237.03961878  2.66 157.682868  68.152681 15.401
 29    57.474 53237.03961942  1.91 157.679098  68.149641 15.401
 30    10.902 53272.03957754 14.08 157.693873  68.140006  8.939
 30    11.076 53272.03957818 14.94 157.690103  68.136966  8.939
 30    12.340 53272.03957883 13.44 157.686343  68.133926  8.939
 30    12.112 53272.03957947 19.62 157.682573  68.130886  8.939
 31    57.812 53307.03963124  4.84 157.738644  68.194816  4.855
 31    57.277 53307.03963189  3.20 157.734864  68.191776  4.855
 31    56.291 53307.03963253  3.18 157.731084  68.188736  4.855
 31    55.106 53307.03963318  4.29 157.727304  68.185696  4.855
 31     2.781 53307.03964091 21.23 157.681979  68.149203  7.015
 31     3.419 53307.03964156 20.58 157.678209  68.146163  7.015
 31     8.027 53307.03964220 18.53 157.674439  68.143123  7.015
 33    57.171 53377.03953114  5.43 157.734603  68.204413  3.664
 33    57.282 53377.03953179  5.13 157.730823  68.201373  3.664
 33    56.671 53377.03953243  3.85 157.727037  68.198333  4.390
 33    55.028 53377.03953308  4.56 157.723257  68.195293  4.390
 33    54.641 53377.03953372  2.68 157.719477  68.192253  4.390
 33    54.019 53377.03953437  3.33 157.715697  68.189213  4.390
 33    52.394 53377.03953501  3.97 157.711917  68.186173  4.390
 33    51.572 53377.03953566  2.28 157.708137  68.183123  4.390
 33    49.831 53377.03953630  2.99 157.704357  68.180083  4.390
 33    47.015 53377.03953695  5.48 157.700587  68.177043  4.390
 33    51.961 53377.03953759  1.55 157.696807  68.174003  4.390
 33    47.913 53377.03953823  4.01 157.693037  68.170963  4.390
 33    51.846 53377.03953888  4.74 157.689257  68.167923  4.390
 33    47.692 53377.03953952  6.54 157.685487  68.164883  4.390
 33    47.299 53377.03954017  6.91 157.681717  68.161843  4.390
 33    46.540 53377.03954081  9.74 157.677947  68.158793  4.390
 33    45.716 53377.03954146 10.92 157.674177  68.155753  4.390
 33     8.263 53377.03954210 12.79 157.670407  68.152713  4.390
 33     8.647 53377.03954275 13.09 157.666637  68.149673  4.390
 33     6.827 53377.03954339 13.28 157.662867  68.146633  4.390
 35    44.137 53447.03956911  9.05 157.691576  68.140287  6.039
 35    42.487 53447.03956976 11.69 157.687806  68.137247  6.039
 35     7.268 53447.03957040 14.41 157.684036  68.134207  6.039
 36    57.742 53482.03964373  2.21 157.737210  68.193645  3.542
 36    56.756 53482.03964437  1.37 157.733420  68.190605  3.542
 36    48.150 53482.03964502  2.47 157.729640  68.187565  3.542
 36    46.331 53482.03964566  2.64 157.725860  68.184525  3.542
 36     6.466 53482.03965340  9.40 157.680550  68.148033  4.094
 36     5.264 53482.03965404 10.86 157.676780  68.144993  4.094
 36     5.298 53482.03965469 12.35 157.673010  68.141953  4.094
 37    25.408 53517.03964504 22.92 157.738681  68.197368  8.748
 37    45.569 53517.03964569 15.42 157.734901  68.194328  8.748
 37    49.826 53517.03964633  8.66 157.731121  68.191288  8.748
 37    48.108 53517.03964698  9.60 157.727331  68.188248  8.748
 37    26.150 53517.03964762 18.06 157.723551  68.185208  8.748
 37    47.637 53517.03964827 17.65 157.719771  68.182168  8.748
 37     4.929 53517.03965471 42.63 157.682025  68.151757 18.355
 37     5.443 53517.03965536 30.95 157.678255  68.148717 18.355
 37     5.754 53517.03965600 30.49 157.674485  68.145667 18.355
 37     5.364 53517.03965665 46.82 157.670715  68.142627 18.355
 38    44.843 53552.03966535 10.09 157.735634  68.200624  7.251
 38    50.593 53552.03966600  4.50 157.731854  68.197584  7.251
 38    56.269 53552.03966664  4.71 157.728064  68.194544  7.251
 38    55.657 53552.03966729  3.97 157.724284  68.191504  7.251
 38    54.811 53552.03966793  4.08 157.720504  68.188464  7.251
 38    53.367 53552.03966858  4.19 157.716724  68.185424  7.251
 38    47.741 53552.03966922  5.34 157.712944  68.182384  7.251
 38    50.943 53552.03966987  3.30 157.709164  68.179344  7.251
 38    46.709 53552.03967438  9.91 157.682730  68.158056  9.817
 38    11.084 53552.03967502 11.72 157.678960  68.155016  9.817
 38    11.610 53552.03967567 11.95 157.675190  68.151966  9.817
 38    12.175 53552.03967631 12.99 157.671420  68.148926  9.817
 38    12.816 53552.03967696 16.21 157.667650  68.145886  9.817
 39    50.911 53587.03961984  5.99 157.737554  68.198198  8.172
 39    45.061 53587.03962049  7.74 157.733774  68.195158  8.172
 39    44.850 53587.03962113  7.65 157.729984  68.192118  8.172
 39    44.343 53587.03962178  8.61 157.726204  68.189078  8.172
 39    43.486 53587.03962242 10.47 157.722424  68.186038  8.172
 39    25.159 53587.03962307 16.86 157.718644  68.182998  8.172
 39     3.715 53587.03962951 46.41 157.680899  68.152586 18.547
 39     4.793 53587.03963016 39.41 157.677129  68.149546 18.547
 39     4.037 53587.03963080 31.94 157.673369  68.146496 18.547
 39     4.798 53587.03963145 37.61 157.669599  68.143456 18.547
 40     5.203 53622.03959633 35.78 157.687663  68.144556 13.301
 40     5.000 53622.03959697 36.40 157.683900  68.141513 30.005
 40     4.815 53622.03959762 36.31 157.680120  68.138473 30.005
 41     6.837 53657.03962408 19.45 157.684869  68.146622 12.208
 41     8.525 53657.03962473 20.38 157.681099  68.143582 12.208
 41     9.390 53657.03962537 22.48 157.677329  68.140542 12.208
 42    57.887 53692.03959890 10.88 157.737061  68.200800  5.635
 42    57.437 53692.03959955 11.13 157.733271  68.197760  5.635
 42    56.508 53692.03960019 11.42 157.729491  68.194720  5.635
 42    55.951 53692.03960083  9.26 157.725711  68.191680  5.635
 42    54.881 53692.03960148  9.76 157.721931  68.188640  5.635
 42    47.383 53692.03960212  9.85 157.718151  68.185600  5.635
 42    46.005 53692.03960277 12.56 157.714371  68.182560  5.635
 42    50.672 53692.03960341 11.43 157.710591  68.179520  5.635
 42     0.777 53692.03960857 23.53 157.680397  68.155191  7.511
 42     0.997 53692.03960922 24.77 157.676627  68.152151  7.511
 42     1.250 53692.03960986 24.12 157.672857  68.149101  7.511
 42     0.924 53692.03961050 26.19 157.669087  68.146061  7.511
 43    56.797 53727.03952165 12.33 157.734837  68.205649  5.338
 43    56.950 53727.03952229 11.96 157.731057  68.202609  5.338
 43    56.562 53727.03952294 10.44 157.727277  68.199569  5.338
 43    55.937 53727.03952358  9.07 157.723497  68.196529  5.338
 43    55.052 53727.03952423 10.15 157.719707  68.193489  5.338
 43    53.921 53727.03952487 10.76 157.715927  68.190449  5.338
 43    52.489 53727.03952552 13.62 157.712157  68.187409  5.338
 43    50.603 53727.03952616 14.35 157.708377  68.184369  5.338
 43    45.465 53727.03952681 13.28 157.704597  68.181329  5.338
 43    46.092 53727.03952745 13.64 157.700817  68.178279  5.338
 43    46.724 53727.03952809 13.00 157.697047  68.175239  5.338
 43    46.841 53727.03952874 12.99 157.693267  68.172199  5.338
 43     0.634 53727.03953067 24.28 157.681957  68.163073  8.141
 43     0.984 53727.03953132 24.20 157.678187  68.160033  8.141
 43     0.931 53727.03953196 26.51 157.674417  68.156993  8.141
 43     1.150 53727.03953261 24.59 157.670647  68.153953  8.141
 43     1.365 53727.03953325 22.37 157.666877  68.150913  8.141
 43     4.937 53727.03953390 22.60 157.663107  68.147873  8.141
 44     1.342 53762.03948735 20.68 157.692669  68.142096  7.120
 44     4.071 53762.03948799 19.88 157.688909  68.139056  7.120
 44     7.802 53762.03948864 20.09 157.685139  68.136016  7.120
 44     8.972 53762.03948928 19.06 157.681369  68.132976  7.120
 45    57.824 53797.03948867  8.72 157.735134  68.199124  4.790
 45    57.304 53797.03948932  7.81 157.731354  68.196084  4.790
 45    56.396 53797.03948996  6.16 157.727574  68.193044  4.790
 45    54.745 53797.03949060  7.78 157.723794  68.190004  4.790
 45    54.490 53797.03949125  5.61 157.720014  68.186964  4.790
 45    52.298 53797.03949189  7.26 157.716234  68.183924  4.790
 45    50.407 53797.03949254  8.85 157.712454  68.180884  4.790
 45    52.474 53797.03949770 12.50 157.682267  68.156553  6.284
 45     3.327 53797.03949834 16.76 157.678497  68.153513  6.284
 45     4.761 53797.03949899 17.53 157.674727  68.150463  6.284
 45     5.770 53797.03949963 17.48 157.670957  68.147423  6.284
 45     6.491 53797.03950027 16.80 157.667187  68.144383  6.284
 48    45.797 53902.03957701 13.20 157.740202  68.196943 12.233
 48     7.639 53902.03957959 20.10 157.725072  68.184783 12.233
 48    11.981 53902.03958733 13.62 157.679767  68.148284 13.799
 48    12.636 53902.03958797 13.54 157.675997  68.145244 13.799
 49    50.818 53937.03961497  5.61 157.734616  68.199904  9.059
 49    44.636 53937.03961561  8.79 157.730826  68.196864  9.059
 49    47.467 53937.03961819  6.15 157.715696  68.184704  9.059
 49    47.484 53937.03961884  8.35 157.711916  68.181664  9.059
 49    46.931 53937.03961948  8.30 157.708136  68.178624  9.059
 49     3.883 53937.03962399 21.44 157.681709  68.157331 10.641
 49     4.148 53937.03962464 22.64 157.677939  68.154291 10.641
 49     4.715 53937.03962528 18.19 157.674169  68.151251 10.641
 49     8.620 53937.03962593 15.41 157.670399  68.148211 10.641
 49    13.513 53937.03962657 13.45 157.666629  68.145171 10.641
 50    51.266 53972.03957928  5.59 157.735588  68.203913  3.870
 50    50.730 53972.03957992  4.51 157.731808  68.200873  3.870
 50    56.847 53972.03958057  3.23 157.728028  68.197833  3.870
 50    56.376 53972.03958121  3.09 157.724238  68.194793  3.870
 50    48.367 53972.03958186  3.36 157.720458  68.191753  3.870
 50    47.308 53972.03958250  3.44 157.716678  68.188713  3.870
 50    48.092 53972.03958315  3.87 157.712898  68.185673  3.870
 50    51.786 53972.03958379  0.76 157.709118  68.182633  3.870
 50    51.587 53972.03958443  0.62 157.705338  68.179593  3.870
 50    52.363 53972.03958508  0.15 157.701568  68.176553  3.870
 50    53.218 53972.03958572  0.61 157.697788  68.173513  3.870
 52     1.366 54042.03960100 20.48 157.688677  68.145094  9.168
 52     1.469 54042.03960164 21.21 157.684907  68.142044  9.168
 52     1.958 54042.03960229 25.50 157.681137  68.139004  9.168
 52     1.556 54042.03960293 22.52 157.677377  68.135964  9.168
 53    58.082 54077.03958410  6.78 157.737304  68.200164  6.193
 53    57.531 54077.03958475  6.48 157.733514  68.197124  6.193
 53    56.791 54077.03958539  7.10 157.729734  68.194084  6.193
 53    55.863 54077.03958604  6.63 157.725954  68.191044  6.193
 53    54.763 54077.03958668  6.39 157.722174  68.188004  6.193
 53    53.559 54077.03958733  6.79 157.718394  68.184964  6.193
 53    51.824 54077.03958797  7.53 157.714614  68.181924  6.193
 53    50.984 54077.03958861  7.00 157.710834  68.178884  6.193
 53    46.171 54077.03959377 14.97 157.680644  68.154549  5.900
 53     5.129 54077.03959442 14.40 157.676874  68.151509  5.900
 53     6.441 54077.03959506 14.78 157.673104  68.148469  5.900
 53     7.594 54077.03959571 14.99 157.669334  68.145429  5.900
 54    56.795 54112.03952307 10.72 157.732035  68.207105  4.165
 54    56.732 54112.03952371  7.11 157.728255  68.204065  4.165
 54    56.575 54112.03952436  5.93 157.724465  68.201025  4.165
 54    55.927 54112.03952500  5.62 157.720685  68.197985  4.165
 54    55.180 54112.03952564  5.72 157.716905  68.194945  4.165
 54    54.221 54112.03952629  5.66 157.713125  68.191905  4.165
 54    53.037 54112.03952693  5.89 157.709345  68.188865  4.165
 54    51.517 54112.03952758  5.46 157.705565  68.185825  4.165
 54    49.958 54112.03952822  4.80 157.701795  68.182785  4.165
 54    48.297 54112.03952887  6.64 157.698015  68.179745  4.165
 54    46.619 54112.03952951  6.84 157.694235  68.176705  4.165
 54    46.829 54112.03953016  6.20 157.690465  68.173655  4.165
 54    50.452 54112.03953080  4.97 157.686685  68.170615  4.165
 54    50.533 54112.03953145  4.99 157.682915  68.167575  4.165
 54    50.485 54112.03953209  5.93 157.679145  68.164535  4.165
 54    46.348 54112.03953274  6.08 157.675375  68.161495  4.165
 54    45.502 54112.03953338  6.45 157.671604  68.158451  3.945
 54    44.716 54112.03953403  7.43 157.667834  68.155411  3.945
 54    43.626 54112.03953467  8.76 157.664064  68.152371  3.945
 54    41.545 54112.03953532 11.16 157.660294  68.149321  3.945
 56    56.363 54182.03951117  5.43 157.732575  68.204839  3.141
 56    57.136 54182.03951182  5.57 157.728795  68.201799  3.141
 56    56.512 54182.03951246  4.47 157.725005  68.198759  3.141
 56    55.972 54182.03951311  4.05 157.721227  68.195718  5.174
 56    55.147 54182.03951375  3.61 157.717447  68.192678  5.174
 56    53.804 54182.03951440  5.33 157.713667  68.189638  5.174
 56    51.437 54182.03951504  6.28 157.709887  68.186598  5.174
 56    50.825 54182.03951569  5.60 157.706107  68.183558  5.174
 56    48.962 54182.03951633  5.48 157.702337  68.180508  5.174
 56    46.762 54182.03951698  7.26 157.698557  68.177468  5.174
 56    50.121 54182.03951762  6.79 157.694777  68.174428  5.174
 56    47.464 54182.03951826  6.23 157.691007  68.171388  5.174
 56    47.458 54182.03951891  6.81 157.687237  68.168348  5.174
 56    47.449 54182.03951955  6.61 157.683457  68.165308  5.174
 56    51.470 54182.03952020  4.68 157.679687  68.162268  5.174
 56    52.488 54182.03952084  2.68 157.675917  68.159228  5.174
 56    45.749 54182.03952149  4.55 157.672147  68.156178  5.174
 56    50.172 54182.03952213  4.84 157.668377  68.153138  5.174
 56    49.255 54182.03952278  6.35 157.664617  68.150098  5.174
 57    44.267 54217.03954586 10.76 157.682832  68.145370  5.517
 57     6.907 54217.03954650 12.41 157.679062  68.142330  5.517
 57     7.511 54217.03954715 13.15 157.675292  68.139290  5.517
 58    31.200 54252.03956157 22.48 157.738034  68.193973 18.218
 58    10.341 54252.03956351 47.95 157.726684  68.184843 18.218
 58    10.501 54252.03957124 50.79 157.681384  68.148353 18.218
 59     5.226 54287.03956602 33.76 157.740325  68.198399  7.158
 59     5.432 54287.03956667 21.68 157.736537  68.195363 11.716
 59     5.181 54287.03956731 22.56 157.732757  68.192323 11.716
 59     7.244 54287.03956795 23.69 157.728967  68.189283 11.716
 59     4.904 54287.03956860 22.14 157.725187  68.186243 11.716
 59     4.849 54287.03956924 28.82 157.721407  68.183193 11.716
 59     5.020 54287.03957634 15.78 157.679887  68.149743 11.716
 59     4.891 54287.03957698 15.49 157.676127  68.146703 11.716
 59    12.154 54287.03957763 15.76 157.672357  68.143663 11.716
 60    57.803 54322.03956375  3.95 157.738648  68.195436  7.907
 60    45.549 54322.03956439  7.89 157.734868  68.192396  7.907
 60    45.309 54322.03956504  5.10 157.731088  68.189356  7.907
 60    47.847 54322.03956568  6.02 157.727308  68.186316  7.907
 60    53.659 54322.03956633  1.44 157.723528  68.183266  7.907
 60    11.394 54322.03957342 11.00 157.681998  68.149816  7.907
 60    22.615 54322.03957406 11.70 157.678228  68.146776  7.907
 60    23.079 54322.03957471 13.94 157.674468  68.143736  7.907
 61    51.133 54357.03952144  6.83 157.734575  68.204579  6.618
 61    50.430 54357.03952209  5.33 157.730795  68.201539  6.618
 61    49.340 54357.03952273  6.62 157.727005  68.198499  6.618
 61    48.634 54357.03952338  5.53 157.723225  68.195456  7.875
 61    54.971 54357.03952402  3.36 157.719445  68.192416  7.875
 61    53.145 54357.03952467  2.56 157.715665  68.189376  7.875
 61    46.981 54357.03952531  8.64 157.711885  68.186336  7.875
 61    49.816 54357.03952595  2.86 157.708105  68.183296  7.875
 61    50.979 54357.03952660  1.42 157.704335  68.180256  7.875
 61    51.848 54357.03952724  1.32 157.700555  68.177206  7.875
 61    52.593 54357.03952789  0.79 157.696775  68.174166  7.875
 61    53.112 54357.03952853  0.87 157.693005  68.171126  7.875
 61    56.081 54357.03953047  0.07 157.681685  68.162006  7.875
 61    56.612 54357.03953111  0.14 157.677915  68.158966  7.875
 61    56.485 54357.03953176  4.94 157.674145  68.155916  7.875
 61    12.552 54357.03953369 19.37 157.662845  68.146796  7.875
 62    57.714 54392.03950457 15.90 157.738511  68.194007  8.575
 62     2.320 54392.03951424 37.65 157.681867  68.148391 13.014
 62     2.307 54392.03951488 38.29 157.678097  68.145351 13.014
 62     1.964 54392.03951552 37.09 157.674327  68.142311 13.014
 63    57.951 54427.03947262  9.36 157.736536  68.198741  5.249
 63    57.492 54427.03947326  7.09 157.732756  68.195701  5.249
 63    56.614 54427.03947391  7.88 157.728976  68.192661  5.249
 63    55.538 54427.03947455  7.55 157.725195  68.189621  6.290
 63    54.872 54427.03947520  7.95 157.721415  68.186581  6.290
 63    45.704 54427.03947584  8.96 157.717635  68.183541  6.290
 63    51.119 54427.03947648  7.19 157.713855  68.180501  6.290
 63     0.686 54427.03948229 20.89 157.679885  68.153131  6.290
 63     1.088 54427.03948293 20.64 157.676115  68.150091  6.290
 63     1.420 54427.03948358 20.88 157.672355  68.147041  6.290
 63     1.108 54427.03948422 21.66 157.668585  68.144001  6.290
 64    45.794 54462.03949208 13.42 157.685467  68.145711  5.135
 64     4.217 54462.03949273 14.29 157.681697  68.142671  5.135
 64    42.251 54462.03949337 13.29 157.677937  68.139631  5.135
 65    57.970 54497.03948016  7.72 157.737944  68.199735  3.819
 65    57.587 54497.03948080  6.23 157.734164  68.196695  3.819
 65    56.824 54497.03948145  6.40 157.730384  68.193655  3.819
 65    56.010 54497.03948209  5.03 157.726604  68.190615  3.819
 65    54.444 54497.03948274  5.15 157.722814  68.187575  3.819
 65    52.602 54497.03948338  6.24 157.719034  68.184535  3.819
 65    51.233 54497.03948403  5.16 157.715264  68.181495  3.819
 65    52.084 54497.03948983  8.59 157.681291  68.154127  4.342
 65    46.039 54497.03949047  9.78 157.677521  68.151077  4.342
 65    44.158 54497.03949112 12.31 157.673751  68.148037  4.342
 65     6.301 54497.03949176 13.65 157.669981  68.144997  4.342
 66    44.000 54532.03950543 13.42 157.682492  68.145245  4.945
 66     5.493 54532.03950607 13.70 157.678732  68.142205  4.945
 66     5.526 54532.03950672 13.98 157.674962  68.139165  4.945
 67    57.432 54567.03948440  7.08 157.734913  68.204799  3.083
 67    57.143 54567.03948504  5.67 157.731133  68.201759  3.083
 67    56.814 54567.03948569  5.46 157.727353  68.198719  3.083
 67    56.234 54567.03948633  4.72 157.723563  68.195679  3.083
 67    55.542 54567.03948698  2.98 157.719783  68.192639  3.083
 67    54.375 54567.03948762  3.71 157.716003  68.189599  3.083
 67    53.165 54567.03948827  3.15 157.712223  68.186559  3.083
 67    50.478 54567.03948891  3.51 157.708443  68.183509  3.083
 67    50.423 54567.03948956  3.02 157.704673  68.180469  3.083
 67    49.421 54567.03949020  3.39 157.700891  68.177427  4.618
 67    50.163 54567.03949085  5.56 157.697121  68.174387  4.618
 67    50.387 54567.03949149  5.40 157.693341  68.171347  4.618
 67    52.371 54567.03949213  4.76 157.689571  68.168307  4.618
 67    51.234 54567.03949278  4.96 157.685791  68.165267  4.618
 67    51.219 54567.03949342  5.00 157.682021  68.162227  4.618
 67    51.059 54567.03949407  5.35 157.678251  68.159187  4.618
 67    50.678 54567.03949471  4.08 157.674481  68.156137  4.618
 67    45.373 54567.03949536  4.12 157.670711  68.153097  4.618
 67    44.345 54567.03949600  6.47 157.666941  68.150057  4.618
 67    41.564 54567.03949665  8.91 157.663181  68.147017  4.618
 68    57.795 54602.03949065  5.54 157.737971  68.192966  7.340
 68    45.228 54602.03949130  7.91 157.734191  68.189926  7.340
 68     1.828 54602.03950032 25.30 157.681324  68.147352 11.461
 68     1.941 54602.03950097 21.58 157.677554  68.144312 11.461
 68     1.724 54602.03950161 22.17 157.673784  68.141272 11.461
 69    45.602 54637.03950157 10.59 157.737509  68.196921  6.532
 69    45.404 54637.03950222 11.17 157.733729  68.193881  6.532
 69    49.127 54637.03950286  7.84 157.729949  68.190841  6.532
 69    48.376 54637.03950351  5.03 157.726159  68.187801  6.532
 69    47.466 54637.03950415  6.12 157.722379  68.184761  6.532
 69    48.022 54637.03950480  8.68 157.718599  68.181721  6.532
 69    12.257 54637.03951253 13.48 157.673320  68.145228 11.514
 69    12.426 54637.03951318 21.18 157.669550  68.142188 11.514
 70    25.213 54672.03950453 17.99 157.738711  68.199451 12.880
 70    25.095 54672.03950517 22.07 157.734921  68.196411 12.880
 70    24.442 54672.03950581 19.22 157.731141  68.193371 12.880
 70    25.370 54672.03950646 16.41 157.727361  68.190331 12.880
 70     4.403 54672.03950775 36.80 157.719801  68.184251 12.880
 70     4.023 54672.03950839 46.51 157.716021  68.181211 12.880
 70     4.473 54672.03951420 47.79 157.682039  68.153836 17.646
 70     4.314 54672.03951484 50.62 157.678269  68.150796 17.646
 71    44.856 54707.03946443  8.35 157.734925  68.199409  8.366
 71    56.784 54707.03946508  4.52 157.731135  68.196369  8.366
 71    56.086 54707.03946572  8.73 157.727355  68.193329  8.366
 71    54.967 54707.03946637  7.22 157.723575  68.190289  8.366
 71    54.110 54707.03946701  2.72 157.719795  68.187249  8.366
 71    52.685 54707.03946766  3.99 157.716015  68.184199  8.366
 71    47.747 54707.03946830  2.94 157.712235  68.181159  8.366
 71     3.559 54707.03947346 19.85 157.682043  68.156838  8.206
 71     4.462 54707.03947410 15.82 157.678273  68.153788  8.206
 71     4.926 54707.03947475 13.91 157.674503  68.150748  8.206
 71     9.217 54707.03947539 13.17 157.670733  68.147708  8.206
 71    12.816 54707.03947604 13.02 157.666973  68.144668  8.206
 73    57.866 54777.03944579  9.78 157.738011  68.199081  6.707
 73    57.089 54777.03944643  9.70 157.734231  68.196041  6.707
 73    56.451 54777.03944707 10.49 157.730441  68.193001  6.707
 73    55.603 54777.03944772  7.69 157.726661  68.189961  6.707
 73    54.475 54777.03944836  7.63 157.722881  68.186921  6.707
 73    52.684 54777.03944901 11.17 157.719101  68.183881  6.707
 73    46.374 54777.03944965 10.86 157.715321  68.180841  6.707
 73     1.431 54777.03945546 22.82 157.681354  68.153466  8.859
 73     1.714 54777.03945610 27.36 157.677584  68.150426  8.859
 73     1.640 54777.03945674 28.28 157.673824  68.147386  8.859
 73     1.734 54777.03945739 25.49 157.670054  68.144346  8.859
 74     1.831 54812.03947391 20.46 157.686671  68.144944  7.795
 74     6.783 54812.03947455 20.51 157.682901  68.141904  7.795
 74     5.581 54812.03947520 21.21 157.679131  68.138864  7.795
 75    56.634 54847.03944568 10.44 157.737105  68.201120  4.201
 75    56.805 54847.03944632  9.60 157.733315  68.198080  4.201
 75    56.061 54847.03944697  8.75 157.729535  68.195040  4.201
 75    55.076 54847.03944761  7.02 157.725755  68.192000  4.201
 75    54.702 54847.03944826  7.07 157.721975  68.188960  4.201
 75    53.211 54847.03944890  7.45 157.718195  68.185920  4.201
 75    45.485 54847.03944955  9.66 157.714415  68.182880  4.201
 75    49.912 54847.03945019  8.85 157.710635  68.179830  4.201
 75    45.849 54847.03945535 17.05 157.680438  68.155502  5.684
 75     2.540 54847.03945599 17.87 157.676668  68.152462  5.684
 75     5.505 54847.03945728 17.23 157.669138  68.146382  5.684
 76    57.002 54882.03946754  8.91 157.737504  68.191801  4.143
 76     6.236 54882.03947721 16.50 157.680862  68.146193  5.753
 76    43.205 54882.03947785 16.56 157.677092  68.143153  5.753
 76     8.007 54882.03947850 16.27 157.673322  68.140113  5.753
 77    57.232 54917.03944841  7.17 157.731623  68.203908  3.373
 77    56.647 54917.03944905  7.17 157.727833  68.200868  3.373
 77    56.207 54917.03944970  6.52 157.724053  68.197828  3.373
 77    55.178 54917.03945034  6.42 157.720273  68.194788  3.373
 77    53.971 54917.03945099  4.74 157.716493  68.191748  3.373
 77    52.072 54917.03945163  5.42 157.712713  68.188708  3.373
 77    50.677 54917.03945228  4.92 157.708933  68.185658  3.373
 77    49.250 54917.03945292  4.46 157.705153  68.182618  3.373
 77    49.102 54917.03945357  5.63 157.701378  68.179578  4.786
 77    46.457 54917.03945421  7.29 157.697598  68.176538  4.786
 77    49.700 54917.03945486  6.05 157.693828  68.173498  4.786
 77    46.862 54917.03945550  7.57 157.690048  68.170458  4.786
 77    50.746 54917.03945615  6.98 157.686278  68.167418  4.786
 77    46.857 54917.03945679  6.78 157.682498  68.164378  4.786
 77    46.523 54917.03945744  8.05 157.678728  68.161338  4.786
 77    46.001 54917.03945808  7.74 157.674958  68.158288  4.786
 77    43.975 54917.03945873 11.73 157.671188  68.155248  4.786
 77     4.647 54917.03945937 14.13 157.667418  68.152208  4.786
 77     5.298 54917.03946001 14.07 157.663658  68.149168  4.786
 78    57.726 54952.03946068  7.08 157.738711  68.193681  5.451
 78    56.929 54952.03946132  6.69 157.734931  68.190641  5.451
 78    56.030 54952.03946196  5.64 157.731141  68.187601  5.451
 78    44.871 54952.03947035  9.66 157.682054  68.148064  4.318
 78    43.484 54952.03947099 12.02 157.678284  68.145024  4.318
 78     5.729 54952.03947163 15.90 157.674514  68.141984  4.318
 79    50.884 54987.03948456  8.68 157.740491  68.196988  7.289
 79    50.548 54987.03948520  6.27 157.736701  68.193948  7.289
 79    49.710 54987.03948584  4.76 157.732921  68.190908  7.289
 79    48.283 54987.03948649  7.03 157.729141  68.187868  7.289
 79    43.905 54987.03948713  9.76 157.725361  68.184828  7.289
 79    11.731 54987.03949487 14.59 157.680048  68.148336  9.483
 79    12.323 54987.03949551 14.08 157.676288  68.145296  9.483
 79    12.860 54987.03949616 16.67 157.672518  68.142256  9.483
 80     5.065 55022.03947729 20.08 157.737954  68.196910  7.516
 80     7.574 55022.03947793 14.62 157.734174  68.193870  7.516
 80     8.626 55022.03947858 16.02 157.730394  68.190830  7.516
 80     9.029 55022.03947922 14.70 157.726614  68.187790  7.516
 80     4.603 55022.03947986 15.02 157.722834  68.184750  7.516
 80     4.290 55022.03948051 14.27 157.719054  68.181710  7.516
 80     4.827 55022.03948696 18.14 157.681311  68.151296 13.050
 80     4.818 55022.03948760 13.56 157.677541  68.148256 13.050
 80     9.418 55022.03948825 12.32 157.673771  68.145216 13.050
 80    12.500 55022.03948889 12.00 157.670001  68.142176 13.050
 81    23.412 55057.03947332 19.12 157.738049  68.198063 12.223
 81    23.384 55057.03947397 22.85 157.734269  68.195023 12.223
 81    23.080 55057.03947461 25.23 157.730479  68.191983 12.223
 81    23.163 55057.03947526 23.71 157.726699  68.188943 12.223
 81     3.403 55057.03948299 47.44 157.681387  68.152446 22.376
 81     2.299 55057.03948364 52.96 157.677617  68.149406 22.376
 81     3.165 55057.03948428 49.91 157.673857  68.146366 22.376
 82     6.221 55092.03942934 46.36 157.733017  68.202702 26.184
 82     6.036 55092.03942998 50.40 157.729237  68.199662 26.184
 82     6.146 55092.03943063 51.19 157.725457  68.196622 26.184
 82     6.104 55092.03943127 52.47 157.721667  68.193582 26.184
 82     6.111 55092.03943192 52.18 157.717887  68.190542 26.184
 82     6.071 55092.03943256 52.47 157.714107  68.187502 26.184
 82     6.065 55092.03943321 52.86 157.710327  68.184452 26.184
 82     6.131 55092.03943385 52.28 157.706557  68.181412 26.184
 82     6.034 55092.03943449 51.61 157.702777  68.178372 26.184
 82     6.134 55092.03943514 51.27 157.699004  68.175330 32.807
 82     6.029 55092.03943578 52.54 157.695224  68.172290 32.807
 82     6.144 55092.03943643 51.74 157.691454  68.169250 32.807
 82     5.978 55092.03943707 53.17 157.687674  68.166210 32.807
 82     6.086 55092.03943772 52.01 157.683904  68.163170 32.807
 82     6.075 55092.03943836 53.16 157.680134  68.160130 32.807
 82     6.009 55092.03943901 52.96 157.676364  68.157090 32.807
 82     6.086 55092.03943965 52.87 157.672594  68.154040 32.807
 82     6.144 55092.03944030 50.15 157.668824  68.151000 32.807
 82     6.059 55092.03944094 52.38 157.665054  68.147960 32.807
 83    57.853 55127.03941358 12.23 157.740729  68.195240  9.629
 83    57.039 55127.03941422 11.53 157.736949  68.192200  9.629
 83    56.239 55127.03941487  8.77 157.733169  68.189160  9.629
 83     0.919 55127.03942389 36.29 157.680312  68.146591  9.783
 83     1.442 55127.03942454 29.10 157.676542  68.143551  9.783
 83     1.311 55127.03942518 27.78 157.672772  68.140511  9.783
 84    57.669 55162.03939094 12.61 157.738363  68.201060  4.849
 84    57.197 55162.03939159 12.22 157.734573  68.198020  4.849
 84    56.477 55162.03939223 10.28 157.730793  68.194980  4.849
 84    55.759 55162.03939288  8.82 157.727013  68.191940  4.849
 84    54.629 55162.03939352 10.28 157.723223  68.188900  4.849
 84    53.498 55162.03939416  9.73 157.719443  68.185860  4.849
 84    51.756 55162.03939481  9.97 157.715663  68.182820  4.849
 84    50.142 55162.03939545 10.58 157.711893  68.179780  4.849
 84     1.102 55162.03940061 21.29 157.681691  68.155443  6.005
 84     1.220 55162.03940126 21.64 157.677921  68.152403  6.005
 84     4.835 55162.03940190 20.39 157.674151  68.149363  6.005
 84     5.451 55162.03940255 20.58 157.670391  68.146323  6.005
 85     4.842 55197.03941491 19.36 157.683715  68.144774  7.714
 85     6.886 55197.03941555 19.10 157.679955  68.141734  7.714
 85     7.796 55197.03941620 19.39 157.676185  68.138694  7.714
 86    56.454 55232.03939434 10.61 157.735033  68.203337  4.491
 86    56.087 55232.03939499  9.91 157.731243  68.200297  4.491
 86    55.813 55232.03939563  8.45 157.727463  68.197257  4.491
 86    55.151 55232.03939628  7.39 157.723683  68.194217  4.491
 86    54.004 55232.03939692  6.85 157.719903  68.191177  4.491
 86    52.773 55232.03939757  8.36 157.716123  68.188137  4.491
 86    51.760 55232.03939821  8.67 157.712343  68.185097  4.491
 86    50.221 55232.03939886  8.26 157.708563  68.182047  4.491
 86    48.940 55232.03939950  8.55 157.704786  68.179010  5.086
 86    50.179 55232.03940015  9.30 157.701006  68.175970  5.086
 86    50.656 55232.03940079 10.18 157.697236  68.172930  5.086
 86    47.400 55232.03940144 10.41 157.693456  68.169890  5.086
 86    51.754 55232.03940208 10.31 157.689686  68.166850  5.086
 86    45.811 55232.03940337 17.27 157.682136  68.160760  5.086
 86     0.967 55232.03940401 17.19 157.678366  68.157720  5.086
 86     2.241 55232.03940466 17.06 157.674596  68.154680  5.086
 86     4.589 55232.03940530 15.96 157.670826  68.151640  5.086
 86     7.652 55232.03940595 15.38 157.667066  68.148600  5.086
 87    57.734 55267.03939932  8.61 157.740796  68.195329  4.121
 87    56.041 55267.03939996  8.33 157.737016  68.192289  4.121
 87    56.130 55267.03940060  6.97 157.733236  68.189249  4.121
 87    44.001 55267.03940963 17.09 157.680377  68.146678  5.703
 87    42.856 55267.03941027 16.94 157.676607  68.143638  5.703
 87     6.738 55267.03941092 16.80 157.672837  68.140598  5.703
 88    57.427 55302.03937463  8.35 157.736138  68.204380  4.134
 88    55.450 55302.03937528  8.81 157.732348  68.201340  4.134
 88    56.633 55302.03937592  7.25 157.728568  68.198300  4.134
 88    54.534 55302.03937657  8.77 157.724788  68.195260  4.134
 88    55.056 55302.03937721  5.62 157.721008  68.192220  4.134
 88    53.104 55302.03937786  6.66 157.717228  68.189180  4.134
 88    51.543 55302.03937850  6.70 157.713448  68.186130  4.134
 88    49.999 55302.03937915  5.51 157.709668  68.183090  4.134
 88    48.484 55302.03937979  7.52 157.705888  68.180050  4.134
 88    46.748 55302.03938044  8.99 157.702108  68.177010  4.134
 88    49.943 55302.03938108  7.09 157.698334  68.173975  4.954
 88    50.818 55302.03938173  7.84 157.694564  68.170925  4.954
 88    47.749 55302.03938237  7.35 157.690784  68.167885  4.954
 88    51.664 55302.03938366  6.53 157.683244  68.161805  4.954
 88    51.451 55302.03938430  9.32 157.679474  68.158765  4.954
 88    51.030 55302.03938495  8.60 157.675704  68.155725  4.954
 88    43.466 55302.03938559 13.44 157.671934  68.152685  4.954
 88     4.286 55302.03938624 15.48 157.668164  68.149635  4.954
 88    40.976 55302.03938688 15.95 157.664394  68.146595  4.954
 89    58.198 55337.03937345  8.86 157.738173  68.197608  7.319
 89    50.393 55337.03937409 10.57 157.734393  68.194568  7.319
 89    56.482 55337.03937474  8.07 157.730606  68.191529  3.947
 89    47.899 55337.03937538  9.52 157.726826  68.188489  3.947
 89    54.507 55337.03937603  5.81 157.723046  68.185449  3.947
 89    47.987 55337.03937667  9.43 157.719266  68.182409  3.947
 89    57.595 55337.03938312  4.33 157.681516  68.151999  3.947
 89    57.416 55337.03938376  3.70 157.677746  68.148949  3.947
 89    56.823 55337.03938441  3.41 157.673976  68.145909  3.947
 89    43.421 55337.03938505  8.95 157.670206  68.142869  3.947
 90    45.643 55372.03936319 10.03 157.740032  68.198433  5.815
 90    50.765 55372.03936384  4.74 157.736252  68.195393  5.815
 90    49.424 55372.03936448  4.68 157.732462  68.192353  5.815
 90    48.645 55372.03936513  3.11 157.728682  68.189313  5.815
 90    47.600 55372.03936577  3.60 157.724902  68.186273  5.815
 90    48.021 55372.03936642  4.18 157.721122  68.183233  5.815
 90    11.683 55372.03937351 10.56 157.679597  68.149778 10.163
 91     7.038 55407.03939385 13.12 157.684126  68.146409 17.339
 91     2.876 55407.03939450 16.38 157.680366  68.143369 17.339
 91     7.689 55407.03939514 16.76 157.676596  68.140329 17.339
 92    26.502 55442.03938253 13.01 157.736846  68.197511 12.221
 92    26.282 55442.03938318 16.08 157.733066  68.194471 12.221
 92    26.934 55442.03938382 17.76 157.729286  68.191431 12.221
 92    26.453 55442.03938446 20.16 157.725496  68.188391 12.221
 92     6.470 55442.03939220 45.71 157.680190  68.151893 15.626
 92     5.572 55442.03939285 51.17 157.676430  68.148853 15.626
 93    57.633 55477.03932302  8.80 157.733099  68.203583  7.614
 93    57.182 55477.03932367 11.41 157.729319  68.200543  7.614
 93    56.733 55477.03932431  7.16 157.725539  68.197503  7.614
 93    55.785 55477.03932496  7.82 157.721759  68.194463  7.614
 93    54.783 55477.03932560  7.80 157.717979  68.191423  7.614
 93    53.764 55477.03932625  8.46 157.714189  68.188383  7.614
 93    33.497 55477.03932689 12.86 157.710419  68.185343  7.614
 93    33.821 55477.03932754 13.21 157.706639  68.182303  7.614
 93     8.488 55477.03932947 17.89 157.695311  68.173172  8.606
 93     8.174 55477.03933011 19.19 157.691531  68.170132  8.606
 93     7.443 55477.03933076 19.06 157.687761  68.167092  8.606
 93     7.225 55477.03933140 19.13 157.683991  68.164052  8.606
 93     8.093 55477.03933205 18.39 157.680221  68.161012  8.606
 93     8.396 55477.03933269 18.65 157.676451  68.157972  8.606
 93     6.190 55477.03933334 20.68 157.672681  68.154922  8.606
 93     5.963 55477.03933398 22.25 157.668911  68.151882  8.606
 93     8.584 55477.03933463 18.82 157.665141  68.148842  8.606
