# NaN NaN NaN ;Mean Elev.(m), Avg Gradient(m/km), RMS Gradient(m/km) - SRTM1     
#    8.601  -8.342  33.877 ;Mean Elev.(m), Avg Gradient(m/km), RMS Gradient(m/km) - ASTER GDEM
#    1.049  -9.980  27.288 ;Mean Elev.(m), Avg Gradient(m/km), RMS Gradient(m/km) - GMTED2010 
  8     3.213 52485.40507776 14.77 161.460491  68.855760 17.730
  8     1.168 52485.40507841 16.84 161.456491  68.858780 17.730
  8     0.407 52485.40507905 21.37 161.452491  68.861800 17.730
  8     2.928 52485.40507969 16.75 161.448491  68.864820 17.730
  8     3.390 52485.40508034 20.51 161.444491  68.867850 17.730
  9    -0.101 52520.40504240 24.89 161.468115  68.855254 16.695
  9     0.051 52520.40504304 27.04 161.464115  68.858274 16.695
  9     0.347 52520.40504368 27.35 161.460125  68.861304 16.695
  9     0.392 52520.40504433 28.79 161.456125  68.864324 16.695
  9     0.685 52520.40504497 31.28 161.452125  68.867344 16.695
  9     0.676 52520.40504562 39.26 161.448125  68.870364 16.695
 10     0.542 52555.40509237 19.63 161.452287  68.846053 14.679
 10     0.779 52555.40509301 18.32 161.448287  68.849073 14.679
 10     0.359 52555.40509365 18.09 161.444287  68.852093 14.679
 10     0.385 52555.40509430 18.37 161.440287  68.855113 14.679
 10     1.622 52555.40509494 17.21 161.436287  68.858143 14.679
 10     2.824 52555.40509559 16.82 161.432287  68.861163 14.679
 11    -0.822 52590.40508225 33.01 161.458533  68.854237  9.519
 11    -0.677 52590.40508289 33.56 161.454533  68.857267  9.519
 11    -0.693 52590.40508354 33.97 161.450541  68.860285 13.795
 11    -0.706 52590.40508418 33.98 161.446541  68.863305 13.795
 11    -0.766 52590.40508483 32.06 161.442541  68.866335 13.795
 12    -0.011 52625.40501246 26.49 161.470092  68.858796  5.537
 12    -0.022 52625.40501310 27.13 161.466092  68.861816  5.537
 12    -0.037 52625.40501375 27.88 161.462092  68.864836  5.537
 12     0.119 52625.40501439 28.40 161.458092  68.867856  5.537
 12     0.130 52625.40501504 27.52 161.454092  68.870886  5.537
 13    -0.272 52660.40504736 21.98 161.462114  68.851288  3.893
 13    -0.153 52660.40504801 21.68 161.458114  68.854308  3.893
 13    -0.239 52660.40504865 21.72 161.454114  68.857338  3.893
 13    -0.216 52660.40504930 21.39 161.450114  68.860358  3.893
 13    -0.133 52660.40504994 21.37 161.446114  68.863378  3.893
 13    -0.071 52660.40505059 20.81 161.442114  68.866398  3.893
 14    -0.677 52695.40502650 21.69 161.451050  68.846116  3.740
 14    -0.264 52695.40502714 20.06 161.447050  68.849136  3.740
 14    -0.041 52695.40502779 19.15 161.443050  68.852156  3.740
 14    -0.050 52695.40502843 19.04 161.439050  68.855176  3.740
 14     0.240 52695.40502908 18.42 161.435050  68.858206  3.740
 14     0.200 52695.40502972 18.95 161.431050  68.861226  3.740
 15    -0.270 52730.40505808 18.10 161.461767  68.855709  2.397
 15    -0.318 52730.40505873 18.83 161.457767  68.858729  2.397
 15    -0.250 52730.40505937 18.13 161.453767  68.861759  2.397
 15    -0.098 52730.40506002 17.50 161.449767  68.864779  2.397
 15     0.105 52730.40506066 17.03 161.445767  68.867799  2.397
 17     5.629 52800.40505925 18.48 161.451577  68.847659 17.929
 17     5.226 52800.40505990 16.35 161.447577  68.850689 17.929
 17     4.391 52800.40506054 15.62 161.443584  68.853703 18.775
 17     4.073 52800.40506119 16.14 161.439584  68.856733 18.775
 17     4.310 52800.40506183 17.35 161.435584  68.859753 18.775
 17     4.647 52800.40506248 20.28 161.431574  68.862773 18.775
 19    -0.054 52870.40516859 26.00 161.461861  68.851087 25.058
 19    -0.045 52870.40516923 27.18 161.457861  68.854107 25.058
 19    -0.291 52870.40516988 21.45 161.453861  68.857127 25.058
 19    -0.513 52870.40517052 21.56 161.449861  68.860157 25.058
 19    -0.713 52870.40517117 22.06 161.445865  68.863171 27.138
 19     1.235 52870.40517181 21.91 161.441865  68.866201 27.138
 20    -0.013 52905.40517061 21.35 161.461667  68.855620 18.416
 20     1.220 52905.40517126 18.03 161.457667  68.858640 18.416
 20     0.212 52905.40517190 18.93 161.453667  68.861670 18.416
 20     2.683 52905.40517254 19.93 161.449677  68.864690 18.416
 20     0.503 52905.40517319 26.94 161.445667  68.867710 18.416
 21    -0.470 52940.40510110 32.75 161.451710  68.844943  8.171
 21    -0.308 52940.40510174 34.32 161.447710  68.847963  8.171
 21    -0.352 52940.40510239 34.00 161.443710  68.850983  8.171
 21    -0.339 52940.40510303 35.11 161.439720  68.854003  8.171
 21    -0.311 52940.40510368 34.12 161.435710  68.857033  8.171
 21    -0.239 52940.40510432 32.72 161.431710  68.860053  8.171
 21    -0.218 52940.40510497 32.75 161.427710  68.863073  8.171
 22     0.449 52975.40514740 23.32 161.456050  68.847448  3.984
 22     0.624 52975.40514804 23.42 161.452060  68.850468  3.984
 22     0.606 52975.40514869 23.82 161.448060  68.853498  3.984
 22     0.526 52975.40514933 23.44 161.444060  68.856518  3.984
 22     0.590 52975.40514998 24.52 161.440060  68.859538  3.984
 22     0.549 52975.40515062 23.34 161.436060  68.862558  3.984
 22     0.506 52975.40515127 23.21 161.432050  68.865578  3.984
 23    -0.389 53010.40515227 17.26 161.460684  68.851051  2.672
 23    -0.259 53010.40515292 16.69 161.456684  68.854071  2.672
 23    -0.218 53010.40515356 16.70 161.452684  68.857091  2.672
 23    -0.204 53010.40515421 17.01 161.448684  68.860121  2.672
 23    -0.124 53010.40515485 16.66 161.444694  68.863141  2.672
 23    -0.141 53010.40515550 16.73 161.440684  68.866161  2.672
 24    -0.277 53045.40511424 17.48 161.452184  68.846937  4.973
 24     0.059 53045.40511488 16.91 161.448184  68.849957  4.973
 24     0.443 53045.40511552 16.89 161.444184  68.852977  4.973
 24     0.243 53045.40511617 16.74 161.440184  68.855997  4.973
 24     0.154 53045.40511681 16.69 161.436184  68.859017  4.973
 24     0.158 53045.40511746 16.62 161.432184  68.862047  4.973
 25     0.439 53080.40514898 16.55 161.459402  68.852197  4.905
 25     0.558 53080.40514962 16.00 161.455402  68.855227  4.905
 25     0.473 53080.40515027 16.42 161.451402  68.858247  4.905
 25     0.513 53080.40515091 16.43 161.447402  68.861267  4.905
 25     0.167 53080.40515156 16.58 161.443402  68.864287  4.905
 25     0.233 53080.40515220 16.23 161.439402  68.867317  4.905
 26     0.148 53115.40511845 15.71 161.451554  68.844676  4.538
 26     0.357 53115.40511910 15.14 161.447554  68.847696  4.538
 26     0.262 53115.40511974 15.07 161.443564  68.850716  4.538
 26     0.335 53115.40512039 14.67 161.439564  68.853736  4.538
 26     0.491 53115.40512103 14.62 161.435564  68.856756  4.538
 26     0.356 53115.40512168 14.40 161.431564  68.859786  4.538
 26     0.357 53115.40512232 14.37 161.427554  68.862806  4.538
 27     7.954 53150.40516622 22.61 161.456376  68.849479 17.392
 27     6.565 53150.40516687 16.96 161.452376  68.852509 17.392
 27     4.833 53150.40516751 17.37 161.448376  68.855529 17.392
 27     3.757 53150.40516816 18.91 161.444376  68.858549 17.392
 27     4.891 53150.40516880 19.86 161.440376  68.861569 17.392
 27     6.165 53150.40516945 20.81 161.436376  68.864599 17.392
 28     2.637 53185.40515679 20.68 161.462529  68.853828 20.413
 28     1.521 53185.40515744 21.73 161.458529  68.856848 20.413
 28     1.418 53185.40515808 22.93 161.454529  68.859878 20.413
 28     1.456 53185.40515873 23.15 161.450529  68.862898 20.413
 28     3.346 53185.40515937 22.66 161.446529  68.865918 20.413
 28     3.742 53185.40516002 23.34 161.442529  68.868938 20.413
 29     3.408 53220.40518253 14.85 161.463579  68.853914 16.480
 29     0.227 53220.40518317 16.78 161.459579  68.856944 16.480
 29     0.644 53220.40518381 17.82 161.455579  68.859964 16.480
 29     0.525 53220.40518446 17.88 161.451579  68.862984 16.480
 29     3.137 53220.40518510 17.15 161.447579  68.866004 16.480
 29     2.862 53220.40518575 23.22 161.443579  68.869034 16.480
 30     3.118 53255.40515960 17.60 161.466633  68.856008 12.339
 30     1.730 53255.40516025 18.00 161.462633  68.859038 12.339
 30     1.690 53255.40516089 17.68 161.458633  68.862058 12.339
 30     2.382 53255.40516154 19.79 161.454633  68.865078 12.339
 30     3.325 53255.40516218 18.30 161.450643  68.868098 12.339
 30     4.256 53255.40516282 19.90 161.446643  68.871128 12.339
 32    -0.232 53325.40514442 12.90 161.464663  68.854296  2.319
 32    -0.318 53325.40514506 12.90 161.460663  68.857326  2.319
 32    -0.357 53325.40514571 13.01 161.456663  68.860346  2.319
 32    -0.389 53325.40514635 13.21 161.452663  68.863366  2.319
 32     0.603 53325.40514700 13.10 161.448663  68.866386  2.319
 32     1.076 53325.40514764 12.76 161.444663  68.869416  2.319
 33    -0.100 53360.40510411 13.56 161.470270  68.856674  2.647
 33    -0.115 53360.40510475 13.49 161.466280  68.859694  2.647
 33    -0.765 53360.40510540 16.80 161.462280  68.862724  2.647
 33    -0.248 53360.40510604 14.48 161.458284  68.865744  2.401
 33     0.335 53360.40510669 13.52 161.454274  68.868764  2.401
 33     1.003 53360.40510733 13.48 161.450274  68.871784  2.401
 34    -0.825 53395.40512192 13.62 161.452007  68.848360  4.786
 34    -0.282 53395.40512257 13.29 161.448007  68.851380  4.786
 34    -0.148 53395.40512321 12.94 161.444007  68.854400  4.786
 34    -0.119 53395.40512386 13.03 161.440007  68.857420  4.786
 34    -0.128 53395.40512450 13.05 161.436005  68.860442  2.209
 34    -0.214 53395.40512514 13.24 161.432005  68.863472  2.209
 35    -0.086 53430.40511610 13.25 161.465977  68.858844  2.406
 35    -0.287 53430.40511674 13.42 161.461977  68.861874  2.406
 35    -0.366 53430.40511739 13.91 161.457977  68.864894  2.397
 35    -0.107 53430.40511803 13.78 161.453977  68.867914  2.397
 35     0.042 53430.40511868 13.39 161.449977  68.870934  2.397
 36     0.353 53465.40514261 11.55 161.451728  68.848139  4.311
 36     0.212 53465.40514325 11.49 161.447728  68.851159  4.311
 36     0.377 53465.40514390 11.23 161.443728  68.854179  4.311
 36     0.301 53465.40514454 11.20 161.439728  68.857199  4.311
 36     0.312 53465.40514519 11.15 161.435720  68.860228  1.979
 36     0.293 53465.40514583 11.25 161.431720  68.863248  1.979
 37    -0.129 53500.40520409  8.65 161.454206  68.851234  5.067
 37    -0.189 53500.40520473  8.69 161.450216  68.854254  5.067
 37    -0.200 53500.40520538  7.96 161.446216  68.857284  5.067
 37    -0.261 53500.40520602  7.14 161.442209  68.860303  3.406
 37     0.160 53500.40520666  7.28 161.438209  68.863323  3.406
 37     3.383 53500.40520731  6.01 161.434209  68.866353  3.406
 38     5.481 53535.40519232 37.51 161.463145  68.854623 10.435
 38     6.288 53535.40519297 38.96 161.459145  68.857643 10.435
 38     5.959 53535.40519361 40.12 161.455151  68.860664 23.248
 38     5.972 53535.40519426 40.91 161.451151  68.863684 23.248
 38     5.685 53535.40519490 41.06 161.447151  68.866704 23.248
 38     4.007 53535.40519554 41.68 161.443151  68.869734 23.248
 39     0.574 53570.40520232 24.49 161.459984  68.851475 21.678
 39     0.276 53570.40520296 23.56 161.455984  68.854495 21.678
 39     0.101 53570.40520361 24.39 161.451984  68.857515 21.678
 39    -0.004 53570.40520425 24.60 161.447984  68.860545 21.678
 39     0.371 53570.40520490 24.99 161.443990  68.863563 21.806
 39     0.879 53570.40520554 25.84 161.439990  68.866583 21.806
 40     0.624 53605.40515085 45.87 161.469218  68.859168 20.257
 40     0.375 53605.40515150 38.22 161.465218  68.862188 20.257
 40     0.401 53605.40515214 38.12 161.461214  68.865212 42.159
 40     0.676 53605.40515279 40.76 161.457214  68.868232 42.159
 40     0.600 53605.40515343 50.10 161.453214  68.871252 42.159
 41     3.280 53640.40514863 42.85 161.450796  68.846624 23.720
 41     2.775 53640.40514927 42.16 161.446796  68.849654 23.720
 41     2.654 53640.40514992 40.62 161.442796  68.852674 23.720
 41     2.276 53640.40515056 36.75 161.438806  68.855694 23.720
 41     2.053 53640.40515121 26.27 161.434796  68.858714 23.720
 42     0.040 53675.40516890 29.17 161.455704  68.850701  8.484
 42     0.103 53675.40516955 33.84 161.451714  68.853721  8.484
 42     0.150 53675.40517019 36.08 161.447714  68.856741  8.484
 42     0.160 53675.40517084 38.40 161.443714  68.859771  8.484
 42     0.182 53675.40517148 39.23 161.439710  68.862786 14.562
 42    -0.045 53675.40517213 36.80 161.435710  68.865806 14.562
 43    -0.247 53710.40509973 28.48 161.472340  68.857809  5.749
 43    -0.237 53710.40510037 32.58 161.468340  68.860839  5.749
 43    -0.325 53710.40510102 34.42 161.464340  68.863859  5.749
 43    -0.198 53710.40510166 35.29 161.460338  68.866880 11.913
 43    -0.163 53710.40510231 35.33 161.456338  68.869900 11.913
 43    -0.206 53710.40510295 32.45 161.452338  68.872920 11.913
 44     0.465 53745.40500759 20.86 161.450263  68.845749  6.314
 44     0.717 53745.40500823 20.57 161.446263  68.848769  6.314
 44     0.724 53745.40500888 20.76 161.442263  68.851799  6.314
 44     0.764 53745.40500952 21.28 161.438263  68.854819  6.314
 44     0.822 53745.40501017 21.39 161.434263  68.857839  6.314
 44     0.618 53745.40501081 21.06 161.430260  68.860865  3.556
 45     0.282 53780.40504002 15.93 161.463199  68.853592  4.585
 45     0.390 53780.40504066 16.32 161.459199  68.856612  4.585
 45     0.596 53780.40504131 15.99 161.455199  68.859632  4.585
 45     0.722 53780.40504195 15.65 161.451199  68.862662  4.585
 45     0.482 53780.40504259 15.90 161.447200  68.865676  2.550
 45     0.296 53780.40504324 16.24 161.443200  68.868706  2.550
 46     0.766 53815.40501108 15.45 161.473483  68.861955  4.028
 46     0.635 53815.40501173 15.56 161.469483  68.864975  4.028
 46     0.567 53815.40501237 16.04 161.465493  68.868005  4.028
 46     0.634 53815.40501302 15.71 161.461493  68.871025  4.028
 47    -0.086 53850.40507409 15.12 161.452092  68.846161  4.407
 47     0.518 53850.40507474 14.80 161.448102  68.849191  4.407
 47     0.359 53850.40507538 15.00 161.444102  68.852211  4.407
 47     0.439 53850.40507603 14.32 161.440102  68.855231  4.407
 47     0.480 53850.40507667 14.78 161.436102  68.858251  4.407
 47     0.378 53850.40507732 14.37 161.432102  68.861271  4.407
 48    -4.936 53885.40508619 39.39 161.461650  68.854802 10.886
 48     5.134 53885.40508684 20.56 161.457650  68.857822 10.886
 48     6.559 53885.40508748 17.25 161.453650  68.860842 10.886
 48     9.709 53885.40508813 18.02 161.449652  68.863867 33.275
 48    11.657 53885.40508877 20.98 161.445652  68.866887 33.275
 48     9.073 53885.40508942 35.67 161.441652  68.869917 33.275
 50     4.062 53955.40515232 16.67 161.457514  68.850051 24.906
 50     3.364 53955.40515297 14.49 161.453514  68.853081 24.906
 50     0.933 53955.40515361 14.88 161.449514  68.856101 24.906
 50     0.829 53955.40515426 16.10 161.445524  68.859121 24.906
 50     0.897 53955.40515490 19.83 161.441524  68.862141 24.906
 50     3.463 53955.40515555 20.19 161.437524  68.865171 24.906
 51     2.882 53990.40507225 22.84 161.474084  68.860245 17.376
 51     3.510 53990.40507290 16.17 161.470094  68.863275 17.376
 51     3.820 53990.40507354 15.90 161.466094  68.866295 17.376
 51     4.785 53990.40507419 16.42 161.462088  68.869319 27.254
 51     6.334 53990.40507483 17.79 161.458088  68.872339 27.254
 52     0.655 54025.40513584 39.09 161.452817  68.848499 20.146
 52     0.695 54025.40513648 37.16 161.448817  68.851519 20.146
 52     0.597 54025.40513713 35.85 161.444817  68.854549 20.146
 52     0.591 54025.40513777 35.61 161.440817  68.857569 20.146
 52     0.715 54025.40513842 38.69 161.436817  68.860589 20.146
 52     0.744 54025.40513906 43.15 161.432817  68.863609 20.146
 53    -0.527 54060.40512941 24.04 161.465110  68.853328  3.372
 53    -0.428 54060.40513006 24.07 161.461120  68.856348  3.372
 53    -0.471 54060.40513070 23.97 161.457120  68.859378  3.372
 53    -0.412 54060.40513135 24.31 161.453120  68.862398  3.372
 53    -0.459 54060.40513199 23.94 161.449120  68.865418  3.372
 53    -0.384 54060.40513264 23.23 161.445110  68.868438  3.372
 54     0.672 54095.40510522 18.32 161.467899  68.858023  4.347
 54     0.574 54095.40510587 18.22 161.463899  68.861043  4.347
 54     0.324 54095.40510651 17.64 161.459899  68.864063  4.347
 54     0.415 54095.40510716 17.91 161.455899  68.867083  4.347
 54     0.429 54095.40510780 17.35 161.451899  68.870113  4.347
 55     0.721 54130.40504885 16.66 161.451698  68.846594  4.140
 55     0.860 54130.40504950 16.04 161.447698  68.849614  4.140
 55     0.863 54130.40505014 15.59 161.443698  68.852644  4.140
 55     0.907 54130.40505079 15.63 161.439698  68.855664  4.140
 55     0.563 54130.40505143 15.58 161.435698  68.858684  4.140
 55     0.720 54130.40505207 15.75 161.431698  68.861704  4.140
 56     0.420 54165.40507649 15.25 161.462218  68.855540  2.071
 56     0.387 54165.40507714 14.80 161.458218  68.858570  2.071
 56     0.215 54165.40507778 14.75 161.454218  68.861590  2.071
 56     0.313 54165.40507843 14.86 161.450228  68.864610  2.071
 56     0.213 54165.40507907 14.74 161.446228  68.867630  2.071
 57    -0.424 54200.40505178 13.90 161.455337  68.847469  2.124
 57     0.445 54200.40505242 12.91 161.451337  68.850489  2.124
 57     0.159 54200.40505306 12.97 161.447337  68.853509  2.124
 57     0.207 54200.40505371 12.85 161.443337  68.856529  2.124
 57     0.180 54200.40505435 12.49 161.439337  68.859549  2.124
 57     0.158 54200.40505500 12.28 161.435337  68.862579  2.124
 58     1.956 54235.40509059 40.29 161.457699  68.851722 24.627
 58     3.551 54235.40509124 41.79 161.453699  68.854752 24.627
 58     1.822 54235.40509188 42.43 161.449699  68.857772 24.627
 58     2.368 54235.40509253 41.75 161.445699  68.860792 24.627
 58     2.153 54235.40509317 41.53 161.441699  68.863812 24.627
 58     2.423 54235.40509381 38.64 161.437699  68.866842 24.627
 59     1.827 54270.40511094 46.98 161.462702  68.852861 34.388
 59     1.817 54270.40511159 49.03 161.458702  68.855881 34.388
 59     1.826 54270.40511223 48.58 161.454702  68.858901 34.388
 59     1.883 54270.40511288 47.61 161.450702  68.861931 34.388
 59     1.852 54270.40511352 49.31 161.446702  68.864951 34.388
 59     1.797 54270.40511417 49.91 161.442702  68.867971 34.388
 60    -0.330 54305.40511357 16.66 161.461247  68.851673 19.919
 60     0.435 54305.40511421 14.30 161.457247  68.854703 19.919
 60     0.813 54305.40511486 14.30 161.453247  68.857723 19.919
 60     0.495 54305.40511550 16.88 161.449247  68.860743 19.919
 60     0.786 54305.40511615 21.28 161.445247  68.863763 19.919
 60     3.343 54305.40511679 21.70 161.441247  68.866793 19.919
 61     0.999 54340.40509710 44.06 161.463665  68.857181 31.445
 61     0.972 54340.40509774 45.04 161.459675  68.860201 31.445
 61     0.811 54340.40509839 45.18 161.455675  68.863221 31.445
 61     0.936 54340.40509903 44.24 161.451675  68.866241 31.445
 61     0.790 54340.40509968 44.75 161.447675  68.869271 31.445
 62     1.180 54375.40504796 14.84 161.455582  68.851363 21.543
 62     2.106 54375.40504861 14.95 161.451582  68.854393 21.543
 62     2.529 54375.40504925 14.03 161.447582  68.857413 21.543
 62     2.933 54375.40504990 15.23 161.443582  68.860433 21.543
 62     4.053 54375.40505054 17.27 161.439582  68.863453 21.543
 62     3.547 54375.40505119 26.31 161.435582  68.866483 21.543
 63     0.341 54410.40504279 36.20 161.461104  68.853256 15.608
 63     0.345 54410.40504343 36.75 161.457104  68.856286 15.608
 63     0.311 54410.40504408 37.22 161.453104  68.859306 15.608
 63     0.365 54410.40504472 37.60 161.449104  68.862326 15.608
 63     0.397 54410.40504537 36.15 161.445104  68.865346 15.608
 63     0.294 54410.40504601 35.44 161.441104  68.868376 15.608
 64    -0.185 54445.40501049 18.48 161.452772  68.846378  2.885
 64    -0.091 54445.40501113 18.07 161.448772  68.849398  2.885
 64    -0.143 54445.40501178 18.05 161.444772  68.852428  2.885
 64    -0.060 54445.40501242 18.33 161.440772  68.855448  2.885
 64    -0.077 54445.40501306 17.88 161.436772  68.858468  2.885
 64    -0.065 54445.40501371 17.73 161.432772  68.861488  2.885
 65    -0.238 54480.40503353 17.34 161.462632  68.851910  2.619
 65    -0.042 54480.40503417 16.97 161.458642  68.854930  2.619
 65    -0.032 54480.40503481 16.22 161.454642  68.857950  2.619
 65    -0.093 54480.40503546 16.20 161.450642  68.860980  2.619
 65    -0.143 54480.40503610 15.85 161.446644  68.863996  2.446
 65     0.203 54480.40503675 16.05 161.442634  68.867026  2.446
 66     0.007 54515.40502535 15.32 161.451356  68.849066  4.798
 66     0.016 54515.40502600 15.08 161.447356  68.852086  4.798
 66     0.191 54515.40502664 14.59 161.443366  68.855106  4.798
 66     0.212 54515.40502728 14.42 161.439356  68.858126  4.798
 66    -0.297 54515.40502793 14.62 161.435362  68.861146  2.010
 66     0.025 54515.40502857 14.37 161.431352  68.864176  2.010
 67     0.268 54550.40504719 13.42 161.466008  68.855052  4.270
 67    -0.025 54550.40504784 13.44 161.462008  68.858072  4.270
 67    -0.125 54550.40504848 13.21 161.458008  68.861092  4.270
 67    -0.144 54550.40504913 13.59 161.454008  68.864112  4.270
 67     0.090 54550.40504977 13.53 161.450008  68.867142  4.270
 67     0.241 54550.40505042 12.88 161.446006  68.870159  1.949
 68    -0.046 54585.40502138 14.56 161.459095  68.851527  4.565
 68     0.588 54585.40502203 13.70 161.455095  68.854547  4.565
 68     0.335 54585.40502267 13.76 161.451095  68.857567  4.565
 68     0.563 54585.40502332 13.74 161.447095  68.860597  4.565
 68     0.688 54585.40502396 13.10 161.443097  68.863613  2.098
 68     0.449 54585.40502461 13.13 161.439097  68.866633  2.098
 69     4.033 54620.40504100 27.81 161.458698  68.853453 32.301
 69     3.687 54620.40504165 27.68 161.454698  68.856473 32.301
 69     3.525 54620.40504229 30.13 161.450698  68.859493 32.301
 69     3.358 54620.40504294 25.06 161.446698  68.862523 32.301
 69     4.059 54620.40504358 24.66 161.442697  68.865538 39.620
 69     4.247 54620.40504423 33.73 161.438697  68.868568 39.620
 70     7.623 54655.40505124 16.12 161.460617  68.852176 22.130
 70     8.282 54655.40505189 14.34 161.456627  68.855196 22.130
 70     8.196 54655.40505253 14.47 161.452627  68.858216 22.130
 70     7.550 54655.40505318 15.01 161.448627  68.861236 22.130
 70     8.966 54655.40505382 16.33 161.444627  68.864266 22.130
 70    10.986 54655.40505447 17.92 161.440620  68.867280 20.933
 71     1.094 54690.40503781 25.14 161.462046  68.855700 11.433
 71     0.488 54690.40503846 25.09 161.458046  68.858720 11.433
 71     0.901 54690.40503910 24.63 161.454046  68.861750 11.433
 71    -0.297 54690.40503975 25.00 161.450046  68.864770 11.433
 71     0.539 54690.40504039 25.54 161.446046  68.867790 11.433
 72    -2.559 54725.40500083 21.61 161.455918  68.846652 23.368
 72    -1.642 54725.40500148 17.44 161.451918  68.849682 23.368
 72     0.680 54725.40500212 13.12 161.447928  68.852702 23.368
 72     0.996 54725.40500277 12.33 161.443928  68.855722 23.368
 72     1.823 54725.40500341 12.93 161.439918  68.858742 23.368
 72     2.757 54725.40500406 13.19 161.435922  68.861764 17.568
 72     1.136 54725.40500470 29.70 161.431922  68.864794 17.568
 73     0.947 54760.40501387 47.32 161.460622  68.853399 19.368
 73     1.026 54760.40501451 46.57 161.456632  68.856419 19.368
 73     0.905 54760.40501516 39.31 161.452632  68.859449 19.368
 73     0.957 54760.40501580 38.88 161.448632  68.862469 19.368
 73     0.933 54760.40501645 38.21 161.444632  68.865489 19.368
 73     0.995 54760.40501709 37.79 161.440632  68.868509 19.368
 74    -0.032 54795.40499377 20.57 161.452431  68.844591  6.135
 74     0.102 54795.40499442 20.51 161.448431  68.847621  6.135
 74     0.036 54795.40499506 21.64 161.444441  68.850641  6.135
 74    -0.042 54795.40499571 22.70 161.440441  68.853661  6.135
 74    -0.061 54795.40499635 22.52 161.436441  68.856681  6.135
 74    -0.026 54795.40499700 21.77 161.432440  68.859709  4.501
 74     0.035 54795.40499764 20.86 161.428430  68.862729  4.501
 75    -0.037 54830.40501401 15.94 161.458596  68.853621  5.230
 75     0.109 54830.40501465 15.78 161.454596  68.856651  5.230
 75     0.083 54830.40501530 15.90 161.450596  68.859671  5.230
 75    -0.005 54830.40501594 15.55 161.446596  68.862691  5.230
 75    -0.252 54830.40501659 15.57 161.442596  68.865711  5.230
 75     0.424 54830.40501723 15.31 161.438594  68.868734  2.320
 76     0.396 54865.40498919 15.91 161.454345  68.847760  6.725
 76     0.276 54865.40498983 15.44 161.450345  68.850780  6.725
 76     0.508 54865.40499048 15.10 161.446345  68.853800  6.725
 76     0.374 54865.40499112 15.19 161.442345  68.856820  6.725
 76    -0.033 54865.40499177 15.22 161.438345  68.859841  2.229
 76     0.225 54865.40499241 14.80 161.434345  68.862871  2.229
 77     0.403 54900.40501313 14.68 161.462433  68.854707  4.299
 77    -0.116 54900.40501378 14.81 161.458443  68.857727  4.299
 77     0.217 54900.40501442 14.46 161.454443  68.860747  4.299
 77     0.131 54900.40501507 14.32 161.450443  68.863767  4.299
 77     0.133 54900.40501571 14.12 161.446443  68.866797  4.299
 77    -0.001 54900.40501636 13.74 161.442438  68.869811  2.056
 78    -0.344 54935.40498150 14.24 161.455785  68.850531  5.660
 78    -0.094 54935.40498214 13.54 161.451785  68.853551  5.660
 78     0.156 54935.40498279 12.93 161.447785  68.856571  5.660
 78     0.187 54935.40498343 13.00 161.443785  68.859591  5.660
 78    -0.069 54935.40498408 12.73 161.439785  68.862611  5.660
 78     0.004 54935.40498472 12.74 161.435782  68.865633  2.077
 79     5.503 54970.40501445 20.00 161.460169  68.851482 15.961
 79     4.092 54970.40501510 19.06 161.456179  68.854512 15.961
 79     2.717 54970.40501574 19.57 161.452179  68.857532 15.961
 79     3.068 54970.40501639 20.67 161.448179  68.860552 15.961
 79     2.541 54970.40501703 22.41 161.444179  68.863572 15.961
 79     3.433 54970.40501768 26.36 161.440169  68.866602 15.961
 80     4.023 55005.40503382 18.86 161.461113  68.850837 21.486
 80     3.490 55005.40503446 15.72 161.457113  68.853857 21.486
 80     1.974 55005.40503511 14.38 161.453113  68.856887 21.486
 80     2.622 55005.40503575 17.62 161.449113  68.859907 21.486
 80     0.809 55005.40503640 21.96 161.445113  68.862927 21.486
 80     3.143 55005.40503704 23.93 161.441113  68.865947 21.486
 81    -0.299 55040.40502194 46.98 161.461547  68.852872 25.384
 81    -0.180 55040.40502259 49.52 161.457547  68.855892 25.384
 81    -0.155 55040.40502323 48.39 161.453557  68.858912 25.384
 81    -0.273 55040.40502388 49.12 161.449557  68.861932 25.384
 81    -0.386 55040.40502452 48.74 161.445547  68.864962 25.384
 81    -0.235 55040.40502517 47.76 161.441553  68.867976 31.398
 82     1.965 55075.40500498 16.92 161.462731  68.856935  9.491
 82     0.402 55075.40500562 18.92 161.458741  68.859965  9.491
 82     0.295 55075.40500627 18.71 161.454741  68.862985  9.491
 82     0.424 55075.40500691 27.78 161.450741  68.866005  9.491
 82     0.481 55075.40500756 28.85 161.446741  68.869025  9.491
 83     0.259 55110.40495366 32.95 161.456895  68.847983 11.469
 83     0.207 55110.40495431 28.54 161.452905  68.851003 11.469
 83     0.059 55110.40495495 24.01 161.448905  68.854033 11.469
 83     1.403 55110.40495560 22.65 161.444905  68.857053 11.469
 83     2.585 55110.40495624 22.38 161.440905  68.860073 11.469
 83     2.678 55110.40495689 23.07 161.436905  68.863093 11.469
 83     3.205 55110.40495753 26.55 161.432903  68.866113 16.677
 84    -0.389 55145.40495696 31.12 161.462481  68.851818  6.902
 84    -0.068 55145.40495761 31.23 161.458481  68.854848  6.902
 84     0.033 55145.40495825 32.60 161.454481  68.857868  6.902
 84     0.070 55145.40495890 33.90 161.450481  68.860888  6.902
 84     0.067 55145.40495954 33.67 161.446481  68.863908  6.902
 84     0.063 55145.40496019 33.58 161.442481  68.866928  6.902
 85     0.077 55180.40493008 21.34 161.451804  68.846551  5.576
 85     0.340 55180.40493072 20.86 161.447804  68.849571  5.576
 85     0.295 55180.40493137 20.94 161.443804  68.852591  5.576
 85     0.643 55180.40493201 20.49 161.439804  68.855611  5.576
 85     0.270 55180.40493266 20.56 161.435800  68.858631  2.828
 85     0.487 55180.40493330 19.99 161.431800  68.861661  2.828
 86     0.320 55215.40495192 20.85 161.461991  68.853748  4.712
 86     0.688 55215.40495257 20.33 161.457991  68.856768  4.712
 86     0.679 55215.40495321 20.64 161.453991  68.859788  4.712
 86     0.812 55215.40495386 20.68 161.449991  68.862818  4.712
 86     0.660 55215.40495450 20.36 161.445991  68.865838  4.712
 86     0.515 55215.40495515 20.09 161.441991  68.868858  4.712
 87    -0.490 55250.40492774 18.30 161.454038  68.850839  5.391
 87    -0.270 55250.40492838 18.23 161.450048  68.853859  5.391
 87    -0.133 55250.40492902 17.90 161.446048  68.856879  5.391
 87    -0.130 55250.40492967 18.09 161.442048  68.859899  5.391
 87    -0.348 55250.40493031 17.88 161.438038  68.862928  2.505
 87    -0.684 55250.40493096 17.74 161.434038  68.865948  2.505
 88    -0.197 55285.40494609 16.17 161.463067  68.855880  4.798
 88    -0.372 55285.40494674 16.49 161.459077  68.858900  4.798
 88    -0.545 55285.40494738 16.26 161.455077  68.861930  4.798
 88    -0.691 55285.40494803 16.36 161.451077  68.864950  4.798
 88    -0.369 55285.40494867 15.70 161.447077  68.867970  4.798
 89     3.212 55320.40491854  2.48 161.461074  68.851924  2.282
 89     2.937 55320.40491918  2.26 161.457084  68.854944  2.282
 89     2.372 55320.40491983  2.24 161.453084  68.857964  2.282
 89     2.082 55320.40492047  2.35 161.449084  68.860984  2.282
 89     1.593 55320.40492112  2.34 161.445084  68.864014  2.282
 89     1.917 55320.40492176  2.32 161.441077  68.867031  1.960
 90     9.054 55355.40491963 17.61 161.460626  68.854073 20.618
 90     8.114 55355.40492027 17.03 161.456626  68.857093 20.618
 90     8.612 55355.40492091 17.28 161.452626  68.860113 20.618
 90     8.399 55355.40492156 18.26 161.448636  68.863133 20.618
 90    11.059 55355.40492220 18.58 161.444626  68.866163 20.618
 90     8.885 55355.40492285 20.54 161.440631  68.869178 16.982
 91     3.622 55390.40491860 23.40 161.456299  68.847602 28.862
 91    -3.655 55390.40491924 25.29 161.452309  68.850632 28.862
 91    -3.086 55390.40491989 20.60 161.448309  68.853652 28.862
 91     0.400 55390.40492053 15.02 161.444309  68.856672 28.862
 91     0.634 55390.40492118 16.55 161.440309  68.859692 28.862
 91     1.148 55390.40492182 23.11 161.436309  68.862713 24.522
 91     1.258 55390.40492247 33.01 161.432299  68.865743 24.522
 92    -2.039 55425.40493634 23.26 161.461447  68.852633 19.410
 92    -1.231 55425.40493699 24.80 161.457457  68.855653 19.410
 92    -0.393 55425.40493763 24.22 161.453457  68.858683 19.410
 92    -0.072 55425.40493828 25.31 161.449457  68.861703 19.410
 92     0.324 55425.40493892 25.35 161.445457  68.864723 19.410
 92     0.597 55425.40493957 32.85 161.441457  68.867743 19.410
 93     3.631 55460.40490546 23.45 161.466456  68.856826 18.774
 93     4.441 55460.40490610 16.25 161.462456  68.859846 18.774
 93     3.578 55460.40490675 16.57 161.458456  68.862876 18.774
 93     4.106 55460.40490739 18.18 161.454456  68.865896 18.774
 93     5.492 55460.40490804 17.50 161.450456  68.868916 18.774
