# NaN NaN NaN ;Mean Elev.(m), Avg Gradient(m/km), RMS Gradient(m/km) - SRTM1     
#   -6.083   0.075  15.014 ;Mean Elev.(m), Avg Gradient(m/km), RMS Gradient(m/km) - ASTER GDEM
#    8.007   0.486   9.878 ;Mean Elev.(m), Avg Gradient(m/km), RMS Gradient(m/km) - GMTED2010 
  6 153.997392  67.483830    15.748    15.748 10 52438.04767602 52.034
  7 153.999559  67.484300    15.702    15.775 10 52473.04767604 18.090
  8 153.998979  67.484065    15.799    16.001 10 52508.04764695 18.273
 11 153.993794  67.484722    14.037    14.629 11 52613.04764647 26.181
 12 154.010184  67.482302    13.561    13.737  5 52648.04762931 20.107
 13 154.002785  67.482327    13.422    13.264  8 52683.04760425 19.025
 14 154.006163  67.483237    13.962    13.774  7 52718.04766078 17.673
 15 153.973548  67.476416    14.228    15.488  6 52753.04768791 16.403
 16 154.021563  67.483010    15.149    15.149  2 52788.04763118 30.480
 17 154.015568  67.481966    16.204    16.131  4 52823.04770329 27.500
 18 154.014748  67.481814     8.609     8.619  4 52858.04775003 47.254
 19 154.002367  67.485007    12.415    12.421  9 52893.04778160 21.780
 20 153.980103  67.479445     8.077     8.061  7 52928.04773433 38.042
 22 154.000148  67.483511    13.394    13.484  9 52998.04774896 19.602
 23 153.988700  67.484432    14.667    14.786 10 53033.04770451 17.652
 24 154.008732  67.482174     8.787     8.191  6 53068.04771726 18.465
 25 153.977984  67.478554    13.986    13.873  7 53103.04770801 15.795
 26 154.015232  67.483563     8.774     8.753  5 53138.04772041 21.617
 27 154.006400  67.483014    15.338    15.222  7 53173.04776464 20.406
 28 154.000394  67.483668    15.580    15.657  9 53208.04778022 18.002
 29 154.001205  67.485039    10.210    10.256  9 53243.04774761 36.901
 30 154.020469  67.482422    14.911    14.911  2 53278.04772311 28.133
 31 154.005080  67.483419     8.401     8.380  8 53313.04775419 27.046
 32 154.003302  67.484866    14.047    14.399  9 53348.04771975 19.151
 33 154.019985  67.482981    11.921    11.721  3 53383.04768710 17.224
 34 154.010885  67.483438    10.887    10.730  6 53418.04769901 16.928
 36 154.000472  67.484339    12.835    12.916 10 53488.04778691 13.148
 37 154.006493  67.483057    15.818    16.038  8 53523.04777622 22.123
 38 153.995871  67.484921    15.848    15.983 10 53558.04780203 21.311
 39 154.000677  67.484144    15.567    15.518  9 53593.04773929 17.939
 40 154.015830  67.481319    15.795    15.496  4 53628.04773045 28.112
 41 154.004687  67.483148     7.731     7.738  8 53663.04775532 36.786
 42 153.997995  67.484004     7.470     7.463 10 53698.04771813 29.303
 43 153.994239  67.485285    10.744    11.495 11 53733.04764049 23.986
 44 154.015742  67.483233    10.049     9.667  5 53768.04761897 19.832
 45 153.997357  67.483876    13.533    14.012 10 53803.04761776 18.207
 46 154.018817  67.483065     7.767     7.716  3 53838.04763178 18.528
 47 154.006898  67.481821     8.378     8.378  7 53873.04768255 23.557
 48 154.003130  67.482303    15.814    16.123  8 53908.04772456 19.773
 49 153.996525  67.485991    15.855    15.938 11 53943.04774936 20.700
 50 153.993676  67.487069    16.236    16.289 11 53978.04770118 21.183
 52 154.012391  67.482586    12.250    13.241  5 54048.04771956 21.633
 54 153.980640  67.479931    14.629    14.247  7 54118.04764395 14.903
 55 154.003938  67.484016    14.399    14.699  9 54153.04766583 12.703
 57 154.007647  67.482239    10.348    10.398  7 54223.04767588 11.151
 58 154.003901  67.483353    15.742    15.753  8 54258.04769757 37.701
 59 154.004545  67.482154    15.544    15.346  8 54293.04770056 18.426
 60 154.001506  67.483885    13.410    13.904  9 54328.04769574 30.108
 61 153.989119  67.485358    16.318    16.127 10 54363.04764422 24.922
 62 154.007483  67.481991     8.436     8.449  7 54398.04763572 35.505
 63 153.995007  67.484584     9.003     7.827 11 54433.04759386 27.015
 64 154.014335  67.482675    13.809    13.811  5 54468.04761766 12.380
 65 153.997188  67.484590    13.231    14.201 10 54503.04760974 15.247
 66 154.004139  67.483118    11.943    11.679  8 54538.04763347 15.263
 67 153.996087  67.486623    13.669    14.282 11 54573.04761043 13.729
 68 154.004844  67.483269    15.049    14.786  8 54608.04762649 36.674
 69 154.000391  67.483122    14.669    14.801  9 54643.04763526 22.392
 70 154.004118  67.484675    15.331    15.274  9 54678.04763659 17.859
 71 153.993306  67.485629    15.632    15.926 11 54713.04758992 21.959
 72 154.007766  67.483192    14.776    14.890  7 54748.04760590 24.259
 73 154.000547  67.484371     8.015     7.974  9 54783.04757699 37.774
 74 154.007903  67.481786    11.190    12.346  7 54818.04759870 20.499
 75 153.999206  67.484317    12.773    13.272  9 54853.04757413 19.672
 76 154.003440  67.483597    11.664    12.975  8 54888.04760320 19.653
 77 153.979402  67.479096    12.245    12.387  6 54923.04757580 17.789
 78 154.007183  67.481630     9.745     9.873  7 54958.04759996 12.816
 79 154.001268  67.483417    15.875    16.076  9 54993.04762253 18.973
 80 154.000995  67.483967    15.683    15.814  9 55028.04761284 17.044
 82 153.977947  67.478049    16.155    16.018  7 55098.04755355 16.662
 83 154.006895  67.482603    11.798    12.701  8 55133.04754898 22.386
 84 153.999578  67.485097    14.526    14.685 10 55168.04751405 18.054
 85 154.005684  67.481677    13.015    13.034  7 55203.04754156 17.269
 86 153.996015  67.486531    14.891    15.029 11 55238.04752166 15.064
 87 154.000920  67.482999    14.431    14.478  9 55273.04753525 14.336
 88 153.993278  67.486414    14.917    15.095 12 55308.04750409 14.640
 89 154.004561  67.482733    15.754    15.558  8 55343.04750444 23.908
 90 154.000091  67.485317    15.623    15.672 10 55378.04749841 19.831
 91 154.009212  67.482427    14.121    14.765  7 55413.04752281 31.248
 92 154.000376  67.483756    15.381    15.249  9 55448.04751249 18.320
 93 153.982949  67.481684    10.126     9.220  8 55483.04744219 43.325
