# NaN NaN NaN ;Mean Elev.(m), Avg Gradient(m/km), RMS Gradient(m/km) - SRTM1     
#    7.700  -7.515  19.155 ;Mean Elev.(m), Avg Gradient(m/km), RMS Gradient(m/km) - ASTER GDEM
#   31.493  -6.811  17.106 ;Mean Elev.(m), Avg Gradient(m/km), RMS Gradient(m/km) - GMTED2010 
  6 152.493956  66.741777    23.975    23.935  3 52439.43658029 26.358
  7 152.501533  66.740122    23.233    23.298  3 52474.43657836 36.236
  8 152.512702  66.743143    18.566    19.085  3 52509.43654154 33.057
  9 152.495913  66.742324    33.183    33.032  3 52544.43654179 38.549
 10 152.499960  66.739814    15.371    15.350  3 52579.43657956 35.173
 11 152.510621  66.742345    17.075    14.837  3 52614.43654673 25.675
 12 152.502447  66.741333    15.153    15.052  3 52649.43652693 22.646
 13 152.517375  66.742050    17.390    15.756  3 52684.43650831 20.108
 14 152.500889  66.740752    17.341    16.228  3 52719.43656191 19.140
 15 152.503513  66.740490    16.961    15.643  3 52754.43658623 18.601
 18 152.500311  66.739712    19.224    18.036  3 52859.43665033 34.275
 19 152.504342  66.740783    16.964    16.921  3 52894.43668146 51.305
 20 152.515122  66.743904    14.716    14.736  3 52929.43663144 45.369
 21 152.496022  66.740329    14.666    14.627  3 52964.43661770 26.260
 22 152.501592  66.739707    15.096    15.018  3 52999.43665347 22.555
 23 152.514585  66.742621    14.727    14.676  3 53034.43660469 21.222
 24 152.502549  66.741852    14.741    14.739  3 53069.43662165 22.708
 25 152.517446  66.743190    18.507    16.820  3 53104.43660645 15.435
 26 152.499503  66.741306    17.481    17.305  3 53139.43662711 37.092
 27 152.499814  66.742207    21.997    21.847  3 53174.43666480 43.196
 28 152.505635  66.741080    22.693    23.049  3 53209.43668151 18.584
 29 152.513043  66.741783    20.179    19.199  3 53244.43664916 25.815
 31 152.502424  66.739915    15.989    15.941  3 53314.43665132 25.729
 34 152.511740  66.743335    14.953    14.965  3 53419.43659876 21.467
 36 152.495068  66.740859    20.181    21.702  3 53489.43668988  5.233
 37 152.506523  66.742431    21.208    21.590  3 53524.43667624 41.694
 38 152.501346  66.741643    19.869    19.939  3 53559.43670306 44.205
 41 152.498745  66.741582    14.646    14.623  3 53664.43665743 37.036
 42 152.512045  66.742655    17.569    14.757  3 53699.43661468 27.198
 43 152.523399  66.744591    15.892    14.690  3 53734.43653698 23.879
 44 152.505653  66.741720    14.632    14.641  3 53769.43652173 24.663
 45 152.518195  66.743363    16.737    14.850  3 53804.43651697 20.829
 49 152.498997  66.740371    20.841    19.324  3 53944.43665030 30.364
 50 152.515461  66.740821    25.846    25.918  3 53979.43659867 18.962
 52 152.510750  66.741317    17.532    15.679  3 54049.43661849 21.886
 54 152.523952  66.743461    15.973    15.973  2 54119.43653930 15.685
 55 152.503580  66.742203    20.592    21.180  3 54154.43656739 15.407
 56 152.519869  66.742496    18.605    18.179  3 54189.43653489 14.437
 57 152.500865  66.740151    25.284    25.333  3 54224.43657778  4.404
 59 152.506369  66.741090    19.988    19.936  3 54294.43660201 37.266
 60 152.511561  66.743197    22.044    20.746  3 54329.43659601 31.554
 61 152.519850  66.743331    21.665    21.707  3 54364.43654193 40.880
 62 152.506807  66.740362    16.184    16.236  3 54399.43653643 29.554
 63 152.515769  66.743791    17.558    15.671  3 54434.43649444 23.791
 64 152.499787  66.741246    20.652    20.905  3 54469.43651994 16.696
 65 152.514547  66.743751    18.773    19.567  3 54504.43650916 17.168
 66 152.509915  66.740156    18.276    18.681  3 54539.43653467 16.599
 67 152.517930  66.743209    19.882    20.394  3 54574.43650972 13.314
 69 152.508422  66.740456    19.267    19.003  3 54644.43653527 43.717
 70 152.506367  66.741296    16.647    16.396  3 54679.43653706 50.706
 71 152.521486  66.742567    21.353    18.061  3 54714.43648839 23.698
 72 152.500293  66.740959    16.521    16.505  3 54749.43650709 51.525
 73 152.511989  66.743159    17.567    14.882  3 54784.43647667 30.437
 74 152.501376  66.740699    17.899    15.368  3 54819.43649959 20.994
 76 152.506599  66.740327    15.951    15.983  3 54889.43650393 18.743
 77 152.518471  66.743992    14.655    14.638  3 54924.43647295 19.527
 78 152.499100  66.741485    15.115    15.101  3 54959.43650217 37.716
 79 152.504594  66.741141    21.307    21.157  3 54994.43652388 44.394
 80 152.507896  66.742193    16.958    16.873  3 55029.43651392 48.193
 81 152.510642  66.741424    16.043    16.043  4 55064.43650508 36.412
 82 152.521167  66.743106    16.327    16.327  2 55099.43644938 27.561
 83 152.502049  66.740662    14.497    14.491  3 55134.43644957 35.871
 84 152.514618  66.743315    14.577    14.647  3 55169.43641390 29.036
 85 152.501385  66.740880    14.595    14.611  3 55204.43644266 24.951
 86 152.514987  66.743193    16.582    14.510  3 55239.43642064 23.847
 87 152.510097  66.740528    14.831    14.941  3 55274.43643624 19.729
 88 152.520096  66.741871    16.797    16.444  3 55309.43640388 15.935
 89 152.509011  66.740572    25.185    25.266  3 55344.43640459 43.442
 90 152.513717  66.740931    21.082    21.050  3 55379.43639895 43.328
 91 152.501591  66.740040    15.465    15.483  3 55414.43642462 37.831
 92 152.513246  66.742144    18.082    18.147  3 55449.43641192 46.280
 93 152.524082  66.743680    15.993    15.753  3 55484.43633774 44.621
