# NaN NaN NaN ;Mean Elev.(m), Avg Gradient(m/km), RMS Gradient(m/km) - SRTM1     
#    4.482   0.287   4.574 ;Mean Elev.(m), Avg Gradient(m/km), RMS Gradient(m/km) - ASTER GDEM
#    2.068  -0.119   3.295 ;Mean Elev.(m), Avg Gradient(m/km), RMS Gradient(m/km) - GMTED2010 
  8 160.520830  68.474846     2.863     3.397  3 52488.40897670 22.023
  9 160.526400  68.473915     0.928     0.914  3 52523.40895024 35.198
 10 160.504043  68.473237     0.319     0.334  4 52558.40900093 45.242
 11 160.509938  68.474505     0.077     0.082  4 52593.40900088 33.397
 12 160.505264  68.474046     0.338     0.287  4 52628.40892472 23.835
 13 160.515564  68.473217     1.061     0.075  3 52663.40896267 21.595
 14 160.499851  68.474598     2.554     3.014  4 52698.40893889 19.221
 15 160.526601  68.474308     1.644     1.952  3 52733.40895989 18.879
 16 160.528879  68.473908     3.298     2.570  3 52768.40896477 30.632
 17 160.501297  68.470364     3.838     3.838  2 52803.40898532 49.541
 18 160.506375  68.473607     0.953     0.953  4 52838.40904931 41.065
 19 160.508874  68.475128     3.378     3.305  3 52873.40908935 19.281
 20 160.524746  68.474661     0.279     0.249  3 52908.40907119 50.359
 21 160.503478  68.474799    -0.331    -0.400  4 52943.40899950 41.297
 23 160.518199  68.473952     0.495    -0.192  3 53013.40905657 18.034
 24 160.501185  68.474661    -0.182    -0.194  4 53048.40902716 18.299
 25 160.512673  68.474757    -0.016     0.030  3 53083.40906215 14.516
 26 160.500225  68.474035     0.052     0.033  4 53118.40903276 15.462
 27 160.504632  68.474226     0.977     0.906  4 53153.40908326 35.947
 28 160.518426  68.474381     3.000     2.980  4 53188.40907124 52.990
 29 160.521224  68.475259     2.867     3.494  3 53223.40908863 21.926
 30 160.524552  68.473882     0.611     0.606  3 53258.40906379 42.573
 32 160.519886  68.472990     1.326     1.116  3 53328.40905926 11.939
 33 160.529626  68.474189     1.790     2.159  3 53363.40901230 11.632
 34 160.504203  68.474729     0.858     0.543  3 53398.40903580 11.649
 35 160.528140  68.473965     1.948     1.911  3 53433.40902581 10.197
 36 160.498614  68.475525     1.104     1.133  4 53468.40906632  9.250
 37 160.509675  68.474613     2.375     2.527  3 53503.40911344 16.662
 38 160.516878  68.473457     1.188     1.157  3 53538.40910880 39.245
 39 160.515117  68.475297     2.455     3.409  3 53573.40910941 25.472
 40 160.529782  68.475095     1.366     1.366  2 53608.40905850 25.296
 41 160.496724  68.475755     4.304     4.072  4 53643.40906126 24.695
 42 160.511641  68.474076    -0.332    -0.323  3 53678.40907879 30.019
 43 160.531025  68.474247     0.258     0.269  3 53713.40900683 26.025
 44 160.499862  68.474018     0.189     0.203  4 53748.40892151 23.135
 45 160.521153  68.474704     1.235     1.300  3 53783.40895178 14.914
 46 160.539078  68.474511     1.368     1.368  2 53818.40891421 15.280
 47 160.500277  68.474101     0.222     0.045  4 53853.40899237 15.265
 48 160.520716  68.473628     4.311     4.256  3 53888.40899923 39.078
 49 160.501846  68.474091     4.463     4.586  4 53923.40906871 18.945
 50 160.513420  68.474031     3.846     3.749  3 53958.40906071 19.993
 52 160.504026  68.473663     0.339     0.333  4 54028.40904980 39.510
 53 160.523075  68.473425     2.653     2.621  3 54063.40904281 16.567
 54 160.527524  68.474275     2.484     2.451  3 54098.40901104 14.737
 55 160.500507  68.474583     1.409     1.291  4 54133.40896722 14.970
 56 160.521629  68.475288     2.485     2.470  3 54168.40898543 12.417
 57 160.502709  68.473396     2.280     2.001  4 54203.40897073 12.387
 58 160.514180  68.473455     2.686     3.728  3 54238.40900555 31.313
 59 160.517572  68.473578     2.912     2.914  3 54273.40902354 51.451
 60 160.513139  68.474226     3.040     3.588  4 54308.40902561 26.769
 61 160.527363  68.474993     1.658     1.658  2 54343.40900370 48.736
 62 160.506396  68.474423     2.844     3.182  4 54378.40896134 31.134
 63 160.516325  68.475700    -0.039    -0.012  3 54413.40895176 34.000
 64 160.501029  68.474560     0.153    -0.087  3 54448.40892778 18.712
 65 160.514562  68.474857     2.782     2.894  3 54483.40894518 14.309
 66 160.504403  68.474787     3.046     3.120  4 54518.40894146 13.093
 67 160.524014  68.474787     2.699     2.699  2 54553.40895704 11.752
 68 160.509030  68.474954     2.725     3.250  3 54588.40893728  5.405
 69 160.516518  68.474486     5.015     5.142  3 54623.40895464 27.759
 70 160.513185  68.473923     4.406     4.527  3 54658.40896363 19.142
 71 160.522083  68.473455     0.289     0.306  3 54693.40894479 33.164
 72 160.505630  68.474526     1.380     0.710  3 54728.40891770 20.345
 73 160.515609  68.473320     0.738     0.763  3 54763.40892245 28.850
 74 160.499777  68.473781    -0.056    -0.174  4 54798.40891093 23.679
 75 160.515087  68.475036     2.784     2.633  3 54833.40891317 16.679
 76 160.500079  68.475670     2.612     3.002  4 54868.40890759 15.827
 77 160.522864  68.474442     2.183     2.183  2 54903.40892246 12.157
 78 160.506516  68.475107     2.095     2.074  4 54938.40889809 12.187
 79 160.510993  68.474312     2.682     3.467  3 54973.40892943 29.508
 80 160.515901  68.475117     3.777     3.709  3 55008.40894451 23.830
 81 160.513801  68.474493     1.289     0.664  4 55043.40893398 26.592
 82 160.524433  68.474385     1.903     1.141  3 55078.40891154 45.492
 83 160.508503  68.474051    -0.007    -0.002  4 55113.40886636 45.406
 84 160.513672  68.474745     1.062     0.171  3 55148.40886700 22.706
 85 160.502250  68.473310     0.384     0.038  4 55183.40884823 19.963
 86 160.519545  68.473159     1.686     1.611  3 55218.40886428 17.114
 87 160.506691  68.473775     2.099     2.072  4 55253.40884414 14.870
 88 160.525065  68.474387     2.031     1.937  3 55288.40885452 14.739
 89 160.511931  68.475213     1.082     0.581  3 55323.40883223  8.480
 90 160.516312  68.474339     4.093     3.990  3 55358.40883050 24.207
 91 160.506925  68.474472     0.160     0.058  4 55393.40883407 24.555
 92 160.514365  68.474275     0.451     0.505  4 55428.40884658 38.934
 93 160.529700  68.474206     3.383     3.383  3 55463.40880968 46.511
