-198413.841    14.433     0.00    2.83
-198047.237    14.633     0.55    2.33
-197680.712    14.903     0.74    2.69
-197314.266    15.232     0.90    2.76
-196947.900    15.965     2.00    2.84
-196581.613    17.630     4.54    2.95
-196215.405    19.387     4.80    4.12
-195849.276    20.786     3.82    5.05
-195483.226    21.624     2.29    4.61
-195117.256    22.166     1.48    3.35
-194751.364    22.268     0.28    2.64
-194385.552    22.450     0.50    2.22
-194019.818    21.949    -1.37    1.86
-193654.163    21.486    -1.27    2.02
-193288.587    20.700    -2.15    2.68
-192923.089    20.367    -0.91    2.87
-192557.671    21.032     1.82    3.11
-192192.331    22.203     3.21    2.26
-191827.069    22.723     1.42    1.91
-191461.887    23.774     2.88    2.85
-191096.782    26.433     7.28    5.66
-190730.122    28.597     5.90    5.85
-190348.596    29.218     1.63    5.04
-189967.158    28.591    -1.65    4.41
-189585.806    26.633    -5.13    1.65
-189204.542    26.899     0.70    2.00
-188823.365    30.525     9.51    6.65
-188442.275    36.526    15.75    9.69
-188061.271    46.143    25.25   12.85
-187680.355    58.430    32.26   13.96
-187299.525    77.083    48.98   24.19
-186918.782    99.069    57.75   27.89
-186538.125   122.983    62.83   28.26
-186157.556   147.290    63.88   20.64
-185777.072   162.633    40.33   16.04
-185396.676   164.656     5.32   15.51
-185016.365   152.480   -32.02   25.70
-184636.141   132.185   -53.38   30.57
-184256.003   109.493   -59.70   27.17
-183875.952    89.520   -52.56   20.63
-183495.987    75.026   -38.15   13.44
-183116.108    66.087   -23.53    8.26
-182736.315    66.433     0.91   13.07
-182356.608    72.669    16.43   18.45
-181976.987    82.389    25.61   20.08
-181597.452    89.764    19.43   16.71
-181218.002    88.793    -2.56   14.60
-180838.639    81.124   -20.22   16.46
-180459.361    67.325   -36.39   20.27
-180080.169    52.681   -38.62   19.70
-179701.063    38.905   -36.34   14.33
-179322.042    31.641   -19.17    8.13
-178943.106    28.187    -9.11    3.90
-178564.256    26.712    -3.89    3.07
-178185.492    25.143    -4.14    3.64
-177806.813    22.864    -6.02    4.38
-177428.219    20.591    -6.00    4.44
-177049.710    19.743    -2.24    4.08
-176671.287    19.915     0.45    3.89
-176292.948    19.173    -1.96    4.14
-175914.695    18.878    -0.78    4.44
-175536.526    18.763    -0.30    4.73
-175158.443    18.833     0.18    5.34
-174780.444    19.501     1.77    5.56
-174402.531    21.176     4.43    5.24
-174024.702    22.723     4.09    4.26
-173646.958    24.039     3.48    2.13
-173269.298    24.182     0.38    1.78
-172891.723    23.354    -2.19    2.67
-172514.233    22.413    -2.49    3.48
-172136.827    21.311    -2.92    4.09
-171759.505    20.895    -1.11    4.04
-171382.268    20.158    -1.95    4.17
-171005.115    18.283    -4.97    5.02
-170628.047    16.765    -4.03    5.28
-170251.062    15.913    -2.26    4.94
-169874.162    14.356    -4.13    4.27
-169497.346    12.393    -5.21    4.48
-169120.614     9.722    -7.09    3.79
-168743.966     8.040    -4.47    3.06
-168367.402     7.472    -1.51    2.13
-167990.922     7.882     1.09    1.97
-167614.525     8.155     0.73    2.64
-167238.213     8.490     0.89    3.21
-166861.984     9.642     3.06    4.17
-166485.839    11.450     4.81    4.55
-166109.777    14.347     7.70    3.80
-165733.799    16.039     4.50    2.44
-165357.904    16.039     0.00    2.53
-164982.093    15.672    -0.98    3.21
-164606.365    15.016    -1.75    3.54
-164230.721    14.018    -2.65    4.27
-163855.160    13.139    -2.34    4.77
-163479.682    12.609    -1.41    4.65
-163104.287    12.703     0.25    3.74
-162728.975    13.460     2.02    2.85
-162353.747    15.070     4.29    2.14
-161978.601    15.573     1.34    1.74
-161603.538    15.453    -0.32    1.75
-161228.559    15.297    -0.42    1.77
-160853.662    15.137    -0.43    1.77
-160478.847    14.901    -0.63    1.70
-160104.116    14.803    -0.26    1.52
-159729.467    14.855     0.14    1.47
-159354.901    14.985     0.35    1.24
-158980.418    15.305     0.85    1.36
-158606.016    15.692     1.03    1.44
-158231.698    15.662    -0.08    1.58
-157857.462    15.038    -1.67    1.71
-157483.308    14.248    -2.11    1.91
-157109.236    13.753    -1.32    1.88
-156735.247    14.076     0.86    2.05
-156361.340    14.754     1.81    2.47
-155987.515    15.672     2.46    2.19
-155613.772    15.808     0.36    2.21
-155240.111    14.733    -2.88    3.15
-154866.533    13.575    -3.10    3.94
-154493.036    11.973    -4.29    4.34
-154119.621    10.555    -3.80    3.73
-153746.287     9.386    -3.13    2.07
-153373.036     8.935    -1.21    0.78
-152999.866    10.198     3.38    3.07
-152626.778    13.063     7.68    5.10
-152253.772    16.526     9.29    5.08
-151880.847    19.203     7.18    3.32
-151508.003    20.311     2.97    1.29
-151135.241    20.131    -0.48    1.45
-150762.561    19.439    -1.86    2.18
-150389.961    17.713    -4.63    3.18
-150017.444    15.754    -5.26    3.47
-149645.007    13.935    -4.88    2.63
-149272.651    11.847    -5.61    2.85
-148900.377     8.621    -8.67    5.54
-148528.184     5.712    -7.81    5.94
-148156.071     3.161    -6.86    4.41
-147784.040     2.508    -1.76    4.33
-147412.090     3.837     3.57    5.29
-147040.220     4.173     0.90    5.88
-146668.432     2.462    -4.60    6.14
-146296.724     0.814    -4.43    4.94
-145925.096    -0.170    -2.65    3.54
-145553.550     1.070     3.34    3.71
-145182.084     3.356     6.16    3.67
-144810.699     5.988     7.09    3.35
-144439.394     7.434     3.89    2.39
-144068.169     8.192     2.04    2.06
-143697.025     7.985    -0.56    2.21
-143325.962     7.682    -0.82    2.72
-142954.979     7.895     0.57    2.71
-142584.075     6.420    -3.97    3.38
-142213.253     3.743    -7.22    5.20
-141842.510     0.471    -8.83    4.57
-141471.847    -1.587    -5.55    3.34
-141101.265    -3.311    -4.65    2.21
-140730.762    -3.600    -0.78    2.20
-140360.339    -3.632    -0.09    2.40
-139989.997    -3.927    -0.80    2.54
-139619.734    -4.166    -0.65    2.43
-139249.551    -4.570    -1.09    1.68
-138879.447    -4.845    -0.74    1.15
-138509.423    -4.997    -0.41    0.82
-138139.479    -5.166    -0.46    0.41
-137769.615    -4.653     1.39    1.51
-137399.830    -1.677     8.05    4.87
-137030.125     1.083     7.47    5.08
-136660.498     3.518     6.59    4.14
-136290.952     6.438     7.90    2.98
-135921.485     8.886     6.63    3.82
-135552.097    11.403     6.81    4.18
-135182.788    13.785     6.45    2.97
-134813.558    13.167    -1.67    3.55
-134444.408    11.947    -3.31    3.63
-134075.336    12.703     2.05    4.92
-133706.344    15.091     6.47    6.27
-133337.430    19.076    10.80    5.16
-132968.596    21.901     7.66    2.34
-132599.840    24.460     6.94    2.99
-132231.164    25.498     2.82    3.42
-131862.566    26.076     1.57    3.10
-131494.046    25.723    -0.96    2.91
-131125.606    23.998    -4.68    1.72
-130757.244    23.253    -2.02    1.08
-130388.960    22.635    -1.68    0.85
-130020.756    22.925     0.79    2.17
-129652.629    24.269     3.65    3.78
-129284.581    24.588     0.87    3.85
-128916.612    24.488    -0.27    3.46
-128548.721    24.722     0.64    2.70
-128180.908    23.535    -3.23    1.26
-127813.173    23.403    -0.36    1.17
-127445.516    23.295    -0.29    1.04
-127077.938    23.073    -0.61    0.96
-126710.438    22.844    -0.62    1.08
-126343.015    22.600    -0.66    1.32
-125975.671    22.011    -1.60    1.52
-125608.405    20.498    -4.12    3.17
-125241.216    18.176    -6.32    4.28
-124874.106    15.498    -7.30    4.43
-124507.073    13.095    -6.55    3.48
-124140.118    12.753    -0.93    3.66
-123773.240    13.680     2.53    4.20
-123406.441    14.097     1.14    3.88
-123039.718    13.238    -2.34    3.95
-122673.074    10.836    -6.55    3.84
-122306.507    10.108    -1.99    3.67
-121940.017    10.775     1.82    4.12
-121573.605    13.258     6.78    4.53
-121207.270    16.490     8.82    3.00
-120841.012    18.591     5.74    2.93
-120474.832    20.441     5.05    2.33
-120108.728    21.430     2.70    1.62
-119742.702    20.444    -2.70    3.45
-119376.754    18.063    -6.51    4.48
-119010.882    16.070    -5.45    3.78
-118645.087    14.928    -3.12    2.62
-118279.369    14.672    -0.70    2.68
-117913.728    15.549     2.40    2.85
-117548.164    15.661     0.31    2.80
-117182.677    14.774    -2.43    3.09
-116817.266    14.090    -1.87    3.26
-116451.932    11.753    -6.40    4.01
-116086.675     8.526    -8.84    4.10
-115708.323     6.043    -6.56    3.97
-115327.051     3.676    -6.21    1.59
-114945.864     3.514    -0.43    1.15
-114564.761     4.062     1.44    1.41
-114183.743     4.723     1.73    1.39
-113802.811     5.047     0.85    1.35
-113421.962     5.070     0.06    1.69
-113041.198     5.809     1.94    3.01
-112660.519     6.080     0.71    3.07
-112279.925     6.493     1.09    2.89
-111899.414     6.855     0.95    2.54
-111518.988     7.158     0.80    2.15
-111138.647     7.121    -0.10    1.88
-110758.389     7.026    -0.25    2.08
-110378.216     7.529     1.32    2.34
-109998.127     6.894    -1.67    2.38
-109618.122     6.529    -0.96    2.42
-109238.201     4.828    -4.48    2.96
-108858.365     2.947    -4.95    2.67
-108478.612     1.635    -3.45    2.64
-108098.942     1.284    -0.93    1.99
-107719.357     2.098     2.14    2.27
-107339.856     2.559     1.22    2.32
-106960.438     2.658     0.26    2.38
-106581.104     1.580    -2.84    2.52
-106201.853     1.036    -1.43    1.88
-105822.686     0.403    -1.67    2.34
-105443.603    -1.040    -3.81    2.97
-105064.603    -2.155    -2.94    2.55
-104685.686    -2.616    -1.22    1.88
-104306.853    -1.370     3.29    2.31
-103928.103    -0.590     2.06    2.03
-103549.436     0.305     2.37    3.02
-103170.852     1.040     1.94    3.42
-102792.352     1.274     0.62    2.84
-102413.934     1.526     0.67    2.58
-102035.600     1.056    -1.24    3.90
-101657.348    -0.345    -3.70    5.63
-101279.179    -2.153    -4.78    6.33
-100901.094    -4.590    -6.45    5.59
-100523.091    -6.937    -6.21    6.06
-100145.170    -8.779    -4.87    6.98
 -99767.333   -11.075    -6.08    6.40
 -99389.578   -13.464    -6.32    4.88
 -99011.905   -15.257    -4.75    2.99
 -98634.315   -16.066    -2.14    1.41
 -98256.808   -15.906     0.42    1.06
 -97879.383   -15.945    -0.10    0.99
 -97502.040   -15.215     1.93    2.48
 -97124.780   -13.374     4.88    4.02
 -96747.602   -12.015     3.60    3.70
 -96370.506   -11.290     1.92    3.10
 -95993.493   -11.164     0.33    2.75
 -95616.561   -11.913    -1.99    2.35
 -95239.711   -11.597     0.84    2.71
 -94862.944    -9.861     4.61    3.55
 -94486.258    -8.882     2.60    3.53
 -94109.655    -7.076     4.80    2.64
 -93733.133    -6.010     2.83    2.35
 -93356.693    -5.825     0.49    2.68
 -92980.334    -5.741     0.22    2.85
 -92604.058    -6.195    -1.20    2.99
 -92227.862    -7.183    -2.63    3.25
 -91851.749    -7.965    -2.08    3.58
 -91475.717    -8.341    -1.00    3.54
 -91099.766    -8.185     0.42    2.87
 -90723.897    -8.174     0.03    2.39
 -90348.110    -8.094     0.21    1.64
 -89972.403    -7.692     1.07    1.60
 -89596.778    -7.711    -0.05    1.74
 -89221.234    -7.692     0.05    1.51
 -88845.771    -7.979    -0.76    1.54
 -88470.390    -7.822     0.42    1.91
 -88095.089    -6.649     3.13    2.76
 -87719.869    -5.235     3.77    3.42
 -87344.731    -3.417     4.85    3.15
 -86969.673    -0.032     9.02    6.08
 -86594.696     5.094    13.67   10.48
 -86219.800    14.200    24.29   12.59
 -85844.984    21.378    19.15   10.12
 -85470.249    26.269    13.05    5.91
 -85095.595    26.202    -0.18    5.08
 -84721.022    24.162    -5.45    5.72
 -84346.529    22.427    -4.63    5.80
 -83972.116    20.988    -3.84    5.66
 -83597.784    21.196     0.56    5.63
 -83223.533    23.692     6.67    8.17
 -82849.361    26.217     6.75    9.01
 -82475.270    27.743     4.08    7.23
 -82101.259    24.596    -8.42    8.33
 -81727.329    21.217    -9.04    7.97
 -81353.478    18.175    -8.14    5.62
 -80979.708    19.268     2.93    6.21
 -80606.017    22.183     7.80    6.58
 -80232.407    24.711     6.77    7.17
 -79858.876    29.476    12.76    7.27
 -79485.426    35.021    14.85    7.61
 -79112.055    39.460    11.89    7.06
 -78738.764    42.145     7.19    6.22
 -78365.552    42.797     1.75    6.04
 -77992.421    44.856     5.52    6.73
 -77619.369    49.012    11.14    7.84
 -77246.396    54.434    14.54    8.61
 -76873.503    58.254    10.24    8.24
 -76500.690    59.524     3.41    9.51
 -76127.955    56.743    -7.46   12.23
 -75755.301    53.786    -7.94   11.58
 -75382.725    51.316    -6.63    9.31
 -75010.229    52.139     2.21    6.43
 -74637.812    51.775    -0.98    5.26
 -74265.475    49.603    -5.83    7.00
 -73893.216    44.588   -13.47    7.39
 -73521.036    39.163   -14.58    5.19
 -73148.936    35.966    -8.59    3.73
 -72776.914    33.215    -7.40    2.76
 -72404.972    31.382    -4.93    2.51
 -72033.108    30.139    -3.34    2.64
 -71661.323    28.490    -4.43    4.07
 -71289.617    27.332    -3.12    4.98
 -70917.989    25.522    -4.87    5.24
 -70546.441    24.396    -3.03    4.43
 -70174.970    25.301     2.44    4.31
 -69803.579    26.493     3.21    3.50
 -69432.266    27.861     3.69    2.56
 -69061.031    28.691     2.23    3.12
 -68689.875    29.091     1.08    3.62
 -68318.797    30.186     2.95    3.63
 -67947.798    29.999    -0.51    3.74
 -67576.877    28.021    -5.33    3.88
 -67206.034    26.424    -4.31    3.63
 -66835.269    24.597    -4.93    2.18
 -66464.582    24.356    -0.65    1.60
 -66093.974    25.743     3.74    2.75
 -65723.443    26.890     3.10    2.91
 -65352.991    27.354     1.25    2.56
 -64982.616    27.389     0.10    2.69
 -64612.319    26.982    -1.10    3.00
 -64242.101    27.149     0.45    3.42
 -63871.960    27.550     1.08    3.28
 -63501.896    27.993     1.20    2.75
 -63131.911    28.205     0.57    2.46
 -62762.003    28.217     0.03    2.40
 -62392.172    28.206    -0.03    2.34
 -62022.419    28.045    -0.44    2.22
 -61652.744    28.254     0.56    2.47
 -61283.146    28.993     2.00    2.78
 -60913.626    29.568     1.56    2.69
 -60544.182    29.764     0.53    2.53
 -60174.817    29.524    -0.65    2.57
 -59805.528    29.432    -0.25    2.51
 -59436.317    29.041    -1.06    2.14
 -59067.182    28.563    -1.29    1.90
 -58698.125    27.962    -1.63    1.99
 -58329.145    27.732    -0.62    2.18
 -57960.242    27.754     0.06    2.41
 -57591.416    27.424    -0.89    2.71
 -57222.667    26.248    -3.19    3.73
 -56853.995    24.732    -4.11    3.62
 -56485.400    23.445    -3.49    2.23
 -56116.881    23.448     0.01    1.99
 -55748.439    24.210     2.07    1.89
 -55380.074    25.180     2.64    2.39
 -55011.786    25.573     1.06    3.27
 -54643.574    25.785     0.58    3.22
 -54275.438    25.410    -1.02    3.08
 -53907.379    25.456     0.13    2.83
 -53539.397    26.051     1.62    2.12
 -53171.491    25.786    -0.72    2.46
 -52803.661    25.375    -1.12    3.29
 -52435.908    24.950    -1.16    3.66
 -52068.231    24.212    -2.01    3.51
 -51700.630    24.265     0.15    3.45
 -51333.105    25.578     3.57    3.47
 -50965.656    26.903     3.60    2.83
 -50598.284    27.649     2.03    1.97
 -50230.987    28.190     1.47    2.12
 -49863.767    28.669     1.31    2.73
 -49496.622    29.859     3.24    3.58
 -49129.553    31.827     5.36    3.92
 -48762.560    34.410     7.04    4.62
 -48395.643    36.676     6.18    4.13
 -48028.802    38.596     5.23    3.92
 -47662.036    39.974     3.76    2.98
 -47295.346    39.305    -1.82    2.78
 -46928.732    37.530    -4.84    3.53
 -46562.193    34.892    -7.20    4.29
 -46195.730    34.501    -1.07    4.49
 -45829.342    36.325     4.98    6.08
 -45463.030    39.543     8.78    5.79
 -45096.793    42.945     9.29    3.28
 -44730.631    43.118     0.47    2.63
 -44364.544    42.006    -3.04    3.32
 -43998.533    39.659    -6.41    4.38
 -43632.597    37.301    -6.44    4.43
 -43266.736    34.232    -8.39    4.74
 -42900.951    30.648    -9.80    5.19
 -42535.240    27.265    -9.25    4.78
 -42169.604    25.531    -4.74    4.25
 -41804.044    25.021    -1.40    3.65
 -41438.558    24.878    -0.39    3.35
 -41064.657    25.493     1.64    3.08
 -40683.552    24.764    -1.91    3.45
 -40302.531    23.523    -3.26    3.37
 -39921.592    22.733    -2.08    3.56
 -39540.736    22.062    -1.76    3.28
 -39159.962    21.080    -2.58    3.11
 -38779.271    20.216    -2.27    2.81
 -38398.662    19.454    -2.00    2.64
 -38018.135    18.623    -2.18    2.05
 -37637.691    18.274    -0.92    1.48
 -37257.329    18.676     1.06    1.63
 -36877.049    18.945     0.71    1.78
 -36496.851    19.163     0.57    1.92
 -36116.735    18.477    -1.81    2.37
 -35736.701    17.538    -2.47    2.70
 -35356.749    16.098    -3.79    2.75
 -34976.880    15.254    -2.22    2.40
 -34597.092    14.639    -1.62    2.15
 -34217.385    14.021    -1.63    1.87
 -33837.761    13.671    -0.92    2.36
 -33458.218    13.076    -1.57    2.40
 -33078.757    12.785    -0.77    2.48
 -32699.378    12.305    -1.26    2.53
 -32320.080    12.111    -0.51    2.43
 -31940.863    11.743    -0.97    2.14
 -31561.728    12.227     1.28    2.26
 -31182.675    12.573     0.91    2.33
 -30803.702    12.154    -1.11    2.56
 -30424.812    12.632     1.26    2.99
 -30046.002    14.847     5.85    3.50
 -29667.273    17.109     5.97    3.56
 -29288.626    19.206     5.54    3.41
 -28910.060    20.297     2.88    2.60
 -28531.574    19.996    -0.80    3.35
 -28153.170    18.462    -4.05    3.27
 -27774.847    17.396    -2.82    2.58
 -27396.604    17.934     1.42    2.75
 -27018.443    17.648    -0.76    2.63
 -26640.362    17.300    -0.92    2.90
 -26262.362    17.301     0.00    2.96
 -25884.442    16.921    -1.01    2.69
 -25506.603    16.599    -0.85    3.16
 -25128.845    15.589    -2.67    3.81
 -24751.167    14.118    -3.90    3.52
 -24373.570    12.754    -3.61    2.46
 -23996.053    12.859     0.28    2.38
 -23618.617    13.979     2.97    1.72
 -23241.261    14.445     1.24    1.76
 -22863.985    14.306    -0.37    1.99
 -22486.789    14.626     0.85    2.13
 -22109.674    14.559    -0.18    2.18
 -21732.638    14.549    -0.03    2.75
 -21355.683    13.350    -3.18    3.52
 -20978.808    11.650    -4.51    3.77
 -20602.013    10.187    -3.88    3.63
 -20225.297     9.014    -3.12    2.81
 -19848.662     8.454    -1.49    2.69
 -19472.106     7.816    -1.69    2.90
 -19095.630     6.810    -2.67    2.87
 -18719.234     5.988    -2.19    2.52
 -18342.917     5.490    -1.32    1.61
 -17966.680     4.511    -2.60    2.72
 -17590.523     3.395    -2.97    3.12
 -17214.445     2.701    -1.84    3.35
 -16838.447     2.642    -0.16    3.31
 -16462.528     3.711     2.85    3.08
 -16086.688     3.985     0.73    2.48
 -15710.928     3.275    -1.89    2.55
 -15335.247     2.754    -1.39    2.44
 -14959.645     3.090     0.90    2.33
 -14584.123     3.534     1.18    2.05
 -14208.679     4.238     1.87    1.60
 -13833.315     4.243     0.01    2.03
 -13458.029     4.434     0.51    2.93
 -13082.823     4.860     1.13    3.79
 -12707.695     6.178     3.51    4.30
 -12332.647     7.764     4.23    4.57
 -11957.677    10.482     7.25    5.09
 -11582.786    14.264    10.09    6.45
 -11207.974    18.646    11.69    6.33
 -10833.240    21.466     7.53    5.53
 -10458.585    23.924     6.56    3.90
 -10084.009    23.969     0.12    3.48
  -9709.511    23.384    -1.56    4.08
  -9335.092    22.285    -2.94    4.65
  -8960.751    22.117    -0.45    4.07
  -8586.488    21.913    -0.54    4.60
  -8212.304    22.899     2.63    4.98
  -7838.198    24.354     3.89    4.45
  -7464.170    24.069    -0.76    5.18
  -7090.221    23.222    -2.26    5.42
  -6716.349    20.607    -7.00    5.69
  -6342.556    19.003    -4.29    5.39
  -5968.841    18.565    -1.17    4.71
  -5595.203    19.206     1.72    3.89
  -5221.644    19.910     1.88    2.43
  -4848.163    18.317    -4.26    2.81
  -4474.759    17.699    -1.66    3.23
  -4101.434    15.222    -6.64    4.72
  -3728.186    12.044    -8.51    5.59
  -3355.015     9.360    -7.19    5.61
  -2981.923     6.477    -7.73    3.50
  -2608.908     4.917    -4.18    2.07
  -2235.970     4.498    -1.12    1.98
  -1863.110     4.410    -0.24    2.08
  -1490.328     4.667     0.69    1.97
  -1117.623     3.945    -1.94    2.28
   -744.995     2.796    -3.08    2.60
   -372.445     1.194    -4.30    2.25
      0.028     0.448    -2.00    1.67
    372.424     1.516     2.87    3.22
    744.742     3.009     4.01    3.56
   1116.984     4.220     3.25    3.04
   1489.148     4.517     0.80    2.19
   1861.236     3.878    -1.72    1.21
   2233.246     4.328     1.21    1.87
   2605.179     5.665     3.60    2.47
   2977.036     7.290     4.37    2.47
   3348.816     8.999     4.59    2.45
   3720.518    10.658     4.46    2.22
   4092.145    12.029     3.69    2.88
   4463.694    12.562     1.44    3.04
   4835.167    11.711    -2.29    4.51
   5206.563    10.937    -2.09    5.60
   5577.882     9.227    -4.60    6.54
   5949.125     8.128    -2.96    7.11
   6320.292     7.132    -2.68    7.03
   6691.382     6.954    -0.48    6.91
   7062.396     7.115     0.43    6.90
   7433.333     6.754    -0.97    6.35
   7804.194     5.354    -3.78    5.51
   8174.979     5.024    -0.89    5.35
   8545.688     4.679    -0.93    5.49
   8916.320     4.842     0.44    5.61
   9286.877     5.646     2.17    5.79
   9657.357     6.786     3.08    5.71
  10027.761     7.819     2.79    5.55
  10398.090     8.980     3.13    5.49
  10768.342     9.106     0.34    5.68
  11138.519     9.403     0.80    5.71
  11508.620     9.161    -0.65    5.57
  11878.645     9.388     0.62    5.18
  12248.594     9.187    -0.54    4.59
  12618.468     9.020    -0.45    3.65
  12988.265     8.720    -0.81    2.85
  13357.988     8.721     0.00    2.67
  13727.635     8.440    -0.76    2.76
  14097.206     7.396    -2.82    2.86
  14466.702     7.134    -0.71    2.68
  14836.122     8.102     2.62    3.29
  15205.467     9.453     3.66    3.25
  15574.737     9.952     1.35    2.84
  15943.931     9.101    -2.30    3.22
  16313.051     7.950    -3.12    2.96
  16682.095     7.113    -2.27    2.22
  17051.064     7.459     0.94    3.30
  17419.957     8.711     3.39    4.22
  17788.776    10.341     4.42    5.53
  18157.520    11.998     4.50    7.18
  18526.189    14.899     7.87    9.17
  18894.783    17.179     6.19   10.32
  19263.302    18.463     3.48   10.28
  19631.746    21.297     7.69    8.93
  20000.115    22.873     4.28    7.20
  20368.410    24.687     4.93    6.36
  20736.630    28.001     9.00    7.10
  21104.775    30.820     7.66    6.27
  21472.846    31.966     3.11    5.29
  21840.843    30.641    -3.60    5.04
  22208.764    29.977    -1.80    6.81
  22576.612    29.822    -0.42    8.36
  22944.384    30.605     2.13    9.25
  23312.083    31.119     1.40    9.30
  23679.707    34.786     9.98   10.66
  24047.257    37.291     6.82    9.68
  24414.733    35.504    -4.86   10.52
  24782.134    31.179   -11.77   10.49
  25149.461    25.016   -16.78    6.77
  25516.715    21.551    -9.43    3.29
  25883.894    19.538    -5.48    3.32
  26250.999    17.001    -6.91    3.91
  26618.030    14.921    -5.67    4.20
  26984.987    11.960    -8.07    4.49
  27351.871     9.711    -6.13    4.08
  27718.680     7.645    -5.63    3.51
  28085.416     6.243    -3.82    2.63
  28452.078     5.644    -1.63    2.86
  28818.666     5.625    -0.05    3.14
  29185.181     6.053     1.17    3.13
  29551.622     6.301     0.68    2.57
  29917.989     6.243    -0.16    1.85
  30284.283     6.575     0.91    1.89
  30650.504     6.709     0.37    1.70
  31016.651     6.861     0.42    1.55
  31382.724     7.036     0.48    1.55
  31748.724     7.119     0.23    1.58
  32114.651     7.605     1.33    1.82
  32480.505     8.226     1.70    1.60
  32846.286     8.291     0.18    1.63
  33211.993     8.191    -0.27    1.57
  33581.786     8.137    -0.15    1.49
  33962.725     8.444     0.81    1.50
  34343.584     8.094    -0.92    1.66
  34724.363     7.413    -1.79    2.20
  35105.061     6.786    -1.65    2.21
  35485.679     6.336    -1.18    2.18
  35866.217     5.657    -1.78    2.62
  36246.674     5.180    -1.25    2.25
  36627.051     5.033    -0.39    2.16
  37007.348     4.338    -1.83    2.67
  37387.565     4.087    -0.66    2.38
  37767.702     2.777    -3.45    1.76
  38147.759     1.966    -2.13    1.43
  38527.736     1.912    -0.14    1.73
  38907.633     2.211     0.79    2.05
  39287.451     2.936     1.91    2.69
  39667.188     4.126     3.13    2.93
  40046.846     4.462     0.89    2.93
  40426.424     4.009    -1.19    3.43
  40805.923     3.709    -0.79    3.58
  41185.342     4.200     1.29    3.71
  41564.681     4.457     0.68    4.11
  41943.941     4.765     0.81    4.28
  42323.121     5.569     2.12    3.90
  42702.222     5.950     1.00    3.40
  43081.244     6.189     0.63    2.71
  43460.187     6.156    -0.09    2.49
  43839.050     5.541    -1.62    2.62
  44217.834     5.523    -0.05    3.29
  44596.539     5.009    -1.36    3.61
  44975.165     5.032     0.06    3.80
  45353.711     4.530    -1.33    3.49
  45732.179     4.387    -0.38    3.13
  46110.568     5.291     2.39    3.49
  46488.878     5.925     1.67    3.30
  46867.109     7.012     2.87    3.55
  47245.261     8.448     3.80    3.61
  47623.335     8.571     0.33    3.66
  48001.330     8.550    -0.06    3.46
  48379.246     8.646     0.26    3.38
  48757.084     8.879     0.62    2.90
  49134.843     9.442     1.49    1.76
  49512.523     9.629     0.50    1.32
  49890.125    10.109     1.27    1.48
  50267.649    10.391     0.75    1.44
  50645.094    10.033    -0.95    2.14
  51022.461     8.925    -2.94    2.81
  51399.750     8.990     0.17    3.17
  51776.960     9.334     0.91    3.21
  52154.093    10.431     2.91    2.83
  52531.147    11.448     2.70    1.85
  52908.123    11.141    -0.81    1.81
  53285.021    11.288     0.39    1.72
  53661.841    11.066    -0.59    1.66
  54038.583     9.857    -3.21    2.07
  54415.248     8.334    -4.04    2.50
  54791.834     7.470    -2.29    1.99
  55168.343     7.270    -0.53    2.22
  55544.774     7.686     1.11    2.24
  55921.127     8.173     1.29    2.02
  56297.403     8.107    -0.18    1.97
  56673.601     8.894     2.09    1.99
  57049.721     9.891     2.65    1.84
  57425.764    10.582     1.84    1.62
  57801.730    10.271    -0.83    1.91
  58177.618    10.313     0.11    1.99
  58553.428    10.254    -0.16    1.78
  58929.162    10.571     0.84    2.26
  59304.818    12.432     4.95    3.21
  59680.397    14.356     5.12    3.41
  60055.899    15.325     2.58    3.09
  60431.323    14.710    -1.64    3.77
  60806.671    13.558    -3.07    4.28
  61181.942    13.189    -0.98    4.79
  61557.135    13.754     1.51    5.22
  61932.252    15.558     4.81    4.87
  62307.292    15.613     0.14    3.70
  62682.254    16.668     2.81    3.51
  63057.141    16.939     0.72    3.46
  63431.950    15.840    -2.93    3.88
  63806.683    15.634    -0.55    4.02
  64181.339    15.523    -0.30    4.66
  64555.918    17.004     3.95    6.22
  64930.421    20.721     9.93    7.07
  65304.847    25.297    12.22    6.82
  65679.197    28.199     7.75    4.83
  66053.470    28.831     1.69    3.55
  66427.667    26.865    -5.25    4.45
  66801.788    23.990    -7.68    3.59
  67175.832    21.266    -7.28    3.31
  67549.801    20.058    -3.23    2.57
  67923.693    19.696    -0.97    2.01
  68297.508    19.939     0.65    1.58
  68671.248    20.441     1.34    1.56
  69044.912    21.384     2.53    2.19
  69418.499    22.383     2.67    2.17
  69792.011    22.439     0.15    2.07
  70165.447    22.941     1.34    1.80
  70538.807    23.145     0.55    1.79
  70912.091    24.141     2.67    1.85
  71285.299    25.119     2.62    1.70
  71658.432    25.921     2.15    1.60
  72031.489    25.819    -0.27    1.95
  72404.470    25.787    -0.09    2.21
  72777.376    25.654    -0.36    2.18
  73150.206    25.023    -1.69    2.32
  73522.960    24.599    -1.14    2.26
  73895.640    23.614    -2.64    1.51
  74268.243    23.221    -1.06    0.95
  74640.772    23.221     0.00    0.88
  75013.225    23.226     0.01    0.91
  75385.602    22.818    -1.10    1.19
  75757.905    22.016    -2.16    1.65
  76130.132    21.864    -0.41    2.04
  76502.284    22.209     0.93    2.40
  76874.361    23.248     2.79    2.42
  77246.363    24.927     4.51    2.31
  77618.290    26.232     3.51    2.25
  77990.143    26.649     1.12    2.16
  78361.920    25.776    -2.35    3.42
  78733.622    24.196    -4.25    3.99
  79105.249    22.526    -4.50    3.37
  79476.802    22.131    -1.06    2.82
  79848.280    22.493     0.97    3.03
  80219.683    23.118     1.68    3.06
  80591.012    23.417     0.80    2.61
  80962.266    24.210     2.14    2.56
  81333.445    25.232     2.75    2.58
  81704.550    26.210     2.63    2.27
  82075.580    27.600     3.75    1.82
  82446.536    27.941     0.92    1.98
  82817.418    28.923     2.65    2.27
  83188.225    29.676     2.03    2.18
  83558.958    29.584    -0.25    2.08
  83929.617    29.666     0.22    2.07
  84300.201    29.306    -0.97    1.97
  84670.712    29.276    -0.08    1.77
  85041.148    29.220    -0.15    2.31
  85411.510    28.046    -3.17    2.75
  85781.798    27.348    -1.89    2.85
  86152.012    27.632     0.77    3.14
  86522.152    29.225     4.30    3.61
  86892.219    31.468     6.06    3.33
  87262.211    32.359     2.41    2.18
  87632.130    32.270    -0.24    2.09
  88001.975    31.993    -0.75    2.15
  88371.746    32.600     1.64    2.24
  88741.443    33.432     2.25    2.10
  89111.067    33.912     1.30    1.84
  89480.617    34.221     0.84    2.06
  89850.094    35.675     3.93    3.11
  90219.497    37.276     4.33    3.45
  90588.827    39.283     5.44    2.77
  90958.083    39.842     1.51    2.43
  91327.266    40.406     1.53    2.96
  91696.376    40.591     0.50    3.31
  92065.412    41.025     1.18    3.40
  92434.375    41.487     1.25    2.97
  92803.265    42.175     1.86    2.87
  93172.082    43.830     4.49    3.35
  93540.825    44.538     1.92    3.17
  93909.496    44.743     0.55    2.57
  94278.093    44.510    -0.63    2.71
  94646.618    44.928     1.13    3.27
  95015.070    45.699     2.09    3.38
  95383.448    47.653     5.30    2.25
  95751.754    48.227     1.56    2.08
  96119.987    48.602     1.02    1.71
  96488.147    48.930     0.89    1.21
  96856.235    48.837    -0.25    1.23
  97224.250    48.330    -1.38    1.37
  97592.192    47.260    -2.91    2.45
  97960.061    46.413    -2.30    2.77
  98327.859    46.436     0.06    2.97
  98695.583    47.051     1.67    2.86
  99063.235    48.610     4.24    2.40
  99430.815    49.313     1.91    1.97
  99798.322    49.018    -0.80    2.27
 100165.757    49.421     1.10    2.32
 100533.119    50.622     3.27    3.85
 100900.410    52.243     4.41    4.03
 101267.628    54.139     5.16    2.88
 101634.774    55.289     3.13    1.77
 102001.848    55.232    -0.16    1.47
 102368.849    55.961     1.99    1.46
 102735.779    57.121     3.16    2.20
 103102.637    58.576     3.97    2.71
 103469.422    60.040     3.99    2.38
 103836.136    61.132     2.98    1.95
 104202.778    62.204     2.92    1.55
 104569.348    62.504     0.82    1.54
 104935.847    62.801     0.81    1.21
 105302.273    62.982     0.49    1.37
 105668.628    62.696    -0.78    1.67
 106034.911    62.314    -1.04    2.09
 106401.123    61.754    -1.53    2.03
 106767.263    60.854    -2.46    1.74
 107133.331    60.198    -1.79    1.88
 107499.328    59.855    -0.93    2.18
 107865.253    59.655    -0.55    2.15
 108231.281    60.210     1.52    2.31
 108612.058    62.084     4.92    2.94
 108992.756    63.150     2.80    3.15
 109373.376    64.210     2.78    2.99
 109753.918    64.297     0.23    2.53
 110134.382    64.554     0.67    3.35
 110514.767    65.876     3.48    4.05
 110895.074    67.959     5.48    3.66
 111275.304    69.710     4.60    2.40
 111655.455    71.035     3.49    2.72
 112035.528    71.919     2.32    2.93
 112415.523    72.710     2.08    2.96
 112795.441    72.899     0.50    3.13
 113175.280    72.099    -2.11    3.29
 113555.042    72.132     0.09    3.24
 113934.726    72.395     0.69    2.93
 114314.332    72.678     0.75    2.70
 114693.861    73.069     1.03    3.26
 115073.312    73.172     0.27    4.44
 115452.686    73.402     0.61    5.24
 115831.982    73.754     0.93    4.95
 116211.201    73.802     0.13    4.16
 116590.342    74.136     0.88    2.79
 116969.406    74.660     1.38    2.39
 117348.392    76.024     3.60    2.16
 117727.301    77.469     3.81    1.62
 118106.133    77.934     1.23    1.79
 118484.888    77.696    -0.63    2.14
 118863.566    77.021    -1.78    2.07
 119242.167    76.651    -0.98    1.82
 119620.690    77.095     1.17    2.20
 119999.137    78.220     2.97    2.06
 120377.506    79.281     2.80    2.00
 120755.799    80.410     2.98    1.87
 121134.015    81.721     3.47    1.79
 121512.154    83.065     3.56    2.30
 121890.217    84.287     3.23    2.18
 122268.202    85.276     2.62    1.53
 122646.111    85.622     0.91    0.71
 123023.944    85.559    -0.17    0.80
 123401.699    85.316    -0.64    0.71
 123779.379    85.743     1.13    1.32
 124156.981    86.287     1.44    1.62
 124534.508    86.743     1.21    1.45
 124911.958    87.249     1.34    1.32
 125289.331    87.810     1.49    1.68
 125666.629    88.698     2.35    1.53
 126043.850    88.777     0.21    1.64
 126420.994    88.209    -1.51    1.81
 126798.063    88.061    -0.39    1.98
 127175.056    88.687     1.66    2.61
 127551.972    90.365     4.45    3.16
 127928.813    91.310     2.51    2.66
 128305.577    92.147     2.22    2.27
 128682.266    92.732     1.55    2.09
 129058.878    92.676    -0.15    2.20
 129435.415    93.129     1.21    2.37
 129811.876    94.610     3.93    2.96
 130188.262    96.766     5.73    4.09
 130564.571    99.332     6.82    4.68
 130940.805   100.446     2.96    5.67
 131316.964    98.054    -6.36    7.65
 131693.046    96.237    -4.83    6.75
 132069.053    98.176     5.16    8.58
 132444.985   103.069    13.01   11.19
 132820.842   111.406    22.18   10.21
 133196.622   117.857    17.16    7.41
 133572.328   123.376    14.69    5.34
 133947.958   126.357     7.93    4.39
 134323.513   129.968     9.61    4.96
 134698.993   133.518     9.46    5.81
 135074.398   136.507     7.96    4.37
 135449.727   138.936     6.47    3.49
 135824.982   139.276     0.91    3.46
 136200.161   138.334    -2.51    3.46
 136575.265   138.192    -0.38    3.55
 136950.295   138.654     1.23    3.71
 137325.249   141.110     6.55    5.10
 137700.129   144.676     9.51    5.51
 138074.934   148.132     9.22    5.14
 138449.664   150.799     7.12    3.99
 138824.320   152.493     4.52    4.28
 139198.900   154.563     5.53    4.61
 139573.407   156.485     5.13    4.66
 139947.838   158.654     5.79    5.25
 140322.195   161.194     6.78    4.96
 140696.478   163.354     5.77    3.51
 141070.686   164.595     3.32    2.72
 141444.819   166.654     5.50    3.79
 141818.878   168.858     5.89    5.64
 142192.863   172.687    10.24    7.10
 142566.774   176.180     9.34    6.71
 142940.610   177.855     4.48    6.31
 143314.373   178.800     2.53    5.97
 143688.061   179.954     3.09    5.14
 144061.675   180.603     1.74    4.49
 144435.215   181.921     3.53    3.60
 144808.680   183.573     4.42    3.64
 145182.072   185.876     6.17    4.72
 145555.390   189.170     8.82    4.66
 145928.634   191.633     6.60    4.28
 146301.805   195.402    10.10    5.61
 146674.901   200.512    13.70    8.38
 147047.924   206.255    15.39    9.44
 147420.873   215.516    24.83   14.49
 147793.748   225.297    26.23   18.39
 148166.550   238.597    35.67   24.67
 148539.278   254.672    43.12   23.98
 148911.933   266.800    32.54   18.08
 149284.514   273.598    18.25   10.98
 149657.021   268.358   -14.07   14.23
 150029.455   262.237   -16.43   13.51
 150401.816   264.853     7.02   13.78
 150774.104   272.968    21.79   17.56
 151146.318   288.043    40.50   21.57
 151518.459   302.118    37.82   17.55
 151890.527   312.099    26.82   11.23
 152262.521   314.410     6.21    8.04
 152634.443   305.499   -23.96   17.11
 153006.291   293.984   -30.96   20.01
 153378.067   282.459   -31.00   20.06
 153749.769   278.254   -11.31   19.95
 154121.399   281.186     7.89   21.09
 154492.956   290.979    26.35   21.25
 154864.439   302.640    31.39   18.36
 155235.850   312.698    27.08   12.90
 155607.189   319.019    17.02    7.40
 155978.454   317.440    -4.25    9.71
 156349.647   310.138   -19.67   13.40
 156720.767   301.065   -24.45   15.14
 157091.815   290.313   -28.98   14.87
 157462.790   282.721   -20.46   13.72
 157833.692   279.185    -9.53   11.95
 158204.522   282.457     8.82   13.90
 158575.280   288.172    15.41   16.25
 158945.965   296.487    22.43   14.45
 159316.578   302.707    16.78    9.30
 159687.118   305.080     6.40    9.07
 160057.587   306.314     3.33    8.78
 160427.983   309.316     8.10    9.00
 160798.306   313.226    10.56   10.26
 161168.558   315.485     6.10   10.24
 161538.738   315.800     0.85   11.04
 161908.845   312.665    -8.47   11.55
 162278.881   308.961   -10.01   11.38
 162648.845   303.834   -13.86   10.24
 163018.736   300.664    -8.57    8.83
 163388.556   301.938     3.44    8.44
 163758.304   306.084    11.21   11.15
 164127.980   314.042    21.52   14.32
 164497.585   325.065    29.82   15.83
 164867.118   336.390    30.64   15.24
 165236.579   344.476    21.88   16.13
 165605.968   358.333    37.51   27.14
 165975.286   381.334    62.27   42.90
 166344.532   403.659    60.45   44.74
 166713.707   428.473    67.21   39.68
 167082.810   445.119    45.09   31.02
 167451.842   436.087   -24.47   43.89
 167820.802   421.938   -38.34   53.62
 168189.691   394.327   -74.84   53.02
 168558.509   371.215   -62.66   47.87
 168927.256   362.586   -23.40   50.66
 169295.931   360.676    -5.18   63.12
 169664.535   347.869   -34.74   65.25
 170033.068   334.402   -36.54   63.17
 170401.530   314.743   -53.35   57.76
 170769.921   295.176   -53.11   46.24
 171138.241   285.002   -27.62   38.58
 171506.489   282.260    -7.45   45.70
 171874.667   295.438    35.79   62.62
 172242.774   307.084    31.63   75.65
 172610.810   318.350    30.61   78.14
 172978.776   322.925    12.43   71.99
 173346.670   320.226    -7.34   63.38
 173714.494   298.175   -59.94   61.90
 174082.247   274.459   -64.48   63.85
 174449.930   247.462   -73.41   46.47
 174817.542   229.976   -47.56   21.75
 175185.083   224.881   -13.86   13.95
 175552.554   232.321    20.24   19.04
 175919.954   249.278    46.15   28.96
 176287.284   273.347    65.52   40.22
 176654.543   302.005    78.02   41.21
 177021.732   333.199    84.94   41.58
 177388.851   356.008    62.12   31.87
 177755.899   371.300    41.66   37.28
 178122.878   377.096    15.79   42.29
 178489.786   386.563    25.80   52.74
 178856.623   391.157    12.52   54.50
 179223.391   393.800     7.21   48.31
 179590.089   384.118   -26.40   39.94
 179956.716   380.881    -8.83   30.66
 180323.274   382.237     3.70   33.41
 180689.761   394.933    34.64   49.13
 181056.179   417.444    61.43   70.93
 181422.527   438.898    58.55   84.68
 181788.805   450.128    30.66   89.30
 182155.013   459.195    24.76   85.61
 182521.151   471.276    32.99   76.29
 182887.220   485.352    38.45   67.25
 183264.311   521.152    94.92   71.58
 183644.848   558.272    97.53   79.67
 184025.310   607.799   130.16   92.30
 184405.695   666.088   153.22   83.75
 184786.004   727.345   161.05   84.66
 185166.236   798.969   188.34   83.26
 185546.393   891.908   244.44  127.77
 185926.474   990.838   260.25  140.67
 186306.479  1063.065   190.04  108.22
 186686.408  1088.955    68.13   86.26
 187066.261  1062.561   -69.47  105.07
 187446.038  1017.025  -119.88  100.88
 187825.739  1005.652   -29.95   91.91
 188205.365   987.191   -48.62   89.93
 188584.915   963.811   -61.59   97.58
 188964.389   897.099  -175.78  124.20
 189343.788   814.210  -218.45  139.45
 189723.111   707.848  -280.36  133.18
 190102.359   621.084  -228.75  107.79
 190481.531   553.260  -178.85   69.40
 190860.628   531.915   -56.30   51.08
 191239.649   535.054     8.28   57.39
 191618.595   566.835    83.85   75.76
 191997.466   640.833   195.28  108.60
 192376.261   709.145   180.31  115.32
 192754.982   771.834   165.50   87.53
 193133.627   778.612    17.90   90.20
 193512.197   725.141  -141.22  127.14
 193890.692   650.088  -198.26  125.97
 194269.112   588.106  -163.77   93.48
 194647.457   558.731   -77.63   69.16
 195025.726   585.487    70.72   85.68
 195403.922   626.706   108.97  101.70
 195782.042   682.959   148.75  120.37
 196160.087   751.475   181.21  112.32
 196538.058   799.720   127.62   96.16
 196915.954   850.523   134.42   90.26
 197293.775   899.402   129.35  101.74
 197671.522   924.231    65.72   92.70
 198049.194   897.965   -69.54  107.36
 198426.791   823.348  -197.58  127.59
 198804.314   732.925  -239.48  113.06
 199181.763   661.708  -188.65   66.76
 199559.137   634.550   -71.95   54.28
 199936.437   629.487   -13.42   72.23
 200313.662   626.088    -9.01   83.61
 200690.813   598.364   -73.50   91.79
 201067.890   567.709   -81.28   81.76
 201444.893   530.789   -97.91   69.40
 201821.822   496.288   -91.52   38.53
 202198.676   500.061    10.01   45.69
 202575.457   534.557    91.54   70.60
 202952.163   584.255   131.91   68.26
 203328.795   607.162    60.81   55.99
 203705.354   603.095   -10.80   64.43
 204081.839   585.305   -47.25   69.75
 204458.249   579.425   -15.62   77.24
 204834.586   582.982     9.45   74.14
 205210.849   579.777    -8.52   67.18
 205587.039   554.398   -67.45   75.80
 205963.155   501.226  -141.35   66.43
 206339.197   469.569   -84.17   45.65
 206715.165   469.845     0.74   54.06
 207091.060   500.345    81.13   85.90
 207466.882   528.720    75.49   76.15
 207842.630   526.173    -6.78   71.10
 208218.305   491.766   -91.57   79.76
 208593.906   446.629  -120.15   65.89
 208969.434   405.923  -108.38   39.76
 209344.888   387.266   -49.68   22.54
 209720.270   404.459    45.79   51.74
 210095.578   430.984    70.67   64.49
 210470.813   461.030    80.06   57.98
 210845.975   475.662    38.99   51.01
 211221.064   472.502    -8.42   52.72
 211596.080   470.076    -6.47   45.66
 211971.022   467.652    -6.46   40.37
 212345.892   473.343    15.18   36.19
 212720.689   491.561    48.60   45.16
 213095.413   509.168    46.98   54.16
 213470.064   538.766    78.99   60.52
 213844.643   569.894    83.09   55.21
 214219.149   593.329    62.57   49.24
 214593.582   607.088    36.74   40.96
 214967.942   614.889    20.84   35.58
 215342.230   625.425    28.15   33.50
 215716.445   652.891    73.38   50.74
 216090.588   684.076    83.34   59.49
 216464.658   711.984    74.59   61.60
 216838.655   727.406    41.23   63.68
 217212.581   747.534    53.82   67.70
 217586.434   777.053    78.95   75.10
 217960.214   802.822    68.93   67.21
 218333.923   808.472    15.12   60.91
 218707.559   770.436  -101.78   84.68
 219081.123   714.516  -149.67   94.85
 219454.615   646.402  -182.34   70.76
 219828.034   613.084   -89.21   49.78
 220201.382   614.476     3.73   51.34
 220574.657   647.255    87.80   67.56
 220947.861   684.209    99.00   67.19
 221320.992   710.084    69.33   48.57
 221694.052   716.663    17.63   34.76
 222067.040   708.260   -22.53   26.52
 222439.956   694.671   -36.43   17.10
 222812.800   690.552   -11.04   19.41
 223185.573   682.191   -22.42   29.12
 223558.274   667.306   -39.93   36.25
 223930.903   643.534   -63.79   37.22
 224303.460   621.007   -60.45   36.95
 224675.946   594.627   -70.81   36.17
 225048.361   573.584   -56.49   35.43
 225420.704   555.803   -47.75   26.80
 225792.975   544.846   -29.43   22.97
 226165.175   535.225   -25.84   20.59
 226537.304   523.191   -32.33   22.62
 226909.361   504.826   -49.35   29.97
 227281.347   484.502   -54.63   38.32
 227653.262   460.731   -63.90   39.31
 228025.106   440.332   -54.85   33.12
 228396.878   421.948   -49.44   21.65
 228768.579   412.421   -25.63   16.93
 229140.210   407.743   -12.59   18.26
 229511.769   406.871    -2.35   17.98
 229883.257   409.206     6.29   17.50
 230254.674   412.016     7.56   17.32
 230626.020   416.804    12.89   15.94
 230997.296   417.198     1.06   18.64
 231368.500   416.707    -1.32   20.63
 231739.634   411.209   -14.81   22.14
 232110.697   404.207   -18.87   21.05
 232481.689   395.732   -22.84   17.07
 232852.611   389.374   -17.14   11.65
 233223.462   384.789   -12.36    7.98
 233594.242   383.378    -3.80    8.40
 233964.952   379.673    -9.99    8.56
 234335.591   376.348    -8.97    7.14
 234706.160   374.790    -4.20    5.97
 235076.658   377.050     6.10    7.17
 235447.086   379.743     7.27    7.08
 235817.444   382.684     7.94    6.94
 236187.731   383.766     2.92    6.31
 236557.948   383.092    -1.82    6.24
 236928.095   381.755    -3.61    5.65
 237298.171   381.479    -0.75    4.64
 237668.178   381.517     0.10    3.30
 238038.114   381.959     1.19    3.21
 238407.980   381.886    -0.20    5.20
 238777.776   381.345    -1.46    5.53
 239147.502   380.633    -1.93    5.37
 239517.159   379.482    -3.11    5.54
 239886.745   377.694    -4.84    6.82
 240256.261   376.209    -4.02    8.58
 240625.708   374.039    -5.87    7.96
 240995.084   374.042     0.01    6.26
 241364.391   377.243     8.67    8.34
 241733.628   382.180    13.37    9.65
 242102.796   385.900    10.07    8.79
 242471.894   385.180    -1.95   10.04
 242840.922   381.191   -10.81   10.94
 243209.881   380.437    -2.04   12.69
 243578.770   382.516     5.63   14.08
 243947.590   384.402     5.11   15.04
 244316.340   384.208    -0.53   14.32
 244685.021   382.999    -3.28   12.43
 245053.632   383.387     1.05   15.52
 245422.174   389.291    16.02   27.53
 245790.647   397.180    21.41   34.44
 246159.050   399.609     6.59   34.96
 246527.385   401.061     3.94   32.35
 246895.650   405.792    12.84   29.55
 247263.846   419.390    36.93   30.51
 247631.973   435.076    42.60   28.22
 248000.031   444.743    26.26   21.77
 248368.019   447.719     8.09   16.08
 248735.939   445.467    -6.12   11.82
 249103.790   442.938    -6.87    8.43
 249471.572   442.319    -1.68    6.34
 249839.285   442.226    -0.25    6.51
 250206.929   444.615     6.50    7.34
 250574.505   448.943    11.77    9.15
 250942.011   454.406    14.86   10.02
 251309.449   459.099    12.77   10.49
 251676.819   464.291    14.13    9.54
 252044.119   468.311    10.94    8.07
 252411.352   471.262     8.03    7.68
 252778.515   473.073     4.93    8.23
 253145.610   475.706     7.17    9.45
 253512.637   477.627     5.23   10.03
 253879.595   478.743     3.04   11.23
 254246.484   477.697    -2.85   11.66
 254613.306   477.280    -1.14   10.75
 254980.059   485.255    21.74   20.98
 255346.743   497.513    33.42   30.35
 255713.360   510.586    35.65   36.04
 256079.908   519.812    25.16   37.12
 256446.388   526.359    17.86   36.52
 256812.800   527.191     2.27   31.68
 257179.143   538.068    29.68   34.77
 257545.419   555.231    46.85   46.37
 257918.959   575.502    54.26   55.97
 258299.341   592.976    45.93   56.80
 258679.649   608.338    40.39   55.83
 259059.883   625.950    46.31   50.33
 259440.043   627.103     3.03   42.87
 259820.129   613.208   -36.55   41.60
 260200.140   607.165   -15.90   42.46
 260580.078   627.869    54.48   61.43
 260959.942   656.973    76.60   67.55
 261339.731   671.803    39.04   55.69
 261719.447   667.823   -10.48   58.73
 262099.089   643.707   -63.51   51.83
 262478.657   633.272   -27.49   38.54
 262858.152   643.410    26.71   43.87
 263237.573   671.938    75.17   62.92
 263616.920   698.521    70.06   71.09
 263996.193   705.696    18.92   70.82
 264375.393   708.914     8.48   67.30
 264754.520   703.685   -13.79   57.35
 265133.573   708.743    13.34   55.14
 265512.552   739.076    80.02   64.34
 265891.458   770.648    83.31   61.60
 266270.291   805.185    91.15   68.82
 266649.050   856.207   134.68   80.79
 267027.737   902.884   123.23   97.82
 267406.349   923.218    53.69  101.28
 267784.889   930.066    18.09  103.56
 268163.356   906.543   -62.14  105.53
