# NaN NaN NaN ;Mean Elev.(m), Avg Gradient(m/km), RMS Gradient(m/km) - SRTM1     
#    1.655  -1.107   5.622 ;Mean Elev.(m), Avg Gradient(m/km), RMS Gradient(m/km) - ASTER GDEM
#   20.220  -5.497   9.290 ;Mean Elev.(m), Avg Gradient(m/km), RMS Gradient(m/km) - GMTED2010 
  6 152.962679  66.969031    21.639    21.639  2 52420.43459816 47.294
  7 152.963806  66.973609    16.906    16.847  4 52455.43462276 30.202
  8 152.968049  66.979538    20.412    20.591  6 52490.43459834 42.696
 11 152.965007  66.969860    13.465    13.465  2 52595.43463243 37.883
 12 152.961626  66.968811    13.343    13.381  3 52630.43456662 26.361
 14 152.963476  66.967865    15.698    15.685  3 52700.43456633 19.781
 15 152.968418  66.980189    14.994    15.115  6 52735.43460167 21.235
 16 152.971644  66.981319    16.043    14.612  5 52770.43458659 14.915
 18 152.962407  66.968642    14.825    15.023  3 52840.43468484 47.489
 19 152.964087  66.969696    14.086    14.086  2 52875.43472405 26.776
 20 152.972303  66.981542    15.247    15.451  6 52910.43469514 47.745
 21 152.960254  66.968255    13.122    13.122  2 52945.43463718 25.907
 23 152.966300  66.978513    16.380    16.863  5 53015.43468250 18.203
 24 152.960713  66.968747    15.661    15.694  3 53050.43465590 17.452
 25 152.960224  66.978639    16.023    16.182  5 53085.43469385 14.284
 26 152.961639  66.967212    16.033    15.956  3 53120.43466201 13.700
 27 152.961348  66.967651    20.872    21.158  3 53155.43471550 37.507
 30 152.968282  66.979657    17.105    17.167  6 53260.43469093 44.098
 32 152.959923  66.980176    14.983    14.146  5 53330.43469357 22.917
 33 152.971397  66.982376    15.594    15.559  5 53365.43464251 21.279
 34 152.964328  66.968717    15.879    15.879  2 53400.43466576 16.361
 35 152.968972  66.981267    16.675    16.770  6 53435.43465777 16.082
 36 152.959702  66.968249    17.360    15.517  3 53470.43470235 15.899
 38 152.961116  66.976814    17.849    17.200  6 53540.43474374 38.585
 40 152.963456  66.987600    20.894    20.894  2 53610.43468976 41.807
 41 152.961303  66.966769    15.778    15.872  3 53645.43468949 42.898
 42 152.960896  66.976623    12.550    12.574  4 53680.43470816 36.355
 43 152.971150  66.981753    12.738    12.768  5 53715.43463672 26.648
 44 152.962337  66.967740    16.075    16.063  3 53750.43455127 19.740
 45 152.967479  66.979334    17.425    17.441  5 53785.43458356 18.466
 46 152.976079  66.985138    17.565    17.911  5 53820.43454280 18.097
 47 152.960472  66.968138    17.426    17.426  2 53855.43462504  5.124
 48 152.964644  66.977633    19.258    19.267  6 53890.43463712 46.576
 49 152.960540  66.966585    16.369    16.398  3 53925.43469959 47.729
 52 152.962506  66.969581    13.556    13.496  3 54030.43468055 43.428
 54 152.969707  66.980711    18.301    18.254  5 54100.43464006 15.028
 55 152.961790  66.968034    16.716    16.716  2 54135.43459998 14.487
 57 152.960965  66.967169    16.674    16.761  3 54205.43460445 12.716
 58 152.962131  66.977007    21.141    21.143  6 54240.43464001 46.956
 59 152.965281  66.974822    21.839    21.757  5 54275.43465536 16.609
 62 152.963811  66.968654    14.904    14.904  2 54380.43459187 48.411
 63 152.965176  66.979153    13.229    13.180  6 54415.43458113 34.096
 64 152.960142  66.968205    16.144    16.144  2 54450.43455982 16.490
 65 152.960277  66.980004    15.227    15.658  5 54485.43457686 16.221
 66 152.963796  66.970013    16.034    16.034  2 54520.43457348 15.483
 67 152.968894  66.979227    15.157    15.359  6 54555.43458764 16.447
 68 152.966239  66.969532    19.879    20.663  3 54590.43456944  3.598
 69 152.964670  66.977333    18.174    18.128  6 54625.43458730 49.811
 70 152.965863  66.970929    19.532    19.532  2 54660.43459436 18.775
 71 152.968358  66.978820    19.228    19.661  6 54695.43457405 42.208
 72 152.962826  66.969532    17.576    17.576  2 54730.43454941 20.225
 73 152.959157  66.979954    13.581    13.675  5 54765.43455278 47.171
 74 152.960850  66.967233    13.630    13.619  3 54800.43454268 26.300
 75 152.963138  66.977421    16.258    16.415  6 54835.43454382 18.979
 76 152.960699  66.968864    16.018    16.067  3 54870.43454053 17.743
 77 152.967843  66.980482    17.084    16.957  5 54905.43455274 16.558
 78 152.963916  66.968502    15.553    15.556  3 54940.43453237 11.979
 79 152.966200  66.970810    20.270    20.270  2 54975.43456226 48.769
 81 152.961575  66.976536    14.110    14.075  6 55045.43456554 45.374
 82 152.968588  66.981674    18.700    18.782  5 55080.43454093 50.127
 83 152.963536  66.970447    13.544    13.562  3 55115.43449640 46.901
 84 152.960241  66.979253    12.525    12.681  5 55150.43449732 35.141
 85 152.961893  66.967519    14.540    14.386  3 55185.43448062 21.092
 86 152.963677  66.978477    15.316    15.502  6 55220.43449520 19.408
 87 152.964944  66.969200    16.069    16.069  2 55255.43447676 15.621
 88 152.969690  66.980049 14527.749 14527.904  5 55290.43448456 16.680
 89 152.967512  66.970015    14.245    14.124  3 55325.43446287 32.779
 91 152.962628  66.970181    16.765    14.453  3 55395.43446569 28.070
 92 152.959657  66.979645    14.982    14.805  5 55430.43447748 31.401
