# NaN NaN NaN ;Mean Elev.(m), Avg Gradient(m/km), RMS Gradient(m/km) - SRTM1     
#   64.341 -23.149  52.999 ;Mean Elev.(m), Avg Gradient(m/km), RMS Gradient(m/km) - ASTER GDEM
#  144.781 -23.551  55.281 ;Mean Elev.(m), Avg Gradient(m/km), RMS Gradient(m/km) - GMTED2010 
  8    72.598 52505.04421830 41.56 152.646313  64.829781 21.161
  8    74.145 52505.04421894 44.62 152.643373  64.826671 21.161
  8    72.230 52505.04421959 34.24 152.640433  64.823561 21.161
 11    73.191 52610.04420685 14.29 152.647259  64.829696  8.094
 11    73.385 52610.04420749 15.90 152.644319  64.826586  8.094
 11    73.233 52610.04420814 15.86 152.641379  64.823476  8.094
 13    74.759 52680.04417369  7.64 152.651033  64.828798  7.547
 13    74.444 52680.04417498  9.78 152.645153  64.822588  7.547
 23    75.433 53030.04426528  9.79 152.638823  64.827116  7.496
 23    75.164 53030.04426592  9.57 152.635883  64.824006  7.496
 29    72.817 53240.04430951 39.52 152.647926  64.827722 17.909
 29    73.600 53240.04431016 33.48 152.644986  64.824612 17.909
 32    73.270 53345.04428988 12.24 152.648031  64.829488  9.484
 32    72.277 53345.04429052 15.81 152.645091  64.826378  9.484
 32    72.247 53345.04429117 17.02 152.642151  64.823268  9.484
 36    75.323 53485.04434575  6.49 152.649673  64.828974  7.779
 36    74.938 53485.04434704  8.23 152.643793  64.822754  7.779
 38    75.583 53555.04436469 41.18 152.644798  64.829796 16.355
 38    76.355 53555.04436533 39.37 152.641848  64.826686 16.355
 38    72.086 53555.04436598 40.87 152.638908  64.823576 16.355
 42    74.850 53695.04428962 17.91 152.645105  64.829297 11.805
 42    71.865 53695.04429027 21.75 152.642165  64.826187 11.805
 43    73.601 53730.04421262 14.74 152.641588  64.829153 10.882
 43    73.440 53730.04421326 16.58 152.638648  64.826053 10.882
 45    79.547 53800.04418391  6.74 152.645646  64.828528 11.426
 45    76.208 53800.04418455  8.57 152.642706  64.825418 11.426
 49    74.601 53940.04431311 41.65 152.643521  64.829183 16.743
 49    75.246 53940.04431375 41.36 152.640571  64.826073 16.743
 53    73.814 54080.04427918 11.82 152.645983  64.829507  7.905
 53    75.914 54080.04427982 11.54 152.643043  64.826397  7.905
 54    75.086 54115.04421432  9.89 152.637350  64.829864  7.159
 54    75.317 54115.04421496 10.10 152.634410  64.826754  7.159
 56    73.986 54185.04420537  9.59 152.638915  64.829393  6.149
 56    73.752 54185.04420602  9.64 152.635975  64.826283  6.149
 60    74.998 54325.04426002 41.44 152.652449  64.829157 18.410
 60    74.792 54325.04426066 43.25 152.649499  64.826047 18.410
 61    73.373 54360.04421419 40.71 152.637816  64.828798 13.846
 61    74.992 54360.04421484 37.17 152.634876  64.825688 13.846
 63    73.472 54430.04416459 15.79 152.643723  64.827031  8.413
 63    72.143 54430.04416523 15.24 152.640783  64.823921  8.413
 65    74.514 54500.04417573  8.47 152.648059  64.829028  6.841
 65    75.062 54500.04417637  8.05 152.645119  64.825918  6.841
 65    75.663 54500.04417701 10.09 152.642169  64.822808  6.841
 71    72.190 54710.04415797 40.38 152.644250  64.829268 17.195
 71    72.058 54710.04415862 45.40 152.641300  64.826158 17.195
 73    72.269 54780.04414200 22.47 152.650355  64.829379 12.953
 73    71.723 54780.04414265 23.73 152.647415  64.826269 12.953
 73    73.656 54780.04414329 20.98 152.644475  64.823159 12.953
 75    72.285 54850.04414101 13.07 152.645232  64.827495  9.175
 75    74.130 54850.04414165 11.97 152.642292  64.824385  9.175
 81    71.854 55060.04416985 38.23 152.649523  64.827197 22.617
 81    71.409 55060.04417049 35.03 152.646583  64.824087 22.617
 82    72.556 55095.04412176 39.81 152.638243  64.829677 21.745
 82    72.567 55095.04412240 42.47 152.635303  64.826567 21.745
 84    74.486 55165.04408384 12.36 152.647009  64.827323  7.999
 84    74.483 55165.04408449 13.84 152.644069  64.824213  7.999
 86    76.007 55235.04408923  7.00 152.642947  64.829432  6.708
 86    75.246 55235.04408987  8.98 152.640007  64.826322  6.708
 87    76.099 55270.04409801  9.06 152.651789  64.827734  7.614
 87    75.575 55270.04409930  9.69 152.645909  64.821514  7.614
 88    76.213 55305.04407023  9.34 152.638949  64.827816  8.461
 88    72.839 55305.04407088 10.55 152.636009  64.824706  8.461
 90    74.280 55375.04406203 42.96 152.647355  64.827135 17.238
 90    73.194 55375.04406267 42.86 152.644415  64.824025 17.238
 92    77.801 55445.04407839 40.20 152.648727  64.826944 18.576
 92    73.902 55445.04407903 43.13 152.645787  64.823834 18.576
