-188208.644   191.083     0.00    9.89
-187836.034   184.529   -17.59   11.99
-187463.345   173.123   -30.60   13.80
-187090.576   163.820   -24.95   13.35
-186717.727   156.415   -19.86    8.28
-186344.798   154.385    -5.44    5.92
-185971.789   156.126     4.67    5.78
-185598.700   160.414    11.49    7.20
-185225.530   165.989    14.94    8.75
-184852.281   171.495    14.75    9.18
-184478.951   178.261    18.12    9.14
-184105.540   187.794    25.53   12.23
-183732.050   199.889    32.38   19.84
-183358.479   222.433    60.34   31.66
-182984.827   251.645    78.17   41.84
-182611.095   284.865    88.87   46.84
-182237.283   318.073    88.83   49.80
-181863.389   343.847    68.93   45.78
-181489.415   355.905    32.24   41.30
-181115.361   345.608   -27.52   43.39
-180741.225   329.701   -42.51   46.13
-180367.009   307.884   -58.29   44.18
-179992.712   288.571   -51.59   41.41
-179618.334   272.734   -42.30   36.02
-179243.875   263.887   -23.62   31.69
-178869.334   253.229   -28.45   25.00
-178494.713   244.224   -24.03   22.02
-178120.011   228.538   -41.86   24.17
-177745.227   211.469   -45.54   28.21
-177370.362   192.209   -51.37   23.18
-176995.416   177.495   -39.24   17.88
-176620.389   166.609   -29.02   11.87
-176245.280   159.455   -19.07   10.78
-175870.089   153.222   -16.61   10.87
-175494.817   144.794   -22.46   13.22
-175119.464   137.209   -20.21   12.52
-174744.029   137.643     1.16   15.50
-174368.512   148.469    28.83   28.52
-173992.914   178.381    79.63   49.63
-173617.233   215.138    97.83   56.49
-173241.471   255.330   106.95   51.74
-172865.627   278.432    61.46   36.63
-172489.701   283.000    12.15   30.06
-172113.693   267.918   -40.11   42.63
-171737.603   250.208   -47.08   43.37
-171361.431   242.742   -19.85   38.54
-170985.177   252.847    26.85   36.37
-170608.841   260.722    20.92   29.09
-170232.422   258.189    -6.73   25.83
-169855.921   234.320   -63.39   39.65
-169479.338   198.242   -95.79   42.18
-169102.672   168.245   -79.63   32.89
-168725.924   145.625   -60.03   19.11
-168349.093   133.928   -31.04   12.02
-167972.180   126.777   -18.97    9.46
-167595.184   123.153    -9.61    8.10
-167218.105   121.882    -3.37    8.21
-166840.944   123.500     4.29    9.50
-166463.700   125.793     6.08   10.22
-166086.373   125.990     0.52    9.66
-165708.963   125.154    -2.21    7.17
-165331.470   123.800    -3.59    4.58
-164953.894   124.467     1.77    4.68
-164576.235   125.700     3.27    5.47
-164198.493   127.630     5.11    6.65
-163820.668   129.384     4.64    7.19
-163442.760   131.758     6.28    7.38
-163064.768   136.412    12.31    8.41
-162686.693   143.663    19.18   12.72
-162308.535   152.697    23.89   16.75
-161930.293   163.645    28.94   21.14
-161551.968   175.429    31.14   24.58
-161173.559   189.326    36.72   28.43
-160795.066   208.242    49.97   33.56
-160416.490   232.358    63.69   43.10
-160037.831   260.330    73.86   51.15
-159659.087   284.677    64.28   53.59
-159280.260   293.606    23.57   50.26
-158901.348   289.968    -9.60   50.95
-158522.353   265.677   -64.09   49.09
-158143.274   237.495   -74.33   36.55
-157764.111   217.115   -53.74   21.87
-157384.863   210.284   -18.01   14.55
-157005.532   209.131    -3.04   12.45
-156626.116   212.702     9.41   13.16
-156246.616   223.133    27.48   18.69
-155867.032   242.365    50.66   30.15
-155487.363   275.010    85.98   43.00
-155107.610   309.874    91.80   43.83
-154727.773   350.677   107.41   40.17
-154347.851   382.000    82.44   31.52
-153967.844   393.124    29.27   22.57
-153587.753   386.052   -18.60   28.16
-153207.577   360.745   -66.56   38.19
-152827.316   330.862   -78.58   32.61
-152446.971   304.694   -68.79   31.43
-152066.540   284.763   -52.39   46.42
-151686.025   263.093   -56.94   56.43
-151305.424   241.165   -57.61   59.45
-150924.739   208.190   -86.61   50.13
-150543.968   179.258   -75.97   36.71
-150163.113   154.704   -64.46   26.22
-149782.172   139.333   -40.35   13.86
-149401.146   132.367   -18.28   10.56
-149020.034   128.516   -10.11   11.58
-148638.838   122.850   -14.86   10.51
-148268.295   118.385   -12.05    7.98
-147903.207   119.804     3.89   10.51
-147538.043   130.816    30.15   23.02
-147172.801   155.474    67.50   35.93
-146807.482   183.879    77.75   39.77
-146442.086   215.413    86.29   33.95
-146076.613   240.687    69.15   25.56
-145711.062   253.400    34.77   16.90
-145345.434   253.837     1.19   19.39
-144979.729   241.194   -34.57   29.17
-144613.946   220.510   -56.54   29.73
-144248.086   206.152   -39.24   25.25
-143882.148   198.489   -20.94   19.85
-143516.132   209.112    29.02   28.36
-143150.039   226.720    48.09   33.71
-142783.868   245.586    51.52   30.78
-142417.620   250.643    13.81   28.12
-142051.293   246.253   -11.98   27.88
-141684.889   232.505   -37.52   31.56
-141318.407   218.033   -39.49   35.56
-140951.847   203.540   -39.53   33.58
-140585.209   189.916   -37.16   30.65
-140218.493   173.530   -44.68   29.93
-139851.698   158.592   -40.72   30.22
-139484.826   140.905   -48.20   26.68
-139117.875   125.970   -40.70   22.32
-138750.847   111.333   -39.87   14.21
-138383.740   103.270   -21.96    8.29
-138016.554   102.097    -3.19    7.40
-137649.290   111.780    26.36   17.39
-137281.948   128.052    44.29   26.84
-136914.527   153.878    70.28   33.33
-136547.028   180.745    73.10   35.40
-136179.450   212.167    85.48   34.72
-135811.793   237.320    68.41   30.95
-135444.058   255.269    48.81   22.02
-135076.244   262.092    18.55   15.97
-134708.351   255.713   -17.34   23.81
-134340.379   239.592   -43.81   31.16
-133972.329   220.796   -51.06   28.44
-133604.199   213.091   -20.93   22.08
-133235.991   220.021    18.82   27.38
-132867.703   237.794    48.25   28.21
-132499.337   249.730    32.40   21.71
-132130.891   247.903    -4.96   24.65
-131762.366   226.140   -59.05   34.98
-131393.762   200.394   -69.84   33.04
-131025.078   176.918   -63.67   27.68
-130656.315   160.333   -44.97   21.84
-130287.473   148.020   -33.38   21.12
-129918.552   140.222   -21.13   21.62
-129549.550   132.063   -22.11   23.74
-129180.470   126.444   -15.22   24.54
-128811.309   120.250   -16.78   22.83
-128442.069   113.750   -17.60   20.61
-128072.749   108.839   -13.30   17.30
-127703.350   106.020    -7.63   14.97
-127333.871   103.649    -6.42   12.85
-126964.312   100.694    -8.00   10.20
-126594.673    96.653   -10.93    9.42
-126224.954    90.082   -17.77   10.36
-125855.154    83.545   -17.67   10.30
-125485.275    76.355   -19.44    8.46
-125115.316    67.061   -25.12   11.89
-124745.277    57.489   -25.87   13.45
-124375.157    51.434   -16.36   10.28
-124004.957    51.299    -0.37    9.82
-123634.677    61.480    27.49   16.20
-123264.317    74.500    35.15   17.59
-122893.876    87.000    33.74   13.42
-122523.354    92.899    15.92    8.70
-122152.752    92.423    -1.29    9.07
-121782.070    86.788   -15.20   11.43
-121411.307    77.447   -25.19   11.59
-121040.463    68.313   -24.63   13.05
-120669.538    58.602   -26.18   14.47
-120298.533    51.827   -18.26   13.98
-119927.446    46.633   -14.00   12.05
-119556.279    41.694   -13.30    8.06
-119185.031    38.898    -7.53    4.28
-118813.702    37.573    -3.57    2.22
-118442.292    36.870    -1.89    0.82
-118070.801    36.660    -0.57    0.93
-117699.228    36.313    -0.93    1.24
-117327.575    36.191    -0.33    1.37
-116955.840    36.293     0.27    1.45
-116584.024    36.699     1.09    1.81
-116212.126    37.614     2.46    3.32
-115840.147    39.392     4.78    5.19
-115468.087    42.960     9.59    7.75
-115095.945    45.245     6.14    8.11
-114723.722    46.330     2.91    8.87
-114351.416    45.626    -1.89    9.69
-113979.030    47.061     3.85   12.06
-113606.561    49.337     6.11   13.84
-113234.011    52.485     8.45   14.00
-112861.378    51.663    -2.20   14.52
-112488.664    49.196    -6.62   14.45
-112115.868    48.475    -1.93   14.08
-111742.990    47.473    -2.69   12.46
-111370.030    45.716    -4.71    9.01
-110996.988    46.031     0.84    5.52
-110623.864    45.881    -0.40    3.83
-110250.657    45.293    -1.58    3.94
-109877.368    44.343    -2.54    3.89
-109503.997    43.847    -1.33    3.23
-109130.543    43.323    -1.40    3.00
-108757.007    43.620     0.80    4.22
-108383.389    43.278    -0.91    5.18
-108009.688    42.242    -2.77    5.39
-107635.904    41.747    -1.32    5.68
-107262.038    40.810    -2.51    4.23
-106888.089    40.043    -2.05    2.55
-106514.057    40.640     1.59    3.59
-106139.943    40.411    -0.61    5.24
-105765.745    39.578    -2.22    7.05
-105391.465    38.235    -3.59    8.23
-105017.102    36.634    -4.28    7.92
-104642.655    34.704    -5.15    6.07
-104268.126    33.765    -2.51    3.53
-103893.513    34.460     1.85    3.46
-103518.818    36.485     5.40    3.78
-103144.039    38.424     5.18    3.29
-102769.177    40.673     6.00    2.49
-102394.231    41.798     3.00    2.27
-102019.202    42.094     0.79    2.35
-101644.089    42.320     0.60    2.55
-101268.893    41.804    -1.37    3.44
-100893.614    41.610    -0.52    3.75
-100518.250    42.875     3.37    4.30
-100142.803    44.253     3.67    4.72
 -99767.273    43.452    -2.13    5.67
 -99391.658    40.500    -7.86    7.25
 -99015.960    37.146    -8.93    7.93
 -98640.178    32.810   -11.54    6.46
 -98264.312    29.071    -9.95    3.54
 -97888.361    27.293    -4.73    2.33
 -97512.327    27.115    -0.47    2.15
 -97136.209    28.470     3.60    2.83
 -96760.006    30.050     4.20    2.57
 -96383.719    31.500     3.85    1.92
 -96007.348    32.394     2.37    1.47
 -95630.893    32.828     1.15    1.36
 -95254.353    33.149     0.85    1.20
 -94877.728    33.732     1.55    1.19
 -94501.019    34.109     1.00    1.20
 -94124.226    34.200     0.24    1.20
 -93747.348    33.901    -0.79    1.43
 -93370.385    33.564    -0.89    1.65
 -92993.338    33.327    -0.63    1.59
 -92616.205    33.152    -0.46    1.50
 -92238.988    32.960    -0.51    2.19
 -91861.686    32.181    -2.06    2.70
 -91484.299    30.634    -4.10    2.49
 -91106.827    29.266    -3.62    1.97
 -90729.270    28.461    -2.13    1.84
 -90351.627    27.423    -2.75    2.15
 -89973.900    25.410    -5.33    3.21
 -89596.087    23.735    -4.43    3.17
 -89218.189    22.206    -4.05    2.62
 -88840.205    22.646     1.17    3.01
 -88462.137    24.762     5.60    4.28
 -88083.982    26.848     5.52    4.59
 -87705.742    29.320     6.53    3.13
 -87327.417    29.780     1.22    2.32
 -86949.006    28.909    -2.30    2.62
 -86570.509    27.960    -2.51    3.11
 -86191.926    25.850    -5.57    4.02
 -85813.258    23.710    -5.65    4.89
 -85434.503    22.908    -2.12    4.80
 -85055.663    22.680    -0.60    3.96
 -84676.737    23.530     2.24    4.42
 -84297.724    25.300     4.67    4.07
 -83918.626    26.918     4.27    3.24
 -83539.441    26.980     0.16    2.98
 -83160.170    25.808    -3.09    3.93
 -82780.813    24.814    -2.62    4.39
 -82401.370    23.351    -3.86    4.33
 -82021.840    22.450    -2.37    4.79
 -81642.223    23.320     2.29    5.63
 -81262.520    24.863     4.06    6.38
 -80882.731    26.330     3.86    5.88
 -80502.855    26.495     0.43    5.05
 -80122.892    25.135    -3.58    4.00
 -79742.843    22.765    -6.24    2.29
 -79362.706    21.574    -3.13    1.39
 -78982.483    21.436    -0.37    1.13
 -78602.173    21.302    -0.35    1.18
 -78221.776    20.762    -1.42    1.58
 -77841.291    20.837     0.20    1.81
 -77460.720    22.600     4.63    4.45
 -77080.062    24.898     6.04    6.17
 -76699.316    28.941    10.62    6.81
 -76318.483    32.359     8.97    4.95
 -75937.563    33.039     1.79    4.88
 -75556.555    33.439     1.05    5.54
 -75175.460    32.980    -1.20    5.05
 -74794.277    32.935    -0.12    4.40
 -74413.007    33.706     2.02    3.19
 -74031.649    33.698    -0.02    2.52
 -73655.240    34.525     2.20    4.34
 -73290.391    36.969     6.70    7.34
 -72925.462    43.588    18.14   11.77
 -72560.455    50.750    19.62   12.71
 -72195.369    60.010    25.36   10.16
 -71830.204    66.545    17.89    7.94
 -71464.959    71.587    13.80    4.98
 -71099.636    72.970     3.79    4.95
 -70734.234    72.061    -2.49    5.70
 -70368.752    69.525    -6.94    6.93
 -70003.191    65.100   -12.10    8.11
 -69637.551    59.102   -16.40    9.40
 -69271.831    51.696   -20.25   10.85
 -68906.032    45.194   -17.77    9.83
 -68540.154    44.667    -1.44   13.30
 -68174.196    47.798     8.56   17.43
 -67808.158    47.210    -1.61   19.01
 -67442.041    46.050    -3.17   19.63
 -67075.845    42.202   -10.51   17.41
 -66709.568    38.735    -9.46   11.84
 -66343.212    35.098    -9.93    8.58
 -65976.776    29.168   -16.18   11.59
 -65610.260    23.515   -15.42   11.43
 -65243.664    21.475    -5.56    9.83
 -64876.989    20.900    -1.57    8.05
 -64510.233    21.867     2.64    6.40
 -64143.397    21.029    -2.28    6.74
 -63776.481    18.510    -6.87    6.14
 -63409.485    16.039    -6.73    6.06
 -63042.409    12.626    -9.30    6.12
 -62675.252     8.800   -10.42    6.20
 -62308.015     5.010   -10.32    4.31
 -61940.698     2.909    -5.72    2.55
 -61573.300     2.584    -0.88    2.05
 -61205.822     2.967     1.04    2.11
 -60838.263     2.931    -0.10    1.87
 -60470.624     3.293     0.99    2.28
 -60102.904     5.050     4.78    4.17
 -59735.103     5.680     1.71    4.60
 -59367.221     6.082     1.09    4.69
 -58999.259     5.735    -0.94    4.59
 -58631.216     4.592    -3.11    4.19
 -58263.092     2.901    -4.59    2.43
 -57894.887     2.237    -1.80    1.28
 -57526.601     2.225    -0.03    1.13
 -57158.234     2.310     0.23    1.43
 -56789.786     2.586     0.75    2.06
 -56421.256     2.644     0.16    2.03
 -56052.646     2.427    -0.59    2.16
 -55683.954     2.245    -0.49    2.13
 -55315.180     1.819    -1.16    1.26
 -54946.326     2.297     1.30    1.69
 -54577.390     2.364     0.18    1.88
 -54208.372     2.350    -0.04    1.56
 -53839.273     2.610     0.70    1.81
 -53470.093     3.000     1.06    2.24
 -53100.830     4.347     3.65    3.79
 -52731.486     5.443     2.97    4.14
 -52362.060     7.262     4.92    4.83
 -51992.553     7.896     1.71    4.99
 -51622.963     6.470    -3.86    4.53
 -51253.292     5.556    -2.47    4.55
 -50883.539     3.820    -4.69    3.04
 -50513.703     4.851     2.79    3.93
 -50143.786     4.602    -0.67    3.97
 -49773.786     4.127    -1.28    3.72
 -49403.704     4.480     0.95    3.82
 -49033.540     4.535     0.15    3.53
 -48663.294     4.680     0.39    3.42
 -48292.965     5.382     1.90    4.93
 -47922.554     5.830     1.21    5.96
 -47552.060     5.480    -0.94    6.08
 -47181.484     4.196    -3.46    5.15
 -46810.826     3.062    -3.06    2.20
 -46440.084     2.882    -0.48    2.18
 -46069.260     2.140    -2.00    1.16
 -45698.354     3.500     3.67    4.44
 -45327.364     4.960     3.94    5.82
 -44956.292     7.525     6.91    7.15
 -44585.137     9.762     6.03    7.57
 -44213.898    10.752     2.67    7.53
 -43842.577     8.167    -6.96    6.40
 -43471.173     5.940    -6.00    5.26
 -43099.685     3.559    -6.41    2.98
 -42728.115     3.947     1.04    3.44
 -42356.461     4.221     0.74    3.57
 -41984.724     5.223     2.70    4.09
 -41612.903     5.167    -0.15    4.17
 -41241.000     4.280    -2.38    3.58
 -40869.012     3.168    -2.99    2.77
 -40496.942     2.510    -1.77    2.44
 -40124.787     3.550     2.79    4.27
 -39752.549     4.255     1.89    4.61
 -39380.228     4.960     1.89    5.26
 -39007.822     5.317     0.96    5.55
 -38635.333     3.882    -3.85    3.95
 -38262.760     2.689    -3.20    1.51
 -37890.103     2.531    -0.42    1.41
 -37517.362     2.961     1.15    2.09
 -37144.537     3.293     0.89    2.29
 -36771.628     4.545     3.36    3.57
 -36398.635     7.627     8.27    6.46
 -36025.558    11.520    10.43    7.31
 -35652.397    15.243     9.98    7.89
 -35279.151    16.693     3.89    8.89
 -34905.821    14.144    -6.83   10.77
 -34532.406    11.543    -6.97   12.06
 -34158.907     9.029    -6.73   10.92
 -33785.324     7.632    -3.74    8.98
 -33411.655     5.559    -5.55    4.67
 -33037.903     4.812    -2.00    3.68
 -32664.065     4.186    -1.67    3.25
 -32290.143     4.539     0.94    5.07
 -31916.136     4.255    -0.76    4.90
 -31542.044     3.980    -0.73    4.84
 -31167.868     4.475     1.32    4.91
 -30793.606     3.549    -2.47    3.16
 -30419.259     3.042    -1.36    2.00
 -30044.827     3.583     1.44    2.42
 -29670.311     6.333     7.34    7.77
 -29295.708    14.883    22.82   16.32
 -28921.021    19.010    11.01   15.15
 -28546.248    17.912    -2.93   14.90
 -28171.390    18.697     2.09   16.51
 -27796.447    17.431    -3.38   17.06
 -27421.418    15.426    -5.35   16.30
 -27046.303    14.911    -1.37   14.32
 -26671.103    12.796    -5.64   11.88
 -26295.817    11.420    -3.67   10.13
 -25920.445     9.892    -4.07    9.77
 -25544.988     9.770    -0.33    9.36
 -25169.445    11.786     5.37   10.40
 -24793.816    13.459     4.45    9.74
 -24418.101    15.941     6.60    8.53
 -24042.300    18.347     6.40    5.32
 -23666.413    15.924    -6.45    6.37
 -23290.439    12.361    -9.48    7.60
 -22914.380     7.126   -13.92    6.67
 -22538.234     3.670    -9.19    4.62
 -22162.002     3.252    -1.11    3.33
 -21785.684     4.842     4.22    4.72
 -21409.279     6.098     3.34    4.35
 -21032.788     7.275     3.12    3.87
 -20656.210     7.745     1.25    4.09
 -20279.546     7.647    -0.26    4.17
 -19902.795     7.039    -1.61    4.44
 -19525.957     6.520    -1.38    4.62
 -19149.032     5.657    -2.29    4.36
 -18772.021     4.194    -3.88    2.83
 -18394.923     4.660     1.23    4.06
 -18017.738     5.971     3.48    6.33
 -17640.465     6.531     1.48    7.56
 -17263.106     5.941    -1.56    7.08
 -16885.660     4.888    -2.79    5.79
 -16508.126     4.204    -1.81    3.85
 -16130.505     5.230     2.72    4.27
 -15752.797     6.894     4.41    5.09
 -15375.002     8.510     4.28    5.52
 -14997.119     9.136     1.66    5.21
 -14619.148     9.010    -0.33    5.33
 -14241.090     8.631    -1.00    4.58
 -13862.945     9.686     2.79    4.94
 -13484.712    11.225     4.07    4.60
 -13106.391    12.165     2.48    3.57
 -12727.982    11.010    -3.05    3.62
 -12349.485     9.019    -5.26    1.94
 -11970.901     8.010    -2.67    0.10
 -11592.228     8.000    -0.03    0.00
 -11213.468     8.000     0.00    0.00
 -10834.619     8.039     0.10    0.31
 -10455.682     8.828     2.08    3.59
 -10076.657     9.882     2.78    4.46
  -9697.544     9.439    -1.17    4.98
  -9318.343     7.961    -3.90    4.53
  -8939.053     6.104    -4.90    3.81
  -8559.674     4.981    -2.96    3.10
  -8180.207     4.031    -2.50    2.75
  -7800.652     3.856    -0.46    2.71
  -7421.008     4.010     0.41    2.57
  -7041.275     4.231     0.58    2.70
  -6661.453     3.850    -1.00    2.52
  -6281.543     3.423    -1.12    2.39
  -5901.544     2.890    -1.40    1.84
  -5521.455     2.606    -0.75    1.46
  -5141.278     2.578    -0.07    1.49
  -4761.012     2.398    -0.47    1.44
  -4380.656     2.373    -0.07    1.44
  -4000.212     2.375     0.01    1.27
  -3619.678     2.333    -0.11    1.14
  -3239.055     2.520     0.49    1.27
  -2858.342     2.786     0.70    1.82
  -2477.540     3.359     1.50    2.22
  -2096.649     3.214    -0.38    2.35
  -1715.668     2.600    -1.61    2.63
  -1334.597     1.584    -2.67    2.28
   -953.437     0.689    -2.35    1.46
   -572.187     0.059    -1.65    0.42
   -190.847     0.000    -0.15    0.00
    190.583     0.000     0.00    0.00
    572.103     0.363     0.95    1.23
    953.713     1.876     3.97    3.57
   1319.440     3.990     5.78    4.84
   1684.128     5.311     3.62    4.77
   2048.896     6.823     4.15    4.94
   2413.745     7.627     2.21    4.69
   2778.675     7.194    -1.19    4.59
   3143.686     7.369     0.48    4.60
   3508.777     7.846     1.31    4.35
   3873.949     6.327    -4.16    2.92
   4239.203     5.260    -2.92    3.19
   4604.537     4.762    -1.36    3.00
   4969.953     5.520     2.07    3.31
   5335.449     5.255    -0.72    3.24
   5701.027     6.141     2.42    4.12
   6066.686     6.175     0.09    3.89
   6432.427     5.089    -2.97    3.80
   6798.248     4.846    -0.66    3.65
   7164.152     5.039     0.53    3.49
   7530.136     7.020     5.41    4.30
   7896.202     7.883     2.36    4.12
   8262.350     8.302     1.14    4.11
   8628.579     8.087    -0.59    4.37
   8994.891     8.602     1.41    4.68
   9361.283     7.657    -2.58    4.57
   9727.758     7.067    -1.61    4.71
  10094.314     6.830    -0.65    5.06
  10460.953     5.790    -2.84    3.93
  10827.673     6.844     2.87    3.43
  11194.475     8.206     3.71    3.27
  11561.360     7.796    -1.12    3.28
  11928.326     7.382    -1.13    3.38
  12295.375     6.019    -3.71    2.74
  12662.506     5.112    -2.47    2.71
  13029.719     4.922    -0.52    3.28
  13397.014     5.178     0.70    3.69
  13764.392     6.183     2.73    4.11
  14131.852     7.451     3.45    4.45
  14499.395     8.588     3.09    4.33
  14867.021     9.067     1.30    4.60
  15234.729     9.592     1.43    5.05
  15602.519     9.394    -0.54    5.72
  15970.393     8.832    -1.53    6.32
  16338.349     8.133    -1.90    6.23
  16706.388     7.608    -1.43    4.60
  17074.510     8.921     3.57    4.31
  17442.715     8.183    -2.00    4.78
  17811.003     7.134    -2.85    4.37
  18179.374     7.629     1.34    4.43
  18547.828     7.078    -1.49    4.13
  18916.365     7.962     2.40    3.71
  19284.985     7.638    -0.88    3.98
  19653.689     6.660    -2.65    4.12
  20022.476     6.192    -1.27    3.80
  20391.346     5.448    -2.02    3.56
  20760.300     7.317     5.07    4.52
  21129.338    11.069    10.17    6.13
  21498.459    13.096     5.49    5.56
  21867.663    13.638     1.47    5.11
  22236.951    13.039    -1.62    4.91
  22606.323    11.991    -2.84    4.10
  22975.779    10.724    -3.43    2.99
  23345.319    11.448     1.96    3.04
  23714.942    12.070     1.68    2.96
  24084.649    12.951     2.38    3.28
  24454.441    13.951     2.70    3.06
  24824.316    13.893    -0.16    3.13
  25194.276    13.324    -1.54    3.90
  25564.320    12.300    -2.77    4.21
  25934.448    11.438    -2.33    5.01
  26304.660    12.337     2.43    5.89
  26674.957    12.808     1.27    5.96
  27045.338    12.942     0.36    5.98
  27415.804    13.544     1.62    5.99
  27786.354    14.192     1.75    6.79
  28156.988    17.228     8.19    6.18
  28527.708    20.413     8.59    4.33
  28898.512    22.571     5.82    2.78
  29269.401    24.333     4.75    3.97
  29640.374    26.089     4.73    5.05
  30011.433    26.276     0.50    5.86
  30382.576    23.786    -6.71    6.33
  30753.804    22.673    -3.00    5.72
  31125.118    23.288     1.66    6.98
  31496.516    26.212     7.87    8.93
  31868.000    28.245     5.47    8.66
  32239.569    28.969     1.95    8.44
  32611.223    28.404    -1.52    7.22
  32982.962    30.225     4.90    8.97
  33354.787    34.651    11.90   11.47
  33726.698    38.714    10.93   12.61
  34098.693    43.184    12.02   11.96
  34470.775    47.321    11.12   10.30
  34842.942    49.446     5.71    7.87
  35215.194    50.000     1.49    4.42
  35587.533    48.347    -4.44    3.23
  35959.957    44.981    -9.04    4.03
  36332.467    41.097   -10.43    4.90
  36705.063    35.654   -14.61    6.18
  37077.745    31.000   -12.49    6.10
  37450.513    27.019   -10.68    4.43
  37823.367    24.302    -7.29    2.59
  38196.307    22.584    -4.61    1.96
  38569.334    20.858    -4.63    2.95
  38942.447    18.439    -6.49    3.71
  39315.646    15.286    -8.45    4.74
  39688.931    12.703    -6.92    4.44
  40062.303    11.163    -4.12    3.40
  40435.761    11.311     0.39    2.51
  40809.306    12.728     3.79    2.25
  41182.938    14.086     3.63    1.71
  41556.656    14.951     2.32    0.78
  41930.461    14.252    -1.87    1.55
  42304.353    13.347    -2.42    1.90
  42678.332    12.343    -2.68    1.81
  43052.397    11.663    -1.82    1.17
  43426.550    12.105     1.18    0.92
  43800.790    12.524     1.12    0.88
  44175.116    12.788     0.71    0.69
  44549.530    12.786    -0.01    0.76
  44924.031    12.356    -1.15    0.95
  45298.620    11.914    -1.18    0.97
  45673.295    11.379    -1.43    0.70
  46048.059    11.058    -0.86    0.23
  46422.909    11.276     0.58    0.59
  46797.847    11.876     1.60    1.00
  47172.873    12.071     0.52    2.23
  47547.986    10.271    -4.80    5.16
  47923.188     9.235    -2.76    5.82
  48298.476     9.486     0.67    5.26
  48673.853    10.333     2.26    4.81
  49049.318    10.067    -0.71    4.37
  49424.870     9.221    -2.25    4.19
  49800.511     7.108    -5.63    4.16
  50176.239     5.629    -3.94    3.30
  50552.056     6.267     1.70    4.24
  50927.961     9.038     7.37    5.25
  51303.954    11.582     6.77    4.54
  51680.036    13.519     5.15    2.29
  52056.205    13.788     0.72    0.75
  52432.464    13.611    -0.47    0.76
  52808.811    13.510    -0.27    0.76
  53185.246    13.528     0.05    0.65
  53561.770    13.368    -0.43    0.73
  53938.383    13.190    -0.47    0.69
  54315.084    13.095    -0.25    0.84
  54691.874    13.144     0.13    0.96
  55068.753    13.029    -0.31    1.15
  55445.721    12.903    -0.33    1.17
  55822.779    12.632    -0.72    1.76
  56199.925    12.250    -1.01    2.45
  56577.160    12.720     1.24    3.16
  56954.484    13.714     2.64    3.74
  57331.898    15.066     3.58    3.42
  57709.401    16.608     4.08    2.12
  58086.993    17.151     1.44    0.93
  58464.675    16.810    -0.90    1.14
  58842.446    16.224    -1.55    1.28
  59220.307    15.538    -1.82    1.21
  59598.258    15.038    -1.32    1.08
  59976.298    14.896    -0.38    0.91
  60354.428    14.952     0.15    0.83
  60732.647    15.038     0.23    0.78
  61110.957    15.155     0.31    0.72
  61489.356    15.151    -0.01    0.79
  61867.846    15.175     0.06    1.19
  62246.425    15.047    -0.34    1.29
  62625.095    14.941    -0.28    1.32
  63003.855    15.120     0.47    1.16
  63382.705    15.460     0.90    1.11
  63761.646    15.733     0.72    1.15
  64140.676    15.563    -0.45    1.15
  64519.798    15.443    -0.32    0.90
  64899.009    15.252    -0.50    0.89
  65278.312    14.774    -1.26    1.23
  65657.705    14.298    -1.25    1.39
  66037.188    14.066    -0.61    1.35
  66416.763    14.538     1.24    1.87
  66796.428    15.667     2.97    1.96
  67176.184    16.000     0.88    1.73
  67556.032    15.971    -0.08    1.97
  67935.970    15.472    -1.31    2.08
  68315.999    15.456    -0.04    1.94
  68696.119    15.567     0.29    1.68
  69076.331    15.902     0.88    1.47
  69456.634    16.660     1.99    1.31
  69837.028    17.038     0.99    1.27
  70217.514    17.467     1.13    1.28
  70598.091    17.624     0.41    1.34
  70978.759    16.935    -1.81    1.65
  71359.520    15.703    -3.24    2.32
  71740.372    14.009    -4.45    2.93
  72121.315    12.020    -5.22    2.42
  72502.351    10.274    -4.58    2.29
  72883.478     8.881    -3.65    2.16
  73264.697     8.093    -2.07    1.70
  73646.008     7.176    -2.40    1.17
  74027.412     6.259    -2.40    1.52
  74408.907     5.590    -1.75    1.72
  74790.495     4.720    -2.28    1.22
  75172.175     4.210    -1.34    0.69
  75553.947     3.907    -0.79    0.40
  75926.026     3.708    -0.53    0.53
  76290.470     3.457    -0.69    0.65
  76654.997     3.243    -0.59    0.72
  77019.606     3.041    -0.55    0.70
  77384.297     2.726    -0.86    0.75
  77749.071     2.415    -0.85    0.84
  78113.928     2.202    -0.58    1.01
  78478.868     1.860    -0.94    0.99
  78843.890     1.554    -0.84    0.64
  79208.995     1.623     0.19    0.65
  79574.183     1.952     0.90    0.92
  79939.454     2.429     1.30    1.05
  80304.808     2.604     0.48    0.92
  80670.245     2.731     0.35    0.79
  81035.765     2.462    -0.73    0.95
  81401.368     2.105    -0.98    1.21
  81767.055     1.505    -1.64    1.33
  82132.824     0.953    -1.51    1.14
  82498.678     0.416    -1.47    0.65
  82864.614     0.206    -0.57    0.51
  83230.634     0.039    -0.46    0.19
  83596.737     0.000    -0.11    0.00
  83962.924     0.000     0.00    0.00
  84329.195     0.000     0.00    0.00
  84695.549     0.000     0.00    0.00
  85061.987     0.000     0.00    0.00
  85428.509     0.000     0.00    0.00
  85795.115     0.000     0.00    0.00
  86161.804     0.000     0.00    0.00
  86528.578     0.000     0.00    0.00
  86895.435     0.000     0.00    0.00
  87262.377     0.000     0.00    0.00
  87629.403     0.000     0.00    0.00
  87996.513     0.000     0.00    0.00
  88363.707     0.000     0.00    0.00
  88730.985     0.000     0.00    0.00
  89098.348     0.000     0.00    0.00
  89465.795     0.000     0.00    0.00
  89833.327     0.000     0.00    0.00
  90200.944     0.000     0.00    0.00
  90568.644     0.000     0.00    0.00
  90936.430     0.000     0.00    0.00
  91304.300     0.000     0.00    0.00
  91672.255     0.000     0.00    0.00
  92040.295     0.000     0.00    0.00
  92408.420     0.000     0.00    0.00
  92776.629     0.000     0.00    0.00
  93144.924     0.000     0.00    0.00
  93513.304     0.000     0.00    0.00
  93881.769     0.000     0.00    0.00
  94250.319     0.000     0.00    0.00
  94618.954     0.000     0.00    0.00
  94987.674     0.000     0.00    0.00
  95356.480     0.000     0.00    0.00
  95725.372     0.000     0.00    0.00
  96094.348     0.213     0.58    1.26
  96463.411     0.728     1.40    2.66
  96832.558     1.774     2.83    4.20
  97201.792     2.579     2.18    4.82
  97571.111     3.404     2.23    4.83
  97940.516     4.130     1.96    4.48
  98310.007     5.020     2.41    4.07
  98679.584     5.551     1.44    3.73
  99049.246     4.981    -1.54    3.59
  99418.995     3.935    -2.83    3.35
  99788.830     2.726    -3.27    2.55
 100158.751     1.981    -2.02    1.81
 100528.758     1.606    -1.01    1.58
 100898.851     1.198    -1.10    1.52
 101269.030     0.860    -0.91    1.36
 101639.296     0.590    -0.73    1.14
 102009.649     0.393    -0.53    0.99
 102380.087     0.215    -0.48    0.70
 102750.613     0.146    -0.19    0.49
 103121.225     0.440     0.80    0.94
 103491.923     0.881     1.19    1.19
 103862.709     1.157     0.75    1.23
 104233.581     1.438     0.76    1.18
 104604.540     1.701     0.71    1.07
 104975.586     1.972     0.73    0.97
 105346.718     2.500     1.42    1.61
 105717.938     3.330     2.24    2.59
 106089.245     4.089     2.04    2.83
 106460.639     4.404     0.85    2.27
 106832.121     4.248    -0.42    1.71
 107203.689     3.632    -1.66    0.81
 107575.345     3.264    -0.99    0.76
 107947.088     2.971    -0.79    0.60
 108318.919     2.889    -0.22    0.50
 108690.837     2.687    -0.54    0.63
 109062.843     2.417    -0.73    0.81
 109434.936     2.117    -0.81    0.95
 109807.117     1.832    -0.77    1.00
 110179.386     1.849     0.05    1.12
 110551.743     2.114     0.71    1.28
 110924.187     2.481     0.99    1.44
 111296.720     2.755     0.73    1.48
 111669.340     2.421    -0.90    1.52
 112042.049     1.908    -1.37    1.40
 112414.846     1.780    -0.34    1.26
 112787.730     2.159     1.02    1.33
 113160.704     2.336     0.48    1.18
 113533.765     2.477     0.38    0.96
 113906.915     2.505     0.08    0.78
 114280.153     2.257    -0.66    0.82
 114653.480     1.980    -0.74    0.82
 115026.895     2.009     0.08    0.86
 115400.399     2.068     0.16    0.95
 115773.991     2.352     0.76    0.95
 116147.673     2.448     0.26    0.92
 116521.443     2.262    -0.50    1.06
 116895.302     2.019    -0.65    1.13
 117269.250     1.587    -1.16    1.01
 117643.287     1.275    -0.83    0.73
 118017.413     1.079    -0.52    0.39
 118391.628     1.000    -0.21    0.00
 118765.932     1.000     0.00    0.00
 119140.326     1.000     0.00    0.00
 119514.809     1.255     0.68    1.32
 119889.381     2.393     3.04    3.39
 120264.042     3.722     3.55    4.24
 120638.794     4.679     2.55    4.27
 121013.634     5.346     1.78    4.20
 121388.565     4.769    -1.54    3.51
 121763.585     4.704    -0.17    3.31
 122138.695     5.009     0.82    3.38
 122513.894     5.607     1.59    3.40
 122889.184     5.458    -0.40    3.39
 123264.563     4.602    -2.28    3.20
 123640.033     4.926     0.86    3.22
 124015.592     6.419     3.98    3.94
 124391.242     7.394     2.60    3.64
 124766.982     6.864    -1.41    4.21
 125142.812     5.367    -3.98    4.49
 125518.732     3.110    -6.00    2.63
 125894.743     2.055    -2.81    1.51
 126270.844     1.893    -0.43    1.36
 126647.036     2.065     0.46    1.20
 127023.319     2.234     0.45    0.97
 127399.692     2.271     0.10    0.80
 127776.156     2.112    -0.42    0.84
 128152.710     1.698    -1.10    0.96
 128529.356     1.550    -0.39    1.08
 128906.092     1.471    -0.21    1.12
 129282.919     1.606     0.36    0.99
 129659.838     1.806     0.53    0.73
 130036.847     1.450    -0.95    0.96
 130413.948     0.915    -1.42    1.20
 130791.140     0.528    -1.03    1.08
 131168.423     0.148    -1.01    0.97
 131545.798     0.065    -0.22    0.88
 131923.264     0.065    -0.00    0.80
 132300.821     0.130     0.17    0.97
 132678.470     0.583     1.20    1.47
 133056.211     1.019     1.15    1.80
 133434.043     1.055     0.10    1.96
 133811.967     1.019    -0.09    1.86
 134189.983     1.445     1.13    2.03
 134568.091     2.406     2.54    2.18
 134946.291     2.100    -0.81    2.13
 135324.583     1.587    -1.36    1.82
 135702.967     1.720     0.35    1.75
 136081.443     2.075     0.94    1.56
 136460.011     2.411     0.89    1.88
 136838.672     2.633     0.59    2.06
 137217.425     2.575    -0.15    2.13
 137596.271     3.128     1.46    2.59
 137975.208     2.710    -1.10    2.63
 138354.239     2.046    -1.75    2.69
 138733.362     1.327    -1.90    2.54
 139112.578     0.882    -1.17    2.22
 139491.886     0.712    -0.45    2.11
 139871.288     0.582    -0.34    1.25
 140250.782     0.562    -0.05    1.32
 140630.369     0.642     0.21    1.56
 141010.050     1.038     1.04    1.79
 141389.823     1.294     0.67    2.11
 141769.690     1.262    -0.08    2.12
 142149.649     1.477     0.57    2.24
 142529.702     1.112    -0.96    2.32
 142909.849     0.112    -2.63    1.97
 143290.089    -0.421    -1.40    1.56
 143670.422    -0.944    -1.38    0.41
 144050.849     0.055     2.62    3.08
 144431.370     1.613     4.10    4.57
 144811.984     2.376     2.00    4.95
 145192.692     3.260     2.32    5.02
 145573.494     3.527     0.70    4.85
 145954.390     2.740    -2.07    4.29
 146335.380     1.755    -2.59    3.91
 146716.464     0.529    -3.22    3.38
 147097.642    -0.873    -3.68    0.71
 147478.914    -1.000    -0.33    0.00
 147860.280    -1.000     0.00    0.00
 148241.741    -1.000     0.00    0.00
 148623.296    -1.000     0.00    0.00
 149004.946    -1.000     0.00    0.00
 149386.690    -0.073     2.43    2.61
 149768.529     1.844     5.02    4.45
 150150.462     4.290     6.40    4.87
 150529.397     5.505     3.21    4.15
 150893.593     6.762     3.45    2.88
 151257.875     5.351    -3.87    4.06
 151622.240     2.868    -6.82    3.97
 151986.690     0.648    -6.09    2.99
 152351.224    -0.582    -3.37    1.05
 152715.842    -0.544     0.10    1.21
 153080.545    -0.135     1.12    1.42
 153445.333     0.748     2.42    2.14
 153810.205     2.606     5.09    3.76
 154175.162     3.764     3.17    4.35
 154540.203     4.748     2.70    4.78
 154905.330     5.486     2.02    4.74
 155270.541     4.972    -1.41    4.68
 155635.837     4.532    -1.20    4.15
 156001.218     3.630    -2.47    3.43
 156366.684     2.952    -1.85    3.16
 156732.235     2.202    -2.05    2.51
 157097.871     1.533    -1.83    2.01
 157463.593     1.639     0.29    2.08
 157829.400     2.636     2.73    2.99
 158195.292     4.444     4.94    4.68
 158561.269     9.536    13.91    7.91
 158927.332    15.398    16.01    8.85
 159293.480    21.602    16.94    7.62
 159659.714    25.873    11.66    4.79
 160026.034    28.423     6.96    1.30
 160392.439    27.569    -2.33    2.55
 160758.930    27.046    -1.43    2.68
 161125.506    26.037    -2.75    2.74
 161492.169    25.382    -1.79    2.63
 161858.917    25.845     1.26    2.42
 162225.752    26.000     0.42    2.52
 162592.672    26.533     1.45    2.33
 162959.679    26.982     1.22    2.35
 163326.771    26.505    -1.30    2.98
 163693.950    25.039    -3.99    5.16
 164061.215    20.918   -11.22    8.22
 164428.567    17.009   -10.64    8.81
 164796.005    12.694   -11.75    7.53
 165163.529     8.911   -10.29    4.38
 165531.140     8.581    -0.90    4.05
 165898.837    12.609    10.96    7.32
 166266.621    16.991    11.91    8.17
 166634.492    19.074     5.66    8.10
 167002.450    19.174     0.27    8.25
 167370.494    15.833    -9.08    7.97
 167738.625    14.118    -4.66    6.60
 168106.843    16.010     5.14    7.10
 168475.148    17.945     5.26    6.67
 168843.541    16.505    -3.91    8.27
 169212.020    12.759   -10.17    8.68
 169580.587     9.838    -7.93    6.88
 169949.240     9.431    -1.10    7.46
 170317.981    12.135     7.33    7.48
 170686.810    14.278     5.81    6.84
 171055.726    14.798     1.41    6.18
 171424.729    15.162     0.99    6.14
 171793.820    13.774    -3.76    6.46
 172162.999    11.955    -4.93    6.62
 172532.265    10.245    -4.63    5.80
 172901.619     9.357    -2.40    4.93
 173271.061     9.211    -0.40    3.79
 173640.590     9.509     0.81    3.27
 174010.208     7.775    -4.69    3.78
 174379.913     5.398    -6.43    4.21
 174749.707     2.676    -7.36    3.65
 175119.589     0.624    -5.55    1.56
 175489.559     0.255    -1.00    1.38
 175859.617     0.911     1.77    2.01
 176229.763     1.381     1.27    2.17
 176599.998     1.676     0.80    1.91
 176970.321     1.368    -0.83    1.81
 177340.733     0.651    -1.93    1.22
 177711.233     0.606    -0.12    0.79
 178081.822     1.055     1.21    1.17
 178452.500     1.873     2.21    1.59
 178823.266     3.433     4.21    2.41
 179194.121     6.264     7.63    4.27
 179565.065     9.073     7.58    5.04
 179936.098    11.057     5.35    4.31
