-207145.230    11.771     0.00    2.83
-206778.624    11.971     0.55    2.33
-206412.096    12.241     0.74    2.69
-206045.649    12.570     0.90    2.76
-205679.280    13.303     2.00    2.84
-205312.991    14.967     4.54    2.95
-204946.781    16.724     4.80    4.12
-204580.650    18.124     3.82    5.05
-204214.598    18.962     2.29    4.61
-203848.625    19.504     1.48    3.35
-203482.732    19.606     0.28    2.64
-203116.917    19.788     0.50    2.22
-202751.181    19.287    -1.37    1.86
-202385.524    18.823    -1.27    2.02
-202019.946    18.037    -2.15    2.68
-201654.446    17.705    -0.91    2.87
-201289.026    18.370     1.82    3.11
-200923.683    19.541     3.21    2.26
-200558.420    20.061     1.42    1.91
-200193.235    21.111     2.88    2.85
-199828.128    23.771     7.28    5.66
-199461.466    25.935     5.90    5.85
-199079.938    26.556     1.63    5.04
-198698.497    25.929    -1.65    4.41
-198317.144    23.971    -5.13    1.65
-197935.877    24.237     0.70    2.00
-197554.698    27.863     9.51    6.65
-197173.605    33.863    15.75    9.69
-196792.600    43.481    25.25   12.85
-196411.681    55.768    32.26   13.96
-196030.849    74.421    48.98   24.19
-195650.103    96.407    57.75   27.89
-195269.445   120.321    62.83   28.26
-194888.873   144.628    63.88   20.64
-194508.387   159.971    40.33   16.04
-194127.988   161.994     5.32   15.51
-193747.676   149.818   -32.02   25.70
-193367.449   129.523   -53.38   30.57
-192987.309   106.831   -59.70   27.17
-192607.256    86.857   -52.56   20.63
-192227.288    72.364   -38.15   13.44
-191847.407    63.425   -23.53    8.26
-191467.612    63.771     0.91   13.07
-191087.903    70.007    16.43   18.45
-190708.279    79.727    25.61   20.08
-190328.742    87.102    19.43   16.71
-189949.290    86.131    -2.56   14.60
-189569.925    78.462   -20.22   16.46
-189190.645    64.662   -36.39   20.27
-188811.450    50.019   -38.62   19.70
-188432.342    36.242   -36.34   14.33
-188053.319    28.979   -19.17    8.13
-187674.381    25.525    -9.11    3.90
-187295.529    24.050    -3.89    3.07
-186916.762    22.481    -4.14    3.64
-186538.081    20.202    -6.02    4.38
-186159.485    17.929    -6.00    4.44
-185780.974    17.081    -2.24    4.08
-185402.548    17.253     0.45    3.89
-185024.207    16.511    -1.96    4.14
-184645.952    16.216    -0.78    4.44
-184267.781    16.101    -0.30    4.73
-183889.695    16.171     0.18    5.34
-183511.695    16.838     1.77    5.56
-183133.779    18.514     4.43    5.24
-182755.947    20.061     4.09    4.26
-182378.201    21.377     3.48    2.13
-182000.539    21.520     0.38    1.78
-181622.962    20.691    -2.19    2.67
-181245.469    19.751    -2.49    3.48
-180868.061    18.649    -2.92    4.09
-180490.737    18.232    -1.11    4.04
-180113.498    17.496    -1.95    4.17
-179736.343    15.621    -4.97    5.02
-179359.272    14.103    -4.03    5.28
-178982.286    13.251    -2.26    4.94
-178605.383    11.694    -4.13    4.27
-178228.565     9.731    -5.21    4.48
-177851.831     7.060    -7.09    3.79
-177475.180     5.378    -4.47    3.06
-177098.614     4.810    -1.51    2.13
-176722.132     5.219     1.09    1.97
-176345.733     5.493     0.73    2.64
-175969.418     5.828     0.89    3.21
-175593.187     6.980     3.06    4.17
-175217.040     8.788     4.81    4.55
-174840.976    11.685     7.70    3.80
-174464.995    13.377     4.50    2.44
-174089.099    13.377     0.00    2.53
-173713.285    13.009    -0.98    3.21
-173337.555    12.354    -1.75    3.54
-172961.909    11.356    -2.65    4.27
-172586.345    10.477    -2.34    4.77
-172210.865     9.947    -1.41    4.65
-171835.468    10.040     0.25    3.74
-171460.154    10.798     2.02    2.85
-171084.923    12.407     4.29    2.14
-170709.775    12.911     1.34    1.74
-170334.710    12.791    -0.32    1.75
-169959.728    12.635    -0.42    1.77
-169584.829    12.475    -0.43    1.77
-169210.013    12.239    -0.63    1.70
-168835.279    12.141    -0.26    1.52
-168460.628    12.193     0.14    1.47
-168086.060    12.323     0.35    1.24
-167711.574    12.643     0.85    1.36
-167337.171    13.030     1.03    1.44
-166962.850    13.000    -0.08    1.58
-166588.612    12.376    -1.67    1.71
-166214.456    11.586    -2.11    1.91
-165840.382    11.091    -1.32    1.88
-165466.390    11.414     0.86    2.05
-165092.481    12.091     1.81    2.47
-164718.654    13.010     2.46    2.19
-164344.909    13.146     0.36    2.21
-163971.246    12.071    -2.88    3.15
-163597.665    10.912    -3.10    3.94
-163224.166     9.311    -4.29    4.34
-162850.748     7.893    -3.80    3.73
-162477.413     6.724    -3.13    2.07
-162104.159     6.273    -1.21    0.78
-161730.987     7.535     3.38    3.07
-161357.897    10.400     7.68    5.10
-160984.888    13.864     9.29    5.08
-160611.961    16.541     7.18    3.32
-160239.115    17.649     2.97    1.29
-159866.351    17.469    -0.48    1.45
-159493.668    16.777    -1.86    2.18
-159121.067    15.051    -4.63    3.18
-158748.547    13.092    -5.26    3.47
-158376.108    11.273    -4.88    2.63
-158003.750     9.185    -5.61    2.85
-157631.474     5.958    -8.67    5.54
-157259.278     3.050    -7.81    5.94
-156887.164     0.499    -6.86    4.41
-156515.130    -0.154    -1.76    4.33
-156143.178     1.175     3.57    5.29
-155771.306     1.511     0.90    5.88
-155399.515    -0.200    -4.60    6.14
-155027.805    -1.848    -4.43    4.94
-154656.175    -2.832    -2.65    3.54
-154284.627    -1.593     3.34    3.71
-153913.159     0.694     6.16    3.67
-153541.771     3.326     7.09    3.35
-153170.464     4.772     3.89    2.39
-152799.237     5.530     2.04    2.06
-152428.091     5.323    -0.56    2.21
-152057.025     5.020    -0.82    2.72
-151686.040     5.232     0.57    2.71
-151315.135     3.758    -3.97    3.38
-150944.309     1.081    -7.22    5.20
-150573.565    -2.191    -8.83    4.57
-150202.900    -4.249    -5.55    3.34
-149832.315    -5.973    -4.65    2.21
-149461.810    -6.263    -0.78    2.20
-149091.385    -6.294    -0.09    2.40
-148721.040    -6.589    -0.80    2.54
-148350.775    -6.828    -0.65    2.43
-147980.590    -7.232    -1.09    1.68
-147610.484    -7.507    -0.74    1.15
-147240.458    -7.659    -0.41    0.82
-146870.512    -7.828    -0.46    0.41
-146500.645    -7.315     1.39    1.51
-146130.858    -4.339     8.05    4.87
-145761.151    -1.579     7.47    5.08
-145391.522     0.856     6.59    4.14
-145021.974     3.776     7.90    2.98
-144652.504     6.224     6.63    3.82
-144283.114     8.741     6.81    4.18
-143913.803    11.123     6.45    2.97
-143544.571    10.505    -1.67    3.55
-143175.418     9.285    -3.31    3.63
-142806.345    10.040     2.05    4.92
-142437.350    12.429     6.47    6.27
-142068.434    16.414    10.80    5.16
-141699.598    19.239     7.66    2.34
-141330.840    21.798     6.94    2.99
-140962.161    22.836     2.82    3.42
-140593.561    23.414     1.57    3.10
-140225.039    23.060    -0.96    2.91
-139856.597    21.336    -4.68    1.72
-139488.232    20.591    -2.02    1.08
-139119.947    19.973    -1.68    0.85
-138751.740    20.263     0.79    2.17
-138383.611    21.607     3.65    3.78
-138015.561    21.926     0.87    3.85
-137647.589    21.826    -0.27    3.46
-137279.696    22.060     0.64    2.70
-136911.881    20.873    -3.23    1.26
-136544.144    20.740    -0.36    1.17
-136176.485    20.633    -0.29    1.04
-135808.905    20.411    -0.61    0.96
-135441.402    20.182    -0.62    1.08
-135073.978    19.938    -0.66    1.32
-134706.631    19.349    -1.60    1.52
-134339.363    17.836    -4.12    3.17
-133972.172    15.514    -6.32    4.28
-133605.059    12.836    -7.30    4.43
-133238.024    10.433    -6.55    3.48
-132871.067    10.091    -0.93    3.66
-132504.187    11.018     2.53    4.20
-132137.385    11.435     1.14    3.88
-131770.661    10.576    -2.34    3.95
-131404.014     8.174    -6.55    3.84
-131037.445     7.445    -1.99    3.67
-130670.953     8.112     1.82    4.12
-130304.538    10.596     6.78    4.53
-129938.201    13.828     8.82    3.00
-129571.941    15.929     5.74    2.93
-129205.759    17.779     5.05    2.33
-128839.654    18.768     2.70    1.62
-128473.625    17.782    -2.70    3.45
-128107.674    15.400    -6.51    4.48
-127741.800    13.407    -5.45    3.78
-127376.003    12.266    -3.12    2.62
-127010.283    12.009    -0.70    2.68
-126644.640    12.887     2.40    2.85
-126279.074    12.999     0.31    2.80
-125913.584    12.111    -2.43    3.09
-125548.171    11.428    -1.87    3.26
-125182.835     9.091    -6.40    4.01
-124817.576     5.863    -8.84    4.10
-124439.222     3.381    -6.56    3.97
-124057.947     1.014    -6.21    1.59
-123676.758     0.852    -0.43    1.15
-123295.653     1.400     1.44    1.41
-122914.633     2.060     1.73    1.39
-122533.698     2.385     0.85    1.35
-122152.847     2.407     0.06    1.69
-121772.081     3.147     1.94    3.01
-121391.400     3.418     0.71    3.07
-121010.803     3.831     1.09    2.89
-120630.290     4.193     0.95    2.54
-120249.862     4.496     0.80    2.15
-119869.518     4.458    -0.10    1.88
-119489.258     4.363    -0.25    2.08
-119109.083     4.867     1.32    2.34
-118728.991     4.231    -1.67    2.38
-118348.984     3.867    -0.96    2.42
-117969.061     2.166    -4.48    2.96
-117589.222     0.285    -4.95    2.67
-117209.467    -1.027    -3.45    2.64
-116829.795    -1.378    -0.93    1.99
-116450.208    -0.564     2.14    2.27
-116070.704    -0.103     1.22    2.32
-115691.284    -0.004     0.26    2.38
-115311.947    -1.082    -2.84    2.52
-114932.695    -1.626    -1.43    1.88
-114553.525    -2.259    -1.67    2.34
-114174.439    -3.702    -3.81    2.97
-113795.437    -4.817    -2.94    2.55
-113416.518    -5.278    -1.22    1.88
-113037.683    -4.033     3.29    2.31
-112658.930    -3.252     2.06    2.03
-112280.261    -2.357     2.37    3.02
-111901.675    -1.622     1.94    3.42
-111523.172    -1.389     0.62    2.84
-111144.752    -1.137     0.67    2.58
-110766.416    -1.606    -1.24    3.90
-110388.162    -3.007    -3.70    5.63
-110009.991    -4.815    -4.78    6.33
-109631.903    -7.252    -6.45    5.59
-109253.897    -9.600    -6.21    6.06
-108875.975   -11.441    -4.87    6.98
-108498.135   -13.737    -6.08    6.40
-108120.378   -16.126    -6.32    4.88
-107742.703   -17.919    -4.75    2.99
-107365.111   -18.728    -2.14    1.41
-106987.601   -18.569     0.42    1.06
-106610.174   -18.607    -0.10    0.99
-106232.829   -17.877     1.93    2.48
-105855.566   -16.036     4.88    4.02
-105478.386   -14.677     3.60    3.70
-105101.288   -13.952     1.92    3.10
-104724.272   -13.826     0.33    2.75
-104347.338   -14.575    -1.99    2.35
-103970.486   -14.259     0.84    2.71
-103593.716   -12.523     4.61    3.55
-103217.029   -11.544     2.60    3.53
-102840.423    -9.738     4.80    2.64
-102463.898    -8.672     2.83    2.35
-102087.456    -8.488     0.49    2.68
-101711.095    -8.403     0.22    2.85
-101334.816    -8.857    -1.20    2.99
-100958.619    -9.845    -2.63    3.25
-100582.503   -10.627    -2.08    3.58
-100206.469   -11.003    -1.00    3.54
 -99830.516   -10.847     0.42    2.87
 -99454.645   -10.836     0.03    2.39
 -99078.855   -10.756     0.21    1.64
 -98703.146   -10.354     1.07    1.60
 -98327.519   -10.373    -0.05    1.74
 -97951.972   -10.354     0.05    1.51
 -97576.507   -10.641    -0.76    1.54
 -97201.123   -10.484     0.42    1.91
 -96825.820    -9.311     3.13    2.76
 -96450.598    -7.897     3.77    3.42
 -96075.457    -6.079     4.85    3.15
 -95700.397    -2.694     9.02    6.08
 -95325.418     2.431    13.67   10.48
 -94950.520    11.537    24.29   12.59
 -94575.702    18.716    19.15   10.12
 -94200.965    23.607    13.05    5.91
 -93826.309    23.540    -0.18    5.08
 -93451.733    21.500    -5.45    5.72
 -93077.237    19.765    -4.63    5.80
 -92702.823    18.326    -3.84    5.66
 -92328.488    18.533     0.56    5.63
 -91954.234    21.030     6.67    8.17
 -91580.061    23.555     6.75    9.01
 -91205.967    25.081     4.08    7.23
 -90831.954    21.933    -8.42    8.33
 -90458.021    18.555    -9.04    7.97
 -90084.169    15.512    -8.14    5.62
 -89710.396    16.606     2.93    6.21
 -89336.703    19.520     7.80    6.58
 -88963.090    22.049     6.77    7.17
 -88589.558    26.814    12.76    7.27
 -88216.105    32.359    14.85    7.61
 -87842.732    36.798    11.89    7.06
 -87469.438    39.483     7.19    6.22
 -87096.225    40.135     1.75    6.04
 -86723.091    42.194     5.52    6.73
 -86350.036    46.350    11.14    7.84
 -85977.061    51.772    14.54    8.61
 -85604.166    55.591    10.24    8.24
 -85231.350    56.862     3.41    9.51
 -84858.614    54.081    -7.46   12.23
 -84485.957    51.123    -7.94   11.58
 -84113.379    48.654    -6.63    9.31
 -83740.881    49.477     2.21    6.43
 -83368.462    49.112    -0.98    5.26
 -82996.122    46.941    -5.83    7.00
 -82623.861    41.926   -13.47    7.39
 -82251.679    36.501   -14.58    5.19
 -81879.576    33.304    -8.59    3.73
 -81507.553    30.553    -7.40    2.76
 -81135.608    28.720    -4.93    2.51
 -80763.742    27.477    -3.34    2.64
 -80391.954    25.828    -4.43    4.07
 -80020.246    24.670    -3.12    4.98
 -79648.616    22.860    -4.87    5.24
 -79277.065    21.733    -3.03    4.43
 -78905.593    22.639     2.44    4.31
 -78534.199    23.831     3.21    3.50
 -78162.884    25.199     3.69    2.56
 -77791.647    26.029     2.23    3.12
 -77420.488    26.429     1.08    3.62
 -77049.408    27.524     2.95    3.63
 -76678.407    27.336    -0.51    3.74
 -76307.483    25.359    -5.33    3.88
 -75936.638    23.762    -4.31    3.63
 -75565.871    21.935    -4.93    2.18
 -75195.182    21.694    -0.65    1.60
 -74824.571    23.081     3.74    2.75
 -74454.038    24.228     3.10    2.91
 -74083.584    24.691     1.25    2.56
 -73713.207    24.727     0.10    2.69
 -73342.908    24.320    -1.10    3.00
 -72972.687    24.487     0.45    3.42
 -72602.543    24.888     1.08    3.28
 -72232.478    25.331     1.20    2.75
 -71862.490    25.542     0.57    2.46
 -71492.580    25.555     0.03    2.40
 -71122.747    25.544    -0.03    2.34
 -70752.992    25.383    -0.44    2.22
 -70383.314    25.591     0.56    2.47
 -70013.714    26.331     2.00    2.78
 -69644.191    26.906     1.56    2.69
 -69274.746    27.102     0.53    2.53
 -68905.378    26.862    -0.65    2.57
 -68536.087    26.770    -0.25    2.51
 -68166.873    26.379    -1.06    2.14
 -67797.737    25.901    -1.29    1.90
 -67428.678    25.300    -1.63    1.99
 -67059.695    25.070    -0.62    2.18
 -66690.790    25.091     0.06    2.41
 -66321.962    24.762    -0.89    2.71
 -65953.211    23.586    -3.19    3.73
 -65584.536    22.070    -4.11    3.62
 -65215.938    20.783    -3.49    2.23
 -64847.418    20.786     0.01    1.99
 -64478.973    21.548     2.07    1.89
 -64110.606    22.518     2.64    2.39
 -63742.315    22.910     1.06    3.27
 -63374.101    23.123     0.58    3.22
 -63005.963    22.748    -1.02    3.08
 -62637.902    22.794     0.13    2.83
 -62269.918    23.389     1.62    2.12
 -61902.009    23.123    -0.72    2.46
 -61534.177    22.712    -1.12    3.29
 -61166.422    22.287    -1.16    3.66
 -60798.742    21.550    -2.01    3.51
 -60431.139    21.603     0.15    3.45
 -60063.612    22.916     3.57    3.47
 -59696.161    24.240     3.60    2.83
 -59328.786    24.987     2.03    1.97
 -58961.488    25.528     1.47    2.12
 -58594.265    26.007     1.31    2.73
 -58227.118    27.197     3.24    3.58
 -57860.047    29.165     5.36    3.92
 -57493.052    31.748     7.04    4.62
 -57126.133    34.014     6.18    4.13
 -56759.289    35.933     5.23    3.92
 -56392.521    37.312     3.76    2.98
 -56025.829    36.643    -1.82    2.78
 -55659.212    34.868    -4.84    3.53
 -55292.671    32.230    -7.20    4.29
 -54926.206    31.839    -1.07    4.49
 -54559.816    33.663     4.98    6.08
 -54193.501    36.881     8.78    5.79
 -53827.262    40.283     9.29    3.28
 -53461.098    40.456     0.47    2.63
 -53095.009    39.344    -3.04    3.32
 -52728.996    36.997    -6.41    4.38
 -52363.057    34.639    -6.44    4.43
 -51997.194    31.570    -8.39    4.74
 -51631.406    27.986    -9.80    5.19
 -51265.693    24.603    -9.25    4.78
 -50900.055    22.869    -4.74    4.25
 -50534.492    22.359    -1.40    3.65
 -50169.004    22.216    -0.39    3.35
 -49795.101    22.831     1.64    3.08
 -49413.994    22.102    -1.91    3.45
 -49032.971    20.861    -3.26    3.37
 -48652.029    20.070    -2.08    3.56
 -48271.171    19.400    -1.76    3.28
 -47890.395    18.418    -2.58    3.11
 -47509.701    17.553    -2.27    2.81
 -47129.089    16.792    -2.00    2.64
 -46748.560    15.961    -2.18    2.05
 -46368.114    15.612    -0.92    1.48
 -45987.749    16.014     1.06    1.63
 -45607.467    16.283     0.71    1.78
 -45227.267    16.501     0.57    1.92
 -44847.149    15.815    -1.81    2.37
 -44467.112    14.876    -2.47    2.70
 -44087.158    13.436    -3.79    2.75
 -43707.286    12.592    -2.22    2.40
 -43327.496    11.977    -1.62    2.15
 -42947.787    11.359    -1.63    1.87
 -42568.160    11.009    -0.92    2.36
 -42188.615    10.414    -1.57    2.40
 -41809.152    10.123    -0.77    2.48
 -41429.770     9.643    -1.26    2.53
 -41050.470     9.449    -0.51    2.43
 -40671.251     9.081    -0.97    2.14
 -40292.114     9.565     1.28    2.26
 -39913.058     9.910     0.91    2.33
 -39534.083     9.491    -1.11    2.56
 -39155.190     9.970     1.26    2.99
 -38776.378    12.185     5.85    3.50
 -38397.647    14.446     5.97    3.56
 -38018.997    16.544     5.54    3.41
 -37640.429    17.635     2.88    2.60
 -37261.941    17.333    -0.80    3.35
 -36883.534    15.800    -4.05    3.27
 -36505.209    14.733    -2.82    2.58
 -36126.964    15.272     1.42    2.75
 -35748.800    14.986    -0.76    2.63
 -35370.717    14.638    -0.92    2.90
 -34992.714    14.639     0.00    2.96
 -34614.792    14.259    -1.01    2.69
 -34236.951    13.937    -0.85    3.16
 -33859.191    12.927    -2.67    3.81
 -33481.511    11.456    -3.90    3.52
 -33103.911    10.092    -3.61    2.46
 -32726.392    10.197     0.28    2.38
 -32348.953    11.317     2.97    1.72
 -31971.595    11.783     1.24    1.76
 -31594.316    11.644    -0.37    1.99
 -31217.118    11.964     0.85    2.13
 -30840.001    11.897    -0.18    2.18
 -30462.963    11.887    -0.03    2.75
 -30086.005    10.688    -3.18    3.52
 -29709.128     8.988    -4.51    3.77
 -29332.330     7.525    -3.88    3.63
 -28955.612     6.352    -3.12    2.81
 -28578.974     5.792    -1.49    2.69
 -28202.416     5.154    -1.69    2.90
 -27825.938     4.148    -2.67    2.87
 -27449.540     3.326    -2.19    2.52
 -27073.221     2.828    -1.32    1.61
 -26696.981     1.849    -2.60    2.72
 -26320.822     0.733    -2.97    3.12
 -25944.742     0.039    -1.84    3.35
 -25568.741    -0.020    -0.16    3.31
 -25192.820     1.049     2.85    3.08
 -24816.978     1.323     0.73    2.48
 -24441.215     0.613    -1.89    2.55
 -24065.532     0.092    -1.39    2.44
 -23689.928     0.428     0.90    2.33
 -23314.403     0.872     1.18    2.05
 -22938.957     1.576     1.87    1.60
 -22563.590     1.581     0.01    2.03
 -22188.302     1.772     0.51    2.93
 -21813.094     2.198     1.13    3.79
 -21437.964     3.516     3.51    4.30
 -21062.913     5.102     4.23    4.57
 -20687.941     7.820     7.25    5.09
 -20313.047    11.602    10.09    6.45
 -19938.233    15.984    11.69    6.33
 -19563.497    18.804     7.53    5.53
 -19188.839    21.262     6.56    3.90
 -18814.261    21.307     0.12    3.48
 -18439.760    20.722    -1.56    4.08
 -18065.339    19.623    -2.94    4.65
 -17690.995    19.454    -0.45    4.07
 -17316.731    19.251    -0.54    4.60
 -16942.544    20.236     2.63    4.98
 -16568.436    21.691     3.89    4.45
 -16194.406    21.407    -0.76    5.18
 -15820.454    20.560    -2.26    5.42
 -15446.580    17.944    -7.00    5.69
 -15072.785    16.341    -4.29    5.39
 -14699.067    15.903    -1.17    4.71
 -14325.427    16.544     1.72    3.89
 -13951.866    17.248     1.88    2.43
 -13578.382    15.655    -4.26    2.81
 -13204.976    15.037    -1.66    3.23
 -12831.648    12.560    -6.64    4.72
 -12458.398     9.382    -8.51    5.59
 -12085.225     6.698    -7.19    5.61
 -11712.130     3.815    -7.73    3.50
 -11339.113     2.255    -4.18    2.07
 -10966.173     1.836    -1.12    1.98
 -10593.311     1.748    -0.24    2.08
 -10220.526     2.005     0.69    1.97
  -9847.819     1.283    -1.94    2.28
  -9475.189     0.134    -3.08    2.60
  -9102.636    -1.469    -4.30    2.25
  -8730.161    -2.214    -2.00    1.67
  -8357.763    -1.146     2.87    3.22
  -7985.442     0.347     4.01    3.56
  -7613.198     1.558     3.25    3.04
  -7241.031     1.855     0.80    2.19
  -6868.942     1.216    -1.72    1.21
  -6496.929     1.666     1.21    1.87
  -6124.993     3.003     3.60    2.47
  -5753.135     4.628     4.37    2.47
  -5381.353     6.336     4.59    2.45
  -5009.647     7.996     4.46    2.22
  -4638.019     9.367     3.69    2.88
  -4266.467     9.900     1.44    3.04
  -3894.992     9.049    -2.29    4.51
  -3523.594     8.274    -2.09    5.60
  -3152.272     6.565    -4.60    6.54
  -2781.027     5.465    -2.96    7.11
  -2409.858     4.470    -2.68    7.03
  -2038.765     4.292    -0.48    6.91
  -1667.749     4.453     0.43    6.90
  -1296.809     4.092    -0.97    6.35
   -925.946     2.691    -3.78    5.51
   -555.159     2.362    -0.89    5.35
   -184.448     2.017    -0.93    5.49
    186.187     2.180     0.44    5.61
    556.746     2.984     2.17    5.79
    927.228     4.124     3.08    5.71
   1297.635     5.157     2.79    5.55
   1667.966     6.317     3.13    5.49
   2038.221     6.443     0.34    5.68
   2408.399     6.740     0.80    5.71
   2778.503     6.498    -0.65    5.57
   3148.530     6.726     0.62    5.18
   3518.481     6.525    -0.54    4.59
   3888.357     6.357    -0.45    3.65
   4258.158     6.058    -0.81    2.85
   4627.882     6.059     0.00    2.67
   4997.531     5.777    -0.76    2.76
   5367.105     4.733    -2.82    2.86
   5736.603     4.472    -0.71    2.68
   6106.026     5.440     2.62    3.29
   6475.373     6.791     3.66    3.25
   6844.645     7.290     1.35    2.84
   7213.842     6.439    -2.30    3.22
   7582.964     5.287    -3.12    2.96
   7952.010     4.450    -2.27    2.22
   8320.981     4.797     0.94    3.30
   8689.877     6.049     3.39    4.22
   9058.698     7.679     4.42    5.53
   9427.444     9.336     4.50    7.18
   9796.116    12.236     7.87    9.17
  10164.712    14.517     6.19   10.32
  10533.233    15.801     3.48   10.28
  10901.680    18.635     7.69    8.93
  11270.051    20.211     4.28    7.20
  11638.348    22.025     4.93    6.36
  12006.571    25.339     9.00    7.10
  12374.718    28.158     7.66    6.27
  12742.792    29.304     3.11    5.29
  13110.790    27.979    -3.60    5.04
  13478.714    27.315    -1.80    6.81
  13846.564    27.160    -0.42    8.36
  14214.339    27.943     2.13    9.25
  14582.040    28.457     1.40    9.30
  14949.666    32.124     9.98   10.66
  15317.218    34.629     6.82    9.68
  15684.696    32.842    -4.86   10.52
  16052.100    28.517   -11.77   10.49
  16419.430    22.354   -16.78    6.77
  16786.685    18.889    -9.43    3.29
  17153.867    16.876    -5.48    3.32
  17520.974    14.339    -6.91    3.91
  17888.008    12.259    -5.67    4.20
  18254.967     9.298    -8.07    4.49
  18621.853     7.049    -6.13    4.08
  18988.665     4.983    -5.63    3.51
  19355.403     3.581    -3.82    2.63
  19722.067     2.982    -1.63    2.86
  20088.658     2.963    -0.05    3.14
  20455.175     3.391     1.17    3.13
  20821.618     3.639     0.68    2.57
  21187.988     3.581    -0.16    1.85
  21554.284     3.912     0.91    1.89
  21920.507     4.047     0.37    1.70
  22286.656     4.199     0.42    1.55
  22652.732     4.374     0.48    1.55
  23018.734     4.457     0.23    1.58
  23384.663     4.943     1.33    1.82
  23750.519     5.564     1.70    1.60
  24116.302     5.629     0.18    1.63
  24482.012     5.529    -0.27    1.57
  24851.807     5.474    -0.15    1.49
  25232.749     5.782     0.81    1.50
  25613.610     5.432    -0.92    1.66
  25994.391     4.751    -1.79    2.20
  26375.092     4.124    -1.65    2.21
  26755.712     3.674    -1.18    2.18
  27136.252     2.995    -1.78    2.62
  27516.712     2.518    -1.25    2.25
  27897.092     2.371    -0.39    2.16
  28277.391     1.676    -1.83    2.67
  28657.611     1.425    -0.66    2.38
  29037.750     0.115    -3.45    1.76
  29417.809    -0.696    -2.13    1.43
  29797.789    -0.751    -0.14    1.73
  30177.688    -0.451     0.79    2.05
  30557.508     0.274     1.91    2.69
  30937.248     1.464     3.13    2.93
  31316.908     1.800     0.89    2.93
  31696.489     1.347    -1.19    3.43
  32075.990     1.047    -0.79    3.58
  32455.411     1.538     1.29    3.71
  32834.753     1.795     0.68    4.11
  33214.015     2.103     0.81    4.28
  33593.198     2.907     2.12    3.90
  33972.302     3.287     1.00    3.40
  34351.326     3.527     0.63    2.71
  34730.271     3.494    -0.09    2.49
  35109.136     2.879    -1.62    2.62
  35487.923     2.861    -0.05    3.29
  35866.630     2.347    -1.36    3.61
  36245.258     2.370     0.06    3.80
  36623.807     1.868    -1.33    3.49
  37002.278     1.725    -0.38    3.13
  37380.669     2.629     2.39    3.49
  37758.981     3.263     1.67    3.30
  38137.215     4.350     2.87    3.55
  38515.369     5.785     3.80    3.61
  38893.445     5.909     0.33    3.66
  39271.442     5.888    -0.06    3.46
  39649.361     5.984     0.26    3.38
  40027.201     6.217     0.62    2.90
  40404.962     6.780     1.49    1.76
  40782.645     6.967     0.50    1.32
  41160.250     7.446     1.27    1.48
  41537.776     7.729     0.75    1.44
  41915.224     7.371    -0.95    2.14
  42292.593     6.263    -2.94    2.81
  42669.884     6.328     0.17    3.17
  43047.097     6.672     0.91    3.21
  43424.232     7.769     2.91    2.83
  43801.288     8.785     2.70    1.85
  44178.267     8.479    -0.81    1.81
  44555.167     8.626     0.39    1.72
  44931.990     8.403    -0.59    1.66
  45308.734     7.194    -3.21    2.07
  45685.401     5.672    -4.04    2.50
  46061.990     4.808    -2.29    1.99
  46438.501     4.608    -0.53    2.22
  46814.934     5.024     1.11    2.24
  47191.290     5.511     1.29    2.02
  47567.568     5.444    -0.18    1.97
  47943.769     6.231     2.09    1.99
  48319.891     7.229     2.65    1.84
  48695.937     7.920     1.84    1.62
  49071.905     7.609    -0.83    1.91
  49447.795     7.651     0.11    1.99
  49823.608     7.592    -0.16    1.78
  50199.344     7.909     0.84    2.26
  50575.003     9.770     4.95    3.21
  50950.584    11.694     5.12    3.41
  51326.088    12.663     2.58    3.09
  51701.515    12.048    -1.64    3.77
  52076.865    10.896    -3.07    4.28
  52452.138    10.527    -0.98    4.79
  52827.334    11.092     1.51    5.22
  53202.453    12.896     4.81    4.87
  53577.495    12.950     0.14    3.70
  53952.461    14.006     2.81    3.51
  54327.349    14.277     0.72    3.46
  54702.161    13.178    -2.93    3.88
  55076.896    12.972    -0.55    4.02
  55451.554    12.861    -0.30    4.66
  55826.136    14.342     3.95    6.22
  56200.641    18.059     9.93    7.07
  56575.070    22.635    12.22    6.82
  56949.422    25.536     7.75    4.83
  57323.698    26.169     1.69    3.55
  57697.897    24.203    -5.25    4.45
  58072.020    21.328    -7.68    3.59
  58446.067    18.604    -7.28    3.31
  58820.038    17.396    -3.23    2.57
  59193.932    17.034    -0.97    2.01
  59567.750    17.277     0.65    1.58
  59941.492    17.779     1.34    1.56
  60315.159    18.722     2.53    2.19
  60688.749    19.720     2.67    2.17
  61062.263    19.777     0.15    2.07
  61435.701    20.279     1.34    1.80
  61809.063    20.483     0.55    1.79
  62182.350    21.479     2.67    1.85
  62555.560    22.457     2.62    1.70
  62928.695    23.259     2.15    1.60
  63301.755    23.157    -0.27    1.95
  63674.738    23.125    -0.09    2.21
  64047.646    22.992    -0.36    2.18
  64420.479    22.360    -1.69    2.32
  64793.236    21.936    -1.14    2.26
  65165.917    20.952    -2.64    1.51
  65538.523    20.559    -1.06    0.95
  65911.054    20.559     0.00    0.88
  66283.509    20.564     0.01    0.91
  66655.890    20.156    -1.10    1.19
  67028.194    19.354    -2.16    1.65
  67400.424    19.202    -0.41    2.04
  67772.579    19.547     0.93    2.40
  68144.658    20.586     2.79    2.42
  68516.663    22.265     4.51    2.31
  68888.592    23.570     3.51    2.25
  69260.446    23.987     1.12    2.16
  69632.226    23.113    -2.35    3.42
  70003.930    21.534    -4.25    3.99
  70375.560    19.863    -4.50    3.37
  70747.115    19.469    -1.06    2.82
  71118.596    19.831     0.97    3.03
  71490.001    20.456     1.68    3.06
  71861.332    20.755     0.80    2.61
  72232.588    21.548     2.14    2.56
  72603.770    22.570     2.75    2.58
  72974.877    23.548     2.63    2.27
  73345.910    24.938     3.75    1.82
  73716.869    25.279     0.92    1.98
  74087.753    26.261     2.65    2.27
  74458.562    27.014     2.03    2.18
  74829.297    26.922    -0.25    2.08
  75199.959    27.004     0.22    2.07
  75570.545    26.644    -0.97    1.97
  75941.058    26.614    -0.08    1.77
  76311.497    26.558    -0.15    2.31
  76681.861    25.384    -3.17    2.75
  77052.152    24.686    -1.89    2.85
  77422.368    24.970     0.77    3.14
  77792.511    26.563     4.30    3.61
  78162.580    28.806     6.06    3.33
  78532.574    29.697     2.41    2.18
  78902.495    29.608    -0.24    2.09
  79272.343    29.331    -0.75    2.15
  79642.116    29.938     1.64    2.24
  80011.816    30.770     2.25    2.10
  80381.442    31.249     1.30    1.84
  80750.995    31.559     0.84    2.06
  81120.474    33.013     3.93    3.11
  81489.879    34.613     4.33    3.45
  81859.211    36.621     5.44    2.77
  82228.470    37.180     1.51    2.43
  82597.655    37.744     1.53    2.96
  82966.767    37.929     0.50    3.31
  83335.806    38.363     1.18    3.40
  83704.771    38.825     1.25    2.97
  84073.664    39.513     1.86    2.87
  84442.483    41.168     4.49    3.35
  84811.229    41.876     1.92    3.17
  85179.902    42.081     0.55    2.57
  85548.502    41.848    -0.63    2.71
  85917.028    42.266     1.13    3.27
  86285.482    43.037     2.09    3.38
  86653.863    44.991     5.30    2.25
  87022.172    45.564     1.56    2.08
  87390.407    45.940     1.02    1.71
  87758.570    46.268     0.89    1.21
  88126.659    46.175    -0.25    1.23
  88494.677    45.668    -1.38    1.37
  88862.621    44.598    -2.91    2.45
  89230.493    43.751    -2.30    2.77
  89598.293    43.774     0.06    2.97
  89966.019    44.389     1.67    2.86
  90333.674    45.948     4.24    2.40
  90701.256    46.651     1.91    1.97
  91068.765    46.356    -0.80    2.27
  91436.203    46.759     1.10    2.32
  91803.568    47.960     3.27    3.85
  92170.860    49.581     4.41    4.03
  92538.081    51.476     5.16    2.88
  92905.229    52.627     3.13    1.77
  93272.305    52.570    -0.16    1.47
  93639.309    53.299     1.99    1.46
  94006.241    54.459     3.16    2.20
  94373.101    55.914     3.97    2.71
  94739.890    57.378     3.99    2.38
  95106.606    58.470     2.98    1.95
  95473.250    59.542     2.92    1.55
  95839.822    59.842     0.82    1.54
  96206.323    60.139     0.81    1.21
  96572.752    60.320     0.49    1.37
  96939.109    60.034    -0.78    1.67
  97305.395    59.652    -1.04    2.09
  97671.609    59.092    -1.53    2.03
  98037.751    58.192    -2.46    1.74
  98403.822    57.535    -1.79    1.88
  98769.821    57.193    -0.93    2.18
  99135.749    56.993    -0.55    2.15
  99501.779    57.548     1.52    2.31
  99882.558    59.422     4.92    2.94
 100263.259    60.487     2.80    3.15
 100643.881    61.548     2.78    2.99
 101024.426    61.635     0.23    2.53
 101404.892    61.892     0.67    3.35
 101785.279    63.214     3.48    4.05
 102165.589    65.297     5.48    3.66
 102545.821    67.048     4.60    2.40
 102925.975    68.373     3.49    2.72
 103306.050    69.257     2.32    2.93
 103686.048    70.048     2.08    2.96
 104065.968    70.236     0.50    3.13
 104445.810    69.436    -2.11    3.29
 104825.574    69.470     0.09    3.24
 105205.261    69.733     0.69    2.93
 105584.870    70.016     0.75    2.70
 105964.401    70.406     1.03    3.26
 106343.854    70.509     0.27    4.44
 106723.230    70.740     0.61    5.24
 107102.529    71.092     0.93    4.95
 107481.750    71.140     0.13    4.16
 107860.894    71.474     0.88    2.79
 108239.960    71.998     1.38    2.39
 108618.949    73.362     3.60    2.16
 108997.861    74.807     3.81    1.62
 109376.695    75.272     1.23    1.79
 109755.452    75.034    -0.63    2.14
 110134.132    74.359    -1.78    2.07
 110512.736    73.989    -0.98    1.82
 110891.262    74.433     1.17    2.20
 111269.711    75.558     2.97    2.06
 111648.083    76.619     2.80    2.00
 112026.378    77.748     2.98    1.87
 112404.596    79.059     3.47    1.79
 112782.738    80.403     3.56    2.30
 113160.803    81.625     3.23    2.18
 113538.791    82.614     2.62    1.53
 113916.702    82.960     0.91    0.71
 114294.537    82.897    -0.17    0.80
 114672.295    82.654    -0.64    0.71
 115049.977    83.081     1.13    1.32
 115427.582    83.625     1.44    1.62
 115805.111    84.081     1.21    1.45
 116182.564    84.586     1.34    1.32
 116559.940    85.148     1.49    1.68
 116937.239    86.036     2.35    1.53
 117314.463    86.115     0.21    1.64
 117691.610    85.547    -1.51    1.81
 118068.681    85.399    -0.39    1.98
 118445.676    86.025     1.66    2.61
 118822.595    87.703     4.45    3.16
 119199.438    88.648     2.51    2.66
 119576.205    89.485     2.22    2.27
 119952.896    90.070     1.55    2.09
 120329.511    90.013    -0.15    2.20
 120706.051    90.467     1.21    2.37
 121082.514    91.948     3.93    2.96
 121458.902    94.104     5.73    4.09
 121835.214    96.670     6.82    4.68
 122211.450    97.784     2.96    5.67
 122587.611    95.392    -6.36    7.65
 122963.696    93.575    -4.83    6.75
 123339.706    95.514     5.16    8.58
 123715.640   100.407    13.01   11.19
 124091.499   108.744    22.18   10.21
 124467.282   115.194    17.16    7.41
 124842.990   120.714    14.69    5.34
 125218.623   123.694     7.93    4.39
 125594.180   127.306     9.61    4.96
 125969.663   130.856     9.46    5.81
 126345.070   133.845     7.96    4.37
 126720.402   136.274     6.47    3.49
 127095.658   136.614     0.91    3.46
 127470.840   135.672    -2.51    3.46
 127845.947   135.530    -0.38    3.55
 128220.979   135.992     1.23    3.71
 128595.936   138.448     6.55    5.10
 128970.818   142.014     9.51    5.51
 129345.626   145.470     9.22    5.14
 129720.358   148.137     7.12    3.99
 130095.016   149.831     4.52    4.28
 130469.599   151.901     5.53    4.61
 130844.108   153.822     5.13    4.66
 131218.542   155.992     5.79    5.25
 131592.901   158.531     6.78    4.96
 131967.186   160.692     5.77    3.51
 132341.397   161.933     3.32    2.72
 132715.533   163.992     5.50    3.79
 133089.594   166.196     5.89    5.64
 133463.582   170.025    10.24    7.10
 133837.495   173.518     9.34    6.71
 134211.334   175.193     4.48    6.31
 134585.098   176.138     2.53    5.97
 134958.789   177.292     3.09    5.14
 135332.405   177.941     1.74    4.49
 135705.947   179.259     3.53    3.60
 136079.416   180.910     4.42    3.64
 136452.810   183.214     6.17    4.72
 136826.131   186.508     8.82    4.66
 137199.377   188.971     6.60    4.28
 137572.550   192.740    10.10    5.61
 137945.649   197.850    13.70    8.38
 138318.674   203.593    15.39    9.44
 138691.625   212.854    24.83   14.49
 139064.503   222.635    26.23   18.39
 139437.307   235.935    35.67   24.67
 139810.038   252.009    43.12   23.98
 140182.695   264.138    32.54   18.08
 140555.278   270.936    18.25   10.98
 140927.788   265.696   -14.07   14.23
 141300.225   259.575   -16.43   13.51
 141672.588   262.191     7.02   13.78
 142044.878   270.306    21.79   17.56
 142417.095   285.381    40.50   21.57
 142789.238   299.456    37.82   17.55
 143161.308   309.436    26.82   11.23
 143533.305   311.748     6.21    8.04
 143905.229   302.836   -23.96   17.11
 144277.080   291.322   -30.96   20.01
 144648.858   279.797   -31.00   20.06
 145020.563   275.592   -11.31   19.95
 145392.195   278.524     7.89   21.09
 145763.754   288.317    26.35   21.25
 146135.240   299.977    31.39   18.36
 146506.654   310.036    27.08   12.90
 146877.994   316.357    17.02    7.40
 147249.262   314.777    -4.25    9.71
 147620.458   307.476   -19.67   13.40
 147991.580   298.403   -24.45   15.14
 148362.630   287.651   -28.98   14.87
 148733.608   280.059   -20.46   13.72
 149104.512   276.523    -9.53   11.95
 149475.345   279.795     8.82   13.90
 149846.105   285.509    15.41   16.25
 150216.792   293.825    22.43   14.45
 150587.408   300.045    16.78    9.30
 150957.951   302.418     6.40    9.07
 151328.421   303.652     3.33    8.78
 151698.820   306.654     8.10    9.00
 152069.146   310.564    10.56   10.26
 152439.400   312.822     6.10   10.24
 152809.583   313.138     0.85   11.04
 153179.693   310.003    -8.47   11.55
 153549.731   306.299   -10.01   11.38
 153919.697   301.172   -13.86   10.24
 154289.591   298.002    -8.57    8.83
 154659.413   299.276     3.44    8.44
 155029.163   303.422    11.21   11.15
 155398.842   311.380    21.52   14.32
 155768.449   322.403    29.82   15.83
 156137.984   333.728    30.64   15.24
 156507.447   341.814    21.88   16.13
 156876.839   355.671    37.51   27.14
 157246.159   378.672    62.27   42.90
 157615.408   400.997    60.45   44.74
 157984.585   425.811    67.21   39.68
 158353.691   442.457    45.09   31.02
 158722.725   433.425   -24.47   43.89
 159091.688   419.276   -38.34   53.62
 159460.580   391.665   -74.84   53.02
 159829.400   368.553   -62.66   47.87
 160198.149   359.924   -23.40   50.66
 160566.826   358.013    -5.18   63.12
 160935.433   345.207   -34.74   65.25
 161303.968   331.740   -36.54   63.17
 161672.433   312.081   -53.35   57.76
 162040.826   292.514   -53.11   46.24
 162409.148   282.340   -27.62   38.58
 162777.399   279.598    -7.45   45.70
 163145.580   292.776    35.79   62.62
 163513.689   304.422    31.63   75.65
 163881.728   315.688    30.61   78.14
 164249.695   320.263    12.43   71.99
 164617.592   317.564    -7.34   63.38
 164985.419   295.513   -59.94   61.90
 165353.174   271.797   -64.48   63.85
 165720.859   244.800   -73.41   46.47
 166088.473   227.313   -47.56   21.75
 166456.017   222.219   -13.86   13.95
 166823.490   229.659    20.24   19.04
 167190.893   246.616    46.15   28.96
 167558.225   270.685    65.52   40.22
 167925.487   299.343    78.02   41.21
 168292.678   330.536    84.94   41.58
 168659.799   353.346    62.12   31.87
 169026.850   368.638    41.66   37.28
 169393.831   374.434    15.79   42.29
 169760.741   383.901    25.80   52.74
 170127.582   388.495    12.52   54.50
 170494.352   391.138     7.21   48.31
 170861.052   381.456   -26.40   39.94
 171227.682   378.219    -8.83   30.66
 171594.241   379.575     3.70   33.41
 171960.731   392.271    34.64   49.13
 172327.151   414.782    61.43   70.93
 172693.502   436.236    58.55   84.68
 173059.782   447.465    30.66   89.30
 173425.992   456.533    24.76   85.61
 173792.133   468.614    32.99   76.29
 174158.204   482.690    38.45   67.25
 174535.298   518.490    94.92   71.58
 174915.838   555.610    97.53   79.67
 175296.302   605.137   130.16   92.30
 175676.689   663.426   153.22   83.75
 176057.001   724.683   161.05   84.66
 176437.236   796.307   188.34   83.26
 176817.395   889.246   244.44  127.77
 177197.479   988.176   260.25  140.67
 177577.486  1060.403   190.04  108.22
 177957.418  1086.293    68.13   86.26
 178337.273  1059.899   -69.47  105.07
 178717.053  1014.363  -119.88  100.88
 179096.757  1002.990   -29.95   91.91
 179476.385   984.529   -48.62   89.93
 179855.937   961.149   -61.59   97.58
 180235.414   894.437  -175.78  124.20
 180614.815   811.548  -218.45  139.45
 180994.141   705.186  -280.36  133.18
 181373.391   618.422  -228.75  107.79
 181752.566   550.598  -178.85   69.40
 182131.665   529.253   -56.30   51.08
 182510.689   532.392     8.28   57.39
 182889.638   564.173    83.85   75.76
 183268.511   638.171   195.28  108.60
 183647.309   706.483   180.31  115.32
 184026.032   769.172   165.50   87.53
 184404.679   775.950    17.90   90.20
 184783.252   722.479  -141.22  127.14
 185161.749   647.426  -198.26  125.97
 185540.172   585.443  -163.77   93.48
 185918.519   556.069   -77.63   69.16
 186296.791   582.825    70.72   85.68
 186674.989   624.044   108.97  101.70
 187053.112   680.297   148.75  120.37
 187431.160   748.813   181.21  112.32
 187809.133   797.058   127.62   96.16
 188187.031   847.861   134.42   90.26
 188564.855   896.740   129.35  101.74
 188942.604   921.569    65.72   92.70
 189320.279   895.303   -69.54  107.36
 189697.879   820.686  -197.58  127.59
 190075.404   730.263  -239.48  113.06
 190452.855   659.046  -188.65   66.76
 190830.232   631.888   -71.95   54.28
 191207.534   626.825   -13.42   72.23
 191584.762   623.426    -9.01   83.61
 191961.916   595.702   -73.50   91.79
 192338.995   565.047   -81.28   81.76
 192716.001   528.127   -97.91   69.40
 193092.932   493.626   -91.52   38.53
 193469.789   497.399    10.01   45.69
 193846.572   531.895    91.54   70.60
 194223.281   581.592   131.91   68.26
 194599.916   604.499    60.81   55.99
 194976.477   600.433   -10.80   64.43
 195352.964   582.643   -47.25   69.75
 195729.377   576.763   -15.62   77.24
 196105.716   580.319     9.45   74.14
 196481.982   577.115    -8.52   67.18
 196858.174   551.736   -67.45   75.80
 197234.292   498.564  -141.35   66.43
 197610.337   466.906   -84.17   45.65
 197986.308   467.183     0.74   54.06
 198362.205   497.683    81.13   85.90
 198738.030   526.058    75.49   76.15
 199113.780   523.511    -6.78   71.10
 199489.457   489.104   -91.57   79.76
 199865.061   443.967  -120.15   65.89
 200240.591   403.261  -108.38   39.76
 200616.049   384.604   -49.68   22.54
 200991.432   401.797    45.79   51.74
 201366.743   428.322    70.67   64.49
 201741.981   458.368    80.06   57.98
 202117.145   472.999    38.99   51.01
 202492.236   469.839    -8.42   52.72
 202867.255   467.414    -6.47   45.66
 203242.200   464.990    -6.46   40.37
 203617.072   470.681    15.18   36.19
 203991.872   488.899    48.60   45.16
 204366.598   506.506    46.98   54.16
 204741.252   536.104    78.99   60.52
 205115.833   567.232    83.09   55.21
 205490.341   590.667    62.57   49.24
 205864.777   604.426    36.74   40.96
 206239.139   612.227    20.84   35.58
 206613.430   622.763    28.15   33.50
 206987.647   650.229    73.38   50.74
 207361.793   681.414    83.34   59.49
 207735.865   709.322    74.59   61.60
 208109.865   724.744    41.23   63.68
 208483.793   744.872    53.82   67.70
 208857.649   774.391    78.95   75.10
 209231.432   800.160    68.93   67.21
 209605.143   805.810    15.12   60.91
 209978.781   767.774  -101.78   84.68
 210352.348   711.854  -149.67   94.85
 210725.842   643.740  -182.34   70.76
 211099.264   610.422   -89.21   49.78
 211472.614   611.813     3.73   51.34
 211845.892   644.592    87.80   67.56
 212219.098   681.547    99.00   67.19
 212592.232   707.422    69.33   48.57
 212965.294   714.001    17.63   34.76
 213338.285   705.598   -22.53   26.52
 213711.203   692.009   -36.43   17.10
 214084.050   687.890   -11.04   19.41
 214456.825   679.529   -22.42   29.12
 214829.528   664.644   -39.93   36.25
 215202.160   640.872   -63.79   37.22
 215574.720   618.345   -60.45   36.95
 215947.208   591.965   -70.81   36.17
 216319.625   570.922   -56.49   35.43
 216691.971   553.140   -47.75   26.80
 217064.245   542.184   -29.43   22.97
 217436.447   532.563   -25.84   20.59
 217808.578   520.529   -32.33   22.62
 218180.638   502.164   -49.35   29.97
 218552.627   481.839   -54.63   38.32
 218924.544   458.069   -63.90   39.31
 219296.390   437.670   -54.85   33.12
 219668.165   419.286   -49.44   21.65
 220039.869   409.759   -25.63   16.93
 220411.501   405.081   -12.59   18.26
 220783.063   404.209    -2.35   17.98
 221154.554   406.544     6.29   17.50
 221525.973   409.354     7.56   17.32
 221897.322   414.142    12.89   15.94
 222268.600   414.535     1.06   18.64
 222639.807   414.045    -1.32   20.63
 223010.943   408.547   -14.81   22.14
 223382.009   401.545   -18.87   21.05
 223753.004   393.069   -22.84   17.07
 224123.928   386.712   -17.14   11.65
 224494.781   382.127   -12.36    7.98
 224865.564   380.716    -3.80    8.40
 225236.276   377.011    -9.99    8.56
 225606.918   373.686    -8.97    7.14
 225977.489   372.128    -4.20    5.97
 226347.990   374.388     6.10    7.17
 226718.420   377.081     7.27    7.08
 227088.780   380.022     7.94    6.94
 227459.070   381.104     2.92    6.31
 227829.290   380.430    -1.82    6.24
 228199.439   379.093    -3.61    5.65
 228569.518   378.816    -0.75    4.64
 228939.527   378.855     0.10    3.30
 229309.465   379.297     1.19    3.21
 229679.334   379.224    -0.20    5.20
 230049.133   378.683    -1.46    5.53
 230418.861   377.971    -1.93    5.37
 230788.520   376.819    -3.11    5.54
 231158.109   375.032    -4.84    6.82
 231527.627   373.547    -4.02    8.58
 231897.076   371.377    -5.87    7.96
 232266.455   371.380     0.01    6.26
 232635.765   374.581     8.67    8.34
 233005.005   379.518    13.37    9.65
 233374.174   383.237    10.07    8.79
 233743.275   382.518    -1.95   10.04
 234112.306   378.529   -10.81   10.94
 234481.267   377.775    -2.04   12.69
 234850.158   379.854     5.63   14.08
 235218.980   381.740     5.11   15.04
 235587.733   381.546    -0.53   14.32
 235956.416   380.337    -3.28   12.43
 236325.030   380.725     1.05   15.52
 236693.575   386.628    16.02   27.53
 237062.050   394.518    21.41   34.44
 237430.456   396.947     6.59   34.96
 237798.793   398.399     3.94   32.35
 238167.060   403.130    12.84   29.55
 238535.259   416.728    36.93   30.51
 238903.388   432.414    42.60   28.22
 239271.448   442.081    26.26   21.77
 239639.440   445.057     8.09   16.08
 240007.362   442.805    -6.12   11.82
 240375.215   440.276    -6.87    8.43
 240743.000   439.657    -1.68    6.34
 241110.715   439.564    -0.25    6.51
 241478.362   441.953     6.50    7.34
 241845.940   446.281    11.77    9.15
 242213.449   451.744    14.86   10.02
 242580.890   456.437    12.77   10.49
 242948.261   461.628    14.13    9.54
 243315.565   465.649    10.94    8.07
 243682.799   468.599     8.03    7.68
 244049.965   470.410     4.93    8.23
 244417.062   473.044     7.17    9.45
 244784.091   474.965     5.23   10.03
 245151.052   476.081     3.04   11.23
 245517.944   475.035    -2.85   11.66
 245884.768   474.617    -1.14   10.75
 246251.523   482.592    21.74   20.98
 246618.210   494.851    33.42   30.35
 246984.829   507.924    35.65   36.04
 247351.380   517.150    25.16   37.12
 247717.862   523.697    17.86   36.52
 248084.277   524.529     2.27   31.68
 248450.623   535.406    29.68   34.77
 248816.901   552.569    46.85   46.37
 249190.444   572.840    54.26   55.97
 249570.828   590.313    45.93   56.80
 249951.139   605.676    40.39   55.83
 250331.375   623.288    46.31   50.33
 250711.538   624.441     3.03   42.87
 251091.626   610.546   -36.55   41.60
 251471.640   604.503   -15.90   42.46
 251851.580   625.207    54.48   61.43
 252231.447   654.311    76.60   67.55
 252611.239   669.141    39.04   55.69
 252990.957   665.161   -10.48   58.73
 253370.602   641.045   -63.51   51.83
 253750.173   630.610   -27.49   38.54
 254129.670   640.748    26.71   43.87
 254509.093   669.276    75.17   62.92
 254888.443   695.859    70.06   71.09
 255267.719   703.034    18.92   70.82
 255646.921   706.252     8.48   67.30
 256026.050   701.023   -13.79   57.35
 256405.106   706.081    13.34   55.14
 256784.088   736.414    80.02   64.34
 257162.997   767.986    83.31   61.60
 257541.832   802.523    91.15   68.82
 257920.594   853.545   134.68   80.79
 258299.282   900.222   123.23   97.82
 258677.898   920.556    53.69  101.28
 259056.440   927.404    18.09  103.56
 259434.909   903.881   -62.14  105.53
