-128531.193    -1.118     0.00    0.00
-128157.652    -1.118     0.00    0.00
-127784.201    -1.118     0.00    0.00
-127410.840    -1.118     0.00    0.00
-127037.570    -1.118     0.00    0.00
-126664.389    -1.118     0.00    0.00
-126291.299    -1.118     0.00    0.00
-125918.299    -1.118     0.00    0.00
-125545.389    -1.118     0.00    0.00
-125172.569    -1.118     0.00    0.00
-124799.839    -1.118     0.00    0.00
-124427.198    -1.118     0.00    0.00
-124054.648    -1.118     0.00    0.00
-123682.187    -1.118     0.00    0.00
-123309.815    -1.118     0.00    0.00
-122937.533    -1.118     0.00    0.00
-122565.341    -1.118     0.00    0.00
-122193.238    -1.118     0.00    0.00
-121821.224    -1.118     0.00    0.00
-121449.299    -1.118     0.00    0.00
-121077.464    -1.118     0.00    0.00
-120705.718    -1.118     0.00    0.00
-120334.061    -1.118     0.00    0.00
-119962.493    -1.118     0.00    0.00
-119591.014    -1.118     0.00    0.00
-119219.624    -1.118     0.00    0.00
-118848.323    -1.118     0.00    0.00
-118477.110    -1.118     0.00    0.00
-118105.986    -1.118     0.00    0.00
-117734.951    -1.118     0.00    0.00
-117364.005    -1.118     0.00    0.00
-116993.147    -1.118     0.00    0.00
-116622.377    -1.118     0.00    0.00
-116251.696    -1.118     0.00    0.00
-115881.103    -1.118     0.00    0.00
-115510.598    -1.118     0.00    0.00
-115140.182    -1.118     0.00    0.00
-114769.854    -1.118     0.00    0.00
-114399.614    -1.118     0.00    0.00
-114029.461    -1.118     0.00    0.00
-113659.397    -1.118     0.00    0.00
-113289.421    -1.118     0.00    0.00
-112919.532    -1.118     0.00    0.00
-112549.732    -1.118     0.00    0.00
-112180.019    -1.118     0.00    0.00
-111810.394    -1.118     0.00    0.00
-111440.856    -1.118     0.00    0.00
-111071.406    -1.118     0.00    0.00
-110702.043    -1.118     0.00    0.00
-110332.767    -1.118     0.00    0.00
-109963.579    -1.118     0.00    0.00
-109594.479    -1.118     0.00    0.00
-109225.465    -1.118     0.00    0.00
-108856.539    -1.118     0.00    0.00
-108487.700    -1.118     0.00    0.00
-108118.947    -1.118     0.00    0.00
-107750.282    -1.118     0.00    0.00
-107381.704    -1.118     0.00    0.00
-107013.212    -1.118     0.00    0.00
-106644.808    -1.118     0.00    0.00
-106276.490    -1.118     0.00    0.00
-105908.258    -1.118     0.00    0.00
-105540.113    -1.118     0.00    0.00
-105172.055    -1.118     0.00    0.00
-104804.084    -1.118     0.00    0.00
-104436.198    -1.118     0.00    0.00
-104068.399    -1.118     0.00    0.00
-103700.687    -1.118     0.00    0.00
-103333.061    -1.118     0.00    0.00
-102965.520    -1.118     0.00    0.00
-102598.066    -1.118     0.00    0.00
-102230.698    -1.118     0.00    0.00
-101863.416    -1.118     0.00    0.00
-101496.220    -1.118     0.00    0.00
-101129.110    -1.118     0.00    0.00
-100762.086    -1.118     0.00    0.00
-100395.147    -1.118     0.00    0.00
-100028.294    -1.118     0.00    0.00
 -99661.527    -1.118     0.00    0.00
 -99294.846    -1.118     0.00    0.00
 -98928.249    -1.118     0.00    0.00
 -98561.739    -1.118     0.00    0.00
 -98195.314    -1.118     0.00    0.00
 -97828.974    -1.118     0.00    0.00
 -97462.719    -1.118     0.00    0.00
 -97096.550    -1.118     0.00    0.00
 -96730.466    -1.118     0.00    0.00
 -96364.466    -1.118     0.00    0.00
 -95998.552    -1.118     0.00    0.00
 -95632.723    -1.118     0.00    0.00
 -95266.979    -1.118     0.00    0.00
 -94901.320    -1.118     0.00    0.00
 -94535.746    -1.118     0.00    0.00
 -94170.256    -1.118     0.00    0.00
 -93804.851    -1.118     0.00    0.00
 -93439.531    -1.118     0.00    0.00
 -93074.295    -1.118     0.00    0.00
 -92709.144    -1.118     0.00    0.00
 -92344.077    -1.118     0.00    0.00
 -91979.095    -0.812     0.84    1.08
 -91614.197     3.665    12.27   11.86
 -91249.383    14.864    30.70   26.14
 -90884.653    27.459    34.54   36.78
 -90520.008    42.276    40.64   45.62
 -90155.447    48.826    17.97   47.30
 -89790.970    50.044     3.34   46.06
 -89426.577    45.772   -11.72   40.59
 -89062.267    39.176   -18.11   33.36
 -88680.757    29.910   -24.29   27.42
 -88298.781    22.120   -20.39   21.41
 -87916.899    14.543   -19.84   13.27
 -87535.112    10.060   -11.74    6.31
 -87153.419     9.396    -1.74    3.96
 -86771.820    12.938     9.28    7.80
 -86390.315    18.790    15.34   10.02
 -86008.904    22.373     9.39    9.15
 -85627.587    23.938     4.11    7.21
 -85246.364    22.363    -4.13    5.26
 -84865.235    22.368     0.01    4.70
 -84484.199    22.780     1.08    4.97
 -84103.257    24.674     4.97    5.81
 -83722.408    27.345     7.01    5.63
 -83341.653    29.044     4.46    3.92
 -82960.991    29.754     1.86    2.83
 -82580.423    32.094     6.15    5.04
 -82199.948    38.818    17.68   11.09
 -81819.567    48.455    25.33   13.40
 -81439.278    59.020    27.78   11.24
 -81059.082    68.562    25.10    9.00
 -80678.980    81.164    33.16   17.19
 -80298.970    94.052    33.92   20.52
 -79919.054   110.835    44.18   18.19
 -79539.230   128.966    47.74   20.71
 -79159.499   147.957    50.01   25.18
 -78779.861   165.891    47.24   23.28
 -78400.315   182.957    44.96   14.70
 -78020.862   191.714    23.08   12.31
 -77641.501   198.910    18.97   12.80
 -77262.233   205.237    16.68   14.61
 -76883.057   213.647    22.18   14.60
 -76503.973   219.442    15.29   14.41
 -76124.982   217.940    -3.96   20.45
 -75746.083   203.464   -38.21   28.38
 -75367.275   181.066   -59.13   31.05
 -74988.560   157.742   -61.59   28.15
 -74609.937   142.759   -39.57   21.05
 -74231.406   130.975   -31.13   10.28
 -73852.966   127.160   -10.08    8.51
 -73474.619   121.546   -14.84   12.09
 -73096.363   115.523   -15.92   12.60
 -72718.198   109.340   -16.35   13.63
 -72340.125   104.243   -13.48   13.17
 -71962.144    97.759   -17.15   11.11
 -71584.254    92.901   -12.86    8.67
 -71206.456    88.843   -10.74    6.79
 -70828.748    86.527    -6.13    5.44
 -70451.132    81.872   -12.33    6.05
 -70073.608    75.662   -16.45    9.74
 -69696.174    68.989   -17.68   10.47
 -69318.831    61.809   -19.03    8.06
 -68941.580    55.492   -16.75    8.03
 -68564.419    52.387    -8.23    9.47
 -68187.349    55.480     8.20   14.34
 -67810.370    69.015    35.91   23.66
 -67433.481    81.734    33.75   20.95
 -67056.683    89.387    20.31   12.88
 -66679.976    89.212    -0.46   10.23
 -66303.359    85.678    -9.38    6.37
 -65926.833    93.005    19.46   14.81
 -65550.397   103.629    28.23   18.86
 -65174.052   108.827    13.81   16.65
 -64797.797   114.994    16.39   13.09
 -64421.632   120.303    14.11   14.00
 -64045.557   124.751    11.83   12.91
 -63669.572   134.457    25.82    9.15
 -63293.677   147.574    34.89   21.85
 -62917.872   175.154    73.39   45.71
 -62542.157   215.095   106.31   57.91
 -62166.532   257.035   111.66   48.76
 -61790.996   276.067    50.68   31.09
 -61415.551   273.255    -7.49   29.68
 -61040.195   251.817   -57.11   35.21
 -60664.928   227.568   -64.62   29.66
 -60289.751   205.910   -57.73   20.62
 -59914.663   190.825   -40.22   15.71
 -59539.665   180.720   -26.95   11.87
 -59164.756   177.586    -8.36   10.01
 -58789.937   176.078    -4.02    9.80
 -58415.206   173.368    -7.23   12.20
 -58040.565   167.012   -16.97   15.18
 -57666.012   155.460   -30.84   16.14
 -57291.549   144.997   -27.94   13.77
 -56917.175   136.854   -21.75   11.50
 -56542.889   129.033   -20.90   11.18
 -56168.692   120.127   -23.80   11.39
 -55794.584   113.265   -18.34    9.28
 -55420.565   111.096    -5.80    7.01
 -55046.635   112.240     3.06    7.00
 -54672.792   113.654     3.78    6.41
 -54299.039   115.029     3.68    6.47
 -53925.374   116.267     3.31    7.27
 -53551.797   117.993     4.62    6.89
 -53178.308   119.265     3.41    6.13
 -52804.908   119.316     0.14    6.89
 -52431.596   118.742    -1.54    8.06
 -52058.372   122.843    10.99   10.44
 -51685.236   126.845    10.73   11.84
 -51312.189   131.268    11.86   12.51
 -50939.229   132.299     2.76   12.05
 -50566.357   131.086    -3.25   11.01
 -50193.572   133.014     5.17    9.76
 -49820.876   138.499    14.72   13.85
 -49448.267   147.863    25.13   14.60
 -49075.746   150.929     8.23   12.73
 -48703.313   147.392    -9.50   14.72
 -48330.967   139.317   -21.69   13.03
 -47958.708   131.733   -20.37    7.58
 -47586.537   128.174    -9.56    7.32
 -47214.453   127.196    -2.63    8.96
 -46842.456   127.863     1.79   10.55
 -46470.547   126.740    -3.02   10.87
 -46098.725   121.969   -12.83   13.10
 -45726.990   113.172   -23.67   13.63
 -45355.342   104.729   -22.72    9.84
 -44983.780    97.994   -18.13    8.13
 -44612.306    92.978   -13.50    8.56
 -44240.919    90.825    -5.80    7.63
 -43869.618    92.042     3.28    9.10
 -43498.404   100.278    22.19   13.67
 -43127.277   112.359    32.55   16.95
 -42756.236   127.464    40.71   17.02
 -42385.282   141.078    36.70   16.45
 -42014.415   153.578    33.71   13.63
 -41643.634   163.845    27.69   11.90
 -41272.939   172.443    23.20   10.81
 -40902.330   177.158    12.72    8.65
 -40531.808   177.148    -0.03   11.04
 -40161.372   174.698    -6.61   13.36
 -39791.022   169.061   -15.22   14.45
 -39420.758   165.588    -9.38   14.72
 -39050.580   164.901    -1.86   15.74
 -38680.488   165.788     2.40   15.09
 -38310.482   168.006     6.00   14.65
 -37940.562   171.947    10.66   12.96
 -37570.728   173.984     5.51   10.09
 -37200.979   172.623    -3.68   12.93
 -36831.316   169.008    -9.78   17.08
 -36461.738   165.835    -8.59   19.55
 -36092.246   163.354    -6.72   18.70
 -35722.840   160.286    -8.31   16.62
 -35353.519   150.797   -25.69   20.49
 -34984.283   133.516   -46.80   29.29
 -34615.133   109.723   -64.45   31.65
 -34246.068    91.920   -48.24   20.90
 -33877.088    85.359   -17.78   10.80
 -33508.193    87.363     5.43   11.81
 -33139.383    96.026    23.49   12.70
 -32770.658   103.722    20.87   14.00
 -32402.018   107.738    10.89   15.49
 -32033.464   105.420    -6.29   18.76
 -31664.993    96.420   -24.42   23.65
 -31296.608    83.330   -35.54   21.08
 -30928.308    75.489   -21.29   13.63
 -30560.092    71.668   -10.38    7.04
 -30191.960    72.269     1.63    6.11
 -29823.913    77.252    13.54    7.21
 -29455.951    84.637    20.07   12.82
 -29088.073    96.269    31.62   21.39
 -28720.280   113.958    48.10   32.53
 -28352.571   142.200    76.81   52.49
 -27984.946   181.984   108.22   71.38
 -27617.405   230.439   131.84   79.88
 -27249.948   267.264   100.22   69.90
 -26882.576   280.424    35.82   54.19
 -26515.287   275.910   -12.29   41.48
 -26148.083   258.029   -48.70   28.38
 -25780.962   240.910   -46.63   25.19
 -25413.925   223.290   -48.01   24.96
 -25046.972   205.156   -49.42   26.22
 -24680.103   186.968   -49.58   24.26
 -24313.318   169.501   -47.62   20.71
 -23946.616   158.238   -30.72   19.63
 -23579.997   149.278   -24.44   21.75
 -23213.463   151.069     4.89   20.93
 -22847.011   158.363    19.90   21.26
 -22480.643   172.988    39.92   24.37
 -22114.359   188.203    41.54   26.56
 -21748.157   210.050    59.66   28.79
 -21382.039   234.882    67.83   36.90
 -21016.004   261.284    72.13   35.47
 -20650.052   279.363    49.40   30.38
 -20284.184   279.939     1.57   36.60
 -19918.398   256.435   -64.25   52.68
 -19552.695   221.789   -94.74   55.15
 -19187.075   182.688  -106.94   39.60
 -18821.538   154.669   -76.65   32.24
 -18456.084   132.309   -61.18   22.78
 -18090.712   115.401   -46.28   17.90
 -17725.424   103.262   -33.23   14.53
 -17360.217    91.862   -31.22   12.49
 -16995.094    79.467   -33.95   16.11
 -16630.052    65.497   -38.27   18.91
 -16265.094    51.187   -39.21   19.62
 -15900.217    42.065   -25.00   16.42
 -15535.423    39.042    -8.29   14.78
 -15170.712    45.153    16.76   18.10
 -14806.082    51.666    17.86   16.04
 -14441.535    56.401    12.99    9.19
 -14065.900    59.692     8.76    8.71
 -13684.093    61.634     5.09   10.38
 -13302.378    65.768    10.83   13.39
 -12920.756    71.363    14.66   17.59
 -12539.225    73.130     4.63   20.49
 -12157.786    72.074    -2.77   19.57
 -11776.438    69.956    -5.55   14.90
 -11395.183    70.308     0.92    9.96
 -11014.018    72.382     5.44    9.22
 -10632.946    77.931    14.56    8.75
 -10251.965    85.722    20.45   10.72
  -9871.075    94.586    23.27   11.44
  -9490.276    99.042    11.70   10.02
  -9109.569    97.992    -2.76   13.27
  -8728.953    91.419   -17.27   17.34
  -8348.428    78.764   -33.26   18.63
  -7967.994    65.456   -34.98   17.19
  -7587.651    56.892   -22.52   12.66
  -7207.399    51.882   -13.18    7.57
  -6827.238    50.039    -4.85    7.61
  -6447.167    46.577    -9.11    7.57
  -6067.188    40.057   -17.16    9.73
  -5687.299    30.844   -24.25   12.69
  -5307.500    22.330   -22.42   14.11
  -4927.793    12.297   -26.42   11.18
  -4548.175     5.804   -17.10    7.05
  -4168.648     2.373    -9.04    2.06
  -3789.212     2.228    -0.38    1.86
  -3409.866     3.292     2.80    3.57
  -3030.610     4.988     4.47    6.64
  -2651.444     6.337     3.56    8.06
  -2272.368     6.263    -0.20    8.32
  -1893.382     4.824    -3.80    7.55
  -1514.487     2.190    -6.95    3.03
  -1135.681     1.862    -0.87    2.96
   -756.965     1.320    -1.43    2.93
   -378.338     0.943    -1.00    2.75
      0.198    -0.061    -2.65    0.30
    378.645     0.004     0.17    0.54
    757.002     0.288     0.75    1.08
   1135.270     0.783     1.31    1.69
   1513.448     1.240     1.21    2.05
   1891.537     1.785     1.44    2.34
   2269.536     2.882     2.90    3.10
   2647.447     3.707     2.18    3.41
   3025.268     4.930     3.24    3.87
   3402.999     5.649     1.90    3.63
   3780.642     7.180     4.05    4.80
   4158.196     9.263     5.52    5.53
   4535.660    10.156     2.37    5.20
   4913.036     9.676    -1.27    4.69
   5290.323     8.468    -3.20    3.57
   5667.521     6.739    -4.58    3.37
   6044.631     6.280    -1.22    4.20
   6421.652     5.730    -1.46    5.33
   6798.584     4.821    -2.41    5.99
   7175.427     3.209    -4.28    5.42
   7552.183     1.472    -4.61    3.88
   7928.849     0.142    -3.53    1.19
   8305.428    -0.118    -0.69    0.00
   8681.918    -0.118     0.00    0.00
   9058.320    -0.118     0.00    0.00
   9434.633    -0.118     0.00    0.00
   9810.859    -0.108     0.03    0.10
  10186.997    -0.118    -0.03    0.00
  10563.046    -0.118     0.00    0.00
  10939.008    -0.118     0.00    0.00
  11314.881    -0.109     0.03    0.10
  11690.667    -0.118    -0.03    0.00
  12066.366    -0.118     0.00    0.00
  12441.976    -0.118     0.00    0.00
  12817.499    -0.118     0.00    0.00
  13192.934    -0.118     0.00    0.00
  13568.282    -0.118     0.00    0.00
  13943.543    -0.099     0.05    0.14
  14318.716     0.047     0.39    0.51
  14693.801     0.196     0.40    0.64
  15068.800     0.427     0.61    0.83
  15443.711     0.661     0.62    0.96
  15818.535     0.821     0.43    0.98
  16193.272     1.162     0.91    1.13
  16567.922     1.427     0.71    1.20
  16942.485     2.392     2.57    3.28
  17316.961     4.745     6.28    7.65
  17691.350     6.968     5.94   10.10
  18065.653     6.396    -1.53    9.96
  18439.868     4.299    -5.60    8.34
  18813.997     1.482    -7.53    4.64
  19188.040    -0.050    -4.10    0.45
  19561.996    -0.118    -0.18    0.00
  19935.865    -0.118     0.00    0.00
  20309.648     0.106     0.60    1.64
  20683.345     0.982     2.34    4.52
  21056.955     2.392     3.77    7.42
  21430.479     4.639     6.02   11.18
  21803.917     5.730     2.92   11.99
  22177.269     5.092    -1.71   10.84
  22550.535     3.144    -5.22    7.66
  22923.714     1.177    -5.27    3.96
  23296.808     0.242    -2.51    1.02
  23669.816     0.151    -0.24    0.71
  24042.738     0.194     0.12    0.82
  24415.574     0.111    -0.23    0.74
  24788.325     0.060    -0.14    0.67
  25160.989    -0.070    -0.35    0.25
  25533.569    -0.108    -0.10    0.10
  25906.062    -0.118    -0.03    0.00
  26278.471    -0.108     0.03    0.10
  26650.793     0.098     0.55    0.74
  27023.031     0.263     0.44    0.93
  27395.183     1.076     2.18    2.79
  27767.249     3.453     6.39    6.29
  28139.231     5.272     4.89    7.58
  28511.128     6.806     4.12    8.42
  28882.939     6.892     0.23    8.53
  29254.665     5.978    -2.46    7.58
  29626.307     4.642    -3.60    6.20
  29997.863     4.529    -0.30    5.79
  30369.335     5.594     2.87    6.98
  30740.722     6.511     2.47    7.33
  31112.024     7.930     3.82    7.31
  31483.241     9.612     4.53    6.65
  31854.374    11.425     4.88    5.18
  32225.422    12.280     2.30    4.04
  32596.386    11.494    -2.12    3.99
  32967.265     9.767    -4.66    4.02
  33338.060     7.782    -5.35    3.55
  33708.771     6.517    -3.41    2.75
  34079.397     5.413    -2.98    2.30
  34449.939     4.132    -3.46    1.97
  34820.397     3.382    -2.02    1.70
  35190.771     3.372    -0.03    2.08
  35561.060     3.672     0.81    2.51
  35931.266     4.998     3.58    3.77
  36301.388     6.094     2.96    3.79
  36671.426     7.059     2.61    3.84
  37041.380     7.042    -0.05    3.44
  37411.250     6.640    -1.09    3.04
  37781.036     5.749    -2.41    3.12
  38150.739     5.235    -1.39    3.05
  38520.359     5.756     1.41    3.99
  38889.894     6.520     2.07    4.36
  39259.347     7.882     3.69    4.38
  39628.716     9.127     3.37    4.34
  39998.001     9.580     1.23    4.28
  40367.203     9.209    -1.00    4.48
  40736.322     8.037    -3.17    4.29
  41105.358     5.988    -5.55    3.62
  41474.310     5.282    -1.91    3.19
  41843.180     5.486     0.55    3.58
  42211.966     5.272    -0.58    3.27
  42580.669     5.194    -0.21    3.42
  42949.290     6.047     2.31    3.41
  43317.827     7.565     4.12    3.57
  43686.282     7.416    -0.40    4.09
  44054.654     7.142    -0.74    3.99
  44422.943     5.774    -3.71    3.84
  44791.150     4.449    -3.60    3.12
  45159.274     4.566     0.32    3.12
  45527.315     3.775    -2.15    2.69
  45895.274     2.672    -3.00    1.75
  46263.151     3.066     1.07    2.26
  46630.945     3.319     0.69    2.64
  46998.657     3.549     0.62    3.00
  47366.286     4.574     2.79    3.81
  47733.834     6.545     5.36    4.43
  48101.299     8.719     5.91    4.22
  48468.682     9.742     2.79    3.32
  48835.983     8.931    -2.21    3.49
  49203.202     6.901    -5.53    3.76
  49570.339     4.367    -6.90    3.21
  49937.394     2.746    -4.42    3.20
  50304.367     1.372    -3.74    2.55
  50671.259     0.449    -2.51    1.16
  51038.069     0.225    -0.61    0.62
  51404.797     0.245     0.05    0.48
  51771.443     0.368     0.34    0.50
  52138.008     0.482     0.31    0.49
  52504.492     0.630     0.40    0.48
  52870.894     1.112     1.32    1.11
  53237.214     1.539     1.17    1.30
  53603.454     1.921     1.04    1.62
  53969.612     1.832    -0.24    1.81
  54335.688     1.469    -0.99    1.65
  54701.684     1.362    -0.29    1.62
  55067.598     1.620     0.71    1.67
  55433.432     2.110     1.34    1.80
  55799.184     1.980    -0.35    1.83
  56164.855     1.783    -0.54    1.62
  56530.445     1.730    -0.14    1.48
  56895.955     1.542    -0.52    1.35
  57261.384     1.382    -0.44    1.09
  57626.732     1.309    -0.20    0.91
  57991.999     1.526     0.59    1.01
  58357.185     1.852     0.89    1.03
  58722.291     2.647     2.18    1.62
  59087.317     3.440     2.17    1.65
  59452.262     3.680     0.66    1.66
  59817.126     3.706     0.07    1.54
  60181.910     3.545    -0.44    1.54
  60552.103     2.921    -1.69    0.73
  60933.739     2.784    -0.36    0.57
  61315.284     2.782    -0.01    0.52
  61696.740     2.782     0.00    0.50
  62078.107     3.076     0.77    1.56
  62459.384     4.110     2.71    2.88
  62840.571     4.630     1.36    3.09
  63221.670     4.702     0.19    2.71
  63602.679     4.009    -1.82    1.88
  63983.599     3.032    -2.57    1.27
  64364.429     2.420    -1.61    1.24
  64745.171     2.442     0.06    2.18
  65125.824     2.591     0.39    2.65
  65506.387     2.751     0.42    2.68
  65886.862     3.202     1.19    2.59
  66267.248     4.614     3.71    3.02
  66647.545     4.209    -1.07    2.90
  67027.754     3.468    -1.95    2.87
  67407.874     3.080    -1.02    3.17
  67787.905     2.586    -1.30    3.13
  68167.848     2.036    -1.45    2.05
  68547.702     1.762    -0.72    1.62
  68927.468     1.441    -0.85    1.31
  69307.145     1.994     1.46    2.12
  69686.734     2.506     1.35    2.44
  70066.235     2.821     0.83    2.29
  70445.648     2.911     0.24    2.20
  70824.973     2.686    -0.59    1.90
  71204.210     3.212     1.39    2.41
  71583.358     3.852     1.69    2.58
  71962.419     3.833    -0.05    2.62
  72341.392     3.397    -1.15    2.13
  72720.277     3.049    -0.92    1.67
  73099.075     3.753     1.86    2.75
  73477.784     3.696    -0.15    2.61
  73856.406     3.090    -1.60    2.24
  74234.941     2.978    -0.30    2.12
  74613.388     3.357     1.00    2.77
  74991.747     5.149     4.74    3.44
  75370.020     6.472     3.50    3.22
  75748.204     6.982     1.35    3.37
  76126.302     5.940    -2.76    3.50
  76504.312     4.397    -4.08    3.03
  76882.236     4.402     0.01    3.57
  77260.072     5.428     2.72    5.21
  77637.821     7.392     5.20    5.62
  78015.483     8.978     4.20    5.22
  78393.058     9.707     1.93    4.38
  78770.547     9.004    -1.86    4.23
  79147.949     6.775    -5.91    5.00
  79525.263     4.605    -5.75    4.48
  79902.492     2.568    -5.40    3.47
  80279.633     1.309    -3.34    1.70
  80656.688     1.313     0.01    1.62
  81033.657     0.902    -1.09    0.84
  81410.539     0.921     0.05    0.68
  81787.335     1.092     0.45    0.86
  82164.044     1.288     0.52    0.89
  82540.667     1.612     0.86    0.78
  82917.204     2.012     1.06    1.01
  83293.655     3.853     4.89    4.13
  83670.020     6.742     7.68    6.48
  84046.299     9.500     7.33    7.52
  84422.491    10.423     2.45    7.25
  84798.598     9.494    -2.47    6.91
  85174.619     7.423    -5.51    5.50
  85550.554     8.290     2.31    5.43
  85926.404    10.314     5.38    6.64
  86302.168    10.969     1.75    6.83
  86677.846    10.090    -2.34    6.57
  87053.438     8.313    -4.73    5.94
  87428.945     6.714    -4.26    5.51
  87804.367     5.568    -3.05    4.85
  88179.703     5.039    -1.41    3.88
  88554.954     4.189    -2.26    2.83
  88930.120     4.258     0.18    2.94
  89305.200     3.209    -2.80    3.04
  89680.195     2.212    -2.66    2.20
  90055.106     2.599     1.03    2.66
  90429.931     3.166     1.51    2.97
  90804.671     5.882     7.25    4.60
  91179.326     7.813     5.15    4.78
  91553.896     8.229     1.11    5.05
  91928.382     6.588    -4.38    4.44
  92302.782     4.174    -6.45    1.69
  92677.098     3.764    -1.09    0.69
  93051.330     4.266     1.34    1.69
  93425.477     6.519     6.02    4.70
  93799.539     9.952     9.18    6.58
  94173.517    13.490     9.46    6.81
  94547.410    14.674     3.17    6.34
  94921.219    12.468    -5.90    6.84
  95294.943    10.602    -4.99    7.53
  95668.584    10.194    -1.09    7.68
  96042.140    12.353     5.78    8.11
  96415.612    16.067     9.94    7.11
  96789.000    18.304     5.99    5.52
  97162.304    15.763    -6.80    6.95
  97535.524    10.496   -14.11    8.58
  97908.660     6.322   -11.19    7.72
  98281.712     2.476   -10.31    3.32
  98654.681     1.232    -3.34    0.96
  99027.565     1.031    -0.54    0.48
  99400.366     1.011    -0.05    0.48
  99773.083     1.004    -0.02    0.50
 100145.717     1.372     0.99    1.51
 100518.267     2.986     4.33    3.93
 100890.734     5.565     6.92    5.09
 101263.117     7.758     5.89    4.78
 101635.417    10.598     7.63    6.43
 102007.634    13.256     7.14    8.28
 102379.767    17.417    11.18    9.26
 102751.817    19.625     5.93    8.68
 103123.784    22.352     7.33    7.63
 103495.668    23.029     1.82    7.29
 103867.469    21.160    -5.03    7.74
 104239.187    16.784   -11.77    9.48
 104610.822    10.443   -17.06    9.22
 104982.374     4.784   -15.23    6.72
 105353.844     1.821    -7.98    3.24
 105725.230     1.176    -1.74    1.00
 106096.534     1.468     0.79    1.29
 106467.755     1.662     0.52    1.51
 106838.894     2.021     0.97    1.82
 107209.950     1.973    -0.13    1.77
 107580.924     3.019     2.82    3.27
 107951.815     4.351     3.59    3.75
 108322.624     5.268     2.47    3.69
 108693.350     5.935     1.80    3.48
 109063.994     6.902     2.61    4.46
 109434.556     8.609     4.61    5.82
 109805.036    11.704     8.35    7.58
 110175.434    14.743     8.21    7.39
 110545.750    16.692     5.26    6.52
 110915.984    17.107     1.12    5.79
 111286.135    15.850    -3.40    5.22
 111656.205    15.545    -0.82    4.38
 112026.193    15.590     0.12    3.16
 112396.099    16.206     1.66    4.03
 112765.924    18.488     6.17    5.65
 113135.667    19.337     2.30    7.36
 113505.328    19.292    -0.12    7.28
 113874.908    17.518    -4.80    6.91
 114244.406    15.294    -6.02    5.33
 114613.823    15.054    -0.65    5.04
 114983.158    13.545    -4.08    4.40
 115352.412    12.637    -2.46    3.27
 115721.584    14.110     3.99    4.04
 116090.676    17.094     8.09    5.74
 116459.686    21.702    12.49    6.23
 116828.615    25.011     8.97    4.24
 117197.463    25.902     2.42    3.26
 117566.230    23.872    -5.50    4.76
 117934.916    20.512    -9.11    4.78
 118303.521    17.545    -8.05    4.23
 118672.045    16.609    -2.54    3.59
 119040.488    16.992     1.04    3.47
 119408.851    18.558     4.25    3.24
 119777.133    20.468     5.18    3.94
 120145.334    23.189     7.39    5.34
 120513.454    27.840    12.63    7.00
 120881.494    35.421    20.60   10.86
 121249.454    44.516    24.72   11.48
 121617.333    52.357    21.31    9.72
 121985.131    57.943    15.18    5.87
 122352.849    60.852     7.91    4.81
 122720.487    60.902     0.14    6.12
 123088.045    59.047    -5.05    7.25
 123455.523    56.090    -8.05    7.73
 123822.920    52.299   -10.32    7.22
 124190.237    50.392    -5.19    6.19
 124557.474    50.589     0.54    5.65
 124924.632    54.753    11.34    9.58
 125291.709    60.941    16.86   11.34
 125658.706    68.923    21.75    9.71
 126025.624    73.872    13.49    6.30
 126392.462    77.705    10.45    2.74
 126759.220    80.931     8.80    4.67
 127125.898    84.157     8.80    5.86
 127492.497    88.452    11.71    5.55
 127859.016    91.922     9.47    3.77
 128225.455    93.084     3.17    3.48
 128591.816    92.562    -1.42    4.10
 128958.096    91.045    -4.14    4.36
 129324.298    87.298   -10.23    7.02
 129690.420    83.209   -11.17    7.88
 130056.463    81.962    -3.41    8.24
 130422.426    86.782    13.17   14.09
 130788.311    98.974    33.32   19.16
 131154.116   111.402    33.97   16.08
 131519.842   120.642    25.26    8.52
 131885.489   122.605     5.37    8.55
 132251.057   121.811    -2.17    9.51
 132616.547   118.422    -9.27   11.19
 132981.957   114.090   -11.85   13.55
 133347.289   107.727   -17.41   13.05
 133712.542   104.694    -8.30    9.98
 134077.716   105.645     2.61    9.75
 134442.811   115.332    26.53   15.95
 134807.828   128.331    35.61   19.56
 135172.987   148.472    55.15   24.04
 135554.452   170.352    57.35   28.35
 135935.830   191.525    55.51   24.40
 136317.120   198.710    18.84   18.48
 136698.323   192.592   -16.05   24.05
 137079.439   180.072   -32.85   22.81
 137460.467   171.872   -21.52   11.58
 137841.409   176.484    12.11   14.65
 138222.264   192.562    42.21   20.94
 138603.032   215.122    59.24   30.40
 138983.713   250.762    93.61   42.92
 139364.307   279.682    75.98   42.71
 139744.814   297.102    45.78   34.28
 140125.235   290.246   -18.02   38.76
 140505.569   270.015   -53.19   35.60
 140885.817   262.302   -20.28   25.70
 141265.978   269.013    17.65   25.74
 141646.052   292.286    61.23   33.89
 142026.040   332.045   104.62   46.85
 142405.942   375.212   113.62   56.26
 142785.758   416.771   109.41   43.20
 143165.487   436.813    52.77   31.31
 143545.130   426.831   -26.29   42.22
 143924.687   387.615  -103.31   59.51
 144304.158   333.392  -142.88   65.83
 144683.543   300.107   -87.72   51.57
 145062.842   298.157    -5.14   48.75
 145442.055   338.632   106.72   75.53
 145821.182   395.738   150.61   75.78
 146200.224   424.509    75.90   72.56
 146579.180   424.624     0.30   94.32
 146958.050   394.422   -79.71  100.97
 147336.835   348.514  -121.19   81.52
 147715.534   322.258   -69.32   59.06
 148094.147   301.552   -54.68   33.15
 148472.676   293.813   -20.44   19.95
 148851.118   293.534    -0.74   19.07
 149229.476   314.114    54.39   49.54
 149607.748   336.124    58.18   64.36
 149985.935   361.082    65.99   69.65
 150364.037   387.469    69.78   68.98
 150742.054   412.773    66.93   75.29
 151119.986   462.754   132.24   93.87
 151497.833   498.246    93.92   98.03
 151875.595   524.271    68.89   87.14
 152253.272   522.802    -3.89   76.81
 152630.864   493.205   -78.38   89.56
 153008.371   459.545   -89.15   86.71
 153385.794   432.066   -72.80   76.51
 153763.133   414.074   -47.68   62.67
 154140.386   407.632   -17.07   51.92
 154517.555   416.102    22.45   51.27
 154894.640   424.902    23.33   50.02
 155271.640   438.642    36.44   52.15
 155648.556   451.508    34.13   56.00
 156025.388   460.372    23.52   57.40
 156402.135   464.892    12.00   49.38
 156778.798   473.402    22.59   52.18
 157155.377   497.104    62.93   74.12
 157531.872   531.137    90.38   93.68
 157908.283   559.130    74.36   96.69
 158284.610   567.913    23.34   91.67
 158660.854   563.640   -11.36   72.51
 159037.013   552.667   -29.17   58.88
 159413.088   545.528   -18.98   48.57
 159789.080   547.830     6.12   47.52
 160164.988   567.042    51.10   57.78
 160540.813   593.675    70.86   54.41
 160916.553   608.239    38.76   47.62
 161292.211   590.366   -47.57   55.39
 161667.785   561.266   -77.47   64.03
 162043.275   526.719   -92.00   68.80
 162418.682   494.617   -85.50   65.20
 162794.006   470.174   -65.12   61.98
 163169.246   448.953   -56.55   55.68
 163544.404   425.922   -61.38   45.84
 163919.478   401.418   -65.32   38.43
 164294.469   377.023   -65.05   36.55
 164669.377   361.964   -40.16   30.02
 165044.202   356.316   -15.06   32.92
 165418.945   366.478    27.11   48.49
 165793.604   386.438    53.27   54.18
 166168.180   405.201    50.09   46.94
 166542.674   411.612    17.12   39.01
 166917.085   412.276     1.77   33.39
 167291.414   395.831   -43.93   34.38
 167665.660   373.284   -60.24   40.69
 168039.823   345.609   -73.96   41.34
 168413.904   317.913   -74.03   31.99
 168787.902   292.575   -67.74   29.80
 169161.818   273.423   -51.21   26.10
 169535.652   259.209   -38.02   20.04
 169909.403   252.302   -18.48   19.59
 170283.072   247.337   -13.29   21.47
 170656.659   242.831   -12.06   21.31
 171030.164   236.707   -16.40   18.33
 171403.587   231.212   -14.71   13.42
 171776.928   228.587    -7.03   13.22
 172150.187   227.762    -2.21   15.28
 172523.364   227.893     0.35   17.31
 172896.459   227.761    -0.35   18.32
 173269.472   223.903   -10.34   15.67
 173642.404   219.609   -11.51   11.90
 174015.254   215.665   -10.58    9.04
 174388.022   209.640   -16.16    8.93
 174760.709   204.622   -13.46    8.21
 175133.314   202.256    -6.35    6.41
 175505.838   201.147    -2.98    5.82
 175878.280   205.535    11.78   10.05
 176250.641   212.780    19.45   14.98
 176622.921   222.934    27.27   20.00
 176995.119   234.589    31.31   21.13
 177367.236   249.936    41.24   25.70
 177739.272   271.592    58.20   36.93
 178111.227   300.741    78.36   53.06
 178483.101   339.280   103.62   58.27
 178854.894   367.029    74.63   50.10
 179226.606   372.084    13.60   51.66
 179598.237   353.276   -50.60   60.77
 179969.787   317.871   -95.28   55.28
 180341.256   308.202   -26.03   47.77
 180712.645   330.504    60.05   68.71
 181083.953   374.678   118.95   75.68
 181455.180   417.693   115.86   51.98
 181826.327   430.474    34.43   50.36
 182197.393   429.632    -2.27   60.72
 182568.379   405.407   -65.29   63.48
 182939.284   383.872   -58.06   50.88
 183310.109   371.682   -32.87   37.25
 183680.853   372.799     3.01   40.60
 184051.518   386.076    35.82   41.08
 184422.102   397.290    30.26   30.86
 184792.606   397.341     0.14   24.13
 185163.029   388.851   -22.92   30.69
 185533.373   370.050   -50.76   39.29
 185903.637   348.260   -58.84   40.61
 186273.821   326.212   -59.55   37.66
 186643.924   313.566   -34.16   32.19
 187013.948   305.707   -21.24   30.88
 187383.893   299.362   -17.15   29.84
 187753.757   290.361   -24.33   31.18
 188123.542   275.729   -39.56   32.32
 188493.247   255.147   -55.66   33.63
 188862.872   231.796   -63.17   28.58
 189232.418   216.347   -41.80   20.74
 189601.884   207.121   -24.97   13.36
 189971.271   203.922    -8.66   11.63
 190340.579   206.148     6.03   11.96
 190709.807   214.592    22.87   16.20
 191078.956   225.059    28.35   19.48
 191448.025   240.480    41.78   20.45
 191817.016   253.341    34.85   16.98
 192185.927   262.504    24.84   13.95
 192554.759   268.325    15.78   15.19
 192923.512   276.205    21.36   19.03
 193292.186   289.270    35.43   21.81
 193660.781   304.110    40.26   23.83
 194029.298   321.508    47.20   22.76
 194397.735   336.501    40.69   23.94
 194766.094   355.821    52.44   30.36
 195134.373   368.780    35.18   27.52
 195502.574   371.443     7.23   27.50
 195870.697   356.964   -39.33   37.50
 196238.741   329.849   -73.66   40.96
 196606.706   301.965   -75.77   32.44
 196974.593   282.441   -53.06   28.29
 197342.401   268.653   -37.48   27.49
 197710.131   258.038   -28.86   27.70
 198077.783   257.953    -0.23   29.95
 198445.356   262.872    13.38   34.86
 198812.851   270.351    20.35   36.56
 199180.268   278.042    20.93   32.84
 199547.607   284.025    16.28   26.11
 199914.868   290.902    18.72   26.82
 200282.050   307.286    44.61   30.46
 200649.155   332.260    68.02   37.26
 201016.181   359.278    73.60   38.54
 201383.130   385.035    70.18   31.10
 201750.001   397.433    33.79   18.48
 202116.794   396.022    -3.85   20.96
 202483.509   381.604   -39.31   33.61
 202850.147   360.762   -56.84   36.32
 203216.707   360.397    -1.00   37.39
 203583.189   371.635    30.66   47.36
 203949.594   392.593    57.19   55.49
 204315.921   410.820    49.75   55.99
 204682.171   406.059   -13.00   64.56
 205048.343   407.983     5.25   61.69
 205414.438   430.838    62.42   73.45
 205780.456   470.035   107.08   78.26
 206146.396   507.450   102.23   57.37
 206512.259   503.480   -10.85   57.15
 206878.045   474.315   -79.72   60.12
 207243.754   442.933   -85.80   46.89
 207609.386   435.474   -20.40   47.18
 207974.941   451.640    44.22   53.31
 208340.418   491.397   108.77   56.13
 208705.819   517.446    71.28   47.28
 209071.143   523.188    15.72   39.04
 209436.390   522.933    -0.70   45.79
 209801.560   515.038   -21.62   57.26
 210178.164   500.129   -39.58   56.01
 210559.373   497.168    -7.77   54.17
 210940.497   488.542   -22.63   46.57
 211321.536   473.787   -38.72   38.62
 211702.490   451.341   -58.91   36.84
 212083.359   423.257   -73.73   42.28
 212464.143   390.542   -85.90   49.66
 212844.843   351.488  -102.57   51.79
 213225.458   329.840   -56.87   52.59
 213605.988   327.893    -5.12   58.88
 213986.434   324.810    -8.10   64.60
 214366.795   294.676   -79.21   96.28
 214747.072   233.556  -160.70  114.89
 215127.265   155.985  -204.00   85.93
 215507.373   111.924  -115.90   38.00
 215887.397    96.850   -39.66   11.07
 216267.336    96.006    -2.22   10.03
 216647.192    95.635    -0.98    9.86
 217026.963    92.819    -7.41    9.36
 217406.650    88.934   -10.23    6.91
 217786.253    86.748    -5.76    7.09
 218165.772    84.787    -5.17    7.91
 218545.208    81.975    -7.41    7.23
 218924.559    79.402    -6.78    4.77
 219303.827    78.177    -3.23    0.80
 219683.011    78.642     1.23    0.50
 220062.111    78.789     0.39    0.29
 220441.128    78.808     0.05    0.42
 220820.061    79.017     0.55    0.61
 221198.910    79.316     0.79    0.66
 221577.676    79.511     0.51    0.55
 221956.359    79.461    -0.13    0.50
 222334.958    79.257    -0.54    0.60
 222713.474    81.271     5.32    4.56
 223091.907    84.778     9.26    6.63
 223470.256    89.964    13.71    7.52
 223848.522    95.542    14.74    6.64
 224226.706    99.903    11.53    4.04
 224604.806   101.800     5.02    3.06
 224982.823   101.735    -0.17    3.92
 225360.757    99.593    -5.66    4.86
 225738.609    96.569    -8.00    5.10
 226116.377    94.177    -6.33    3.95
 226494.063    92.769    -3.73    2.17
 226871.666    92.013    -2.00    0.47
 227249.187    91.925    -0.23    0.20
 227626.625    91.953     0.08    0.30
 228003.980    91.978     0.06    0.33
 228381.253    91.976    -0.01    0.33
 228758.443    91.946    -0.08    0.29
 229135.551    91.994     0.13    0.38
 229512.577    92.215     0.59    0.67
 229889.520    92.455     0.64    0.97
 230266.381    92.571     0.31    1.00
 230643.160    93.347     2.06    2.16
 231019.857    94.165     2.17    2.94
 231396.471    94.781     1.64    2.86
 231773.004    94.938     0.42    2.95
 232149.455    93.872    -2.83    2.77
 232525.824    93.132    -1.96    1.81
 232902.111    93.392     0.69    2.12
 233278.316    94.488     2.91    2.44
 233654.439    95.486     2.65    2.37
 234030.481    97.033     4.11    3.50
 234406.441   101.934    13.03   10.67
 234782.319   114.282    32.85   26.51
 235158.116   144.402    80.14   48.07
 235533.831   176.274    84.81   51.99
 235909.465   213.470    99.01   47.63
 236285.018   231.569    48.19   43.27
 236660.489   238.330    18.00   45.17
 237035.879   237.809    -1.39   42.34
 237411.187   240.841     8.08   34.80
 237786.415   248.569    20.59   31.57
 238161.561   268.566    53.29   28.86
 238536.626   282.738    37.78   23.15
 238911.610   287.495    12.68   17.39
 239286.514   283.236   -11.36   21.11
 239661.336   267.265   -42.60   30.21
 240036.077   243.861   -62.44   34.72
 240410.738   222.015   -58.30   32.39
 240785.318   203.573   -49.23   33.01
 241159.817   194.871   -23.23   30.47
 241534.236   199.202    11.56   26.56
 241908.573   215.208    42.75   33.17
 242282.831   248.157    88.02   43.79
 242657.007   280.882    87.44   35.44
 243031.104   299.801    50.56   22.25
 243405.120   302.033     5.96   20.62
 243779.055   283.562   -49.39   33.33
 244152.910   259.276   -64.95   37.08
 244526.685   226.367   -88.03   34.17
 244900.380   202.902   -62.78   29.07
 245273.995   182.871   -53.60   22.67
 245647.529   167.080   -42.27   17.16
 246020.984   156.122   -29.34   13.62
 246394.358   150.619   -14.74   10.52
 246767.653   149.063    -4.17   10.14
 247140.867   148.696    -0.98   10.22
 247514.002   148.489    -0.56    9.94
 247887.057   146.098    -6.41   10.12
 248260.032   142.926    -8.50    8.46
 248632.928   143.246     0.86    7.71
 249005.744   148.175    13.22   11.28
 249378.480   159.707    30.93   16.37
 249751.137   172.773    35.06   17.62
 250123.714   189.552    45.03   19.50
 250496.212   199.714    27.27   15.53
 250868.630   207.924    22.04   10.85
 251240.969   212.061    11.11    8.42
 251613.229   213.050     2.66    7.28
 251985.409   210.226    -7.59   10.29
 252357.511   201.205   -24.24   15.53
 252729.533   190.187   -29.61   15.67
 253101.476   182.116   -21.70   10.15
 253473.340   186.068    10.62   16.73
 253845.125   199.682    36.61   25.35
 254216.831   220.925    57.14   26.74
 254588.458   239.530    50.06   20.10
 254960.006   245.590    16.31   18.39
 255331.476   243.456    -5.74   22.17
 255702.867   233.345   -27.22   24.90
 256074.179   220.301   -35.12   22.60
 256445.412   209.181   -29.95   17.59
 256816.567   204.959   -11.37   13.76
 257187.643   206.911     5.26   13.96
 257558.641   215.485    23.11   15.53
