# NaN NaN NaN ;Mean Elev.(m), Avg Gradient(m/km), RMS Gradient(m/km) - SRTM1     
#   -4.014     NaN     NaN ;Mean Elev.(m), Avg Gradient(m/km), RMS Gradient(m/km) - ASTER GDEM
#    5.427  -4.486  11.163 ;Mean Elev.(m), Avg Gradient(m/km), RMS Gradient(m/km) - GMTED2010 
  7     4.682 52456.41302949 40.98 158.781868  68.702519 17.229
  7     4.921 52456.41303013 43.63 158.777918  68.705549 17.229
  7     4.664 52456.41303078 43.04 158.773968  68.708569 17.229
  7     4.340 52456.41303142 43.39 158.770018  68.711599 17.229
  7     4.399 52456.41303207 45.35 158.766078  68.714629 17.229
  7     4.303 52456.41303271 44.93 158.762126  68.717648 22.783
  7     4.219 52456.41303336 48.40 158.758166  68.720678 22.783
 10     1.511 52561.41303106 32.61 158.774038  68.702555 17.520
 10     1.368 52561.41303171 41.51 158.770088  68.705585 17.520
 10     2.511 52561.41303235 37.90 158.766138  68.708605 17.520
 10     1.465 52561.41303300 36.04 158.762188  68.711631 14.647
 10     1.256 52561.41303364 39.33 158.758238  68.714661 14.647
 10     1.098 52561.41303428 38.64 158.754288  68.717691 14.647
 10     1.178 52561.41303493 36.24 158.750328  68.720711 14.647
 12     8.636 52631.41298262 18.23 158.769321  68.703976  4.620
 12     8.064 52631.41298327 18.79 158.765371  68.706996  4.620
 12     7.176 52631.41298391 19.23 158.761423  68.710020  3.687
 12     5.499 52631.41298456 19.45 158.757473  68.713050  3.687
 12     4.570 52631.41298520 18.56 158.753513  68.716080  3.687
 12     3.180 52631.41298585 18.44 158.749563  68.719100  3.687
 15     9.037 52736.41301500 14.17 158.788053  68.705556  1.954
 15     8.301 52736.41301564 13.88 158.784113  68.708586  1.954
 15     7.817 52736.41301629 14.38 158.780163  68.711606  1.954
 15     6.797 52736.41301693 14.16 158.776213  68.714636  1.954
 15     5.536 52736.41301758 13.64 158.772263  68.717656  1.954
 15     3.548 52736.41301822 13.74 158.768313  68.720686  1.954
 17     9.214 52806.41303873 21.06 158.766174  68.701785 13.667
 17     9.178 52806.41303938 16.85 158.762224  68.704815 13.667
 17     8.379 52806.41304002 15.08 158.758274  68.707835 13.667
 17     7.998 52806.41304067 14.95 158.754324  68.710865 13.667
 17     7.018 52806.41304131 15.24 158.750374  68.713885 13.667
 17     6.975 52806.41304195 16.21 158.746414  68.716915 13.667
 17     7.470 52806.41304260 20.97 158.742467  68.719943 30.839
 18     2.313 52841.41309830 25.57 158.771977  68.702331 15.794
 18     2.236 52841.41309894 23.49 158.768027  68.705351 15.794
 18     2.203 52841.41309959 18.95 158.764077  68.708381 15.794
 18     1.915 52841.41310023 19.45 158.760127  68.711401 15.794
 18     5.538 52841.41310088 15.19 158.756177  68.714431 15.794
 18     6.380 52841.41310152 15.40 158.752227  68.717461 15.794
 18     6.957 52841.41310217 16.06 158.748267  68.720481 15.794
 19     2.209 52876.41313723 26.87 158.773938  68.703600 15.344
 19     1.701 52876.41313787 26.12 158.769998  68.706620 15.344
 19     1.442 52876.41313852 21.98 158.766048  68.709650 15.344
 19     0.603 52876.41313916 19.51 158.762088  68.712680 15.344
 19     0.515 52876.41313981 17.45 158.758138  68.715700 15.344
 19     6.399 52876.41314045 16.56 158.754188  68.718730 15.344
 20     0.859 52911.41309984 37.68 158.796078  68.706439  9.100
 20     0.878 52911.41310049 28.67 158.792128  68.709459  9.100
 20     0.650 52911.41310113 25.85 158.788178  68.712489  9.100
 20     0.930 52911.41310178 23.81 158.784238  68.715519  9.100
 20     1.299 52911.41310242 32.91 158.780288  68.718539  9.100
 20     1.611 52911.41310307 42.06 158.776328  68.721569  9.100
 23     8.723 53016.41308840 15.84 158.790097  68.702895  2.499
 23     8.366 53016.41308904 15.65 158.786147  68.705925  2.499
 23     7.906 53016.41308969 15.36 158.782207  68.708945  2.499
 23     6.633 53016.41309033 15.34 158.778257  68.711975  2.499
 23     5.612 53016.41309097 15.18 158.774307  68.715005  2.499
 23     4.389 53016.41309162 15.41 158.770357  68.718025  2.499
 23     2.531 53016.41309226 15.62 158.766407  68.721055  2.499
 24     8.431 53051.41306623 14.57 158.771650  68.702351  2.533
 24     7.844 53051.41306688 15.12 158.767700  68.705381  2.533
 24     6.855 53051.41306752 15.38 158.763750  68.708401  2.533
 24     5.769 53051.41306817 15.20 158.759800  68.711431  2.533
 24     4.814 53051.41306881 15.14 158.755840  68.714451  2.533
 24     3.395 53051.41306946 15.24 158.751890  68.717481  2.533
 24     2.105 53051.41307010 15.53 158.747940  68.720511  2.533
 25     8.036 53086.41310279 13.44 158.782237  68.704222  2.530
 25     7.990 53086.41310343 13.42 158.778287  68.707242  2.530
 25     7.339 53086.41310407 13.20 158.774347  68.710272  2.530
 25     6.102 53086.41310472 13.15 158.770397  68.713302  2.530
 25     4.730 53086.41310536 13.48 158.766447  68.716322  2.530
 25     3.667 53086.41310601 13.25 158.762497  68.719352  2.530
 26     8.006 53121.41307315 13.83 158.770062  68.703277  2.570
 26     7.530 53121.41307380 13.60 158.766112  68.706297  2.570
 26     6.787 53121.41307444 13.69 158.762162  68.709327  2.570
 26     5.524 53121.41307509 13.87 158.758212  68.712347  2.570
 26     4.641 53121.41307573 14.35 158.754262  68.715377  2.570
 26     2.988 53121.41307638 13.51 158.750312  68.718407  2.570
 26     1.638 53121.41307702 13.86 158.746352  68.721427  2.570
 28     6.971 53191.41311975 24.33 158.784226  68.705464 17.400
 28     6.455 53191.41312039 25.20 158.780286  68.708484 17.400
 28     6.423 53191.41312104 20.99 158.776326  68.711514 17.400
 28     6.428 53191.41312168 16.05 158.772376  68.714544 17.400
 28     6.773 53191.41312233 15.21 158.768426  68.717564 17.400
 28     7.147 53191.41312297 18.69 158.764482  68.720590 32.912
 29    10.032 53226.41312338 20.92 158.790056  68.703152 12.425
 29     8.762 53226.41312402 19.93 158.786116  68.706172 12.425
 29     6.285 53226.41312467 21.89 158.782166  68.709202 12.425
 29     5.559 53226.41312531 19.43 158.778216  68.712232 12.425
 29     4.636 53226.41312596 19.55 158.774266  68.715252 12.425
 29     3.242 53226.41312660 19.82 158.770316  68.718282 12.425
 29     6.865 53226.41312724 20.01 158.766366  68.721312 12.425
 30     9.126 53261.41309762 21.31 158.790238  68.705499 19.964
 30     6.372 53261.41309827 23.36 158.786298  68.708519 19.964
 30     5.954 53261.41309891 22.49 158.782348  68.711549 19.964
 30     4.648 53261.41309956 23.92 158.778398  68.714579 19.964
 30     1.885 53261.41310020 21.62 158.774448  68.717599 19.964
 30     1.870 53261.41310085 36.53 158.770498  68.720629 19.964
 31     8.288 53296.41313074 27.25 158.766952  68.701301 14.629
 31     2.440 53296.41313139 36.17 158.763002  68.704331 14.629
 31     2.840 53296.41313203 35.59 158.759052  68.707361 14.629
 31     2.267 53296.41313268 35.91 158.755102  68.710381 14.629
 31     2.224 53296.41313332 40.39 158.751152  68.713411 14.629
 31     2.070 53296.41313397 41.68 158.747202  68.716441 14.629
 31     2.044 53296.41313461 37.89 158.743252  68.719461 14.629
 32     9.176 53331.41310276 14.25 158.783651  68.702288  2.694
 32     8.496 53331.41310341 13.92 158.779701  68.705308  2.694
 32     8.167 53331.41310405 13.48 158.775751  68.708338  2.694
 32     6.973 53331.41310470 14.00 158.771801  68.711368  2.694
 32     5.915 53331.41310534 13.74 158.767851  68.714388  2.694
 32     4.948 53331.41310598 14.18 158.763901  68.717418  2.694
 32     3.467 53331.41310663 13.95 158.759951  68.720448  2.694
 34     8.740 53401.41307718 10.83 158.773293  68.704278  2.409
 34     7.922 53401.41307782 11.26 158.769343  68.707308  2.409
 34     7.346 53401.41307846 10.77 158.765393  68.710338  2.409
 34     6.236 53401.41307911 10.85 158.761443  68.713358  2.409
 34     5.110 53401.41307975 11.11 158.757493  68.716388  2.409
 34     3.381 53401.41308040 10.89 158.753533  68.719418  2.409
 35     9.799 53436.41306618 11.85 158.792429  68.704663  2.256
 35     8.901 53436.41306683 11.68 158.788479  68.707683  2.256
 35     8.399 53436.41306747 11.43 158.784539  68.710713  2.256
 35     7.466 53436.41306812 11.47 158.780589  68.713743  2.256
 35     6.510 53436.41306876 11.52 158.776639  68.716763  2.256
 35     5.398 53436.41306940 11.61 158.772689  68.719793  2.256
 36     9.153 53471.41311670 10.68 158.768903  68.703324  2.500
 36     8.251 53471.41311734 10.74 158.764953  68.706354  2.500
 36     7.501 53471.41311799 10.57 158.761003  68.709374  2.500
 36     6.593 53471.41311863 10.94 158.757053  68.712404  2.500
 36     5.496 53471.41311928 11.00 158.753103  68.715434  2.500
 36     4.291 53471.41311992 10.95 158.749153  68.718454  2.500
 36     2.599 53471.41312057 11.24 158.745195  68.721484  2.411
 37     8.535 53506.41314999  8.28 158.780416  68.702218  2.307
 37     8.116 53506.41315064  7.92 158.776466  68.705238  2.307
 37     6.369 53506.41315128  7.97 158.772516  68.708268  2.307
 37     5.661 53506.41315193  7.79 158.768566  68.711298  2.307
 37     5.473 53506.41315257  7.81 158.764616  68.714318  2.307
 37     5.932 53506.41315322  7.69 158.760666  68.717348  2.307
 37     6.765 53506.41315386  8.68 158.756716  68.720378  2.307
 38     7.081 53541.41315442 32.56 158.781498  68.702046 14.192
 38     6.749 53541.41315507 25.15 158.777558  68.705076 14.192
 38     6.318 53541.41315571 22.00 158.773608  68.708106 14.192
 38     6.034 53541.41315636 18.95 158.769658  68.711126 14.192
 38     6.189 53541.41315700 15.78 158.765708  68.714156 14.192
 38     6.767 53541.41315765 15.86 158.761758  68.717186 14.192
 38     7.214 53541.41315829 20.13 158.757808  68.720206 14.192
 39     2.357 53576.41314454 37.89 158.786478  68.704856 15.606
 39     2.615 53576.41314519 35.41 158.782528  68.707876 15.606
 39     2.562 53576.41314583 38.43 158.778578  68.710906 15.606
 39     2.375 53576.41314648 35.73 158.774638  68.713936 15.606
 39     2.312 53576.41314712 32.75 158.770678  68.716956 15.606
 39     2.503 53576.41314777 43.19 158.766728  68.719986 15.606
 40     8.963 53611.41309594 21.73 158.794221  68.704385 19.847
 40     6.396 53611.41309658 28.09 158.790281  68.707405 19.847
 40     6.085 53611.41309722 25.03 158.786331  68.710435 19.847
 40     5.343 53611.41309787 23.17 158.782381  68.713465 19.847
 40     6.361 53611.41309851 17.25 158.778431  68.716485 19.847
 40     6.745 53611.41309916 14.74 158.774481  68.719515 19.847
 41     6.967 53646.41310071 31.37 158.769027  68.703823 16.518
 41     7.093 53646.41310136 24.93 158.765077  68.706853 16.518
 41     6.962 53646.41310200 20.02 158.761117  68.709883 16.518
 41     6.027 53646.41310265 19.32 158.757167  68.712903 16.518
 41     5.951 53646.41310329 16.96 158.753217  68.715933 16.518
 41     6.771 53646.41310394 16.94 158.749267  68.718953 16.518
 41     6.977 53646.41310458 23.03 158.745307  68.721983 16.518
 42     8.863 53681.41311658 22.71 158.780118  68.703685  7.812
 42     7.615 53681.41311722 25.20 158.776168  68.706705  7.812
 42     0.808 53681.41311787 27.86 158.772218  68.709735  7.812
 42     0.760 53681.41311851 29.34 158.768268  68.712765  7.812
 42     0.672 53681.41311916 29.39 158.764318  68.715785  7.812
 42     0.379 53681.41311980 29.44 158.760368  68.718815  7.812
 43     9.272 53716.41304441 20.19 158.792632  68.706700  4.981
 43     8.408 53716.41304506 21.36 158.788682  68.709720  4.981
 43     7.605 53716.41304570 21.37 158.784732  68.712750  4.981
 43     0.638 53716.41304635 22.63 158.780792  68.715780  4.981
 43     0.579 53716.41304699 22.54 158.776832  68.718800  4.981
 43     0.444 53716.41304764 21.74 158.772882  68.721830  4.981
 44     9.201 53751.41296233 17.43 158.773530  68.701732  3.551
 44     8.345 53751.41296297 17.55 158.769580  68.704752  3.551
 44     7.396 53751.41296362 17.28 158.765630  68.707782  3.551
 44     6.693 53751.41296426 18.06 158.761680  68.710802  3.551
 44     4.609 53751.41296491 19.65 158.757730  68.713832  3.551
 44     3.989 53751.41296555 18.01 158.753770  68.716862  3.551
 44     2.009 53751.41296620 18.26 158.749820  68.719882  3.551
 45     9.707 53786.41299248 12.84 158.789488  68.703854  2.531
 45     8.976 53786.41299313 12.98 158.785538  68.706874  2.531
 45     8.307 53786.41299377 12.74 158.781588  68.709904  2.531
 45     7.303 53786.41299442 12.51 158.777638  68.712934  2.531
 45     5.440 53786.41299506 12.96 158.773688  68.715954  2.531
 45     4.171 53786.41299570 12.56 158.769738  68.718984  2.531
 46     9.725 53821.41294910 14.00 158.801417  68.707759  2.431
 46     8.745 53821.41294974 13.57 158.797467  68.710789  2.431
 46     8.384 53821.41295039 13.50 158.793527  68.713819  2.431
 46     7.254 53821.41295103 13.51 158.789577  68.716839  2.431
 46     5.688 53821.41295167 13.88 158.785627  68.719869  2.431
 46     0.947 53821.41295232 13.78 158.781677  68.722899  2.431
 47     9.041 53856.41303745 12.46 158.771426  68.702302  2.456
 47     8.784 53856.41303809 12.29 158.767476  68.705332  2.456
 47     7.843 53856.41303874 12.30 158.763526  68.708352  2.456
 47     6.775 53856.41303938 12.37 158.759576  68.711382  2.456
 47     6.009 53856.41304003 12.07 158.755626  68.714402  2.456
 47     4.563 53856.41304067 12.66 158.751676  68.717432  2.456
 47     2.880 53856.41304131 12.15 158.747716  68.720462  2.456
 48     8.176 53891.41304960 28.09 158.781372  68.704665 18.509
 48     6.173 53891.41305024 28.37 158.777422  68.707695 18.509
 48     6.642 53891.41305089 29.29 158.773472  68.710715 18.509
 48     6.979 53891.41305153 30.60 158.769522  68.713745 18.509
 48     7.032 53891.41305218 32.09 158.765572  68.716775 18.509
 48     7.312 53891.41305282 40.59 158.761612  68.719795 18.509
 49     8.140 53926.41311198 16.80 158.767746  68.703852 15.199
 49     8.185 53926.41311263 13.60 158.763806  68.706872 15.199
 49     7.152 53926.41311327 14.18 158.759856  68.709902 15.199
 49     6.420 53926.41311392 13.54 158.755906  68.712932 15.199
 49     6.711 53926.41311456 13.54 158.751956  68.715952 15.199
 49     7.306 53926.41311521 14.85 158.747996  68.718982 15.199
 49     7.195 53926.41311585 26.06 158.744046  68.722002 15.199
 50     7.079 53961.41309732 19.83 158.783419  68.703466 11.380
 50     8.251 53961.41309797 16.46 158.779469  68.706496 11.380
 50     7.616 53961.41309861 15.15 158.775519  68.709526 11.380
 50     6.650 53961.41309926 13.82 158.771579  68.712546 11.380
 50     6.104 53961.41309990 12.20 158.767629  68.715576 11.380
 50     6.661 53961.41310055 12.39 158.763679  68.718606 11.380
 50     6.827 53961.41310119 22.27 158.759729  68.721626 11.380
 51     8.935 53996.41303886 16.76 158.758788  68.703000 10.226
 51     8.852 53996.41303950 14.18 158.754828  68.706030 10.226
 52     8.161 54031.41309194 25.41 158.772906  68.704141 12.383
 52     0.997 54031.41309259 27.73 158.768956  68.707171 12.383
 52     0.863 54031.41309323 29.75 158.765006  68.710191 12.383
 52     1.010 54031.41309388 31.74 158.761046  68.713221 12.383
 52     1.096 54031.41309452 35.56 158.757096  68.716251 12.383
 52     1.121 54031.41309517 34.35 158.753146  68.719271 12.383
 53     9.330 54066.41308556 13.52 158.785566  68.705468  2.649
 53     8.377 54066.41308620 13.29 158.781616  68.708498  2.649
 53     7.757 54066.41308685 13.33 158.777666  68.711528  2.649
 53     6.728 54066.41308749 13.09 158.773716  68.714548  2.649
 53     5.426 54066.41308814 13.64 158.769766  68.717578  2.649
 53     4.185 54066.41308878 13.59 158.765816  68.720598  2.649
 54     9.420 54101.41304756 11.58 158.791623  68.705895  2.208
 54     8.711 54101.41304820 11.22 158.787673  68.708925  2.208
 54     7.710 54101.41304885 11.34 158.783723  68.711955  2.208
 54     7.257 54101.41304949 11.05 158.779783  68.714975  2.208
 54     6.057 54101.41305014 11.15 158.775833  68.718005  2.208
 54     4.514 54101.41305078 11.01 158.771883  68.721035  2.208
 55     9.124 54136.41301250 10.16 158.772864  68.701965  2.329
 55     8.468 54136.41301315 10.50 158.768914  68.704995  2.329
 55     7.612 54136.41301379 10.54 158.764964  68.708015  2.329
 55     6.816 54136.41301444 10.08 158.761014  68.711045  2.329
 55     5.943 54136.41301508 10.34 158.757064  68.714065  2.329
 55     4.927 54136.41301573 10.08 158.753104  68.717095  2.329
 55     3.325 54136.41301637 10.59 158.749154  68.720125  2.329
 57     9.383 54206.41301759  8.44 158.770565  68.701899  2.757
 57     8.453 54206.41301824  8.90 158.766615  68.704929  2.757
 57     7.595 54206.41301888  8.32 158.762665  68.707949  2.757
 57     6.913 54206.41301952  8.33 158.758715  68.710979  2.757
 57     5.969 54206.41302017  8.11 158.754765  68.714009  2.757
 57     4.895 54206.41302081  8.48 158.750815  68.717029  2.757
 57     3.463 54206.41302146  8.44 158.746860  68.720058  2.153
 58     5.187 54241.41305070 48.18 158.781563  68.703454 25.097
 58     6.522 54241.41305135 38.16 158.777613  68.706484 25.097
 58     5.741 54241.41305199 36.63 158.773663  68.709504 25.097
 58     5.015 54241.41305264 31.45 158.769723  68.712534 25.097
 58     4.643 54241.41305328 30.51 158.765763  68.715564 25.097
 58     4.828 54241.41305393 32.49 158.761813  68.718584 25.097
 58     4.814 54241.41305457 41.52 158.757863  68.721614 25.097
 59     7.481 54276.41306581 28.92 158.779762  68.704752 11.749
 59     6.478 54276.41306645 21.41 158.775812  68.707782 11.749
 59     5.958 54276.41306710 16.55 158.771862  68.710812 11.749
 59     5.169 54276.41306774 17.34 158.767912  68.713832 11.749
 59     6.387 54276.41306839 13.28 158.763962  68.716862 11.749
 59     6.903 54276.41306903 13.58 158.760012  68.719892 11.749
 61     9.736 54346.41304022 22.60 158.794153  68.705276 19.702
 61     6.456 54346.41304086 22.12 158.790203  68.708296 19.702
 61     5.958 54346.41304151 19.74 158.786263  68.711326 19.702
 61     7.591 54346.41304215 15.62 158.782313  68.714356 19.702
 61     6.243 54346.41304280 16.32 158.778363  68.717386 19.702
 61     6.641 54346.41304344 15.59 158.774413  68.720406 19.702
 62     8.547 54381.41300356 26.31 158.772457  68.704019 13.494
 62     8.150 54381.41300421 24.39 158.768507  68.707049 13.494
 62     7.096 54381.41300485 23.28 158.764557  68.710079 13.494
 62     6.154 54381.41300549 22.20 158.760607  68.713099 13.494
 62     5.648 54381.41300614 20.76 158.756647  68.716129 13.494
 62     6.500 54381.41300678 18.19 158.752697  68.719149 13.494
 63     9.234 54416.41298891 22.79 158.788504  68.703489  4.470
 63     8.772 54416.41298955 22.44 158.784554  68.706509  4.470
 63     7.822 54416.41299020 21.86 158.780604  68.709539  4.470
 63     7.137 54416.41299084 22.08 158.776664  68.712569  4.470
 63     5.950 54416.41299149 22.05 158.772714  68.715589  4.470
 63     4.809 54416.41299213 22.03 158.768764  68.718619  4.470
 63     3.308 54416.41299278 21.81 158.764804  68.721649  4.470
 64     8.808 54451.41297189 13.37 158.770609  68.701476  2.342
 64     8.058 54451.41297253 13.67 158.766659  68.704506  2.342
 64     7.396 54451.41297317 13.70 158.762709  68.707536  2.342
 64     6.521 54451.41297382 13.76 158.758759  68.710556  2.342
 64     5.716 54451.41297446 13.88 158.754799  68.713586  2.342
 64     4.391 54451.41297511 13.55 158.750849  68.716606  2.342
 64     3.100 54451.41297575 13.89 158.746899  68.719636  2.342
 65     8.743 54486.41298552 13.17 158.783305  68.703788  2.145
 65     8.323 54486.41298616 12.68 158.779355  68.706808  2.145
 65     7.720 54486.41298681 12.94 158.775405  68.709838  2.145
 65     6.203 54486.41298745 12.70 158.771455  68.712868  2.145
 65     5.655 54486.41298809 12.51 158.767505  68.715888  2.145
 65     4.253 54486.41298874 12.79 158.763555  68.718918  2.145
 66     8.945 54521.41298548 12.72 158.775004  68.703776  1.924
 66     8.105 54521.41298612 12.36 158.771054  68.706806  1.924
 66     7.201 54521.41298677 12.55 158.767104  68.709836  1.924
 66     6.213 54521.41298741 12.32 158.763154  68.712856  1.924
 66     5.434 54521.41298806 12.42 158.759204  68.715886  1.924
 66     3.949 54521.41298870 12.67 158.755244  68.718906  1.924
 67     8.995 54556.41299603 12.12 158.790732  68.703973  2.480
 67     8.366 54556.41299667 12.01 158.786782  68.707003  2.480
 67     7.919 54556.41299732 11.86 158.782832  68.710033  2.480
 67     7.275 54556.41299796 11.82 158.778892  68.713063  2.480
 67     6.395 54556.41299860 11.66 158.774942  68.716083  2.480
 67     5.137 54556.41299925 11.78 158.770982  68.719113  2.480
 68     8.955 54591.41298124  7.89 158.779132  68.702155  6.253
 68     8.219 54591.41298189  8.88 158.775182  68.705185  6.253
 68     6.604 54591.41298253 10.56 158.771232  68.708205  6.253
 68     0.269 54591.41298318 17.00 158.767282  68.711235  6.253
 68     0.370 54591.41298382 20.86 158.763332  68.714265  6.253
 68     3.858 54591.41298447 15.25 158.759377  68.717282  8.841
 68     5.535 54591.41298511 14.56 158.755427  68.720312  8.841
 69     8.412 54626.41299695 35.43 158.785788  68.702433 22.028
 69     8.535 54626.41299759 24.09 158.781838  68.705463 22.028
 69     8.237 54626.41299824 15.80 158.777898  68.708493 22.028
 70     7.200 54661.41300494 29.22 158.779851  68.701914 14.542
 70     6.806 54661.41300558 26.20 158.775901  68.704934 14.542
 70     6.841 54661.41300623 19.10 158.771951  68.707964 14.542
 70     7.274 54661.41300687 13.13 158.768001  68.710994 14.542
 70     6.411 54661.41300752 13.19 158.764051  68.714014 14.542
 70     6.625 54661.41300816 13.44 158.760101  68.717044 14.542
 70     7.073 54661.41300881 17.59 158.756151  68.720074 14.542
 71     1.728 54696.41298181 38.15 158.790983  68.704229 18.295
 71     2.161 54696.41298246 27.36 158.787033  68.707249 18.295
 71     1.204 54696.41298310 25.91 158.783093  68.710279 18.295
 71     1.097 54696.41298375 22.85 158.779143  68.713309 18.295
 71     0.844 54696.41298439 22.43 158.775193  68.716329 18.295
 71     1.289 54696.41298503 19.65 158.771243  68.719359 18.295
 72     8.362 54731.41296109 14.66 158.773857  68.702300 14.336
 72     7.755 54731.41296174 14.77 158.769907  68.705320 14.336
 72     7.452 54731.41296238 13.47 158.765957  68.708350 14.336
 72     6.226 54731.41296303 14.00 158.762007  68.711380 14.336
 72     5.663 54731.41296367 13.24 158.758057  68.714400 14.336
 72     6.309 54731.41296432 13.74 158.754105  68.717433 16.383
 72     6.744 54731.41296496 20.73 158.750155  68.720453 16.383
 73     9.012 54766.41296042 24.96 158.783553  68.702720  6.921
 73     8.369 54766.41296107 24.86 158.779603  68.705740  6.921
 73     6.869 54766.41296171 27.70 158.775653  68.708770  6.921
 73     1.107 54766.41296236 27.81 158.771703  68.711800  6.921
 73     1.048 54766.41296300 28.41 158.767753  68.714820  6.921
 73     0.980 54766.41296365 28.73 158.763803  68.717850  6.921
 73     0.994 54766.41296429 27.64 158.759853  68.720870  6.921
 74     8.916 54801.41295492 21.01 158.770582  68.702127  4.588
 74     7.700 54801.41295557 22.23 158.766632  68.705147  4.588
 74     6.370 54801.41295621 23.87 158.762682  68.708177  4.588
 74     5.500 54801.41295686 24.38 158.758732  68.711207  4.588
 74     0.207 54801.41295750 25.13 158.754782  68.714227  4.588
 74     0.238 54801.41295815 24.92 158.750827  68.717257  4.766
 74     0.284 54801.41295879 23.84 158.746877  68.720277  4.766
 75     8.976 54836.41295254 15.80 158.784231  68.702380  2.790
 75     8.639 54836.41295319 15.51 158.780291  68.705410  2.790
 75     7.997 54836.41295383 15.73 158.776341  68.708440  2.790
 75     7.199 54836.41295448 15.34 158.772391  68.711460  2.790
 75     6.005 54836.41295512 14.82 158.768441  68.714490  2.790
 75     4.429 54836.41295577 14.74 158.764491  68.717520  2.790
 75     3.413 54836.41295641 14.65 158.760541  68.720540  2.790
 76     9.068 54871.41295302 14.50 158.772648  68.702032  3.197
 76     8.045 54871.41295366 15.15 158.768698  68.705062  3.197
 76     7.377 54871.41295431 14.98 158.764748  68.708092  3.197
 76     6.294 54871.41295495 14.45 158.760798  68.711112  3.197
 76     5.279 54871.41295559 14.39 158.756845  68.714144  2.568
 76     3.866 54871.41295624 15.18 158.752895  68.717164  2.568
 76     2.501 54871.41295688 14.80 158.748935  68.720194  2.568
 77     8.932 54906.41296067 12.85 158.791547  68.704402  2.686
 77     8.927 54906.41296132 12.62 158.787597  68.707432  2.686
 77     7.622 54906.41296196 12.81 158.783657  68.710462  2.686
 77     6.720 54906.41296261 12.34 158.779707  68.713492  2.686
 77     5.158 54906.41296325 12.35 158.775757  68.716512  2.686
 77     4.933 54906.41296390 12.41 158.771807  68.719542  2.686
 78     8.908 54941.41294571 12.01 158.773263  68.702597  3.726
 78     8.061 54941.41294635 12.01 158.769313  68.705627  3.726
 78     7.499 54941.41294700 11.77 158.765363  68.708647  3.726
 78     6.411 54941.41294764 12.21 158.761411  68.711674  2.412
 78     5.537 54941.41294829 12.32 158.757461  68.714704  2.412
 78     4.369 54941.41294893 12.32 158.753511  68.717734  2.412
 78     2.627 54941.41294958 12.54 158.749551  68.720754  2.412
 79     7.284 54976.41297429 39.84 158.778447  68.703994 15.657
 79     6.519 54976.41297494 26.65 158.774507  68.707024 15.657
 79     6.171 54976.41297558 20.97 158.770557  68.710044 15.657
 79     5.709 54976.41297623 21.09 158.766607  68.713074 15.657
 79     5.896 54976.41297687 24.20 158.762657  68.716094 15.657
 79     3.647 54976.41297752 29.62 158.758696  68.719121 32.731
 80     9.088 55011.41298329 14.49 158.785015  68.702942  8.937
 80     8.674 55011.41298394 14.38 158.781075  68.705972  8.937
 80     8.015 55011.41298458 14.35 158.777125  68.709002  8.937
 80     5.502 55011.41298523 16.57 158.773175  68.712022  8.937
 80     5.752 55011.41298587 16.94 158.769225  68.715052  8.937
 80     6.589 55011.41298652 13.60 158.765275  68.718082  8.937
 80     7.069 55011.41298716 21.92 158.761325  68.721102  8.937
 82     9.369 55081.41294830 12.48 158.792507  68.705836 16.209
 82     8.696 55081.41294894 11.92 158.788557  68.708856 16.209
 82     7.985 55081.41294959 11.86 158.784607  68.711886 16.209
 82     6.881 55081.41295023 11.83 158.780667  68.714916 16.209
 82     5.925 55081.41295088 11.80 158.776717  68.717936 16.209
 82     6.566 55081.41295152 11.70 158.772767  68.720966 16.209
 83     8.084 55116.41290700 34.50 158.775413  68.702603 19.638
 83     0.829 55116.41290765 41.81 158.771463  68.705633 19.638
 83     0.931 55116.41290829 42.00 158.767513  68.708653 19.638
 83     0.916 55116.41290894 44.27 158.763563  68.711683 19.638
 83     0.967 55116.41290958 49.29 158.759603  68.714713 19.638
 83     0.946 55116.41291023 51.98 158.755653  68.717733 19.638
 83     0.829 55116.41291087 52.20 158.751704  68.720763 18.083
 84     8.715 55151.41290531 21.83 158.783975  68.702893  4.179
 84     7.997 55151.41290596 22.32 158.780035  68.705923  4.179
 84     6.509 55151.41290660 23.33 158.776085  68.708953  4.179
 84     6.057 55151.41290725 23.28 158.772135  68.711973  4.179
 84     1.181 55151.41290789 25.26 158.768185  68.715003  4.179
 84     1.210 55151.41290853 24.87 158.764235  68.718033  4.179
 84     1.090 55151.41290918 23.93 158.760285  68.721053  4.179
 85     8.308 55186.41289332 18.29 158.769886  68.703553  3.532
 85     8.113 55186.41289396 18.13 158.765936  68.706583  3.532
 85     6.685 55186.41289461 18.49 158.761986  68.709613  3.532
 85     5.634 55186.41289525 18.57 158.758036  68.712633  3.532
 85     4.551 55186.41289590 18.04 158.754091  68.715656  2.951
 85     3.362 55186.41289654 18.70 158.750131  68.718686  2.951
 85     1.365 55186.41289719 19.43 158.746181  68.721716  2.951
 86     9.154 55221.41290354 16.53 158.786196  68.702444  2.770
 86     8.565 55221.41290419 16.05 158.782246  68.705474  2.770
 86     7.783 55221.41290483 16.06 158.778296  68.708504  2.770
 86     6.617 55221.41290548 15.72 158.774346  68.711524  2.770
 86     5.830 55221.41290612 15.56 158.770396  68.714554  2.770
 86     4.350 55221.41290677 15.81 158.766446  68.717584  2.770
 86     3.079 55221.41290741 16.10 158.762496  68.720604  2.770
 87     8.378 55256.41288925 15.17 158.774981  68.704332  3.394
 87     7.568 55256.41288989 15.25 158.771031  68.707362  3.394
 87     6.489 55256.41289054 14.94 158.767081  68.710392  3.394
 87     5.832 55256.41289118 15.05 158.763131  68.713412  3.394
 87     4.880 55256.41289183 15.09 158.759177  68.716444  2.368
 87     2.912 55256.41289247 15.33 158.755227  68.719464  2.368
 88     9.042 55291.41289271 14.28 158.790874  68.705696  2.636
 88     8.088 55291.41289336 13.90 158.786924  68.708726  2.636
 88     7.517 55291.41289400 13.76 158.782974  68.711756  2.636
 88     6.665 55291.41289465 13.66 158.779024  68.714786  2.636
 88     5.527 55291.41289529 13.96 158.775074  68.717806  2.636
 88     3.365 55291.41289594 13.97 158.771124  68.720836  2.636
 89     1.345 55326.41287390 25.35 158.779622  68.702646  9.289
 89     0.826 55326.41287455 35.65 158.775672  68.705676  9.289
 89     0.475 55326.41287519 32.23 158.771722  68.708696  9.289
 89     0.218 55326.41287584 28.15 158.767772  68.711726  9.289
 89     0.078 55326.41287648 26.08 158.763822  68.714756  9.289
 89     0.425 55326.41287713 23.99 158.759872  68.717776  9.289
 89     7.043 55326.41287777 25.75 158.755921  68.720802 21.699
 90     7.024 55361.41287020 28.37 158.787642  68.702633 18.094
 90     6.811 55361.41287084 27.25 158.783692  68.705663 18.094
 90     6.158 55361.41287149 31.15 158.779742  68.708693 18.094
 90     6.078 55361.41287213 23.50 158.775792  68.711713 18.094
 90     6.370 55361.41287278 17.69 158.771842  68.714743 18.094
 90     6.803 55361.41287342 20.87 158.767892  68.717773 18.094
 90     6.963 55361.41287407 25.41 158.763942  68.720793 18.094
 91     2.250 55396.41287709 24.69 158.774585  68.702145 11.172
 91     1.894 55396.41287773 26.27 158.770635  68.705165 11.172
 91     1.533 55396.41287838 22.57 158.766685  68.708195 11.172
 91     5.675 55396.41287902 16.12 158.762735  68.711225 11.172
 91     5.569 55396.41287967 14.83 158.758785  68.714245 11.172
 91     6.221 55396.41288031 14.72 158.754838  68.717278 15.633
 91     6.935 55396.41288096 19.26 158.750878  68.720298 15.633
 92     2.278 55431.41288566 23.67 158.783138  68.703066 11.604
 92     1.958 55431.41288630 25.28 158.779188  68.706096 11.604
 92     2.696 55431.41288695 21.86 158.775248  68.709126 11.604
 92     1.667 55431.41288759 19.65 158.771298  68.712146 11.604
 92     4.300 55431.41288824 15.28 158.767338  68.715176 11.604
 92     6.368 55431.41288888 14.44 158.763388  68.718206 11.604
 92     6.951 55431.41288953 18.63 158.759438  68.721226 11.604
 93    10.685 55466.41284581 38.03 158.798289  68.704732 15.725
 93     4.333 55466.41284645 25.42 158.794349  68.707762 15.725
 93     5.152 55466.41284710 25.14 158.790399  68.710782 15.725
 93     5.427 55466.41284774 26.67 158.786459  68.713812 15.725
 93     5.626 55466.41284839 26.60 158.782509  68.716842 15.725
 93     5.975 55466.41284903 28.70 158.778559  68.719862 15.725
