-185783.347     9.549     0.00    3.54
-185402.366     9.538    -0.03    4.06
-185021.476    10.786     3.28    4.64
-184640.678    13.743     7.77    6.02
-184259.971    17.442     9.72    6.62
-183879.354    20.698     8.55    4.60
-183498.829    22.041     3.53    4.01
-183118.395    22.524     1.27    3.32
-182738.052    22.626     0.27    4.18
-182357.799    22.337    -0.76    5.92
-181977.637    22.246    -0.24    6.84
-181597.566    22.974     1.92    6.69
-181217.586    22.258    -1.88    5.95
-180837.696    22.464     0.54    5.02
-180457.897    23.251     2.07    5.43
-180078.188    23.513     0.69    5.45
-179698.569    24.407     2.36    5.19
-179319.041    25.205     2.10    4.97
-178939.603    25.417     0.56    5.37
-178560.256    25.702     0.75    5.62
-178180.998    27.032     3.51    5.32
-177801.831    27.584     1.46    4.76
-177422.753    27.111    -1.25    4.68
-177043.765    27.220     0.29    4.96
-176664.868    26.112    -2.92    5.15
-176286.060    24.503    -4.25    4.79
-175907.342    23.065    -3.80    5.18
-175528.713    22.234    -2.20    4.52
-175150.174    21.779    -1.20    4.48
-174771.725    20.475    -3.45    4.30
-174393.365    19.781    -1.83    4.07
-174015.095    20.361     1.53    4.60
-173636.914    20.601     0.63    4.92
-173258.822    20.128    -1.25    5.83
-172880.820    17.974    -5.70    6.38
-172502.907    16.041    -5.12    4.95
-172125.083    15.445    -1.58    4.19
-171747.348    16.013     1.50    4.13
-171369.702    16.899     2.35    3.69
-170992.145    16.984     0.22    3.62
-170614.676    15.710    -3.37    3.20
-170237.297    15.121    -1.56    3.67
-169860.006    14.465    -1.74    4.68
-169482.804    13.179    -3.41    5.91
-169105.691    10.909    -6.02    6.34
-168728.666     9.289    -4.30    6.53
-168351.730     6.736    -6.77    5.34
-167974.882     5.163    -4.17    4.34
-167598.123     4.437    -1.93    3.31
-167221.452     4.440     0.01    2.44
-166844.869     5.616     3.12    2.60
-166468.374     6.888     3.38    2.80
-166091.968     8.224     3.55    3.31
-165715.650     8.877     1.73    3.10
-165339.419     9.726     2.26    2.15
-164963.277     9.561    -0.44    2.06
-164587.222     9.603     0.11    2.00
-164211.255    10.203     1.59    1.67
-163835.377    10.065    -0.37    2.04
-163459.585    10.061    -0.01    2.09
-163083.882    10.544     1.29    2.31
-162708.266    11.192     1.72    2.36
-162332.737    11.944     2.01    2.95
-161957.296    12.513     1.51    3.29
-161581.943    12.382    -0.35    3.57
-161206.677    12.003    -1.01    3.67
-160831.498    11.340    -1.77    3.24
-160456.406    11.162    -0.47    2.24
-160081.402    11.426     0.71    1.74
-159706.484    10.763    -1.77    2.41
-159331.654    10.003    -2.03    2.82
-158956.911     9.198    -2.15    2.70
-158582.254     8.327    -2.32    2.45
-158207.685     8.611     0.76    2.38
-157833.202     9.263     1.74    2.30
-157458.806    10.003     1.98    2.26
-157084.497    10.680     1.81    1.80
-156710.274    10.430    -0.67    2.15
-156336.138    10.392    -0.10    2.67
-155962.088    10.413     0.06    2.81
-155588.125    10.132    -0.75    2.74
-155214.249    10.651     1.39    2.76
-154840.458    11.473     2.20    3.42
-154466.754    12.117     1.72    3.42
-154093.136    13.132     2.72    2.93
-153719.605    13.537     1.08    2.49
-153346.159    12.856    -1.82    2.40
-152972.799    12.799    -0.15    2.22
-152599.526    12.176    -1.67    2.19
-152226.338    11.722    -1.22    2.81
-151853.236    11.220    -1.34    3.11
-151480.220    11.300     0.21    5.01
-151107.290    13.809     6.73    7.30
-150734.446    15.759     5.23    7.24
-150361.687    16.224     1.25    6.76
-149989.013    15.893    -0.89    7.32
-149616.426    14.974    -2.47    6.59
-149243.923    14.376    -1.61    6.78
-148871.506    13.780    -1.60    6.51
-148499.175    11.860    -5.16    5.11
-148126.928    11.964     0.28    4.11
-147754.767    12.188     0.60    3.80
-147382.691    13.116     2.50    4.27
-147010.701    15.243     5.72    4.00
-146638.795    16.593     3.63    4.95
-146266.974    18.498     5.12    6.22
-145895.238    18.576     0.21    7.03
-145523.587    18.518    -0.16    7.15
-145152.021    17.945    -1.54    6.64
-144780.540    18.083     0.37    5.07
-144409.143    23.372    14.24    7.19
-144037.831    25.606     6.02    6.78
-143666.604    25.724     0.32    6.35
-143295.461    24.973    -2.02    6.56
-142924.403    21.858    -8.40    4.69
-142553.429    19.984    -5.05    3.70
-142182.539    20.023     0.10    3.54
-141811.734    21.799     4.79    3.94
-141441.013    25.054     8.78    5.47
-141070.376    29.401    11.73    8.03
-140699.823    31.330     5.21    9.06
-140329.355    33.033     4.60    8.47
-139958.970    33.650     1.67    7.94
-139588.669    32.856    -2.14    8.26
-139218.453    30.422    -6.58    8.76
-138848.320    28.934    -4.02    8.31
-138478.271    27.493    -3.89    6.42
-138108.305    28.585     2.95    4.76
-137738.424    31.868     8.88    4.89
-137368.626    35.243     9.13    7.34
-136998.911    37.838     7.02    7.48
-136629.281    38.788     2.57    7.26
-136259.733    38.071    -1.94    7.13
-135890.269    36.003    -5.60    6.50
-135520.888    34.636    -3.70    6.86
-135151.591    31.964    -7.24    8.72
-134782.377    28.147   -10.34    9.02
-134413.246    22.915   -14.17    6.74
-134044.198    19.935    -8.08    3.47
-133675.233    19.288    -1.76    0.98
-133306.352    21.205     5.20    3.58
-132937.553    22.933     4.69    4.07
-132568.837    23.964     2.80    4.38
-132200.204    24.630     1.81    4.39
-131831.654    22.935    -4.60    5.03
-131463.186    21.141    -4.87    5.35
-131094.801    18.858    -6.20    4.68
-130726.499    17.118    -4.72    3.11
-130358.280    16.092    -2.79    0.70
-129990.143    15.993    -0.27    0.00
-129622.088    15.993     0.00    0.00
-129254.116    15.993     0.00    0.00
-128886.226    15.993     0.00    0.00
-128518.418    15.993     0.00    0.00
-128150.693    15.993     0.00    0.00
-127783.050    15.993     0.00    0.00
-127415.489    15.993     0.00    0.00
-127048.010    15.993     0.00    0.00
-126680.613    15.993     0.00    0.00
-126313.298    15.993     0.00    0.00
-125946.065    15.993     0.00    0.00
-125578.914    15.993     0.00    0.00
-125211.845    15.993     0.00    0.00
-124844.857    15.993     0.00    0.00
-124477.952    16.003     0.03    0.10
-124111.127    15.618    -1.05    1.36
-123744.385    15.150    -1.28    1.72
-123377.724    14.503    -1.76    2.19
-123011.144    13.888    -1.68    2.51
-122644.646    13.218    -1.83    2.80
-122278.229    12.450    -2.10    2.62
-121911.894    11.607    -2.30    2.54
-121545.640    11.013    -1.62    1.76
-121179.467    11.807     2.17    3.04
-120813.375    13.023     3.32    3.79
-120447.364    13.743     1.97    4.10
-120081.435    15.657     5.23    4.69
-119715.586    17.217     4.26    5.62
-119349.818    18.201     2.69    6.02
-118984.132    19.935     4.74    5.45
-118618.526    21.003     2.92    4.14
-118253.001    20.898    -0.29    2.75
-117887.556    18.673    -6.09    3.39
-117522.193    16.293    -6.51    3.21
-117156.909    15.099    -3.27    2.69
-116791.707    15.190     0.25    2.70
-116426.585    16.145     2.62    3.59
-116061.544    17.455     3.59    3.86
-115696.582    17.909     1.24    4.03
-115331.702    18.128     0.60    3.39
-114966.901    18.748     1.70    2.94
-114589.715    18.974     0.60    2.62
-114208.081    18.934    -0.10    2.60
-113826.538    18.111    -2.16    2.92
-113445.083    17.680    -1.13    2.84
-113063.718    17.290    -1.02    2.63
-112682.442    17.542     0.66    1.96
-112301.256    17.993     1.19    0.00
-111920.159    18.042     0.13    0.29
-111539.151    18.248     0.54    1.08
-111158.232    18.383     0.35    1.36
-110777.402    18.353    -0.08    1.31
-110396.661    18.916     1.48    2.12
-110016.009    21.538     6.89    4.89
-109635.446    23.392     4.87    4.82
-109254.972    25.256     4.90    4.03
-108874.586    25.954     1.84    3.51
-108494.289    24.640    -3.46    2.96
-108114.081    24.301    -0.89    2.32
-107733.961    24.033    -0.71    2.14
-107353.930    24.023    -0.03    2.13
-106973.987    23.858    -0.43    2.38
-106594.133    23.712    -0.38    2.75
-106214.367    22.291    -3.74    2.96
-105834.689    21.343    -2.50    2.74
-105455.099    21.698     0.93    3.19
-105075.598    22.168     1.24    3.46
-104696.184    23.504     3.52    3.77
-104316.859    25.051     4.08    3.71
-103937.621    26.387     3.52    2.68
-103558.471    27.840     3.83    2.08
-103179.409    28.812     2.56    2.44
-102800.435    26.479    -6.16    6.22
-102421.549    23.334    -8.30    7.85
-102042.750    19.082   -11.23    7.24
-101664.039    17.721    -3.59    6.04
-101285.415    22.149    11.70    8.04
-100906.879    26.677    11.96    6.93
-100528.431    29.790     8.23    2.82
-100150.069    29.251    -1.42    3.81
 -99771.795    27.366    -4.98    5.02
 -99393.608    25.281    -5.51    5.27
 -99015.508    22.954    -6.15    4.78
 -98637.496    21.168    -4.72    3.25
 -98259.570    19.993    -3.11    0.00
 -97881.732    20.562     1.51    2.28
 -97503.980    23.883     8.79    5.29
 -97126.315    26.984     8.21    5.64
 -96748.737    28.593     4.26    4.85
 -96371.246    27.726    -2.30    4.73
 -95993.841    25.733    -5.28    4.53
 -95616.524    24.207    -4.04    3.59
 -95239.292    23.711    -1.32    3.16
 -94862.147    23.838     0.34    3.80
 -94485.089    24.279     1.17    4.13
 -94108.117    24.877     1.59    4.20
 -93731.232    24.643    -0.62    3.94
 -93354.432    24.248    -1.05    3.53
 -92977.719    23.701    -1.45    3.31
 -92601.092    24.641     2.50    4.16
 -92224.551    26.885     5.96    5.12
 -91848.097    27.637     2.00    5.15
 -91471.728    28.013     1.00    4.67
 -91095.445    27.631    -1.02    4.28
 -90719.248    26.102    -4.06    3.38
 -90343.137    25.073    -2.74    2.31
 -89967.112    24.611    -1.23    1.59
 -89591.172    25.254     1.71    2.21
 -89215.318    26.827     4.19    3.28
 -88839.550    28.164     3.56    3.45
 -88463.867    29.382     3.24    3.22
 -88088.269    29.840     1.22    3.11
 -87712.757    29.712    -0.34    3.07
 -87337.331    29.769     0.15    2.86
 -86961.989    30.052     0.75    2.10
 -86586.733    29.653    -1.06    2.08
 -86211.562    29.121    -1.42    2.13
 -85836.476    28.043    -2.87    2.35
 -85461.476    26.833    -3.23    2.51
 -85086.560    25.563    -3.39    2.23
 -84711.729    24.771    -2.11    1.69
 -84336.983    24.469    -0.81    1.36
 -83962.322    24.063    -1.08    0.51
 -83587.746    23.993    -0.19    0.00
 -83213.255    23.993     0.00    0.00
 -82838.848    23.993     0.00    0.00
 -82464.526    23.993     0.00    0.00
 -82090.288    24.063     0.19    0.53
 -81716.135    24.320     0.69    1.29
 -81342.066    24.307    -0.03    1.19
 -80968.082    24.122    -0.49    0.56
 -80594.182    24.300     0.48    1.36
 -80220.366    25.278     2.61    2.92
 -79846.635    26.863     4.24    4.37
 -79472.988    29.023     5.78    6.37
 -79099.424    31.629     6.98    6.55
 -78725.945    34.150     6.75    5.30
 -78352.550    35.320     3.13    3.76
 -77979.239    34.586    -1.97    2.91
 -77606.012    34.309    -0.74    3.26
 -77232.868    34.758     1.20    3.77
 -76859.808    34.216    -1.45    4.16
 -76486.832    32.766    -3.89    4.33
 -76113.940    31.033    -4.65    4.05
 -75741.131    30.231    -2.15    4.01
 -75368.406    31.518     3.45    5.10
 -74995.764    33.457     5.20    5.88
 -74623.206    33.954     1.33    5.61
 -74250.731    34.150     0.53    4.93
 -73878.340    31.023    -8.40    6.67
 -73506.032    27.079   -10.59    8.16
 -73133.807    23.670    -9.16    7.47
 -72761.665    22.855    -2.19    6.61
 -72389.606    24.092     3.33    6.30
 -72017.630    26.248     5.80    4.90
 -71645.738    27.865     4.35    2.30
 -71273.928    28.023     0.43    3.40
 -70902.201    26.761    -3.39    5.08
 -70530.557    27.670     2.45    5.79
 -70158.996    28.493     2.22    6.54
 -69787.517    27.993    -1.35    7.05
 -69416.121    29.269     3.43    6.98
 -69044.808    28.389    -2.37    8.44
 -68673.577    27.323    -2.87    9.16
 -68302.429    27.203    -0.32    9.56
 -67931.363    26.974    -0.62    9.31
 -67560.380    26.832    -0.38    8.40
 -67189.479    28.386     4.19    7.92
 -66818.660    30.069     4.54    6.83
 -66447.924    31.033     2.60    5.46
 -66077.270    28.236    -7.55    6.84
 -65706.698    24.863    -9.10    7.23
 -65336.208    22.095    -7.47    7.25
 -64965.799    20.863    -3.33    7.33
 -64595.473    21.373     1.38    7.81
 -64225.229    24.913     9.56    9.71
 -63855.067    29.043    11.16   10.14
 -63484.986    34.212    13.97    7.81
 -63114.988    36.464     6.09    5.77
 -62745.071    37.302     2.27    5.04
 -62375.235    38.133     2.25    4.72
 -62005.481    38.310     0.48    4.61
 -61635.809    35.670    -7.14    7.11
 -61266.218    30.633   -13.63    9.49
 -60896.709    24.861   -15.62    8.88
 -60527.281    23.833    -2.78    7.51
 -60157.934    25.688     5.02    7.85
 -59788.669    28.637     7.99    7.03
 -59419.485    30.919     6.18    5.09
 -59050.382    31.493     1.56    2.98
 -58681.360    30.923    -1.55    2.38
 -58312.419    30.263    -1.79    2.06
 -57943.559    29.073    -3.23    2.26
 -57574.780    27.759    -3.57    2.18
 -57206.082    28.083     0.88    3.24
 -56837.465    28.709     1.70    3.92
 -56468.929    28.894     0.50    4.10
 -56100.473    29.323     1.16    4.61
 -55732.098    29.152    -0.47    4.77
 -55363.804    28.569    -1.58    4.93
 -54995.591    27.647    -2.50    5.11
 -54627.457    26.003    -4.47    4.31
 -54259.405    24.066    -5.26    0.30
 -53891.432    23.993    -0.20    0.00
 -53523.541    23.993     0.00    0.00
 -53155.729    23.993     0.00    0.00
 -52787.998    23.993     0.00    0.00
 -52420.347    23.993     0.00    0.00
 -52052.776    24.363     1.01    0.86
 -51685.285    25.891     4.16    2.98
 -51317.875    27.894     5.45    3.94
 -50950.544    29.452     4.24    3.84
 -50583.293    30.663     3.30    4.03
 -50216.122    31.226     1.53    4.28
 -49849.031    30.741    -1.32    4.01
 -49482.020    30.132    -1.66    2.99
 -49115.089    29.913    -0.60    2.40
 -48748.237    28.825    -2.96    3.72
 -48381.465    26.983    -5.02    4.10
 -48014.773    24.954    -5.53    3.35
 -47648.160    23.602    -3.69    1.90
 -47281.627    24.613     2.76    2.86
 -46915.173    25.771     3.16    3.47
 -46548.798    26.913     3.12    4.10
 -46182.503    27.473     1.53    4.34
 -45816.287    27.056    -1.14    4.31
 -45450.150    25.914    -3.12    2.99
 -45084.093    26.963     2.86    3.91
 -44718.115    29.713     7.52    5.95
 -44352.215    32.283     7.02    5.88
 -43986.395    34.024     4.76    4.49
 -43620.654    34.503     1.31    3.80
 -43254.992    34.358    -0.40    3.62
 -42889.408    33.964    -1.08    3.12
 -42523.904    33.320    -1.76    2.75
 -42158.478    32.163    -3.16    2.30
 -41793.131    31.617    -1.50    2.01
 -41427.863    31.045    -1.57    1.76
 -41062.673    30.843    -0.55    1.89
 -40697.562    30.830    -0.04    2.09
 -40332.529    29.943    -2.43    1.76
 -39960.319    29.238    -1.89    0.86
 -39578.855    28.993    -0.64    0.00
 -39197.479    28.993     0.00    0.00
 -38816.189    28.993     0.00    0.00
 -38434.986    29.126     0.35    0.67
 -38053.871    29.610     1.27    1.60
 -37672.842    30.779     3.07    3.26
 -37291.901    33.083     6.05    5.00
 -36911.046    34.616     4.02    4.91
 -36530.279    36.228     4.23    4.44
 -36149.598    36.789     1.47    4.15
 -35769.003    35.163    -4.27    4.46
 -35388.496    33.881    -3.37    4.01
 -35008.074    33.993     0.30    3.62
 -34627.740    34.493     1.31    3.56
 -34247.492    35.453     2.52    3.02
 -33867.330    35.677     0.59    2.43
 -33487.255    34.620    -2.78    3.21
 -33107.266    33.503    -2.94    3.70
 -32727.363    31.771    -4.56    3.76
 -32347.547    30.108    -4.38    3.44
 -31967.816    28.680    -3.76    2.67
 -31588.172    27.913    -2.02    2.89
 -31208.614    22.833   -13.38    8.62
 -30829.141    16.254   -17.34   10.54
 -30449.755     9.822   -16.95    8.23
 -30070.454     6.093    -9.83    3.56
 -29691.239     5.003    -2.87    0.10
 -29312.110     4.993    -0.03    0.00
 -28933.067     4.993     0.00    0.00
 -28554.109     4.993     0.00    0.00
 -28175.236     4.993     0.00    0.00
 -27796.450     4.993     0.00    0.00
 -27417.748     5.065     0.19    0.33
 -27039.132     5.498     1.15    1.31
 -26660.602     6.024     1.39    1.89
 -26282.156     6.489     1.23    2.28
 -25903.796     6.830     0.90    2.37
 -25525.521     6.974     0.38    2.38
 -25147.331     6.942    -0.08    2.11
 -24769.226     7.183     0.64    2.14
 -24391.206     8.236     2.78    2.83
 -24013.271     9.637     3.71    3.18
 -23635.421    10.972     3.53    2.44
 -23257.656    10.803    -0.45    2.23
 -22879.976    10.080    -1.91    2.05
 -22502.380     8.883    -3.17    1.56
 -22124.869     9.193     0.82    2.06
 -21747.442    10.443     3.31    2.48
 -21370.100    11.080     1.69    2.34
 -20992.843    10.753    -0.87    2.65
 -20615.670     9.447    -3.46    2.90
 -20238.581     8.630    -2.17    2.50
 -19861.576     8.396    -0.62    2.08
 -19484.656     8.983     1.56    2.10
 -19107.820     9.483     1.33    1.98
 -18731.068     9.084    -1.06    2.28
 -18354.401     8.543    -1.44    2.27
 -17977.817     7.973    -1.51    1.85
 -17601.317     7.796    -0.47    1.61
 -17224.902     8.683     2.36    2.70
 -16848.570     9.246     1.49    2.85
 -16472.322     9.167    -0.21    2.53
 -16096.157     9.155    -0.03    2.23
 -15720.077    10.426     3.38    4.28
 -15344.080    13.193     7.36    6.18
 -14968.166    17.615    11.76    6.06
 -14592.336    20.367     7.32    4.24
 -14216.590    20.624     0.68    3.50
 -13840.927    17.583    -8.09    5.59
 -13465.348    13.079   -11.99    5.38
 -13089.851    10.793    -6.09    3.98
 -12714.438    10.830     0.10    5.00
 -12339.109    13.458     7.00    6.70
 -11963.862    16.056     6.92    6.18
 -11588.699    17.653     4.26    5.32
 -11213.618    17.437    -0.58    4.58
 -10838.621    17.296    -0.37    4.52
 -10463.706    17.034    -0.70    4.53
 -10088.875    16.759    -0.74    3.62
  -9714.126    16.014    -1.99    3.46
  -9339.460    15.056    -2.56    2.92
  -8964.876    13.983    -2.86    2.08
  -8590.376    14.004     0.05    1.71
  -8215.958    14.555     1.47    1.93
  -7841.622    14.086    -1.25    2.49
  -7467.369    12.523    -4.18    4.35
  -7093.199    10.265    -6.04    5.54
  -6719.111     7.133    -8.37    6.31
  -6345.105     4.295    -7.59    5.87
  -5971.182     2.273    -5.41    4.85
  -5597.340     0.530    -4.66    3.23
  -5223.581    -0.302    -2.23    1.87
  -4849.904     1.488     4.79    6.14
  -4476.309     9.347    21.04   16.69
  -4102.797    17.316    21.34   21.05
  -3729.366    28.093    28.86   24.25
  -3356.017    34.851    18.10   24.39
  -2982.750    38.871    10.77   23.65
  -2609.565    36.238    -7.05   23.55
  -2236.461    27.629   -23.08   23.93
  -1863.439    17.337   -27.59   18.96
  -1490.499     9.525   -20.95   13.90
  -1117.641     3.453   -16.28    7.35
   -744.864     1.591    -5.00    3.74
   -372.168     0.963    -1.69    3.07
      0.446     0.657    -0.82    2.67
    372.979     0.175    -1.29    2.40
    745.430    -0.811    -2.65    0.77
   1117.800    -0.903    -0.25    0.59
   1490.089     0.195     2.95    2.98
   1862.297     2.468     6.11    5.06
   2234.423     5.351     7.75    6.14
   2606.469     8.783     9.23    5.42
   2978.433    10.213     3.85    3.75
   3350.316    10.787     1.54    3.05
   3722.119    10.458    -0.88    3.25
   4093.841     9.563    -2.41    3.31
   4465.482     9.033    -1.43    3.31
   4837.042     8.150    -2.38    2.88
   5208.521     7.065    -2.92    0.83
   5579.920     7.307     0.65    1.24
   5951.238    11.448    11.15    8.54
   6322.476    18.800    19.80   14.32
   6693.633    30.200    30.71   19.32
   7064.709    44.013    37.23   22.34
   7435.706    57.209    35.57   21.48
   7806.622    64.923    20.80   20.44
   8177.457    68.135     8.66   19.08
   8548.213    61.269   -18.52   19.10
   8918.888    55.015   -16.87   18.35
   9289.483    50.781   -11.42   15.73
   9659.998    50.973     0.52   14.02
  10030.433    54.162     8.61   11.55
  10400.788    54.155    -0.02    8.82
  10771.063    50.973    -8.59   10.00
  11141.258    44.942   -16.29   11.33
  11511.373    37.628   -19.76   12.27
  11881.409    33.065   -12.33   15.32
  12251.364    30.155    -7.87   17.09
  12621.241    29.402    -2.04   16.18
  12991.037    26.952    -6.62   14.37
  13360.754    23.187   -10.18   11.21
  13730.391    19.951    -8.75    6.46
  14099.949    19.076    -2.37    4.01
  14469.428    20.488     3.82    4.31
  14838.827    23.940     9.34    3.77
  15208.147    27.595     9.90    5.13
  15577.387    32.254    12.62    6.65
  15946.549    38.428    16.72    8.59
  16315.631    44.615    16.76    8.43
  16684.634    50.293    15.39    6.97
  17053.558    56.046    15.59    6.62
  17422.403    63.404    19.95    9.42
  17791.169    70.589    19.48   11.86
  18159.856    78.437    21.28   12.04
  18528.464    84.579    16.66   11.76
  18896.993    90.754    16.76   12.74
  19265.444    99.303    23.20   15.03
  19633.816   109.811    28.52   18.61
  20002.109   120.524    29.09   21.35
  20370.323   127.953    20.18   21.57
  20738.459   133.868    16.07   21.13
  21106.517   140.044    16.78   20.89
  21474.496   144.431    11.92   19.09
  21842.396   145.371     2.56   16.93
  22210.219   140.135   -14.24   17.91
  22577.963   130.289   -26.77   19.86
  22945.628   118.004   -33.41   18.62
  23313.216   103.932   -38.28   19.81
  23680.725    88.852   -41.03   22.62
  24048.156    73.534   -41.69   19.06
  24415.509    61.723   -32.15   14.42
  24782.784    51.688   -27.32   10.11
  25149.981    45.756   -16.15   10.05
  25517.100    39.840   -16.12    8.91
  25884.141    35.116   -12.87    8.40
  26251.105    30.622   -12.25   10.06
  26617.990    25.412   -14.20   10.87
  26984.798    19.189   -16.96   10.40
  27351.529    14.738   -12.14    8.59
  27718.181    11.983    -7.51    5.19
  28084.756    11.642    -0.93    3.29
  28451.254    12.200     1.52    3.89
  28817.674    12.457     0.70    4.92
  29184.016    11.818    -1.74    5.41
  29550.281     9.953    -5.09    4.91
  29916.469     8.625    -3.63    4.36
  30282.580     8.396    -0.63    5.12
  30648.613     7.845    -1.51    5.55
  31014.569     6.478    -3.73    2.48
  31380.448     5.993    -1.32    0.00
  31746.250     5.993     0.00    0.00
  32111.975     6.447     1.24    1.97
  32477.622     7.257     2.21    3.36
  32843.193     8.402     3.13    4.08
  33208.687     8.868     1.28    3.90
  33574.104    10.276     3.85    6.57
  33939.445    13.178     7.94   10.10
  34304.708    13.718     1.48    9.51
  34672.327    13.685    -0.09    8.79
  35053.621    12.708    -2.56    5.99
  35434.829    12.365    -0.90    2.76
  35815.953    12.210    -0.41    2.41
  36196.992    11.717    -1.29    2.97
  36577.946    10.126    -4.18    3.67
  36958.816     8.058    -5.43    2.51
  37339.601     6.902    -3.04    1.66
  37720.301     6.425    -1.25    0.52
  38100.916     6.540     0.30    0.50
  38481.447     6.653     0.30    0.48
  38861.894     6.779     0.33    0.41
  39242.256     6.875     0.25    0.32
  39622.533     6.953     0.20    0.20
  40002.727     8.525     4.14    4.04
  40382.836    15.606    18.63   12.09
  40762.861    25.898    27.08   16.62
  41142.802    41.055    39.89   18.60
  41522.658    55.778    38.76   15.48
  41902.431    69.412    35.90   15.71
  42282.120    79.281    25.99   15.28
  42661.725    85.575    16.58   17.35
  43041.246    85.950     0.99   20.04
  43420.683    82.687    -8.60   19.93
  43800.036    79.800    -7.61   16.29
  44179.306    79.800    -0.00   13.08
  44558.492    82.855     8.06   12.63
  44937.594    85.556     7.12   11.64
  45316.613    90.359    12.67   11.07
  45695.548    96.993    17.51   11.96
  46074.400   105.537    22.55   14.65
  46453.169   117.667    32.02   16.61
  46831.854   127.077    24.85   13.62
  47210.456   130.189     8.22   10.12
  47588.975   129.089    -2.91    9.31
  47967.410   125.973    -8.23    8.01
  48345.763   124.153    -4.81    8.92
  48724.032   123.044    -2.93    9.88
  49102.219   119.416    -9.59   11.65
  49480.322   112.066   -19.44   12.18
  49858.343   106.930   -13.59    9.10
  50236.281   106.118    -2.15    8.21
  50614.136   107.720     4.24    8.90
  50991.908   112.251    11.99    8.38
  51369.598   115.725     9.20    8.66
  51747.205   121.509    15.32   11.42
  52124.729   126.400    12.95   10.37
  52502.171   128.400     5.30    9.14
  52879.530   125.646    -7.30   10.56
  53256.807   118.504   -18.93   10.41
  53634.002   110.525   -21.15    9.67
  54011.114   101.341   -24.35   10.12
  54388.144    95.025   -16.75    9.22
  54765.092    87.078   -21.08    9.19
  55141.958    81.754   -14.13    7.10
  55518.742    79.108    -7.02    5.43
  55895.443    78.514    -1.58    4.97
  56272.063    78.671     0.42    4.17
  56648.601    80.127     3.87    5.07
  57025.056    83.896    10.01    7.62
  57401.430    87.816    10.42    7.63
  57777.723    87.664    -0.41    9.27
  58153.933    80.303   -19.57   15.79
  58530.062    67.582   -33.82   18.84
  58906.109    56.379   -29.79   12.83
  59282.075    51.993   -11.66    7.31
  59657.959    53.902     5.08    7.58
  60033.762    57.830    10.45    6.16
  60409.483    59.357     4.06    6.05
  60785.123    61.200     4.91    5.68
  61160.681    64.365     8.43    6.41
  61536.159    67.918     9.46    5.56
  61911.555    70.973     8.14    4.78
  62286.870    74.288     8.83    5.63
  62662.104    79.162    12.99    7.97
  63037.257    81.504     6.24    8.27
  63412.329    83.241     4.63    8.08
  63787.319    83.204    -0.10    9.01
  64162.230    83.167    -0.10    8.45
  64537.059    82.566    -1.60    7.89
  64911.807    83.153     1.57    6.88
  65286.475    85.306     5.75    7.75
  65661.062    88.562     8.69    7.48
  66035.568    90.055     3.99    6.57
  66409.994    91.362     3.49    7.00
  66784.339    90.857    -1.35    7.02
  67158.604    93.419     6.85    8.53
  67532.788    98.189    12.75   10.33
  67906.892   102.016    10.23    9.95
  68280.916   101.759    -0.69    9.20
  68654.859    97.016   -12.69   10.44
  69028.723    93.004   -10.73    8.39
  69402.506    92.428    -1.54    6.84
  69776.209    94.478     5.48    6.64
  70149.831    97.768     8.80    6.13
  70523.374   100.254     6.66    6.61
  70896.837   103.088     7.59    7.68
  71270.220   105.796     7.25    6.29
  71643.523   107.499     4.56    5.04
  72016.746   105.993    -4.03    6.82
  72389.890   101.025   -13.32    8.29
  72762.953    94.504   -17.48    9.52
  73135.937    84.254   -27.48   13.18
  73508.842    74.764   -25.45   12.45
  73881.667    69.806   -13.30    8.56
  74254.412    69.015    -2.12    6.73
  74627.078    74.160    13.81    8.63
  74999.665    80.721    17.61    6.91
  75372.172    86.158    14.60    6.40
  75744.600    91.071    13.19    5.98
  76116.948    96.764    15.29    9.25
  76489.218   103.702    18.63    9.60
  76861.408   110.220    17.51    8.70
  77233.519   116.674    17.34    9.22
  77605.551   124.452    20.90    9.93
  77977.504   131.804    19.77    9.77
  78349.378   139.962    21.94    7.58
  78721.173   145.973    16.17    8.01
  79092.890   152.348    17.15    8.71
  79464.527   156.756    11.86    7.60
  79836.086   158.741     5.34    5.83
  80207.566   157.097    -4.43    7.23
  80578.967   151.243   -15.76   11.41
  80950.290   140.524   -28.87   16.34
  81321.534   127.312   -35.59   17.35
  81692.700   115.767   -31.10   14.35
  82063.787   110.439   -14.36    8.92
  82434.796   111.525     2.93    8.44
  82805.726   115.717    11.30    7.99
  83176.578   120.855    13.85    5.18
  83547.352   123.783     7.90    4.20
  83918.048   126.387     7.02    4.57
  84288.665   128.839     6.61    5.13
  84659.204   132.058     8.69    5.90
  85029.665   135.606     9.58    6.08
  85400.049   138.678     8.30    5.46
  85770.354   140.400     4.65    6.45
  86140.581   141.235     2.26    7.53
  86510.731   142.775     4.16    8.60
  86880.802   143.610     2.26    8.65
  87250.796   145.108     4.05    8.71
  87620.712   144.678    -1.16    8.54
  87990.550   145.151     1.28    8.08
  88360.311   145.383     0.63    7.77
  88729.994   147.059     4.53    8.04
  89099.600   149.148     5.65    8.45
  89469.128   150.396     3.38    8.75
  89838.578   149.933    -1.25    8.05
  90207.952   148.160    -4.80    8.22
  90577.248   146.983    -3.19    8.34
  90946.466   147.445     1.25    8.65
  91315.608   152.674    14.17   10.96
  91684.672   157.919    14.21   10.66
  92053.659   162.653    12.83    9.73
  92422.569   166.818    11.29   10.91
  92791.402   171.591    12.94   13.45
  93160.157   177.243    15.33   15.38
  93528.836   184.645    20.07   14.11
  93897.438   191.587    18.83   12.60
  94265.963   195.863    11.60    8.18
  94634.411   195.509    -0.96    7.64
  95002.783   193.004    -6.80    9.12
  95371.078   185.919   -19.24   12.44
  95739.296   175.793   -27.50   19.79
  96107.437   161.875   -37.80   27.11
  96475.502   144.593   -46.95   31.06
  96843.490   126.722   -48.56   24.52
  97211.402   118.348   -22.76   16.40
  97579.238   117.334    -2.75   14.74
  97946.997   127.181    26.77   19.46
  98314.679   137.841    28.99   17.75
  98682.286   143.741    16.05   12.77
  99049.816   139.720   -10.94   15.51
  99417.270   124.646   -41.02   24.91
  99784.647   105.172   -53.00   29.87
 100151.949    84.059   -57.48   26.63
 100519.174    68.014   -43.69   21.94
 100886.324    55.227   -34.83   13.45
 101253.398    49.385   -15.91    9.94
 101620.395    47.238    -5.85    8.22
 101987.317    46.815    -1.15    5.84
 102354.163    46.834     0.05    4.04
 102720.933    47.383     1.50    4.00
 103087.627    47.320    -0.17    3.73
 103454.246    46.499    -2.24    3.46
 103820.789    47.712     3.31    5.16
 104187.257    52.278    12.46   10.04
 104553.649    58.804    17.81   12.23
 104919.965    66.620    21.33   11.74
 105286.206    74.441    21.35   11.92
 105652.371    78.664    11.53   11.86
 106018.462    82.355    10.08   12.23
 106384.476    84.878     6.89   12.90
 106750.416    86.895     5.51   13.76
 107116.280    89.372     6.77   14.48
 107482.069    94.382    13.70   17.56
 107847.783    99.212    13.21   19.95
 108213.422   102.408     8.74   20.56
 108578.986   105.344     8.03   17.30
 108944.475   108.100     7.54   13.55
 109309.889   110.940     7.77   12.82
 109688.974   118.129    18.96   13.17
 110070.018   124.929    17.84   12.29
 110450.978   131.462    17.15   11.79
 110831.856   138.632    18.82   13.39
 111212.651   148.759    26.59   18.44
 111593.364   165.738    44.59   22.70
 111973.994   183.887    47.68   27.15
 112354.542   203.467    51.45   27.93
 112735.008   220.362    44.40   35.98
 113115.391   222.419     5.41   46.21
 113495.692   213.781   -22.71   54.14
 113875.910   189.400   -64.12   52.60
 114256.047   169.162   -53.23   36.58
 114636.101   154.246   -39.24   13.75
 115016.073   150.525    -9.79   10.66
 115395.963   149.132    -3.67   14.06
 115775.772   145.589    -9.33   15.44
 116155.498   146.004     1.09   14.00
 116535.142   147.896     4.98   11.23
 116914.705   153.930    15.90   12.90
 117294.186   161.875    20.93   14.23
 117673.585   171.562    25.53   14.29
 118052.903   177.770    16.37   14.17
 118432.139   185.951    21.57   14.18
 118811.293   193.101    18.86   14.88
 119190.366   202.278    24.21   15.85
 119569.358   210.660    22.12   14.98
 119948.268   218.541    20.80   14.24
 120327.096   223.515    13.13   13.94
 120705.844   228.720    13.74   14.73
 121084.510   233.004    11.31   14.89
 121463.095   240.551    19.93   13.54
 121841.599   251.338    28.49   19.92
 122220.022   273.688    59.06   33.49
 122598.364   293.081    51.25   36.13
 122976.624   317.499    64.55   42.66
 123354.804   344.316    70.91   52.57
 123732.903   383.762   104.32   69.04
 124110.921   421.689   100.32   65.31
 124488.859   455.825    90.31   45.89
 124866.716   479.219    61.91   43.37
 125244.492   500.025    55.07   51.43
 125622.187   514.407    38.07   47.81
 125999.802   526.962    33.25   46.01
 126377.336   527.058     0.25   57.40
 126754.790   517.606   -25.04   60.74
 127132.163   500.585   -45.10   56.26
 127509.456   477.174   -62.04   64.97
 127886.669   435.493  -110.49   86.02
 128263.801   381.355  -143.54   90.32
 128640.854   345.930   -93.95   70.24
 129017.826   349.751    10.14   78.10
 129394.718   385.135    93.87   83.80
 129771.529   409.158    63.75   68.13
 130148.261   408.589    -1.51   66.58
 130524.913   413.430    12.85   61.36
 130901.485   421.918    22.54   54.74
 131277.977   437.685    41.87   44.08
 131654.390   437.142    -1.44   42.98
 132030.722   412.711   -64.91   47.91
 132406.975   384.130   -75.95   32.94
 132783.148   366.079   -47.98   28.07
 133159.242   361.057   -13.35   26.70
 133535.256   372.185    29.59   33.93
 133911.190   395.015    60.72   36.25
 134287.045   416.520    57.21   29.33
 134662.821   418.728     5.87   25.25
 135038.517   410.166   -22.79   23.23
 135414.134   386.164   -63.89   34.79
 135789.671   356.543   -78.87   38.86
 136165.130   334.717   -58.13   33.66
 136540.509   319.257   -41.18   27.82
 136915.809   314.425   -12.87   30.71
 137291.030   317.136     7.23   29.97
 137666.172   323.341    16.54   23.84
 138041.235   331.960    22.98   19.56
 138416.220   341.664    25.88   19.77
 138791.125   350.562    23.73   26.77
 139165.951   351.262     1.87   32.23
 139540.699   351.680     1.11   36.66
 139915.368   350.068    -4.30   44.02
 140289.958   358.373    22.17   49.52
 140664.470   374.047    41.85   50.99
 141038.903   395.616    57.60   54.42
 141413.258   422.100    70.74   49.60
 141787.534   444.752    60.52   46.52
 142161.731   465.120    54.43   35.54
 142535.851   469.961    12.94   31.32
 142909.892   460.281   -25.88   52.11
 143283.854   447.939   -33.00   63.30
 143657.739   436.047   -31.80   59.93
 144031.545   441.230    13.87   52.84
 144405.273   473.685    86.83   64.49
 144778.923   516.696   115.10   73.11
 145152.495   554.471   101.11   70.36
 145525.989   579.036    65.76   77.03
 145899.405   566.405   -33.82   96.79
 146272.743   535.685   -82.28   94.05
 146646.004   511.180   -65.64   78.97
 147019.186   486.907   -65.04   64.01
 147392.291   461.780   -67.34   55.94
 147765.318   440.206   -57.83   50.06
 148138.267   419.683   -55.02   42.29
 148511.139   408.036   -31.23   46.58
 148883.933   403.575   -11.97   54.27
 149256.650   402.639    -2.51   63.93
 149629.289   401.539    -2.95   68.65
 150001.851   399.600    -5.20   65.47
 150374.335   407.169    20.32   63.63
 150746.742   427.057    53.40   66.00
 151119.072   444.793    47.63   64.53
 151491.325   463.206    49.46   59.01
 151863.500   467.675    12.01   50.33
 152235.599   440.515   -72.98   57.60
 152607.620   407.004   -90.07   74.79
 152979.564   348.823  -156.41   73.05
 153351.431   302.515  -124.52   62.74
 153723.221   257.407  -121.31   57.01
 154094.935   223.451   -91.34   62.52
 154466.571   185.653  -101.70   61.04
 154838.131   147.478  -102.73   42.90
 155209.614   121.562   -69.76   18.28
 155581.020   110.344   -30.20   11.50
 155952.350   102.724   -20.52    4.48
 156323.603    98.509   -11.35    5.11
 156694.779    95.982    -6.81    5.56
 157065.879    94.845    -3.07    5.92
 157436.903    94.385    -1.24    5.60
 157807.850    95.646     3.40    5.77
 158178.720   100.907    14.19    8.90
 158549.514   108.730    21.09   11.82
 158920.232   115.857    19.22   13.49
 159290.874   124.349    22.91   14.28
 159661.440   132.121    20.97   15.07
 160031.929   141.301    24.78   15.32
 160402.343   151.504    27.54   14.61
 160772.680   160.407    24.04   12.37
 161142.941   168.391    21.56   11.24
 161513.126   176.591    22.15    9.04
 161883.236   184.692    21.89   12.69
 162253.269   194.070    25.34   15.59
 162623.227   209.621    42.03   21.48
 162993.109   226.187    44.78   28.33
 163362.915   250.374    65.40   38.82
 163732.646   268.133    48.03   43.02
 164102.301   282.531    38.94   48.58
 164471.880   285.591     8.28   52.00
 164841.384   277.059   -23.09   55.04
 165210.812   261.419   -42.33   50.86
 165580.165   242.550   -51.08   43.74
 165949.442   230.273   -33.24   31.58
 166318.644   225.993   -11.59   22.00
 166687.771   228.606     7.08   19.13
 167056.822   237.560    24.26   21.24
 167425.799   253.802    44.01   27.20
 167794.700   271.398    47.69   28.32
 168163.526   300.015    77.58   33.97
 168532.276   325.876    70.12   40.83
 168900.952   360.047    92.67   45.39
 169269.553   384.499    66.33   37.76
 169638.079   387.488     8.11   39.76
 170006.530   357.217   -82.15   70.40
 170374.906   305.470  -140.46   81.12
 170743.207   256.649  -132.54   56.52
 171111.434   237.448   -52.14   28.26
 171479.585   265.425    75.98   54.92
 171847.662   312.070   126.71   68.28
 172215.665   373.167   166.01   69.46
 172583.593   413.510   109.63   63.55
 172951.446   448.445    94.96   67.56
 173319.225   466.843    50.02   62.98
 173686.929   460.493   -17.27   65.32
 174054.559   447.387   -35.65   60.06
 174422.115   447.281    -0.29   51.51
 174789.596   467.929    56.18   51.08
 175157.003   493.414    69.36   43.29
 175524.336   513.759    55.38   49.73
 175891.594   529.983    44.17   49.51
 176258.779   536.450    17.61   43.40
 176625.889   526.015   -28.42   46.68
 176992.925   501.827   -65.89   51.15
 177359.888   476.477   -69.07   42.37
 177726.776   454.649   -59.49   25.85
 178093.590   448.068   -17.94   33.75
 178460.331   440.573   -20.43   49.72
 178826.998   413.642   -73.44   64.60
 179193.591   384.182   -80.35   63.23
 179560.110   340.657  -118.74   61.16
 179926.555   299.746  -111.63   63.29
 180292.927   262.543  -101.53   52.79
 180659.225   244.456   -49.37   39.82
 181025.450   233.732   -29.28   23.93
 181391.601   226.728   -19.13   21.08
 181757.678   218.175   -23.36   23.03
 182123.683   203.228   -40.84   21.41
 182489.613   190.162   -35.70   12.73
 182855.471   188.069    -5.72   10.43
 183221.255   189.905     5.02   12.92
 183586.966   193.430     9.64   15.19
 183952.604   193.363    -0.18   17.61
 184327.392   187.238   -16.34   20.46
 184708.269   177.228   -26.28   20.16
 185089.066   167.754   -24.87   17.17
 185469.782   158.791   -23.54   13.18
 185850.418   149.885   -23.40   11.76
 186230.973   145.434   -11.69    9.93
 186611.448   145.015    -1.10    9.79
 186991.843   148.854    10.09   10.88
 187372.158   154.686    15.33    8.31
 187752.392   155.273     1.54    7.91
 188132.546   155.254    -0.05    7.63
 188512.620   156.939     4.43    9.84
 188892.615   164.864    20.86   17.30
 189272.529   177.960    34.47   23.88
 189652.363   193.832    41.78   25.12
 190032.117   205.471    30.64   23.13
 190411.792   215.887    27.43   21.92
 190791.387   223.544    20.17   24.26
 191170.902   230.876    19.32   26.67
 191550.337   236.959    16.03   28.53
 191929.693   244.685    20.36   30.06
 192308.969   253.534    23.33   35.67
 192688.165   270.536    44.83   42.29
 193067.283   291.243    54.61   49.25
 193446.320   300.153    23.50   46.56
 193825.279   295.482   -12.32   43.12
 194204.157   277.854   -46.52   38.42
 194582.957   262.133   -41.50   26.71
 194961.678   268.330    16.36   34.08
 195340.319   284.442    42.54   40.71
 195718.881   289.241    12.68   35.99
 196097.364   282.338   -18.23   35.55
 196475.768   262.570   -52.23   28.04
 196854.093   248.085   -38.28   12.52
 197232.339   246.187    -5.02   14.84
 197610.506   249.903     9.82   18.46
 197988.595   253.537     9.61   18.62
 198366.604   258.528    13.20   16.35
 198744.535   266.477    21.03   12.81
 199122.387   274.713    21.79   12.02
 199500.160   281.499    17.96   12.39
 199877.855   283.209     4.53   13.60
 200255.471   281.102    -5.58   13.63
 200633.009   282.118     2.69   16.66
 201010.468   292.080    26.39   22.22
 201387.849   305.993    36.86   25.38
 201765.152   318.689    33.64   27.04
 202142.376   326.630    21.05   26.76
 202519.522   330.787    11.02   22.45
 202896.590   338.198    19.65   22.54
 203273.579   349.080    28.86   25.33
 203650.491   361.323    32.48   26.85
 204027.324   369.504    21.71   28.07
 204404.080   375.005    14.60   29.02
 204780.757   382.124    18.90   31.26
 205157.356   390.701    22.77   36.86
 205533.878   402.090    30.24   43.64
 205910.322   420.959    50.12   49.65
 206286.688   440.811    52.74   52.74
 206662.976   454.221    35.63   53.73
 207039.186   453.735    -1.29   43.30
 207415.319   472.350    49.48   54.94
 207791.375   514.110   111.03   73.53
 208167.352   559.499   120.70   59.17
 208543.253   565.047    14.76   51.81
 208919.075   540.810   -64.48   59.55
 209294.821   509.015   -84.60   49.04
 209670.489   487.626   -56.93   37.54
 210046.080   468.993   -49.60   42.20
 210421.593   449.249   -52.57   42.97
 210797.029   437.563   -31.12   43.68
 211172.388   438.796     3.28   62.39
 211547.670   442.004     8.55   72.40
 211922.875   440.691    -3.50   75.37
 212298.003   414.671   -69.35   67.71
 212673.054   396.407   -48.69   54.07
 213048.028   396.897     1.31   62.89
 213422.925   401.223    11.54   69.79
 213797.745   387.993   -35.29   70.32
 214172.489   363.868   -64.37   61.34
 214547.155   337.536   -70.27   46.02
 214921.745   329.049   -22.65   38.41
 215296.258   330.211     3.10   45.53
 215670.695   337.727    20.07   51.79
 216045.055   327.950   -26.11   49.96
 216419.339   306.059   -58.48   43.88
 216793.546   284.417   -57.83   36.26
 217167.677   265.939   -49.38   25.22
 217541.731   249.580   -43.72   19.18
 217915.709   238.972   -28.36   18.34
 218289.611   235.591    -9.04   17.85
 218663.437   245.189    25.67   29.62
 219037.186   278.309    88.60   50.01
 219410.859   311.125    87.81   44.34
 219784.456   327.460    43.72   30.36
 220157.977   322.472   -13.35   32.97
 220531.422   314.782   -20.59   30.17
 220904.791   325.287    28.13   38.62
 221278.084   352.802    73.70   42.67
 221651.302   373.493    55.43   43.45
 222024.443   381.160    20.54   50.73
 222397.509   377.787    -9.04   48.73
 222770.499   374.173    -9.69   35.42
 223143.413   363.678   -28.14   27.12
 223516.252   348.143   -41.66   36.19
 223889.015   321.628   -71.12   42.22
 224261.702   305.614   -42.96   29.34
 224634.314   310.789    13.89   35.75
 225006.851   327.784    45.61   40.50
 225379.312   348.295    55.06   33.62
 225751.698   359.097    29.00   24.50
 226124.008   353.649   -14.63   27.41
 226496.243   340.293   -35.87   34.38
 226868.403   326.211   -37.83   27.12
 227240.488   328.849     7.09   27.74
 227612.497   350.389    57.89   37.44
 227984.432   367.069    44.84   37.18
 228356.291   362.785   -11.52   40.90
 228728.076   340.733   -59.30   50.09
 229099.785   306.660   -91.65   45.76
 229471.420   280.080   -71.51   43.06
 229842.980   260.721   -52.10   36.87
 230214.464   248.391   -33.18   33.49
 230585.874   234.789   -36.62   29.48
 230957.210   221.613   -35.48   25.13
 231328.470   206.784   -39.94   19.92
 231699.656   195.884   -29.36   14.10
 232070.768   193.249    -7.10   13.96
 232441.805   200.505    19.55   24.10
 232812.767   209.133    23.26   31.39
 233183.655   214.743    15.12   37.03
 233554.468   210.156   -12.37   41.15
 233925.207   194.268   -42.85   36.01
 234295.872   178.534   -42.44   21.00
 234666.463   169.818   -23.52   10.23
 235036.979   164.380   -14.67    9.21
 235407.421   159.493   -13.19   10.86
 235777.788   155.140   -11.75    8.65
 236148.082   152.849    -6.18    7.07
 236518.302   154.537     4.56    7.96
 236888.447   158.793    11.50    9.40
 237258.519   164.124    14.40   12.35
 237628.517   172.709    23.20   17.50
 237998.441   182.211    25.68   20.83
 238368.290   191.540    25.22   21.02
 238738.067   201.613    27.24   20.27
 239107.769   211.773    27.48   23.36
 239477.398   223.211    30.94   27.41
 239846.953   233.570    28.03   30.68
 240216.434   233.149    -1.14   33.49
 240585.842   221.493   -31.55   35.05
 240955.176   205.254   -43.96   25.36
 241324.437   201.891    -9.11   20.80
 241693.624   213.092    30.33   28.20
 242062.738   229.849    45.39   34.21
 242431.778   245.499    42.40   36.97
 242800.745   252.510    19.00   33.87
 243169.639   253.605     2.97   27.87
 243538.460   253.598    -0.02   20.26
 243907.207   261.505    21.44   28.66
 244275.882   270.407    24.14   33.49
 244644.483   284.089    37.11   34.91
 245013.011   298.563    39.27   32.28
 245381.466   306.626    21.88   24.84
 245749.848   313.211    17.87   31.11
 246118.157   310.764    -6.64   38.22
 246486.393   301.549   -25.02   44.36
 246854.557   297.138   -11.98   43.56
 247222.647   299.254     5.75   38.98
 247590.665   306.760    20.39   30.94
 247958.610   309.960     8.70   28.42
 248326.483   301.428   -23.19   30.80
 248694.282   281.718   -53.58   24.71
 249062.010   271.874   -26.76   15.91
 249429.664   271.714    -0.43   14.58
 249797.246   282.993    30.68   17.31
 250164.756   292.420    25.65   15.62
 250532.193   296.246    10.41   21.46
 250899.558   297.216     2.64   27.12
 251266.851   293.038   -11.37   30.78
 251634.071   287.818   -14.21   30.76
 252001.219   285.627    -5.97   29.06
 252368.295   288.993     9.17   28.95
 252735.298   298.193    25.06   33.34
 253102.230   313.548    41.84   33.81
 253469.089   325.540    32.68   30.18
 253835.876   329.167     9.89   25.11
 254202.592   321.821   -20.03   29.17
 254569.235   312.719   -24.82   39.04
 254935.807   298.719   -38.18   47.55
 255302.306   286.071   -34.50   48.66
 255668.734   278.238   -21.37   48.32
 256035.090   280.664     6.62   45.37
 256401.374   292.135    31.31   43.25
 256767.587   308.789    45.47   38.63
 257133.727   316.389    20.75   38.83
 257499.797   313.535    -7.80   48.12
 257865.794   300.711   -35.03   54.04
 258231.720   287.448   -36.24   54.40
 258597.575   286.048    -3.82   48.09
 258968.403   292.689    17.90   41.06
 259349.118   294.660     5.18   32.33
 259729.754   285.849   -23.14   35.02
 260110.312   268.290   -46.13   36.23
 260490.792   251.618   -43.81   40.33
 260871.194   239.796   -31.07   42.38
 261251.517   234.172   -14.78   42.92
 261631.762   234.917     1.96   42.35
 262011.930   242.065    18.80   42.65
 262392.019   258.917    44.33   43.87
 262772.030   282.779    62.78   40.42
 263151.963   299.993    45.30   32.57
 263531.818   306.389    16.83   24.35
 263911.595   294.432   -31.48   34.65
 264291.294   271.029   -61.62   35.58
 264670.916   256.349   -38.66   32.38
 265050.460   256.810     1.21   36.90
 265429.926   267.147    27.24   37.64
 265809.315   271.821    12.32   34.19
 266188.625   263.260   -22.57   37.06
 266567.859   245.409   -47.06   41.59
 266947.015   222.227   -61.13   41.30
 267326.093   199.587   -59.71   41.50
 267705.094   182.616   -44.77   37.90
 268084.018   169.334   -35.04   33.94
 268462.864   166.049    -8.67   30.26
 268841.633   158.713   -19.37   25.38
 269220.325   151.709   -18.49   24.63
 269598.940   146.916   -12.66   26.74
 269977.477   150.937    10.62   33.65
 270355.938   159.521    22.68   38.38
 270734.321   172.582    34.51   30.80
 271112.627   177.763    13.69   28.43
 271490.857   172.106   -14.95   38.93
 271869.009   157.582   -38.40   44.23
 272247.085   137.488   -53.14   46.52
 272625.084   118.818   -49.38   42.45
 273003.006    99.027   -52.36   38.86
 273380.852    78.719   -53.74   30.98
 273758.620    64.198   -38.43   18.05
 274136.313    57.829   -16.86    2.85
 274513.928    58.621     2.10    2.99
 274891.467    59.760     3.02    2.35
 275268.930    60.621     2.28    1.35
 275646.316    60.432    -0.50    1.35
 276023.626    60.427    -0.01    1.20
 276400.859    60.892     1.23    1.19
 276778.016    61.601     1.88    1.58
 277155.097    62.939     3.55    2.46
 277532.102    64.041     2.92    2.71
 277909.030    63.697    -0.91    3.47
 278285.882    62.553    -3.03    4.07
 278662.659    61.026    -4.05    3.81
 279039.359    59.145    -4.99    3.34
 279415.983    58.570    -1.53    3.06
 279792.532    58.540    -0.08    2.77
 280169.004    58.613     0.19    2.46
 280545.401    59.839     3.26    3.05
 280921.722    61.205     3.63    2.70
 281297.967    62.029     2.19    1.97
 281674.136    62.544     1.37    2.08
 282050.230    62.160    -1.02    2.31
 282426.248    61.971    -0.50    2.41
 282802.191    62.172     0.53    2.55
 283178.058    61.814    -0.95    1.97
 283553.849    62.291     1.27    2.26
 283929.565    63.738     3.85    3.62
 284305.206    65.779     5.43    4.49
 284680.771    66.785     2.68    4.24
 285056.261    67.688     2.40    3.61
 285431.676    67.309    -1.01    3.50
 285807.016    66.296    -2.70    1.94
 286182.280    66.298     0.01    1.64
 286557.469    65.863    -1.16    1.27
 286932.584    65.505    -0.95    1.39
 287307.623    65.577     0.19    1.65
 287682.587    65.893     0.84    1.70
 288057.476    66.672     2.08    1.93
 288432.291    67.196     1.40    1.88
 288807.030    67.114    -0.22    1.83
 289181.695    67.151     0.10    1.21
 289556.285    67.220     0.18    0.90
 289930.800    67.566     0.93    1.09
 290305.241    67.924     0.95    1.00
 290679.607    68.675     2.01    1.30
 291053.898    69.970     3.46    2.29
 291428.115    70.609     1.71    2.29
 291802.257    70.758     0.40    2.04
 292176.325    70.455    -0.81    2.17
 292550.318    69.755    -1.87    2.13
 292924.237    69.582    -0.46    2.17
 293298.082    69.796     0.57    2.23
 293671.852    70.103     0.82    1.95
 294045.549    70.189     0.23    1.55
 294419.171    70.375     0.50    1.20
 294792.719    70.591     0.58    1.36
 295166.192    71.182     1.58    1.46
 295539.592    71.488     0.82    1.10
 295912.918    71.095    -1.05    1.11
 296286.169    70.766    -0.88    1.08
 296659.347    70.660    -0.28    1.03
 297032.451    70.600    -0.16    1.12
 297405.481    70.671     0.19    1.16
 297778.437    70.488    -0.49    1.18
 298151.320    70.709     0.59    1.41
 298524.129    71.263     1.49    1.45
 298896.864    72.471     3.24    2.81
 299269.525    73.560     2.92    3.12
 299642.113    74.301     1.99    2.98
 300014.628    74.582     0.75    2.39
 300387.069    74.084    -1.34    2.35
 300759.436    73.648    -1.17    1.98
 301131.730    73.274    -1.00    1.70
