# NaN NaN NaN ;Mean Elev.(m), Avg Gradient(m/km), RMS Gradient(m/km) - SRTM1     
#  -12.928  -0.242   6.379 ;Mean Elev.(m), Avg Gradient(m/km), RMS Gradient(m/km) - ASTER GDEM
#    8.549  -0.003   2.061 ;Mean Elev.(m), Avg Gradient(m/km), RMS Gradient(m/km) - GMTED2010 
  8    12.821 52486.04158239 21.40 156.679313  67.923008 23.871
  8    12.582 52486.04158304 19.65 156.675613  67.919968 23.871
  8     6.114 52486.04158368 22.27 156.671913  67.916918 23.871
  8     6.344 52486.04158433 26.59 156.668213  67.913868 23.871
  9    12.018 52521.04155004 22.35 156.671371  67.921149 32.669
  9     4.765 52521.04155068 22.92 156.667671  67.918099 32.669
  9     5.190 52521.04155133 25.04 156.663971  67.915059 32.669
 11     0.760 52591.04159179 31.42 156.677690  67.922265 17.706
 11     0.806 52591.04159244 35.25 156.673990  67.919215 17.706
 11     0.749 52591.04159308 37.83 156.670290  67.916165 17.706
 12     0.968 52626.04151433 26.10 156.678194  67.922571 11.114
 12     0.905 52626.04151498 27.34 156.674494  67.919521 11.114
 12     0.972 52626.04151562 28.38 156.670794  67.916471 11.114
 12     0.875 52626.04151627 26.98 156.667104  67.913421 11.114
 13    11.232 52661.04155623 23.26 156.682908  67.922435  7.911
 13     6.443 52661.04155688 23.88 156.679208  67.919385  7.911
 13     0.881 52661.04155752 24.50 156.675508  67.916335  7.911
 13     7.498 52661.04155817 22.93 156.671808  67.913285  7.911
 15    11.029 52731.04156302 22.40 156.687307  67.921072  3.562
 15     9.574 52731.04156366 21.94 156.683607  67.918022  3.562
 15     8.736 52731.04156431 20.69 156.679907  67.914972  3.562
 15     7.199 52731.04156495 21.10 156.676217  67.911932  3.562
 16     1.104 52766.04157255 23.23 156.665327  67.925519 11.455
 16     1.045 52766.04157320 20.50 156.661627  67.922479 11.455
 16     2.797 52766.04157384 18.63 156.657927  67.919429 11.455
 16     3.268 52766.04157449 20.85 156.654227  67.916379 11.455
 17    12.729 52801.04157035 23.95 156.701230  67.920130 38.711
 17    12.559 52801.04157100 21.04 156.697530  67.917090 38.711
 17    12.028 52801.04157164 18.81 156.693830  67.914040 38.711
 17    11.369 52801.04157229 18.23 156.690126  67.910992 20.355
 18    12.509 52836.04163774 15.76 156.694628  67.918421 36.520
 18    12.117 52836.04163838 12.73 156.690928  67.915371 36.520
 18    11.542 52836.04163903 13.58 156.687228  67.912331 36.520
 19    12.535 52871.04167856 14.69 156.689310  67.920054 27.692
 19    12.070 52871.04167920 14.36 156.685610  67.917004 27.692
 19     2.774 52871.04167985 16.18 156.681910  67.913954 27.692
 20     2.886 52906.04167588 44.44 156.680160  67.921456 38.873
 20     2.847 52906.04167653 38.65 156.676460  67.918406 38.873
 20     2.870 52906.04167717 30.47 156.672770  67.915356 38.873
 21     1.160 52941.04160774 36.25 156.696554  67.915416 12.312
 21     1.140 52941.04160838 33.21 156.692854  67.912366 12.312
 22     0.684 52976.04165605 28.17 156.687599  67.918597  7.497
 22     0.797 52976.04165669 29.22 156.683899  67.915557  7.497
 22     0.793 52976.04165734 27.95 156.680199  67.912507  7.497
 23     7.020 53011.04165931 21.82 156.674563  67.920460  6.099
 23     1.025 53011.04165996 22.53 156.670873  67.917420  6.099
 23     3.956 53011.04166060 21.94 156.667173  67.914370  6.099
 24     7.751 53046.04162300 21.10 156.690951  67.919222  5.568
 24     4.477 53046.04162364 20.78 156.687241  67.916182  5.568
 24     2.865 53046.04162428 20.70 156.683541  67.913132  5.568
 25     8.713 53081.04165742 19.31 156.673442  67.921917  5.226
 25     8.290 53081.04165807 19.17 156.669742  67.918867  5.226
 25     4.189 53081.04165871 19.52 156.666042  67.915817  5.226
 26     9.975 53116.04162756 16.92 156.689666  67.920716  4.788
 26     8.618 53116.04162821 17.30 156.685966  67.917676  4.788
 26     3.344 53116.04162885 18.04 156.682266  67.914626  4.788
 26     1.180 53116.04162950 17.44 156.678566  67.911576  4.788
 27     3.156 53151.04167564 31.18 156.679366  67.919925 36.422
 27     3.227 53151.04167629 28.23 156.675666  67.916885 36.422
 27     3.446 53151.04167693 36.24 156.671966  67.913835 36.422
 28    12.776 53186.04166271 24.63 156.693353  67.920152 37.595
 28    12.261 53186.04166335 19.31 156.689653  67.917102 37.595
 28     9.545 53186.04166400 25.26 156.685953  67.914052 37.595
 28     9.667 53186.04166464 35.83 156.682253  67.911002 37.595
 29     5.728 53221.04168913 38.51 156.679251  67.921376 26.089
 29     5.615 53221.04168977 36.99 156.675551  67.918326 26.089
 29     5.603 53221.04169042 34.32 156.671851  67.915276 26.089
 30     3.747 53256.04166594 27.84 156.665315  67.922150 30.021
 30     3.595 53256.04166658 27.22 156.661615  67.919100 30.021
 30     4.119 53256.04166723 27.53 156.657915  67.916050 30.021
 31     4.401 53291.04167824 44.94 156.688696  67.920293 25.050
 31     4.549 53291.04167888 43.91 156.684986  67.917243 25.050
 31     4.446 53291.04167953 47.20 156.681286  67.914193 25.050
 32     1.494 53326.04165288 20.81 156.684517  67.921466  5.136
 32     1.570 53326.04165352 20.52 156.680817  67.918426  5.136
 32     1.701 53326.04165417 20.20 156.677117  67.915376  5.136
 32     1.665 53326.04165481 18.53 156.673417  67.912326  5.136
 34    11.329 53396.04163047 16.09 156.691644  67.920394  4.037
 34    10.815 53396.04163112 15.23 156.687944  67.917354  4.037
 34     8.728 53396.04163176 14.90 156.684244  67.914304  4.037
 34     8.820 53396.04163241 14.94 156.680544  67.911254  4.037
 35    11.615 53431.04162297 13.77 156.675943  67.921914  4.768
 35    10.664 53431.04162362 14.76 156.672243  67.918864  4.768
 35     9.721 53431.04162426 14.48 156.668543  67.915824  4.768
 36    11.405 53466.04165328 11.36 156.695674  67.919520  3.384
 36     9.268 53466.04165392 12.23 156.691964  67.916470  3.384
 36     9.331 53466.04165457 12.62 156.688264  67.913430  3.384
 37    11.332 53501.04171147 18.83 156.676670  67.921174 10.388
 37    10.817 53501.04171212 18.99 156.672970  67.918124 10.388
 37     2.862 53501.04171276 18.74 156.669270  67.915074 10.388
 38    12.890 53536.04170080 23.83 156.680550  67.921476 29.539
 38    12.529 53536.04170145 18.49 156.676840  67.918426 29.539
 38     4.784 53536.04170209 21.91 156.673150  67.915386 29.539
 39    12.792 53571.04170936 19.07 156.674709  67.922080 24.693
 39    12.550 53571.04171000 14.90 156.671009  67.919030 24.693
 39    11.960 53571.04171065 11.97 156.667309  67.915980 24.693
 40     6.967 53606.04165699 44.70 156.670492  67.924447 33.144
 40     6.879 53606.04165764 46.17 156.666802  67.921397 33.144
 40     6.843 53606.04165828 42.75 156.663102  67.918347 33.144
 40     6.879 53606.04165893 45.49 156.659402  67.915297 33.144
 41     3.803 53641.04165727 52.28 156.691341  67.918639 35.785
 41     3.718 53641.04165792 52.24 156.687631  67.915599 35.785
 41     3.705 53641.04165856 51.72 156.683931  67.912549 35.785
 42     1.025 53676.04167686 33.76 156.677962  67.920695 14.019
 42     1.000 53676.04167750 32.25 156.674262  67.917645 14.019
 42     0.987 53676.04167815 35.41 156.670562  67.914605 14.019
 43     0.678 53711.04160612 25.31 156.675964  67.923410  9.037
 43     0.694 53711.04160676 25.39 156.672264  67.920360  9.037
 43     0.654 53711.04160741 27.56 156.668564  67.917310  9.037
 43     0.738 53711.04160805 26.57 156.664864  67.914270  9.037
 45    11.010 53781.04154788 15.87 156.685998  67.920636  4.447
 45    10.216 53781.04154853 16.07 156.682298  67.917596  4.447
 45     5.806 53781.04154917 15.78 156.678598  67.914546  4.447
 46    11.382 53816.04151601 15.34 156.668792  67.924745  4.341
 46     9.813 53816.04151666 14.88 156.665092  67.921705  4.341
 46     7.283 53816.04151730 16.23 156.661392  67.918655  4.341
 46     4.662 53816.04151795 16.06 156.657702  67.915605  4.341
 47    10.986 53851.04158398 16.14 156.689112  67.919825  4.304
 47     8.498 53851.04158462 16.31 156.685412  67.916785  4.304
 47     4.027 53851.04158526 15.98 156.681712  67.913735  4.304
 48    12.544 53886.04159283 22.22 156.691010  67.919012 37.733
 48    11.599 53886.04159347 24.76 156.687310  67.915962 37.733
 48     9.516 53886.04159412 31.39 156.683610  67.912912 37.733
 49    12.908 53921.04166238 19.62 156.676196  67.922051 23.636
 49    12.557 53921.04166303 16.88 156.672496  67.919001 23.636
 49    11.934 53921.04166367 17.56 156.668796  67.915951 23.636
 50     4.868 53956.04165987 33.47 156.672069  67.921801 34.051
 50     4.914 53956.04166052 22.40 156.668369  67.918751 34.051
 50     5.178 53956.04166116 26.36 156.664669  67.915701 34.051
 51    12.630 53991.04157920 19.04 156.668544  67.921465 23.927
 51    12.115 53991.04157984 18.88 156.664844  67.918415 23.927
 51     8.155 53991.04158049 25.07 156.661154  67.915365 23.927
 52     2.047 54026.04164464 43.26 156.693668  67.918322 13.803
 52     2.020 54026.04164528 36.04 156.689968  67.915272 13.803
 52     1.997 54026.04164593 34.08 156.686258  67.912232 13.803
 53    10.748 54061.04163821 18.78 156.685589  67.919014  6.613
 53     9.328 54061.04163886 18.95 156.681889  67.915974  6.613
 53     8.342 54061.04163950 18.85 156.678189  67.912924  6.613
 54    11.636 54096.04161120 15.25 156.671984  67.924097  4.256
 54     8.713 54096.04161184 15.78 156.668284  67.921047  4.256
 54     6.822 54096.04161249 15.56 156.664584  67.917997  4.256
 54     6.715 54096.04161313 14.23 156.660894  67.914947  4.256
 55    11.243 54131.04155813 15.79 156.699841  67.920798  4.133
 55    10.548 54131.04155878 15.15 156.696141  67.917748  4.133
 55     9.513 54131.04155942 14.77 156.692441  67.914708  4.133
 55     7.559 54131.04156007 16.00 156.688741  67.911658  4.133
 56    10.844 54166.04158357 14.63 156.675019  67.921894  4.115
 56     8.999 54166.04158421 14.84 156.671319  67.918844  4.115
 56     6.854 54166.04158486 15.51 156.667619  67.915794  4.115
 57    11.009 54201.04156170 13.59 156.692595  67.919872  4.043
 57     9.424 54201.04156235 13.71 156.688895  67.916822  4.043
 57     8.708 54201.04156299 14.20 156.685185  67.913782  4.043
 58     1.208 54236.04159845 39.56 156.685703  67.918509 21.413
 58     1.256 54236.04159910 38.24 156.682003  67.915459 21.413
 58     3.100 54236.04159974 35.70 156.678303  67.912409 21.413
 59    12.648 54271.04161917 18.67 156.680394  67.919669 20.379
 59    12.101 54271.04161982 19.31 156.676694  67.916619 20.379
 59     9.341 54271.04162046 26.34 156.672994  67.913569 20.379
 60    12.738 54306.04162151 19.39 156.685071  67.921124 24.838
 60    12.213 54306.04162216 18.03 156.681371  67.918074 24.838
 60     6.302 54306.04162280 23.29 156.677671  67.915024 24.838
 61     6.719 54341.04160358 50.67 156.675128  67.920950 35.595
 61     6.732 54341.04160422 51.89 156.671428  67.917900 35.595
 61     6.813 54341.04160487 49.41 156.667728  67.914850 35.595
 62    12.496 54376.04155628 15.22 156.687907  67.919506 10.453
 62    11.933 54376.04155693 15.95 156.684207  67.916456 10.453
 62     9.364 54376.04155757 15.49 156.680507  67.913416 10.453
 63     1.271 54411.04155039 31.51 156.678782  67.919770 10.321
 63     1.391 54411.04155103 32.19 156.675082  67.916730 10.321
 63     1.350 54411.04155168 30.26 156.671382  67.913680 10.321
 64     0.746 54446.04151986 22.68 156.697480  67.920520  7.364
 64     0.860 54446.04152050 24.45 156.693780  67.917480  7.364
 64     0.938 54446.04152115 23.07 156.690080  67.914430  7.364
 64     0.989 54446.04152179 21.49 156.686380  67.911380  7.364
 65     1.013 54481.04154162 20.26 156.683705  67.920426  5.375
 65     1.273 54481.04154226 19.84 156.680005  67.917376  5.375
 65     1.052 54481.04154291 19.89 156.676305  67.914326  5.375
 66     9.729 54516.04153450 18.60 156.694981  67.918686  4.309
 66     2.484 54516.04153515 19.17 156.691281  67.915646  4.309
 66     7.225 54516.04153579 17.93 156.687581  67.912599  4.315
 67    10.964 54551.04155459 16.16 156.674642  67.921657  3.903
 67     7.337 54551.04155524 17.11 156.670942  67.918607  3.903
 67     3.240 54551.04155588 15.81 156.667242  67.915557  3.903
 68     7.108 54586.04153011 15.24 156.685706  67.919514  3.763
 68     1.194 54586.04153076 15.86 156.682006  67.916464  3.763
 68     3.809 54586.04153140 14.69 156.678306  67.913414  3.763
 69    12.880 54621.04154889 22.21 156.684060  67.921832 36.216
 69    11.245 54621.04154953 24.76 156.680360  67.918782 36.216
 69    11.311 54621.04155018 27.39 156.676650  67.915732 36.216
 69    11.488 54621.04155082 36.93 156.672960  67.912682 36.216
 70    12.873 54656.04155922 23.12 156.681281  67.921583 37.426
 70    12.622 54656.04155987 20.53 156.677581  67.918533 37.426
 70     5.143 54656.04156051 25.59 156.673881  67.915483 37.426
 71     3.589 54691.04154426 35.36 156.677850  67.921580 39.483
 71     3.679 54691.04154491 44.50 156.674150  67.918540 39.483
 71     3.421 54691.04154555 36.56 156.670450  67.915490 39.483
 72    12.342 54726.04151021 17.53 156.694504  67.919855 38.092
 72    11.552 54726.04151086 20.54 156.690804  67.916805 38.092
 72     4.622 54726.04151150 29.39 156.687104  67.913765 38.092
 72     4.730 54726.04151215 42.87 156.683399  67.910714 21.936
 73     3.092 54761.04152122 34.81 156.680309  67.921244 18.886
 73     3.054 54761.04152187 38.00 156.676609  67.918194 18.886
 73     2.984 54761.04152251 35.86 156.672909  67.915154 18.886
 74     1.154 54796.04150365 32.12 156.696626  67.919583 10.014
 74     1.255 54796.04150430 33.31 156.692926  67.916533 10.014
 74     1.223 54796.04150494 30.81 156.689232  67.913487  8.833
 74     1.194 54796.04150559 25.34 156.685532  67.910437  8.833
 75    10.916 54831.04152160 18.42 156.681075  67.920152  6.055
 75     8.267 54831.04152225 19.67 156.677375  67.917102  6.055
 75     8.158 54831.04152289 19.44 156.673675  67.914052  6.055
 76    11.063 54866.04149888 18.25 156.694214  67.919086  5.072
 76     9.063 54866.04149952 17.82 156.690514  67.916046  5.072
 76     7.748 54866.04150017 18.60 156.686814  67.912998  5.147
 77    11.300 54901.04152026 15.69 156.676768  67.923341  4.927
 77    10.803 54901.04152091 15.34 156.673068  67.920291  4.927
 77    10.072 54901.04152155 15.22 156.669368  67.917241  4.927
 77     7.013 54901.04152220 15.90 156.665679  67.914194  3.816
 78    10.742 54936.04148962 15.49 156.689323  67.919911  4.851
 78     8.652 54936.04149027 15.39 156.685623  67.916861  4.851
 78     6.122 54936.04149091 16.01 156.681923  67.913821  4.851
 79     3.128 54971.04152198 35.38 156.686181  67.920875 31.640
 79     2.973 54971.04152262 29.50 156.682481  67.917825 31.640
 79     3.073 54971.04152327 28.69 156.678781  67.914775 31.640
 80    12.670 55006.04154174 18.15 156.679992  67.921417 29.556
 80    12.018 55006.04154239 20.78 156.676292  67.918367 29.556
 80     5.770 55006.04154303 25.22 156.672592  67.915317 29.556
 81    12.088 55041.04152978 17.81 156.683215  67.920623 32.395
 81     2.804 55041.04153042 20.58 156.679515  67.917573 32.395
 81     2.860 55041.04153107 25.36 156.675815  67.914523 32.395
 82    12.112 55076.04151135 19.29 156.674629  67.920900 31.424
 82     3.403 55076.04151200 18.80 156.670929  67.917860 31.424
 82     3.727 55076.04151264 25.23 156.667239  67.914810 31.424
 83    11.168 55111.04146236 27.95 156.690292  67.919877 21.829
 83    10.077 55111.04146300 28.70 156.686592  67.916827 21.829
 83     2.456 55111.04146365 28.39 156.682892  67.913787 21.829
 84     0.723 55146.04146464 27.02 156.680356  67.922122  8.353
 84     0.671 55146.04146528 26.57 156.676656  67.919072  8.353
 84     0.588 55146.04146593 26.36 156.672956  67.916032  8.353
 84     2.208 55146.04146657 24.28 156.669261  67.912978  4.744
 85     4.470 55181.04143990 20.64 156.696295  67.918849  5.363
 85     0.884 55181.04144054 20.84 156.692595  67.915809  5.363
 85     1.121 55181.04144119 19.46 156.688887  67.912761  5.345
 86     6.256 55216.04145941 20.24 156.678480  67.920732  5.801
 86     2.290 55216.04146006 21.67 156.674780  67.917682  5.801
 86     1.041 55216.04146070 20.45 156.671080  67.914632  5.801
 87    11.089 55251.04143665 15.18 156.693948  67.920347  4.258
 87    10.748 55251.04143729 15.20 156.690248  67.917307  4.258
 87     8.341 55251.04143794 15.08 156.686549  67.914259  4.169
 87     6.533 55251.04143858 15.56 156.682849  67.911209  4.169
 88    11.383 55286.04145267 14.71 156.675694  67.923341  4.545
 88    10.530 55286.04145332 14.69 156.671994  67.920301  4.545
 88     7.929 55286.04145396 15.90 156.668294  67.917251  4.545
 88     6.301 55286.04145461 15.37 156.664594  67.914201  4.545
 90    12.797 55356.04142726 19.57 156.679374  67.920593 28.263
 90    12.039 55356.04142790 20.50 156.675674  67.917543 28.263
 90     7.753 55356.04142855 24.99 156.671974  67.914493 28.263
 91     4.867 55391.04142814 52.87 156.687587  67.918314 40.458
 91     5.029 55391.04142878 51.35 156.683887  67.915274 40.458
 91     5.004 55391.04142943 49.94 156.680182  67.912222 25.027
 92    12.402 55426.04144358 17.22 156.684441  67.921588 34.277
 92    11.893 55426.04144423 19.31 156.680741  67.918538 34.277
 92     4.155 55426.04144487 23.35 156.677041  67.915488 34.277
 92     4.204 55426.04144552 32.01 156.673341  67.912438 34.277
 93     9.450 55461.04141169 43.60 156.673441  67.920554 34.163
 93     9.453 55461.04141234 41.67 156.669741  67.917514 34.163
 93     9.578 55461.04141298 42.55 156.666041  67.914464 34.163
