# NaN NaN NaN ;Mean Elev.(m), Avg Gradient(m/km), RMS Gradient(m/km) - SRTM1     
#    8.328   0.015   3.263 ;Mean Elev.(m), Avg Gradient(m/km), RMS Gradient(m/km) - ASTER GDEM
#    1.000  -0.346   2.266 ;Mean Elev.(m), Avg Gradient(m/km), RMS Gradient(m/km) - GMTED2010 
  7     1.503 52469.40701069 27.61 161.155993  68.534798 28.853
  7     1.320 52469.40701133 21.36 161.152103  68.537828 28.853
  7     1.406 52469.40701197 18.82 161.148213  68.540858 28.853
  7     2.261 52469.40701262 17.64 161.144321  68.543890 29.502
  7     2.697 52469.40701326 20.44 161.140421  68.546920 29.502
  8     1.418 52504.40699614 36.46 161.161006  68.533917 34.407
  8     1.443 52504.40699679 26.32 161.157116  68.536947 34.407
  8     1.041 52504.40699743 20.54 161.153226  68.539987 34.407
  8     1.399 52504.40699807 17.33 161.149336  68.543017 34.407
  8     2.296 52504.40699872 15.81 161.145436  68.546047 34.407
  8     2.638 52504.40699936 18.26 161.141546  68.549077 34.407
  9     0.845 52539.40697898 53.03 161.146753  68.528744 34.283
  9     0.927 52539.40697963 51.55 161.142863  68.531774 34.283
  9     0.937 52539.40698027 49.90 161.138965  68.534801 37.515
  9     0.898 52539.40698092 43.16 161.135075  68.537831 37.515
  9     0.778 52539.40698156 37.07 161.131175  68.540861 37.515
 10     0.245 52574.40702308 36.36 161.151937  68.533132 16.718
 10     0.217 52574.40702373 37.62 161.148037  68.536162 16.718
 10     0.149 52574.40702437 39.00 161.144147  68.539202 16.718
 10     0.302 52574.40702502 40.92 161.140257  68.542232 16.718
 10     0.183 52574.40702566 36.57 161.136357  68.545262 16.718
 11     0.754 52609.40698301 28.10 161.160555  68.536047  6.125
 11    -0.006 52609.40698365 28.98 161.156665  68.539077  6.125
 11    -0.059 52609.40698430 29.55 161.152775  68.542107  6.125
 11     0.004 52609.40698494 28.22 161.148875  68.545137  6.125
 11    -0.030 52609.40698559 27.29 161.144985  68.548167  6.125
 12     0.599 52644.40697471 25.79 161.150744  68.531826  5.593
 12     0.103 52644.40697535 26.15 161.146844  68.534856  5.593
 12    -0.040 52644.40697600 26.87 161.142960  68.537886  7.098
 12    -0.009 52644.40697664 25.52 161.139060  68.540916  7.098
 12     0.008 52644.40697729 23.98 161.135170  68.543946  7.098
 13     0.962 52679.40695406 22.06 161.165049  68.537897  3.886
 13     0.026 52679.40695471 22.82 161.161159  68.540937  3.886
 13    -0.144 52679.40695535 23.69 161.157269  68.543967  3.886
 13    -0.094 52679.40695600 21.68 161.153379  68.546997  3.886
 13    -0.131 52679.40695664 21.32 161.149479  68.550027  3.886
 13    -0.198 52679.40695729 21.55 161.145586  68.553057  3.148
 15     1.062 52749.40702402 19.07 161.155888  68.535503  2.809
 15     0.160 52749.40702467 18.79 161.151998  68.538533  2.809
 15    -0.037 52749.40702531 18.36 161.148108  68.541563  2.809
 15     0.048 52749.40702596 17.97 161.144218  68.544593  2.809
 15    -0.021 52749.40702660 17.29 161.140318  68.547623  2.809
 16     0.696 52784.40696443 34.18 161.146081  68.525355 33.198
 16     0.605 52784.40696507 33.42 161.142191  68.528385 33.198
 16     0.230 52784.40696572 24.94 161.138301  68.531415 33.198
 16     0.058 52784.40696636 22.94 161.134401  68.534445 33.198
 16     2.818 52784.40696701 20.84 161.130511  68.537475 33.198
 16     3.183 52784.40696765 25.45 161.126611  68.540505 33.198
 17     3.280 52819.40704120 26.94 161.144852  68.528830 25.241
 17     2.953 52819.40704184 27.18 161.140962  68.531860 25.241
 17     2.788 52819.40704249 27.93 161.137062  68.534890 25.241
 17     2.867 52819.40704313 27.98 161.133172  68.537920 25.241
 17     3.070 52819.40704378 28.01 161.129272  68.540950 25.241
 18     0.609 52854.40709005 49.55 161.154214  68.530820 39.057
 18     0.448 52854.40709069 48.09 161.150323  68.533853 43.842
 18     0.604 52854.40709134 48.66 161.146433  68.536883 43.842
 18     0.503 52854.40709198 51.86 161.142543  68.539913 43.842
 18     0.445 52854.40709263 53.07 161.138643  68.542943 43.842
 18     0.397 52854.40709327 50.85 161.134753  68.545973 43.842
 20     1.613 52924.40707838 25.91 161.162967  68.539429  6.343
 20     0.696 52924.40707902 25.75 161.159077  68.542469  6.343
 20     1.187 52924.40707967 22.80 161.155177  68.545499  6.343
 20     1.526 52924.40708031 21.32 161.151287  68.548529  6.343
 20     2.465 52924.40708096 20.52 161.147397  68.551559  6.343
 21     0.134 52959.40704402 32.35 161.153208  68.531258  4.703
 21    -0.084 52959.40704466 33.75 161.149311  68.534287  6.060
 21    -0.045 52959.40704530 34.82 161.145421  68.537317  6.060
 21    -0.098 52959.40704595 33.53 161.141521  68.540347  6.060
 21    -0.064 52959.40704659 31.47 161.137631  68.543377  6.060
 21    -0.231 52959.40704724 28.92 161.133731  68.546407  6.060
 22     0.015 52994.40707554 26.35 161.153903  68.533039  4.227
 22    -0.051 52994.40707618 27.74 161.150013  68.536069  4.227
 22    -0.140 52994.40707683 26.80 161.146113  68.539099  4.227
 22    -0.078 52994.40707747 25.53 161.142223  68.542129  4.227
 22    -0.111 52994.40707812 24.54 161.138323  68.545159  4.227
 24     0.565 53064.40704699 18.37 161.157956  68.533286  2.774
 24    -0.112 53064.40704763 18.67 161.154056  68.536316  2.774
 24    -0.317 53064.40704828 19.70 161.150166  68.539346  2.774
 24    -0.278 53064.40704892 19.15 161.146276  68.542376  2.774
 24    -0.348 53064.40704957 18.32 161.142376  68.545406  2.774
 24    -0.444 53064.40705021 17.60 161.138486  68.548436  2.774
 25     0.535 53099.40705790 15.65 161.162729  68.536213  2.402
 25    -0.226 53099.40705854 16.64 161.158839  68.539243  2.402
 25    -0.296 53099.40705919 16.55 161.154949  68.542273  2.402
 25    -0.246 53099.40705983 15.78 161.151063  68.545309  2.416
 25    -0.468 53099.40706048 15.80 161.147163  68.548339  2.416
 25    -0.577 53099.40706112 15.35 161.143273  68.551369  2.416
 26    -0.223 53134.40704658 12.70 161.157674  68.533588  2.756
 26    -0.055 53134.40704722 13.21 161.153784  68.536618  2.756
 26    -0.169 53134.40704787 13.63 161.149894  68.539648  2.756
 26    -0.100 53134.40704851 13.36 161.145994  68.542678  2.756
 26    -0.095 53134.40704916 12.59 161.142104  68.545708  2.756
 26    -0.197 53134.40704980 12.48 161.138204  68.548738  2.756
 28     1.283 53204.40711780 27.17 161.154363  68.534166 32.738
 28     1.078 53204.40711845 21.44 161.150473  68.537196 32.738
 28     1.240 53204.40711909 19.23 161.146583  68.540226 32.738
 28     2.486 53204.40711974 17.18 161.142683  68.543256 32.738
 28     2.683 53204.40712038 19.74 161.138793  68.546286 32.738
 29     1.413 53239.40708635 41.88 161.166931  68.538041 28.787
 29     1.165 53239.40708700 28.92 161.163041  68.541071 28.787
 29     1.042 53239.40708764 29.10 161.159151  68.544101 28.787
 29     0.525 53239.40708829 24.99 161.155251  68.547131 28.787
 29     0.130 53239.40708893 26.03 161.151361  68.550161 28.787
 29     2.470 53239.40708958 27.30 161.147461  68.553191 28.787
 30     3.585 53274.40704851 27.41 161.145898  68.526123 28.480
 30     3.187 53274.40704915 17.97 161.142008  68.529153 28.480
 30     1.128 53274.40704980 18.84 161.138108  68.532183 28.480
 30     2.038 53274.40705044 19.59 161.134218  68.535213 28.480
 30     2.845 53274.40705109 22.32 161.130318  68.538243 28.480
 30     2.767 53274.40705173 25.18 161.126428  68.541273 28.480
 31     0.373 53309.40710140 18.75 161.152609  68.529917  3.465
 31     0.041 53309.40710204 19.66 161.148709  68.532947  3.465
 31     0.019 53309.40710269 20.68 161.144819  68.535977  3.465
 31    -0.053 53309.40710333 19.48 161.140929  68.539007  3.465
 31     0.013 53309.40710398 19.46 161.137039  68.542037  3.465
 31    -0.064 53309.40710462 19.16 161.133139  68.545067  3.465
 32     1.496 53344.40706830 13.80 161.161831  68.535108  2.879
 32     0.916 53344.40706895 14.35 161.157941  68.538138  2.879
 32     0.697 53344.40706959 13.70 161.154041  68.541168  2.879
 32     0.904 53344.40707023 13.37 161.150151  68.544198  2.879
 32     0.753 53344.40707088 13.40 161.146261  68.547228  2.879
 32     1.570 53344.40707152 13.03 161.142361  68.550258  2.879
 33     0.845 53379.40701437 12.73 161.148182  68.526347  2.157
 33     0.610 53379.40701502 12.49 161.144292  68.529377  2.157
 33     0.493 53379.40701566 12.27 161.140402  68.532407  2.157
 33     0.131 53379.40701631 12.45 161.136502  68.535437  2.157
 33     0.128 53379.40701695 12.77 161.132612  68.538467  2.157
 33     0.072 53379.40701760 12.21 161.128712  68.541497  2.157
 34     1.414 53414.40704508 12.69 161.161362  68.535033  2.287
 34     0.476 53414.40704573 12.64 161.157472  68.538063  2.287
 34     0.557 53414.40704637 13.12 161.153582  68.541093  2.287
 34     0.783 53414.40704702 13.22 161.149682  68.544123  2.287
 34     1.164 53414.40704766 12.68 161.145792  68.547153  2.287
 34     1.288 53414.40704831 13.08 161.141892  68.550183  2.287
 35     0.355 53449.40703586 10.78 161.142361  68.527723  2.203
 35     0.297 53449.40703651 11.20 161.138471  68.530753  2.203
 35     0.015 53449.40703715 11.48 161.134571  68.533783  2.203
 35    -0.123 53449.40703780 11.35 161.130681  68.536813  2.203
 35    -0.012 53449.40703844 10.99 161.126781  68.539843  2.203
 37     2.121 53519.40711966 34.41 161.157326  68.536686 36.031
 37     1.733 53519.40712030 26.21 161.153436  68.539716 36.031
 37     2.193 53519.40712095 23.77 161.149536  68.542746 36.031
 37     2.413 53519.40712159 28.45 161.145646  68.545776 36.031
 37     2.359 53519.40712224 44.42 161.141746  68.548806 36.031
 38     0.853 53554.40714169 28.37 161.152504  68.533101 29.305
 38     0.943 53554.40714233 17.57 161.148614  68.536131 29.305
 38     2.020 53554.40714298 17.39 161.144724  68.539161 29.305
 38     2.155 53554.40714362 18.52 161.140824  68.542191 29.305
 38     2.467 53554.40714427 23.54 161.136934  68.545221 29.305
 39     1.357 53589.40708784 45.42 161.167691  68.537686 34.963
 39     1.346 53589.40708848 24.14 161.163801  68.540716 34.963
 39     0.888 53589.40708912 19.60 161.159911  68.543746 34.963
 39     0.749 53589.40708977 20.42 161.156011  68.546776 34.963
 39     1.938 53589.40709041 21.59 161.152121  68.549806 34.963
 39     2.246 53589.40709106 27.07 161.148221  68.552836 34.963
 40     3.162 53624.40706388 22.70 161.140621  68.526062 30.104
 40     0.731 53624.40706453 19.78 161.136731  68.529092 30.104
 40     1.253 53624.40706517 19.91 161.132841  68.532122 30.104
 40     2.222 53624.40706582 18.22 161.128941  68.535152 30.104
 40     2.929 53624.40706646 21.06 161.125051  68.538182 30.104
 41     0.852 53659.40709092 25.34 161.151335  68.529693 15.914
 41     0.672 53659.40709156 23.58 161.147445  68.532723 15.914
 41     0.417 53659.40709221 24.05 161.143555  68.535753 15.914
 41     0.703 53659.40709285 24.62 161.139655  68.538783 15.914
 41     0.731 53659.40709350 26.51 161.135765  68.541813 15.914
 41     2.188 53659.40709414 25.51 161.131865  68.544843 15.914
 42     0.780 53694.40706842 24.95 161.161541  68.535897  6.215
 42    -0.355 53694.40706907 27.67 161.157651  68.538927  6.215
 42    -0.297 53694.40706971 28.24 161.153751  68.541957  6.215
 42    -0.445 53694.40707036 28.14 161.149861  68.544987  6.215
 42    -0.423 53694.40707100 26.86 161.145971  68.548017  6.215
 42    -0.415 53694.40707165 24.27 161.142071  68.551047  6.215
 43     0.257 53729.40699207 23.37 161.169257  68.540813  3.788
 43     0.119 53729.40699271 23.96 161.165367  68.543843  3.788
 43     0.050 53729.40699336 23.35 161.161477  68.546873  3.788
 43     0.371 53729.40699400 22.57 161.157577  68.549903  3.788
 43     0.293 53729.40699465 22.49 161.153687  68.552933  3.788
 43     2.310 53729.40699529 21.45 161.149787  68.555963  3.788
 44     0.090 53764.40695468 19.36 161.152987  68.533526  2.891
 44     0.031 53764.40695532 19.76 161.149097  68.536556  2.891
 44     0.027 53764.40695597 19.62 161.145207  68.539586  2.891
 44     0.012 53764.40695661 18.77 161.141307  68.542616  2.891
 44    -0.080 53764.40695726 18.35 161.137407  68.545646  2.891
 45     0.378 53799.40696180 14.14 161.168083  68.538282  2.246
 45    -0.362 53799.40696244 14.84 161.164193  68.541312  2.246
 45     0.253 53799.40696308 15.10 161.160303  68.544342  2.246
 45    -0.117 53799.40696373 15.05 161.156403  68.547372  2.246
 45     0.033 53799.40696437 14.36 161.152513  68.550402  2.246
 45     0.184 53799.40696502 14.70 161.148613  68.553432  2.246
 46     0.022 53834.40695898 14.50 161.147849  68.527637  2.220
 46     0.240 53834.40695963 14.78 161.143959  68.530667  2.220
 46     0.060 53834.40696027 14.49 161.140059  68.533697  2.220
 46    -0.181 53834.40696092 15.08 161.136169  68.536727  2.220
 46    -0.109 53834.40696156 14.79 161.132269  68.539757  2.220
 46    -0.204 53834.40696221 14.75 161.128379  68.542787  2.220
 47     0.807 53869.40702197 12.10 161.153340  68.530335 10.469
 47     0.661 53869.40702261 11.79 161.149450  68.533365 10.469
 47     0.545 53869.40702326 12.64 161.145560  68.536395 10.469
 47     1.128 53869.40702390 13.11 161.141660  68.539425 10.469
 47     0.129 53869.40702455 16.21 161.137770  68.542455 10.469
 47     2.159 53869.40702519 18.89 161.133870  68.545485 10.469
 48     2.969 53904.40705655 51.09 161.152750  68.533717 40.426
 48     2.846 53904.40705720 51.06 161.148860  68.536747 40.426
 48     2.865 53904.40705784 51.41 161.144960  68.539777 40.426
 48     2.906 53904.40705849 50.56 161.141070  68.542807 40.426
 48     2.943 53904.40705913 51.83 161.137170  68.545837 40.426
 49     0.751 53939.40708965 34.78 161.150689  68.529442 34.188
 49     0.651 53939.40709029 20.67 161.146799  68.532482 34.188
 49     0.623 53939.40709094 21.44 161.142909  68.535512 34.188
 49     1.364 53939.40709158 20.96 161.139019  68.538542 34.188
 49     2.242 53939.40709223 21.13 161.135119  68.541572 34.188
 49     2.576 53939.40709287 28.69 161.131229  68.544602 34.188
 50     1.629 53974.40705017 33.92 161.163073  68.535899 31.584
 50     1.551 53974.40705082 22.32 161.159183  68.538939 31.584
 50     1.260 53974.40705146 21.70 161.155293  68.541969 31.584
 50     1.932 53974.40705211 17.90 161.151403  68.544999 31.584
 50     2.585 53974.40705275 17.67 161.147503  68.548029 31.584
 50     2.888 53974.40705339 25.00 161.143613  68.551059 31.584
 51     4.109 54009.40704301 25.43 161.148381  68.527261 32.512
 51     0.405 54009.40704366 25.34 161.144491  68.530291 32.512
 51    -0.039 54009.40704430 26.58 161.140591  68.533321 32.512
 51     0.216 54009.40704495 26.73 161.136701  68.536351 32.512
 51     0.413 54009.40704559 28.27 161.132801  68.539381 32.512
 51     0.540 54009.40704624 32.11 161.128911  68.542411 32.512
 52     0.645 54044.40706358 19.24 161.154294  68.534883  2.807
 52    -0.039 54044.40706422 20.17 161.150404  68.537913  2.807
 52     0.026 54044.40706486 21.02 161.146514  68.540943  2.807
 52    -0.146 54044.40706551 19.68 161.142614  68.543973  2.807
 52    -0.314 54044.40706615 19.62 161.138724  68.547003  2.807
 53     0.293 54079.40705710 17.78 161.161805  68.536607  2.713
 53     0.482 54079.40705775 17.80 161.157915  68.539637  2.713
 53    -0.046 54079.40705839 18.21 161.154015  68.542667  2.713
 53     0.211 54079.40705904 18.14 161.150125  68.545697  2.713
 53    -0.073 54079.40705968 18.35 161.146235  68.548727  2.713
 53    -0.297 54079.40706033 17.78 161.142335  68.551757  2.713
 54     0.155 54114.40699363 16.67 161.169103  68.539761  2.429
 54    -0.108 54114.40699428 17.14 161.165213  68.542801  2.429
 54     0.111 54114.40699492 17.05 161.161323  68.545831  2.429
 54     0.249 54114.40699557 16.69 161.157433  68.548861  2.429
 54     0.240 54114.40699621 16.45 161.153533  68.551891  2.429
 54     0.886 54114.40699686 16.24 161.149643  68.554921  2.429
 56     0.065 54184.40698405 14.17 161.166137  68.540639  2.228
 56     0.060 54184.40698469 14.50 161.162237  68.543669  2.228
 56     0.202 54184.40698533 14.10 161.158343  68.546706  2.104
 56     0.346 54184.40698598 14.12 161.154453  68.549736  2.104
 56     0.260 54184.40698662 14.05 161.150563  68.552766  2.104
 56     0.493 54184.40698727 14.17 161.146663  68.555796  2.104
 57     0.304 54219.40701244 13.23 161.150048  68.531814  2.043
 57     0.402 54219.40701308 13.15 161.146158  68.534844  2.043
 57    -0.048 54219.40701373 13.52 161.142258  68.537874  2.043
 57    -0.127 54219.40701437 12.96 161.138372  68.540903  1.958
 57    -0.192 54219.40701502 13.37 161.134472  68.543933  1.958
 58     4.181 54254.40703702 27.56 161.155897  68.533689 41.455
 58     3.789 54254.40703767 24.05 161.152007  68.536719 41.455
 58     3.426 54254.40703831 24.17 161.148117  68.539749 41.455
 58     3.798 54254.40703896 25.34 161.144220  68.542782 42.688
 58     4.093 54254.40703960 27.03 161.140330  68.545812 42.688
 59     0.998 54289.40704023 46.59 161.158549  68.535699 40.184
 59     1.025 54289.40704087 45.96 161.154659  68.538729 40.184
 59     1.120 54289.40704152 28.95 161.150759  68.541759 40.184
 59     1.149 54289.40704216 24.82 161.146868  68.544791 27.018
 59     1.002 54289.40704281 41.38 161.142978  68.547821 27.018
 60     1.642 54324.40703752 33.11 161.159571  68.534735 36.208
 60     1.332 54324.40703817 23.62 161.155681  68.537765 36.208
 60     1.065 54324.40703881 20.29 161.151791  68.540795 36.208
 60     1.964 54324.40703946 16.80 161.147897  68.543827 30.420
 60     2.449 54324.40704010 18.13 161.144007  68.546857 30.420
 61     1.401 54359.40699289 39.51 161.170317  68.538964 32.525
 61     0.876 54359.40699354 24.80 161.166427  68.541994 32.525
 61     0.592 54359.40699418 19.73 161.162537  68.545024 32.525
 61     1.838 54359.40699483 16.18 161.158645  68.548053 33.832
 61     2.268 54359.40699547 19.37 161.154745  68.551093 33.832
 61     2.517 54359.40699611 24.23 161.150855  68.554123 33.832
 62    -0.052 54394.40697786 40.94 161.153669  68.535118 11.810
 62    -0.046 54394.40697851 40.83 161.149769  68.538148 11.810
 62    -0.189 54394.40697915 41.98 161.145879  68.541178 11.810
 62    -0.079 54394.40697980 40.09 161.141988  68.544208 12.442
 62    -0.272 54394.40698044 38.90 161.138088  68.547238 12.442
 63    -0.149 54429.40694312 29.20 161.162569  68.538487  5.028
 63    -0.060 54429.40694376 31.24 161.158679  68.541517  5.028
 63    -0.167 54429.40694441 29.42 161.154789  68.544547  5.028
 63    -0.064 54429.40694505 28.13 161.150894  68.547580  4.243
 63    -0.081 54429.40694570 25.26 161.146994  68.550610  4.243
 64     0.408 54464.40695702 15.40 161.150866  68.533765  2.190
 64     0.596 54464.40695766 15.28 161.146976  68.536795  2.190
 64     1.002 54464.40695830 15.33 161.143086  68.539825  2.190
 64     0.979 54464.40695895 14.78 161.139189  68.542853  2.171
 64     1.597 54464.40695959 15.13 161.135289  68.545883  2.171
 65     0.640 54499.40695377 13.40 161.160979  68.537643  2.072
 65     0.549 54499.40695441 13.92 161.157089  68.540673  2.072
 65     1.003 54499.40695506 13.54 161.153199  68.543703  2.072
 65     1.205 54499.40695570 13.67 161.149299  68.546733  2.072
 65     1.077 54499.40695635 13.43 161.145409  68.549773  2.072
 66     0.670 54534.40697149 12.99 161.155595  68.535491  2.130
 66     0.057 54534.40697213 13.92 161.151705  68.538521  2.130
 66     1.003 54534.40697278 12.90 161.147805  68.541551  2.130
 66     0.683 54534.40697342 12.99 161.143915  68.544581  2.130
 66     0.099 54534.40697407 13.11 161.140015  68.547611  2.130
 67     0.698 54569.40695762 12.35 161.165958  68.539849  2.141
 67     0.897 54569.40695827 12.48 161.162068  68.542889  2.141
 67     0.952 54569.40695891 11.86 161.158178  68.545919  2.141
 67     1.495 54569.40695956 12.06 161.154278  68.548949  2.141
 67     1.133 54569.40696020 11.96 161.150388  68.551979  2.141
 67     1.055 54569.40696084 11.87 161.146488  68.555009  2.141
 68     0.847 54604.40696580 16.61 161.154306  68.533696 21.758
 68     1.330 54604.40696645 15.91 161.150406  68.536726 21.758
 68     2.021 54604.40696709 16.57 161.146516  68.539756 21.758
 68     2.590 54604.40696774 18.66 161.142626  68.542786 21.758
 68     2.961 54604.40696838 21.52 161.138726  68.545816 21.758
 69     2.036 54639.40697632 30.34 161.157187  68.535936 34.733
 69     1.611 54639.40697697 24.19 161.153297  68.538966 34.733
 69     1.827 54639.40697761 25.36 161.149407  68.541996 34.733
 69     1.955 54639.40697825 27.39 161.145517  68.545026 34.733
 69     2.898 54639.40697890 24.23 161.141617  68.548056 34.733
 70     0.847 54674.40697851 33.10 161.158326  68.533624 29.021
 70     0.748 54674.40697915 20.63 161.154436  68.536654 29.021
 70     1.220 54674.40697980 19.74 161.150546  68.539684 29.021
 70     2.260 54674.40698044 17.10 161.146646  68.542714 29.021
 70     2.527 54674.40698108 18.44 161.142756  68.545744 29.021
 70     2.851 54674.40698173 21.90 161.138856  68.548774 29.021
 71     0.981 54709.40693645 36.91 161.166933  68.537707 33.544
 71     0.700 54709.40693709 23.66 161.163033  68.540747 33.544
 71    -0.180 54709.40693774 21.19 161.159143  68.543777 33.544
 71    -0.250 54709.40693838 19.03 161.155253  68.546807 33.544
 71     2.296 54709.40693903 17.73 161.151353  68.549837 33.544
 71     2.361 54709.40693967 28.09 161.147463  68.552867 33.544
 72     0.424 54744.40694517 25.74 161.153754  68.533553 26.273
 72     0.549 54744.40694582 23.97 161.149854  68.536583 26.273
 72     1.454 54744.40694646 23.51 161.145964  68.539613 26.273
 72     1.887 54744.40694711 24.48 161.142074  68.542643 26.273
 72     2.184 54744.40694775 30.54 161.138174  68.545673 26.273
 73     0.166 54779.40691983 27.64 161.159255  68.537429  6.043
 73     0.156 54779.40692047 26.17 161.155365  68.540459  6.043
 73     0.163 54779.40692112 27.00 161.151475  68.543489  6.043
 73     0.287 54779.40692176 26.56 161.147585  68.546519  6.043
 73     0.260 54779.40692241 26.04 161.143685  68.549549  6.043
 74     0.447 54814.40693842 20.26 161.151244  68.532467  2.614
 74     0.101 54814.40693907 20.10 161.147354  68.535497  2.614
 74     0.046 54814.40693971 20.29 161.143464  68.538527  2.614
 74    -0.043 54814.40694036 20.08 161.139564  68.541557  2.614
 74     0.150 54814.40694100 19.18 161.135674  68.544587  2.614
 75     0.622 54849.40691902 16.54 161.160937  68.537936  2.400
 75     0.585 54849.40691966 16.11 161.157047  68.540966  2.400
 75     0.595 54849.40692031 15.95 161.153157  68.543996  2.400
 75     0.902 54849.40692095 16.06 161.149257  68.547026  2.400
 75     0.699 54849.40692160 16.45 161.145367  68.550056  2.400
 76     0.100 54884.40694191 14.48 161.153577  68.532688  2.117
 76     0.369 54884.40694255 14.67 161.149687  68.535718  2.117
 76     0.499 54884.40694320 14.90 161.145797  68.538748  2.117
 76    -0.016 54884.40694384 14.55 161.141897  68.541778  2.117
 76    -0.172 54884.40694449 14.43 161.138007  68.544808  2.117
 77   148.564 54919.40692107 13.01 161.166724  68.539230  2.394
 77   147.825 54919.40692171 13.02 161.162834  68.542270  2.394
 77   148.336 54919.40692236 12.97 161.158944  68.545300  2.394
 77   147.930 54919.40692300 12.95 161.155054  68.548330  2.394
 77   148.817 54919.40692365 12.83 161.151154  68.551360  2.394
 77   147.674 54919.40692429 13.12 161.147264  68.554390  2.394
 78     0.491 54954.40693724 14.78 161.151308  68.533678  2.519
 78     0.323 54954.40693788 14.69 161.147418  68.536708  2.519
 78     0.341 54954.40693852 15.09 161.143518  68.539738  2.519
 78     0.562 54954.40693917 14.14 161.139628  68.542768  2.519
 78     0.527 54954.40693981 13.70 161.135728  68.545798  2.519
 79     2.831 54989.40696080 26.78 161.153820  68.532953 33.627
 79     2.782 54989.40696144 19.88 161.149930  68.535983 33.627
 79     2.335 54989.40696209 18.75 161.146040  68.539013 33.627
 79     2.620 54989.40696273 21.25 161.142140  68.542043 33.627
 79     2.742 54989.40696338 29.05 161.138250  68.545073 33.627
 80     0.880 55024.40695258 32.33 161.162035  68.535507 33.806
 80     0.709 55024.40695322 21.00 161.158145  68.538537 33.806
 80     1.073 55024.40695387 18.48 161.154255  68.541567 33.806
 80     2.036 55024.40695451 16.02 161.150355  68.544597 33.806
 80     2.435 55024.40695516 18.38 161.146465  68.547627 33.806
 80     2.694 55024.40695580 24.44 161.142565  68.550657 33.806
 81     0.705 55059.40694718 33.94 161.159228  68.534669 28.987
 81     0.776 55059.40694782 22.06 161.155338  68.537699 28.987
 81     0.553 55059.40694847 19.46 161.151448  68.540729 28.987
 81     2.024 55059.40694911 17.28 161.147548  68.543759 28.987
 81     2.466 55059.40694976 18.00 161.143658  68.546789 28.987
 82     1.331 55094.40690074 29.26 161.166978  68.539575 27.194
 82     1.014 55094.40690139 19.08 161.163088  68.542605 27.194
 82     1.211 55094.40690203 19.58 161.159198  68.545645 27.194
 82     1.989 55094.40690268 17.40 161.155308  68.548675 27.194
 82     2.487 55094.40690332 20.01 161.151408  68.551705 27.194
 82     2.308 55094.40690397 30.29 161.147518  68.554735 27.194
 83    -0.190 55129.40688836 27.92 161.155259  68.533481  5.300
 83    -0.190 55129.40688901 28.74 161.151369  68.536511  5.300
 83    -0.085 55129.40688965 32.19 161.147479  68.539541  5.300
 83    -0.144 55129.40689030 30.40 161.143579  68.542571  5.300
 83    -0.225 55129.40689094 26.54 161.139689  68.545601  5.300
 84    -0.076 55164.40686226 23.28 161.159482  68.537421  3.357
 84     0.006 55164.40686290 24.04 161.155592  68.540451  3.357
 84     0.008 55164.40686355 24.26 161.151702  68.543481  3.357
 84    -0.047 55164.40686419 23.07 161.147802  68.546511  3.357
 84    -0.065 55164.40686484 22.70 161.143912  68.549541  3.357
 85    -0.221 55199.40687997 19.78 161.152774  68.532538  2.622
 85    -0.130 55199.40688061 19.53 161.148874  68.535568  2.622
 85    -0.240 55199.40688125 19.43 161.144984  68.538598  2.622
 85    -0.316 55199.40688190 19.64 161.141094  68.541628  2.622
 85    -0.384 55199.40688254 19.35 161.137194  68.544658  2.622
 86     0.088 55234.40686728 16.83 161.163952  68.537687  2.354
 86     0.046 55234.40686793 17.07 161.160052  68.540717  2.354
 86    -0.046 55234.40686857 17.10 161.156162  68.543747  2.354
 86    -0.015 55234.40686922 17.18 161.152272  68.546777  2.354
 86    -0.132 55234.40686986 16.66 161.148382  68.549807  2.354
 86    -0.103 55234.40687050 16.90 161.144482  68.552837  2.354
 87     0.266 55269.40687441 17.01 161.157862  68.532718  2.383
 87     0.287 55269.40687505 17.27 161.153972  68.535748  2.383
 87    -0.007 55269.40687570 17.10 161.150072  68.538778  2.383
 87    -0.027 55269.40687634 16.73 161.146182  68.541808  2.383
 87     0.089 55269.40687699 16.41 161.142292  68.544838  2.383
 87    -0.096 55269.40687763 16.30 161.138392  68.547868  2.383
 88    -0.105 55304.40684837 15.65 161.167186  68.540564  2.360
 88     0.010 55304.40684902 14.48 161.163296  68.543604  2.360
 88     0.083 55304.40684966 14.53 161.159406  68.546634  2.360
 88     0.107 55304.40685031 14.13 161.155506  68.549664  2.360
 88    -0.050 55304.40685095 14.22 161.151616  68.552694  2.360
 88    -0.038 55304.40685160 13.98 161.147716  68.555724  2.360
 89     2.046 55339.40684724 33.14 161.156676  68.535219 34.418
 89     1.839 55339.40684788 25.11 161.152776  68.538249 34.418
 89     1.888 55339.40684853 26.90 161.148886  68.541279 34.418
 89     2.118 55339.40684917 32.36 161.144996  68.544309 34.418
 89     2.156 55339.40684982 35.33 161.141096  68.547339 34.418
 90     0.705 55374.40683866 31.81 161.161410  68.535259 33.238
 90     0.635 55374.40683931 23.29 161.157520  68.538289 33.238
 90     1.150 55374.40683995 20.33 161.153630  68.541319 33.238
 90     2.091 55374.40684060 19.06 161.149730  68.544349 33.238
 90     2.634 55374.40684124 19.00 161.145840  68.547379 33.238
 90     2.658 55374.40684189 28.28 161.141940  68.550409 33.238
 91     0.490 55409.40685988 44.85 161.156532  68.532428 31.000
 91     0.446 55409.40686052 40.21 161.152642  68.535458 31.000
 91     0.360 55409.40686117 41.81 161.148752  68.538488 31.000
 91     0.476 55409.40686181 35.11 161.144862  68.541518 31.000
 91     0.549 55409.40686246 42.52 161.140962  68.544548 31.000
 91     0.527 55409.40686310 41.95 161.137062  68.547578 31.000
 92     2.099 55444.40685600 26.53 161.158784  68.536008 26.163
 92     1.695 55444.40685665 17.69 161.154894  68.539038 26.163
 92     1.579 55444.40685729 20.27 161.151004  68.542068 26.163
 92     1.940 55444.40685794 19.33 161.147104  68.545098 26.163
 92     2.329 55444.40685858 22.85 161.143214  68.548128 26.163
 93     0.731 55479.40679329 31.79 161.168562  68.542337 14.109
 93     0.618 55479.40679394 26.40 161.164672  68.545377 14.109
 93     1.577 55479.40679458 24.04 161.160772  68.548407 14.109
 93     2.042 55479.40679523 23.44 161.156882  68.551437 14.109
 93     2.718 55479.40679587 22.50 161.152992  68.554467 14.109
 93     2.655 55479.40679651 26.51 161.149092  68.557497 14.109
