# NaN NaN NaN ;Mean Elev.(m), Avg Gradient(m/km), RMS Gradient(m/km) - SRTM1     
#    8.556  -8.941  13.209 ;Mean Elev.(m), Avg Gradient(m/km), RMS Gradient(m/km) - ASTER GDEM
#    1.118  -6.374  31.269 ;Mean Elev.(m), Avg Gradient(m/km), RMS Gradient(m/km) - GMTED2010 
  7 161.551933  68.919990     2.081     2.149  8 52461.03137408 24.171
  8 161.556740  68.929800     2.366     2.356  5 52496.03137201 46.102
 11 161.548620  68.932324     2.149     2.302  7 52601.03139476 23.159
 12 161.553015  68.917992     0.783     0.813 10 52636.03135911 23.229
 13 161.548194  68.925172     1.441     1.430  8 52671.03136455 19.111
 16 161.546413  68.931207     1.286     1.236  7 52776.03133701 23.890
 17 161.564561  68.925312     4.071     3.937  3 52811.03141388 38.297
 19 161.549728  68.923733     1.846     1.868  8 52881.03150728 45.732
 20 161.547822  68.928084     3.538     3.536  7 52916.03146389 25.085
 22 161.552386  68.917765     0.502     0.467  9 52986.03144617 22.287
 23 161.548742  68.926135     1.209     1.190  7 53021.03143470 17.560
 25 161.550701  68.939937     1.181     1.198  9 53091.03145880 13.791
 27 161.549683  68.925256     7.437     5.971  8 53161.03149359 31.705
 28 161.553755  68.924069     4.227     4.067  8 53196.03149133 17.570
 29 161.547845  68.920073     5.952     3.417  7 53231.03147642 20.001
 30 161.551110  68.940780     2.317     2.330  9 53266.03144275 24.644
 31 161.549985  68.922482     0.887     0.710  8 53301.03149575 24.216
 32 161.549313  68.925018     2.171     2.131  7 53336.03146606 15.165
 33 161.553260  68.938203     1.773     1.766 10 53371.03140113 14.381
 35 161.549887  68.935416     1.890     1.874  9 53441.03142326 14.266
 36 161.538248  68.912304     2.194     2.218  3 53476.03149399 11.587
 38 161.548138  68.928915     4.120     4.103  8 53546.03152210 15.384
 39 161.545865  68.926251     2.164     2.056  7 53581.03149666 24.186
 40 161.554186  68.941566     3.503     3.317  8 53616.03144857 18.917
 42 161.548203  68.926738     2.016     1.977  8 53686.03147216 27.105
 43 161.547155  68.930996     2.141     2.165  7 53721.03139745 22.644
 45 161.549815  68.922933     2.080     2.028  9 53791.03135425 14.032
 47 161.551125  68.920807     0.774     0.871  9 53861.03140554 14.388
 48 161.548224  68.916605     7.283     8.332  7 53896.03142587 21.350
 49 161.548543  68.930773     2.918     2.875  6 53931.03147483 14.766
 52 161.542522  68.910985     0.502     0.513  4 54036.03145662 37.896
 53 161.549510  68.922837    -0.119    -0.110  8 54071.03144871 24.737
 54 161.552879  68.940351     1.480     1.508  9 54106.03139792 17.910
 55 161.550961  68.917708     0.445     0.469  9 54141.03138238 17.213
 56 161.547083  68.929301     1.048     1.055  7 54176.03138094 13.975
 57 161.552064  68.920404     0.650     0.701  8 54211.03138876 13.843
 60 161.545351  68.921382     2.544     2.544  6 54316.03142825 23.520
 62 161.553014  68.921120     0.173     0.142  9 54386.03136706 51.312
 63 161.548136  68.929437     1.410     1.384  8 54421.03134411 27.830
 65 161.548794  68.926407     1.556     1.549  7 54491.03134579 17.091
 66 161.542229  68.910747     1.986     1.997  4 54526.03135461 13.885
 67 161.546646  68.928806     2.886     2.911  7 54561.03135393 12.586
 68 161.539731  68.915431     7.934     4.013  4 54596.03134956  7.095
 69 161.550134  68.924062     3.441     3.512  7 54631.03136167 21.009
 70 161.550223  68.924682     6.738     6.373  8 54666.03136784 18.170
 71 161.547240  68.929777     2.231     2.423  7 54701.03133590 25.349
 72 161.550349  68.915045     1.868     1.489  8 54736.03132907 22.346
 73 161.539668  68.919048     2.328     2.188  4 54771.03131876 23.345
 74 161.552761  68.918064     0.420     0.416  9 54806.03132228 21.150
 75 161.561535  68.932771     1.749     1.749  2 54841.03131112 16.860
 76 161.551982  68.921699     1.602     1.565  8 54876.03132282 15.701
 77 161.545804  68.930881     1.568     1.580  7 54911.03131745 12.968
 78 161.552060  68.920280     1.276     1.221  9 54946.03131557 13.894
 79 161.548833  68.923796     8.885    11.789  7 54981.03134128 25.646
 81 161.547878  68.922182     2.890     2.977  7 55051.03133761 25.399
 82 161.551368  68.936478     1.440     1.348 10 55086.03130047 40.952
 83 161.564814  68.926530     0.813     0.851  4 55121.03127026 35.463
 84 161.552217  68.931649     1.596     1.585  6 55156.03126145 25.556
 85 161.552550  68.917257     0.405     0.527  9 55191.03126156 21.972
 86 161.548758  68.927784     1.583     1.572  7 55226.03126266 17.369
 87 161.551083  68.922124     1.002     1.003  9 55261.03125656 17.007
 88 161.547678  68.930202     1.156     1.167  8 55296.03124744 15.141
 89 161.550187  68.925457     4.399     4.294  8 55331.03123653 16.460
 90 161.548745  68.926652     4.053     4.104  7 55366.03122971 21.647
 91 161.552690  68.917523     0.177     0.199  9 55401.03124383 50.094
 92 161.551273  68.925920     1.298     1.150  8 55436.03124677 36.632
 93 161.561768  68.944427     2.200     2.389  4 55471.03119547 21.311
