# NaN NaN NaN ;Mean Elev.(m), Avg Gradient(m/km), RMS Gradient(m/km) - SRTM1     
#    4.734  -2.207   8.686 ;Mean Elev.(m), Avg Gradient(m/km), RMS Gradient(m/km) - ASTER GDEM
#    5.344  -3.165   9.836 ;Mean Elev.(m), Avg Gradient(m/km), RMS Gradient(m/km) - GMTED2010 
  7     5.039 52475.41502231 24.05 158.154327  68.628766 12.762
  7     8.857 52475.41502296 15.57 158.150397  68.631796 12.762
  7     8.985 52475.41502360 15.18 158.146477  68.634826 12.762
  7     9.270 52475.41502424 16.94 158.142557  68.637856 12.762
  8     8.166 52510.41497915 16.41 158.170604  68.630887 19.459
  8     8.249 52510.41497979 15.64 158.166684  68.633917 19.459
  8     8.599 52510.41498044 15.46 158.162754  68.636947 19.459
  9     8.000 52545.41499090 29.32 158.150861  68.627111 16.174
  9     8.097 52545.41499155 24.61 158.146931  68.630141 16.174
  9     8.343 52545.41499219 20.38 158.143011  68.633161 16.174
  9     8.969 52545.41499284 18.32 158.139081  68.636191 16.174
 10     1.230 52580.41502022 28.40 158.153724  68.628844 15.281
 10     1.325 52580.41502087 34.34 158.149804  68.631874 15.281
 10     1.307 52580.41502151 36.21 158.145874  68.634894 15.281
 10     0.238 52580.41502216 38.97 158.141954  68.637924 15.281
 11     8.971 52615.41498825 22.00 158.169642  68.627979  7.713
 11     7.126 52615.41498889 24.11 158.165722  68.631009  7.713
 11     3.789 52615.41498954 23.93 158.161802  68.634039  7.713
 11     1.063 52615.41499018 24.84 158.157871  68.637065  3.777
 12    10.677 52650.41496716 18.98 158.156750  68.629582  4.258
 12     5.893 52650.41496781 19.93 158.152820  68.632602  4.258
 12     3.680 52650.41496845 20.34 158.148900  68.635632  4.258
 13    10.687 52685.41495328 18.12 158.172877  68.629377  2.627
 13     9.302 52685.41495393 17.77 158.168947  68.632407  2.627
 13     7.937 52685.41495457 18.05 158.165027  68.635437  2.627
 13     6.030 52685.41495522 18.11 158.161107  68.638457  2.627
 14    11.061 52720.41500475 14.32 158.156412  68.628584  2.899
 14     9.328 52720.41500540 15.66 158.152491  68.631607  2.174
 14     5.880 52720.41500604 16.01 158.148561  68.634637  2.174
 14     6.145 52720.41500669 16.48 158.144641  68.637667  2.174
 15    10.074 52755.41502889 13.94 158.156896  68.629908  3.033
 15     8.234 52755.41502953 14.64 158.152976  68.632935  2.515
 15     5.335 52755.41503018 15.45 158.149056  68.635965  2.515
 16     7.841 52790.41497768 28.24 158.142606  68.627750 28.775
 16     8.068 52790.41497833 22.09 158.138686  68.630780 28.775
 16     8.904 52790.41497897 21.65 158.134756  68.633810 28.775
 16     9.645 52790.41497962 27.88 158.130826  68.636840 28.775
 17     8.745 52825.41504719 46.86 158.150308  68.628174 40.132
 17     8.236 52825.41504783 43.99 158.146378  68.631202 30.605
 17     8.227 52825.41504848 47.52 158.142458  68.634232 30.605
 17     8.831 52825.41504912 46.59 158.138528  68.637262 30.605
 19     3.640 52895.41512324 47.52 158.161585  68.627904 26.527
 19     3.807 52895.41512389 46.50 158.157665  68.630934 26.527
 19     3.585 52895.41512453 47.38 158.153745  68.633964 26.527
 19     3.665 52895.41512518 46.12 158.149815  68.636994 26.527
 20     1.745 52930.41507189 35.32 158.173647  68.629362 17.086
 20     1.505 52930.41507253 41.70 158.169727  68.632392 17.086
 20     0.535 52930.41507318 45.86 158.165797  68.635422 17.086
 20     1.056 52930.41507382 41.35 158.161877  68.638452 17.086
 21    12.048 52965.41506436 19.89 158.150715  68.626569  3.451
 21     6.490 52965.41506500 20.26 158.146785  68.629599  3.451
 21     5.102 52965.41506565 20.23 158.142865  68.632629  3.451
 21     3.219 52965.41506629 20.90 158.138935  68.635649  3.451
 23    12.744 53035.41504697 15.11 158.171654  68.629029  3.425
 23    10.656 53035.41504762 14.60 158.167724  68.632059  3.425
 23     9.011 53035.41504826 15.09 158.163812  68.635089  2.222
 23     6.407 53035.41504891 15.07 158.159882  68.638119  2.222
 24    10.793 53070.41506683 15.03 158.158138  68.628765  2.612
 24     8.651 53070.41506747 15.65 158.154208  68.631795  2.612
 24     7.627 53070.41506812 15.84 158.150288  68.634815  2.612
 24     5.915 53070.41506876 16.24 158.146358  68.637845  2.612
 25    11.128 53105.41504861 13.99 158.174250  68.630640  3.075
 25     9.007 53105.41504925 13.62 158.170330  68.633670  3.075
 25     6.837 53105.41504990 13.90 158.166404  68.636700  2.128
 25     5.836 53105.41505054 13.72 158.162484  68.639730  2.128
 26    46.915 53140.41507317  0.55 158.154931  68.626903  3.133
 26    44.235 53140.41507381  0.88 158.151011  68.629923  3.133
 26    24.967 53140.41507446  2.22 158.147081  68.632953  3.133
 26    19.764 53140.41507510  5.52 158.143161  68.635983  3.133
 27     8.145 53175.41510662 25.39 158.156457  68.629088 22.764
 27     7.699 53175.41510726 23.04 158.152537  68.632118 22.764
 27     8.906 53175.41510791 18.05 158.148610  68.635140 30.101
 28     5.119 53210.41512461 46.84 158.160291  68.628863 18.906
 28     4.815 53210.41512526 47.83 158.156363  68.631889 23.508
 28     4.919 53210.41512590 46.77 158.152443  68.634919 23.508
 28     4.771 53210.41512655 48.39 158.148523  68.637949 23.508
 29     8.175 53245.41509248 20.66 158.168173  68.629526 20.139
 29     7.295 53245.41509312 22.56 158.164257  68.632553 31.191
 29     6.142 53245.41509377 26.92 158.160327  68.635583 31.191
 29     3.933 53245.41509441 39.89 158.156407  68.638613 31.191
 30    10.688 53280.41507600 15.01 158.142298  68.628505  8.965
 30     8.816 53280.41507664 15.59 158.138368  68.631535  8.965
 30     8.639 53280.41507729 15.96 158.134448  68.634565  8.965
 31     7.929 53315.41509189 18.15 158.155986  68.628797  5.102
 31     6.500 53315.41509253 18.50 158.152066  68.631817  5.102
 31     6.071 53315.41509318 19.06 158.148138  68.634847  3.239
 31     5.256 53315.41509382 19.36 158.144218  68.637877  3.239
 32    10.203 53350.41505760 14.77 158.167360  68.630705  4.380
 32     7.163 53350.41505825 14.80 158.163440  68.633735  4.380
 32     7.450 53350.41505889 14.75 158.159512  68.636759  2.270
 33    11.029 53385.41503832 11.67 158.146226  68.627433  2.323
 33     9.911 53385.41503897 11.75 158.142306  68.630463  2.323
 33     8.422 53385.41503961 12.43 158.138376  68.633493  2.323
 33     7.772 53385.41504026 12.44 158.134456  68.636523  2.323
 34    12.249 53420.41504234 11.50 158.169695  68.627973  3.521
 34    10.780 53420.41504299 11.89 158.165775  68.631003  3.521
 34     8.592 53420.41504363 12.36 158.161848  68.634026  2.063
 34     7.525 53420.41504428 12.44 158.157928  68.637056  2.063
 35    12.570 53455.41504834 11.10 158.147153  68.626217  3.070
 35    10.055 53455.41504898 11.71 158.143236  68.629252  2.259
 35     9.223 53455.41504963 12.20 158.139306  68.632272  2.259
 35     8.330 53455.41505027 11.99 158.135376  68.635302  2.259
 36    24.925 53490.41513508  1.29 158.142686  68.633806  2.387
 36    19.485 53490.41513573  4.06 158.138766  68.636836  2.387
 37     6.712 53525.41511793 47.82 158.162814  68.628927 15.345
 37     6.320 53525.41511857 49.96 158.158894  68.631952 37.304
 37     6.665 53525.41511922 40.13 158.154964  68.634982 37.304
 37     6.158 53525.41511986 47.46 158.151044  68.638012 37.304
 38     5.237 53560.41514564 24.46 158.158100  68.628759 28.001
 38     4.628 53560.41514628 18.25 158.154180  68.631786 27.017
 38     4.668 53560.41514693 19.75 158.150260  68.634816 27.017
 38     9.203 53560.41514757 19.40 158.146330  68.637846 27.017
 39     8.377 53595.41508384 22.13 158.175079  68.630906 22.261
 39     8.126 53595.41508449 21.73 158.171157  68.633935 31.358
 39     7.797 53595.41508513 20.79 158.167237  68.636965 31.358
 39     8.582 53595.41508577 18.19 158.163317  68.639995 31.358
 41     1.197 53665.41510082 32.73 158.154835  68.628087 12.630
 41     1.699 53665.41510147 33.37 158.150918  68.631110  6.114
 41     1.897 53665.41510211 33.74 158.146988  68.634140  6.114
 41     1.250 53665.41510276 31.75 158.143068  68.637170  6.114
 42     0.592 53700.41505416 26.17 158.170135  68.628340  9.377
 42     0.896 53700.41505480 27.93 158.166215  68.631370  9.377
 42     0.853 53700.41505545 28.73 158.162295  68.634400  9.377
 42     0.816 53700.41505609 27.91 158.158375  68.637420  9.377
 43     0.855 53735.41497616 20.81 158.183620  68.630184  5.296
 43     1.041 53735.41497681 21.54 158.179700  68.633214  5.296
 43     1.128 53735.41497745 21.46 158.175780  68.636244  5.296
 43     1.121 53735.41497810 20.88 158.171858  68.639274  3.205
 44     8.351 53770.41496580 16.73 158.159801  68.629386  5.200
 44     6.765 53770.41496644 18.43 158.155881  68.632416  5.200
 44     3.786 53770.41496708 18.36 158.151951  68.635436  5.200
 44     3.454 53770.41496773 17.77 158.148026  68.638464  2.651
 45     8.708 53805.41495849 16.15 158.176000  68.629518  3.555
 45     7.726 53805.41495913 15.67 158.172080  68.632548  3.555
 45     4.960 53805.41495978 16.43 158.168160  68.635575  2.434
 45     5.537 53805.41496042 15.92 158.164240  68.638605  2.434
 47    40.134 53875.41502698  1.12 158.150139  68.633998  2.781
 47     9.530 53875.41502763  5.17 158.146209  68.637028  2.781
 48     8.041 53910.41507322 24.72 158.149429  68.628536 21.703
 48     8.115 53910.41507386 20.04 158.145509  68.631556 21.703
 48     9.227 53910.41507451 17.14 158.141578  68.634587 25.606
 48     9.613 53910.41507515 24.28 158.137658  68.637617 25.606
 49     5.941 53945.41509281 26.70 158.155593  68.627650 30.579
 49     6.733 53945.41509345 17.22 158.151673  68.630680 30.579
 49     8.326 53945.41509410 15.69 158.147743  68.633710 30.579
 49    10.078 53945.41509474 16.33 158.143823  68.636735 26.353
 50     6.703 53980.41503963 33.76 158.168846  68.630366 14.630
 50     6.532 53980.41504028 33.01 158.164916  68.633396 14.630
 50     6.121 53980.41504092 32.82 158.160996  68.636426 14.630
 50     6.294 53980.41504157 38.96 158.157076  68.639456 14.630
 51     3.478 54015.41505897 41.77 158.143693  68.629048 27.734
 51     2.747 54015.41505961 43.44 158.139773  68.632078 27.734
 51     2.872 54015.41506026 45.51 158.135841  68.635112 21.609
 52     8.658 54050.41505983 18.70 158.167204  68.627797  5.214
 52     7.607 54050.41506048 19.35 158.163284  68.630827  5.214
 52     6.092 54050.41506112 19.84 158.159364  68.633857  5.214
 52     2.085 54050.41506177 19.41 158.155434  68.636887  5.214
 53    11.328 54085.41505253 12.79 158.165830  68.630095  3.899
 53     9.371 54085.41505317 12.46 158.161910  68.633125  3.899
 53     8.208 54085.41505382 13.03 158.157990  68.636155  3.899
 53     6.894 54085.41505446 13.41 158.154060  68.639175  3.899
 54    11.446 54120.41497927 12.44 158.181417  68.631626  2.857
 54     9.639 54120.41497991 12.02 158.177497  68.634656  2.857
 54     7.880 54120.41498056 12.04 158.173567  68.637686  2.857
 54     7.078 54120.41498120 11.99 158.169647  68.640716  2.857
 55    15.736 54155.41501039 10.46 158.159480  68.628888  3.122
 55     9.755 54155.41501103 10.64 158.155560  68.631918  3.122
 55     8.604 54155.41501168 11.53 158.151630  68.634938  3.122
 55     7.827 54155.41501232 10.96 158.147714  68.637969  2.068
 56    13.601 54190.41497571  9.67 158.178172  68.628981  2.411
 56    11.547 54190.41497636  9.48 158.174252  68.632011  2.411
 56     9.336 54190.41497700  9.99 158.170332  68.635041  2.411
 56     7.622 54190.41497765 10.07 158.166412  68.638061  2.411
 57    10.457 54225.41502172  8.06 158.154390  68.629311  2.671
 57     9.323 54225.41502236  8.51 158.150470  68.632331  2.671
 57     8.761 54225.41502301  8.66 158.146540  68.635361  2.671
 58     8.111 54260.41504200 26.94 158.158570  68.629685 25.736
 58     7.550 54260.41504265 25.75 158.154650  68.632715 25.736
 58     7.529 54260.41504329 24.20 158.150730  68.635735 25.736
 59     4.699 54295.41504532 42.83 158.162986  68.627814 23.262
 59     4.446 54295.41504597 27.75 158.159066  68.630844 23.262
 59     5.308 54295.41504661 19.27 158.155146  68.633864 23.262
 59     9.181 54295.41504725 19.00 158.151216  68.636894 23.262
 60     7.937 54330.41503817 20.81 158.168210  68.630006 21.556
 60     7.593 54330.41503882 20.23 158.164290  68.633036 21.556
 60     6.898 54330.41503946 19.04 158.160370  68.636056 21.556
 60     5.383 54330.41504011 27.20 158.156440  68.639086 21.556
 61     3.940 54365.41498254 41.91 158.176207  68.630454 31.260
 61     3.783 54365.41498318 46.44 158.172287  68.633484 31.260
 61     3.432 54365.41498383 48.33 158.168367  68.636514 31.260
 61     3.356 54365.41498447 45.74 158.164447  68.639534 31.260
 62     1.848 54400.41497984 29.91 158.160846  68.629614  6.787
 62     1.341 54400.41498048 31.49 158.156916  68.632644  6.787
 62     1.287 54400.41498112 29.92 158.152996  68.635664  6.787
 62     1.013 54400.41498177 27.54 158.149066  68.638694  6.787
 63    10.780 54435.41493725 14.59 158.170813  68.631182  3.412
 63     7.656 54435.41493790 14.96 158.166893  68.634212  3.412
 63     7.683 54435.41493854 14.78 158.162973  68.637232  3.412
 64    15.191 54470.41496384 12.74 158.152976  68.629616  2.798
 64     9.873 54470.41496449 13.56 158.149046  68.632646  2.798
 64     8.466 54470.41496513 13.92 158.145126  68.635666  2.798
 65    13.116 54505.41495050 12.65 158.173857  68.629468  2.147
 65    11.932 54505.41495115 12.34 158.169937  68.632498  2.147
 65     8.568 54505.41495179 12.72 158.166017  68.635528  2.147
 65     7.380 54505.41495244 12.64 158.162087  68.638558  2.147
 66    10.871 54540.41497857 12.21 158.162355  68.629676  2.274
 66    10.584 54540.41497921 11.82 158.158425  68.632706  2.274
 66     8.095 54540.41497986 12.67 158.154505  68.635726  2.274
 66     7.235 54540.41498050 12.83 158.150575  68.638756  2.274
 67    11.798 54575.41495199 11.48 158.174244  68.630779  1.944
 67    10.057 54575.41495263 11.45 158.170324  68.633809  1.944
 67     7.428 54575.41495328 11.77 158.166404  68.636829  1.944
 67     7.838 54575.41495392 11.51 158.162474  68.639859  1.944
 68     7.816 54610.41497075 30.12 158.161235  68.629439 26.520
 68     7.502 54610.41497139 26.21 158.157305  68.632469 26.520
 68     7.938 54610.41497204 25.00 158.153385  68.635489 26.520
 68     9.944 54610.41497268 22.62 158.149465  68.638519 26.520
 69    13.489 54645.41497828 18.06 158.160687  68.629703 30.498
 69    12.438 54645.41497893 14.94 158.156767  68.632733 30.498
 69    12.207 54645.41497957 13.72 158.152847  68.635763 30.498
 69    15.878 54645.41498022 16.19 158.148917  68.638783 30.498
 70     2.848 54680.41497928 46.67 158.163774  68.628179 31.784
 70     2.053 54680.41497993 46.28 158.159854  68.631209 31.784
 70     3.281 54680.41498057 45.02 158.155924  68.634239 31.784
 70     2.936 54680.41498122 48.08 158.152004  68.637269 31.784
 71     2.448 54715.41492933 33.95 158.179435  68.628901 20.375
 71     2.149 54715.41492997 30.63 158.175515  68.631931 20.375
 71     1.779 54715.41493062 23.83 158.171592  68.634963 25.390
 71     1.303 54715.41493126 21.79 158.167672  68.637993 25.390
 72     2.747 54750.41494992 46.07 158.156298  68.627121 15.472
 72     2.538 54750.41495057 38.91 158.152368  68.630151 15.472
 72     2.597 54750.41495121 28.84 158.148448  68.633181 15.472
 72     4.284 54750.41495186 21.04 158.144518  68.636201 15.472
 73     1.087 54785.41491845 26.70 158.169818  68.629694  5.793
 73     1.177 54785.41491909 27.04 158.165898  68.632724  5.793
 73     1.056 54785.41491974 25.88 158.161978  68.635754  5.793
 73     0.991 54785.41492038 25.81 158.158058  68.638784  5.793
 74    10.957 54820.41494324 17.85 158.155631  68.628025  3.024
 74     6.724 54820.41494388 18.77 158.151711  68.631055  3.024
 74     4.888 54820.41494453 19.01 158.147781  68.634075  3.024
 74     4.962 54820.41494517 19.42 158.143861  68.637105  3.024
 75    10.612 54855.41491476 14.97 158.170790  68.628661  3.055
 75     7.569 54855.41491540 15.04 158.166863  68.631689  2.344
 75     6.017 54855.41491605 15.19 158.162943  68.634719  2.344
 75     5.612 54855.41491669 15.09 158.159023  68.637749  2.344
 76    10.530 54890.41494709 13.34 158.162344  68.628372  2.481
 76     7.590 54890.41494773 13.48 158.158424  68.631402  2.481
 76     7.256 54890.41494838 13.75 158.154494  68.634432  2.481
 76     5.611 54890.41494902 14.59 158.150574  68.637452  2.481
 77     8.284 54925.41491392 14.53 158.176058  68.630255  2.910
 77     7.091 54925.41491456 14.43 158.172131  68.633286  2.303
 77     6.173 54925.41491521 14.22 158.168211  68.636316  2.303
 77     5.453 54925.41491585 14.59 158.164291  68.639346  2.303
 78     3.545 54960.41494584 12.82 158.153818  68.629334  2.894
 78     3.361 54960.41494648 12.23 158.149898  68.632364  2.894
 78     4.661 54960.41494712 11.83 158.145968  68.635384  2.894
 79     4.833 54995.41496686 33.26 158.161482  68.627560 19.271
 79     6.489 54995.41496750 21.05 158.157562  68.630590 19.271
 79     7.323 54995.41496815 18.73 158.153642  68.633610 19.271
 79     9.851 54995.41496879 21.53 158.149712  68.636640 19.271
 80     4.362 55030.41495668 33.21 158.163958  68.628249 16.474
 80     3.306 55030.41495733 28.37 158.160038  68.631279 16.474
 80     3.775 55030.41495797 19.08 158.156108  68.634309 16.474
 80     9.421 55030.41495862 16.91 158.152188  68.637329 16.474
 81     4.526 55065.41494751 19.71 158.166213  68.630034 20.819
 81     6.391 55065.41494815 17.78 158.162293  68.633064 20.819
 81     9.041 55065.41494880 15.11 158.158373  68.636094 20.819
 81     9.118 55065.41494944 21.97 158.154443  68.639114 20.819
 82     7.621 55100.41489014 19.56 158.176532  68.631358 21.636
 82     6.771 55100.41489079 19.18 158.172602  68.634388 21.636
 82     5.271 55100.41489143 20.51 158.168682  68.637419 21.436
 82     9.115 55100.41489208 19.91 158.164762  68.640449 21.436
 83     0.287 55135.41489232 30.29 158.157823  68.627498  6.591
 83     0.825 55135.41489297 32.12 158.153893  68.630528  6.591
 83     0.916 55135.41489361 34.11 158.149973  68.633558  6.591
 83     0.613 55135.41489426 38.13 158.146043  68.636578  6.591
 84     7.978 55170.41485572 18.36 158.172216  68.629946  3.054
 84     6.212 55170.41485636 18.98 158.168296  68.632976  3.054
 84     5.206 55170.41485701 19.70 158.164376  68.636006  3.054
 84     5.704 55170.41485765 19.43 158.160456  68.639036  3.054
 85    11.803 55205.41488570 16.25 158.157080  68.627362  3.018
 85     8.018 55205.41488634 17.22 158.153160  68.630392  3.018
 85     6.101 55205.41488699 18.07 158.149230  68.633422  3.018
 85     4.885 55205.41488763 19.20 158.145310  68.636452  3.018
 86    11.540 55240.41486183 15.13 158.172799  68.629972  2.899
 86     9.638 55240.41486248 14.94 158.168881  68.633001  2.366
 86     7.523 55240.41486312 14.92 158.164961  68.636031  2.366
 86     5.852 55240.41486377 15.82 158.161031  68.639061  2.366
 87    10.274 55275.41488002 13.13 158.163200  68.630465  2.310
 87     8.654 55275.41488066 13.76 158.159280  68.633495  2.310
 87     7.356 55275.41488131 14.28 158.155360  68.636515  2.310
 88    11.638 55310.41484571 13.60 158.176567  68.628805  2.902
 88    10.448 55310.41484636 13.32 158.172637  68.631838  2.194
 88     8.905 55310.41484700 13.25 158.168717  68.634868  2.194
 88     6.248 55310.41484765 13.63 158.164797  68.637888  2.194
 89     8.052 55345.41484865 24.89 158.163711  68.629000 23.862
 89     8.044 55345.41484930 22.66 158.159791  68.632030 23.862
 89     9.035 55345.41484994 21.08 158.155861  68.635060 23.862
 90     8.610 55380.41484205 19.70 158.167144  68.630166 22.373
 90     7.944 55380.41484269 18.19 158.163224  68.633196 22.373
 90     8.913 55380.41484334 17.06 158.159294  68.636216 22.373
 90    10.510 55380.41484398 16.40 158.155374  68.639246 22.373
 91     5.095 55415.41486848 26.02 158.154198  68.628759 15.146
 91     4.164 55415.41486912 22.36 158.150278  68.631789 15.146
 91     9.094 55415.41486977 17.69 158.146348  68.634809 15.146
 91     9.494 55415.41487041 15.35 158.142428  68.637839 15.146
 92     7.868 55450.41485355 18.03 158.170927  68.629103 21.689
 92     7.619 55450.41485420 16.71 158.166998  68.632133 22.971
 92     6.159 55450.41485484 18.54 158.163078  68.635163 22.971
 92     4.741 55450.41485549 20.68 158.159158  68.638193 22.971
 93     3.220 55485.41477832 34.12 158.180113  68.631253 14.298
 93     3.174 55485.41477897 41.37 158.176193  68.634283 14.298
 93     2.951 55485.41477961 47.82 158.172267  68.637313 10.797
 93     1.981 55485.41478026 48.90 158.168347  68.640343 10.797
