# NaN NaN NaN ;Mean Elev.(m), Avg Gradient(m/km), RMS Gradient(m/km) - SRTM1     
#    4.369   0.006   8.452 ;Mean Elev.(m), Avg Gradient(m/km), RMS Gradient(m/km) - ASTER GDEM
#    2.092  -0.184   3.261 ;Mean Elev.(m), Avg Gradient(m/km), RMS Gradient(m/km) - GMTED2010 
  7 160.302763  68.525212     4.453     4.108  3 52445.03349206 33.363
  8 160.303209  68.524389     1.876     1.575  3 52480.03348473 24.273
  9 160.302553  68.524664     4.808     4.891  3 52515.03343301 19.022
 11 160.314728  68.524116    -0.033    -0.023  3 52585.03345873 34.752
 12 160.293791  68.524615     0.706     0.697  3 52620.03343918 27.130
 13 160.323156  68.524863     2.691     2.793  3 52655.03342764 19.703
 14 160.293685  68.524757     3.014     3.003  3 52690.03342164 18.797
 15 160.311165  68.522853     2.983     3.293  3 52725.03346520 18.719
 16 160.284935  68.523631     0.727     0.666  3 52760.03348426 11.174
 17 160.330333  68.524711     3.949     3.979  3 52795.03343877 41.201
 18 160.331263  68.523994     2.747     2.762  3 52830.03350576 40.559
 19 160.324285  68.523400     4.361     4.275  3 52865.03355030 15.829
 20 160.300655  68.523268     0.947     0.441  3 52900.03357997 30.718
 21 160.289811  68.523448     0.293     0.283  4 52935.03352313 45.760
 22 160.318238  68.524551     0.022     0.019  3 52970.03354024 28.999
 23 160.301026  68.523869     1.315     1.396  3 53005.03355796 19.712
 24 160.325838  68.523992     1.475     1.232  3 53040.03350692 18.074
 25 160.301465  68.523954     0.110    -0.040  3 53075.03353938 17.739
 26 160.321053  68.524627     0.247     0.338  3 53110.03350859 15.422
 28 160.313971  68.524645     4.174     3.441  3 53180.03356296 28.153
 29 160.306557  68.523212     5.427     5.645  3 53215.03358546 19.357
 30 160.296912  68.524960     5.199     4.904  3 53250.03355589 16.276
 31 160.318064  68.523335     1.431     1.416  3 53285.03355250 48.357
 32 160.321805  68.524863     2.511     2.217  3 53320.03353676 14.277
 33 160.303020  68.524086     2.361     2.679  3 53355.03350551 11.057
 34 160.322479  68.522950     2.953     3.217  3 53390.03351184 10.170
 35 160.310371  68.524315     2.468     2.090  3 53425.03350986  9.768
 36 160.329696  68.524136     2.552     2.768  4 53460.03351454  8.419
 37 160.307945  68.525295     2.856     3.681  3 53495.03359991  8.911
 38 160.313877  68.524767     4.266     3.965  3 53530.03357486 28.459
 39 160.296686  68.524148     5.282     5.261  4 53565.03360563 19.143
 40 160.301472  68.523883     4.745     4.542  3 53600.03354788 21.938
 41 160.320721  68.524773     3.165     2.467  3 53635.03354379 29.464
 42 160.306863  68.524145     0.498     0.526  3 53670.03356580 30.539
 43 160.306711  68.523441     2.264     3.236  3 53705.03350210 26.070
 44 160.289391  68.524230     1.186     0.138  3 53740.03341346 24.288
 45 160.319129  68.522802     2.726     2.842  3 53775.03343309 15.947
 46 160.293608  68.522951     3.145     3.378  3 53810.03341630 15.153
 47 160.316505  68.522878     1.886     1.888  3 53845.03345900 14.186
 48 160.319075  68.522956     0.033     0.021  3 53880.03348671 37.794
 49 160.305258  68.525409     4.449     3.962  3 53915.03354353 27.750
 50 160.296544  68.524008     5.215     5.221  4 53950.03355358 21.542
 51 160.295730  68.523303     2.798     2.801  3 53985.03349130 49.794
 52 160.324473  68.525331     3.159     2.874  3 54020.03352689 23.853
 53 160.322330  68.524614     2.317     2.602  3 54055.03351832 20.806
 54 160.301568  68.524377     3.887     3.696  3 54090.03350718 15.943
 55 160.328331  68.524285     2.919     3.018  3 54125.03343327 14.879
 57 160.324956  68.524311     3.269     3.268  3 54195.03343519 12.408
 58 160.313245  68.524265     4.843     4.913  3 54230.03348615  6.024
 59 160.311941  68.523132     4.374     3.961  3 54265.03350416 28.969
 60 160.310071  68.522921     3.985     4.368  3 54300.03350849 26.272
 61 160.302641  68.523344     4.208     4.789  3 54335.03349805 32.395
 63 160.304058  68.522890     0.221     0.219  3 54405.03344233 35.691
 64 160.332055  68.524976     3.582     3.671  3 54440.03339858 16.016
 65 160.315890  68.524547     2.064     1.295  3 54475.03342862 14.426
 66 160.325183  68.523129     3.299     3.370  3 54510.03341307 12.434
 67 160.309308  68.525096     3.797     3.930  3 54545.03344306 12.438
 68 160.315988  68.524399     3.568     3.658  3 54580.03341017 11.668
 69 160.311064  68.524319     4.850     4.852  3 54615.03343261 42.649
 70 160.311951  68.524246     1.001     1.018  3 54650.03344421 39.366
 71 160.303158  68.524654     0.374     0.386  3 54685.03343898 49.744
 72 160.326047  68.522622     0.221     0.178  3 54720.03338805 49.520
 73 160.309971  68.523259     0.787     0.770  3 54755.03341321 45.779
 74 160.325188  68.524177     2.612     2.465  3 54790.03338155 20.870
 75 160.318334  68.525549     2.705     2.592  3 54825.03340842 15.814
 76 160.326975  68.524178     2.666     2.799  3 54860.03337457 14.574
 77 160.305932  68.525516     2.825     3.136  3 54895.03341026 12.352
 78 160.320131  68.523150     3.166     2.955  3 54930.03337371 12.076
 79 160.310946  68.524379    -0.081    -0.082  3 54965.03341024 16.397
 80 160.306510  68.523577     2.259     2.294  3 55000.03343090 51.520
 81 160.313700  68.523524     1.255     0.901  3 55035.03341608 30.743
 82 160.300398  68.523982     3.475     3.189  3 55070.03340651 19.571
 83 160.323026  68.523688     0.195     0.191  3 55105.03334751 51.240
 84 160.309520  68.524779     2.914     3.096  3 55140.03335424 21.980
 85 160.328728  68.524076     2.525     2.379  3 55175.03331408 16.825
 86 160.314290  68.525185     1.804     1.623  3 55210.03334926 16.346
 87 160.322259  68.525088     1.285     1.062  3 55245.03332091 14.890
 88 160.304162  68.524458     1.382     1.560  3 55280.03334344 14.394
 89 160.313224  68.525203     1.494     1.302  3 55315.03330824 13.355
 90 160.303954  68.523097     4.651     4.649  3 55350.03331492 49.899
 91 160.322416  68.524767     4.017     3.445  3 55385.03330742 25.216
 92 160.313771  68.524759     4.653     4.720  3 55420.03333288 15.380
 93 160.298795  68.523537     2.800     1.409  3 55455.03331081 35.224
