# NaN NaN NaN ;Mean Elev.(m), Avg Gradient(m/km), RMS Gradient(m/km) - SRTM1     
#  -12.869  -0.029  24.869 ;Mean Elev.(m), Avg Gradient(m/km), RMS Gradient(m/km) - ASTER GDEM
#    8.000  -0.901  22.085 ;Mean Elev.(m), Avg Gradient(m/km), RMS Gradient(m/km) - GMTED2010 
  7     0.135 52446.42286211 53.25 156.163238  67.917390 43.131
  7     0.145 52446.42286275 51.87 156.159538  67.920440 43.131
  7     0.214 52446.42286340 49.79 156.155838  67.923490 43.131
  7     0.245 52446.42286404 50.28 156.152128  67.926530 43.131
  7     0.133 52446.42286469 50.72 156.148428  67.929580 43.131
  8     6.658 52481.42285349 49.20 156.170793  67.921445 35.516
  8     6.652 52481.42285413 50.18 156.167093  67.924485 35.516
  8     6.617 52481.42285478 50.84 156.163393  67.927535 35.516
  8     6.571 52481.42285542 50.68 156.159693  67.930585 35.516
  8     6.479 52481.42285606 51.92 156.155983  67.933625 35.516
  8     6.592 52481.42285671 47.84 156.152283  67.936675 35.516
  9     5.254 52516.42280800 33.49 156.173424  67.933949 30.206
  9     5.009 52516.42280865 24.05 156.169724  67.936999 30.206
  9     5.072 52516.42280929 19.36 156.166024  67.940049 30.206
  9    10.512 52516.42280994 19.28 156.162312  67.943093 26.313
 11     1.190 52586.42282865 35.80 156.172570  67.929166 18.222
 11     1.267 52586.42282929 35.68 156.168870  67.932216 18.222
 11     1.166 52586.42282994 34.07 156.165158  67.935258 15.643
 11     8.542 52586.42283058 30.82 156.161458  67.938308 15.643
 11     9.781 52586.42283122 29.31 156.157748  67.941348 15.643
 12     1.512 52621.42280458 31.18 156.171906  67.930676 13.134
 12     1.382 52621.42280522 31.94 156.168206  67.933716 13.134
 12     1.363 52621.42280587 29.81 156.164506  67.936766 13.134
 12     8.828 52621.42280651 28.94 156.160796  67.939816 13.134
 12    10.460 52621.42280716 27.31 156.157096  67.942856 13.134
 15    11.662 52726.42283388 20.82 156.170489  67.922482  3.918
 15    11.166 52726.42283452 20.72 156.166789  67.925532  3.918
 15    10.361 52726.42283517 21.22 156.163089  67.928582  3.918
 15     9.659 52726.42283581 20.70 156.159379  67.931622  3.918
 15     9.596 52726.42283646 20.56 156.155679  67.934672  3.918
 17    10.287 52796.42280849 50.10 156.167584  67.918431 39.281
 17    10.219 52796.42280914 50.53 156.163884  67.921481 39.281
 17    10.264 52796.42280978 49.97 156.160174  67.924521 39.281
 17    10.224 52796.42281043 51.88 156.156474  67.927571 39.281
 17    10.233 52796.42281107 52.01 156.152764  67.930621 39.281
 18     7.230 52831.42287612 50.74 156.170634  67.915859 30.867
 18     7.125 52831.42287676 52.64 156.166924  67.918899 30.867
 18     7.199 52831.42287740 53.26 156.163224  67.921949 30.867
 18     7.150 52831.42287805 52.81 156.159524  67.924999 30.867
 18     7.069 52831.42287869 53.27 156.155814  67.928039 30.867
 18     7.224 52831.42287934 52.39 156.152110  67.931086 33.687
 19    11.231 52866.42292116 18.68 156.171398  67.924828 29.187
 19    10.822 52866.42292180 17.34 156.167688  67.927878 29.187
 19    10.399 52866.42292245 16.85 156.163988  67.930918 29.187
 19     3.614 52866.42292309 22.25 156.160288  67.933968 29.187
 19     3.595 52866.42292374 30.02 156.156578  67.937018 29.187
 20     3.711 52901.42294817 52.64 156.169392  67.927234 38.828
 20     3.807 52901.42294881 51.73 156.165692  67.930284 38.828
 20     3.660 52901.42294946 52.79 156.161982  67.933334 38.828
 20     3.630 52901.42295010 49.85 156.158282  67.936374 38.828
 20     3.786 52901.42295075 45.57 156.154582  67.939424 38.828
 21    10.565 52936.42288954 27.68 156.174215  67.931810  8.659
 21     1.692 52936.42289019 32.38 156.170515  67.934860  8.659
 21     1.626 52936.42289083 34.37 156.166815  67.937910  8.659
 21     1.656 52936.42289148 33.17 156.163105  67.940950  8.659
 21     1.608 52936.42289212 29.23 156.159405  67.944000  8.659
 22    11.489 52971.42291221 21.91 156.168915  67.916745  3.827
 22    10.780 52971.42291286 22.56 156.165215  67.919785  3.827
 22    10.726 52971.42291350 20.62 156.161515  67.922835  3.827
 22    10.161 52971.42291415 20.41 156.157805  67.925885  3.827
 22     9.536 52971.42291479 20.46 156.154105  67.928925  3.827
 22     9.721 52971.42291544 19.26 156.150400  67.931974  3.977
 23    11.712 53006.42292573 18.65 156.170286  67.918896  2.985
 23    11.441 53006.42292638 18.70 156.166586  67.921936  2.985
 23    10.850 53006.42292702 18.37 156.162886  67.924986  2.985
 23    10.256 53006.42292767 17.89 156.159186  67.928026  2.985
 23     9.727 53006.42292831 17.93 156.155486  67.931076  2.985
 23     9.729 53006.42292896 18.06 156.151776  67.934126  2.985
 25    11.573 53076.42291181 17.16 156.170597  67.923372  3.008
 25    11.190 53076.42291246 16.90 156.166897  67.926422  3.008
 25    10.555 53076.42291310 16.87 156.163197  67.929462  3.008
 25     9.655 53076.42291374 16.85 156.159497  67.932512  3.008
 25     9.551 53076.42291439 17.10 156.155787  67.935562  3.008
 27     2.964 53146.42292430 31.84 156.168020  67.918363 25.196
 27     2.939 53146.42292494 32.79 156.164320  67.921413 25.196
 27     2.947 53146.42292559 29.04 156.160620  67.924453 25.196
 27     2.970 53146.42292623 37.19 156.156910  67.927503 25.196
 27     2.923 53146.42292688 29.04 156.153210  67.930553 25.196
 28    11.963 53181.42293198 19.26 156.171167  67.925418 24.668
 28    11.999 53181.42293263 16.88 156.167467  67.928458 24.668
 28    11.635 53181.42293327 18.11 156.163767  67.931508 24.668
 28    11.760 53181.42293392 19.45 156.160057  67.934558 24.668
 28     9.894 53181.42293456 22.60 156.156357  67.937598 24.668
 29     7.947 53216.42295451 25.80 156.169278  67.922733 16.534
 29     6.022 53216.42295516 24.67 156.165578  67.925773 16.534
 29     6.124 53216.42295580 21.87 156.161878  67.928823 16.534
 29     9.524 53216.42295645 19.85 156.158178  67.931873 16.534
 29     7.809 53216.42295709 21.01 156.154468  67.934913 16.534
 30    11.615 53251.42293430 16.51 156.171830  67.930463 25.118
 30    11.349 53251.42293494 14.97 156.168130  67.933503 25.118
 30    10.617 53251.42293559 16.64 156.164430  67.936553 25.118
 30    10.167 53251.42293623 19.24 156.160720  67.939603 25.118
 30    10.912 53251.42293688 21.17 156.157020  67.942643 25.118
 32     2.016 53321.42290367 25.35 156.172687  67.925801  5.930
 32     2.044 53321.42290432 26.11 156.168977  67.928851  5.930
 32     2.123 53321.42290496 28.44 156.165277  67.931891  5.930
 32     2.091 53321.42290561 28.48 156.161568  67.934941  5.213
 32     2.019 53321.42290625 27.51 156.157868  67.937991  5.213
 33     6.700 53356.42287368 21.11 156.175642  67.933692  4.076
 33     4.012 53356.42287432 21.91 156.171942  67.936742  4.076
 33     8.534 53356.42287497 21.81 156.168238  67.939787  3.673
 33     1.698 53356.42287561 21.64 156.164528  67.942837  3.673
 33     1.514 53356.42287626 21.55 156.160818  67.945877  3.673
 35    11.412 53426.42288241 16.99 156.173023  67.929871  3.421
 35     9.081 53426.42288306 17.34 156.169313  67.932921  3.421
 35     9.714 53426.42288370 16.26 156.165613  67.935971  3.421
 35     9.428 53426.42288435 16.91 156.161907  67.939013  3.144
 35    10.168 53426.42288499 16.83 156.158197  67.942063  3.144
 36    11.875 53461.42289177 14.92 156.169658  67.915845  3.167
 36    11.562 53461.42289242 14.62 156.165948  67.918885  3.167
 36    10.998 53461.42289306 14.89 156.162248  67.921935  3.167
 36    10.837 53461.42289371 14.27 156.158548  67.924985  3.167
 36    10.270 53461.42289435 14.36 156.154838  67.928025  3.167
 36     9.774 53461.42289500 15.61 156.151141  67.931071  3.047
 37    11.378 53496.42296992 14.84 156.169257  67.914157  6.228
 37    11.390 53496.42297056 13.59 156.165557  67.917207  6.228
 37    11.180 53496.42297121 12.75 156.161857  67.920257  6.228
 37    10.738 53496.42297185 13.06 156.158157  67.923297  6.228
 37     6.332 53496.42297250 16.35 156.154457  67.926347  6.228
 37    10.491 53496.42297314 13.68 156.150747  67.929397  6.228
 38    12.261 53531.42295048 21.54 156.173065  67.927482 35.660
 38    11.807 53531.42295112 22.36 156.169365  67.930532 35.660
 38     5.721 53531.42295177 25.59 156.165661  67.933577 28.880
 38    11.402 53531.42295241 20.54 156.161961  67.936627 28.880
 38    12.734 53531.42295305 18.17 156.158251  67.939667 28.880
 39     8.024 53566.42297430 29.72 156.171007  67.922062 28.996
 39    11.209 53566.42297495 17.99 156.167307  67.925112 28.996
 39    10.856 53566.42297559 15.96 156.163607  67.928152 28.996
 39     9.963 53566.42297624 18.11 156.159907  67.931202 28.996
 39     9.557 53566.42297688 18.49 156.156197  67.934252 28.996
 39     4.956 53566.42297753 26.40 156.152499  67.937296 24.995
 40     7.153 53601.42291979 51.22 156.172861  67.931911 32.984
 40     7.130 53601.42292043 51.92 156.169161  67.934961 32.984
 40     7.122 53601.42292108 51.96 156.165456  67.938007 29.300
 40     7.133 53601.42292172 52.11 156.161756  67.941057 29.300
 40     6.967 53601.42292236 51.89 156.158046  67.944097 29.300
 43     1.039 53706.42287034 26.67 156.175036  67.933052  5.978
 43     1.036 53706.42287098 27.23 156.171339  67.936097  6.001
 43     1.103 53706.42287163 26.91 156.167629  67.939147  6.001
 43     1.114 53706.42287227 27.08 156.163929  67.942187  6.001
 43    10.004 53706.42287292 26.40 156.160219  67.945237  6.001
 44     9.576 53741.42278409 22.74 156.179662  67.938893  4.970
 44     7.170 53741.42278473 24.00 156.175953  67.941942  4.532
 44     1.309 53741.42278538 24.71 156.172253  67.944982  4.532
 44     9.765 53741.42278602 23.23 156.168553  67.948032  4.532
 45    11.483 53776.42280504 18.64 156.169830  67.924255  3.740
 45    10.997 53776.42280568 19.79 156.166130  67.927295  3.740
 45    10.106 53776.42280633 19.86 156.162430  67.930345  3.740
 45     9.527 53776.42280697 19.83 156.158720  67.933395  3.740
 45     9.171 53776.42280762 19.19 156.155017  67.936433  3.742
 46    10.783 53811.42278598 17.24 156.177588  67.934950  3.326
 46    10.095 53811.42278662 16.98 156.173888  67.937990  3.326
 46     9.841 53811.42278727 18.42 156.170188  67.941040  3.326
 46    10.185 53811.42278791 18.36 156.166478  67.944090  3.326
 46    10.560 53811.42278855 17.31 156.162780  67.947135  3.388
 47    11.420 53846.42283229 17.79 156.163516  67.917205  4.034
 47    10.970 53846.42283293 16.72 156.159816  67.920255  4.034
 47    10.382 53846.42283358 17.01 156.156116  67.923305  4.034
 47     9.608 53846.42283422 16.91 156.152406  67.926345  4.034
 47     9.051 53846.42283487 17.66 156.148706  67.929395  4.034
 48     6.520 53881.42285625 39.61 156.171177  67.921051 26.132
 48     6.378 53881.42285689 32.61 156.167477  67.924091 26.132
 48     6.402 53881.42285754 32.66 156.163777  67.927141 26.132
 48     6.514 53881.42285818 34.12 156.160067  67.930191 26.132
 48     6.496 53881.42285883 40.48 156.156367  67.933231 26.132
 48     6.428 53881.42285947 36.11 156.152659  67.936280 19.968
 49    13.007 53916.42291551 18.68 156.169138  67.917356 14.847
 49    12.538 53916.42291616 17.67 156.165438  67.920406 14.847
 49    11.864 53916.42291680 18.21 156.161738  67.923446 14.847
 49    11.364 53916.42291745 18.29 156.158038  67.926496 14.847
 49    11.605 53916.42291809 18.89 156.154338  67.929546 14.847
 49     8.023 53916.42291874 27.19 156.150628  67.932586 14.847
 50    11.724 53951.42292260 19.14 156.167400  67.920342 28.897
 50     7.805 53951.42292324 20.60 156.163700  67.923382 28.897
 50     5.839 53951.42292389 25.49 156.160000  67.926432 28.897
 50     5.951 53951.42292453 30.00 156.156300  67.929482 28.897
 50     5.953 53951.42292518 35.09 156.152600  67.932522 28.897
 52     3.231 54021.42289861 49.27 156.168463  67.915885 24.221
 52     3.225 54021.42289925 48.57 156.164763  67.918925 24.221
 52     3.336 54021.42289990 45.28 156.161063  67.921975 24.221
 52     3.245 54021.42290054 42.35 156.157353  67.925025 24.221
 52     3.281 54021.42290119 38.74 156.153653  67.928065 24.221
 52     3.809 54021.42290183 34.05 156.149943  67.931115 24.221
 53    11.615 54056.42289189 20.29 156.172114  67.925832  6.595
 53    10.984 54056.42289254 21.32 156.168404  67.928882  6.595
 53    10.162 54056.42289318 20.68 156.164704  67.931922  6.595
 53     9.435 54056.42289383 20.88 156.161004  67.934972  6.595
 53     9.702 54056.42289447 20.92 156.157294  67.938022  6.595
 54    11.526 54091.42287753 16.12 156.173957  67.930569  3.566
 54    10.825 54091.42287817 16.22 156.170257  67.933619  3.566
 54    10.151 54091.42287882 15.83 156.166547  67.936659  3.566
 54     9.886 54091.42287946 16.10 156.162847  67.939709  3.566
 54    10.467 54091.42288011 16.05 156.159147  67.942759  3.566
 55    10.894 54126.42280826 15.99 156.155282  67.922925  3.031
 55    10.422 54126.42280890 16.43 156.151582  67.925965  3.031
 55    10.141 54126.42280955 16.21 156.147872  67.929015  3.031
 56    11.594 54161.42284469 14.52 156.169542  67.924707  2.769
 56    10.985 54161.42284533 15.39 156.165832  67.927757  2.769
 56    10.118 54161.42284597 16.35 156.162132  67.930797  2.769
 56     9.820 54161.42284662 15.07 156.158432  67.933847  2.769
 56     9.809 54161.42284726 15.61 156.154722  67.936897  2.769
 57    11.940 54196.42280862 13.75 156.167378  67.915943  2.377
 57    11.418 54196.42280927 13.34 156.163678  67.918993  2.377
 57    11.237 54196.42280991 13.34 156.159968  67.922033  2.377
 57    10.637 54196.42281056 14.10 156.156268  67.925083  2.377
 57    10.095 54196.42281120 14.17 156.152568  67.928123  2.377
 57     9.860 54196.42281184 14.03 156.148856  67.931170  3.418
 58    12.144 54231.42285703  1.41 156.170199  67.920683  1.886
 58    11.833 54231.42285768  1.39 156.166489  67.923733  1.886
 58    11.517 54231.42285832  1.28 156.162789  67.926773  1.886
 58    11.285 54231.42285897  1.15 156.159089  67.929823  1.886
 58    11.163 54231.42285961  1.42 156.155379  67.932873  1.886
 58    10.787 54231.42286026  1.67 156.151680  67.935914  2.042
 59    10.667 54266.42287525 50.60 156.168574  67.924342 33.873
 59    10.556 54266.42287590 51.26 156.164864  67.927382 33.873
 59    10.654 54266.42287654 50.98 156.161164  67.930432 33.873
 59    10.613 54266.42287719 49.12 156.157454  67.933482 33.873
 59    10.535 54266.42287783 50.36 156.153758  67.936525 29.292
 60     7.874 54301.42287985 23.53 156.170456  67.924504 32.930
 60     7.487 54301.42288050 20.24 156.166746  67.927544 32.930
 60    10.498 54301.42288114 17.67 156.163046  67.930594 32.930
 60     7.958 54301.42288179 22.06 156.159346  67.933644 32.930
 60     8.007 54301.42288243 29.31 156.155635  67.936686 33.568
 61    11.456 54336.42286833 19.39 156.170265  67.929144 28.578
 61    10.965 54336.42286898 17.07 156.166565  67.932194 28.578
 61    10.852 54336.42286962 15.77 156.162855  67.935244 28.578
 61    12.076 54336.42287027 16.14 156.159153  67.938287 28.305
 62     5.925 54371.42281112 50.60 156.167883  67.918175 38.086
 62     5.997 54371.42281177 51.84 156.164173  67.921225 38.086
 62     5.972 54371.42281241 51.88 156.160473  67.924275 38.086
 62     5.957 54371.42281306 52.27 156.156773  67.927315 38.086
 62     6.021 54371.42281370 48.48 156.153063  67.930365 38.086
 63     1.771 54406.42281252 34.81 156.169832  67.925998 11.627
 63     1.661 54406.42281316 38.12 156.166122  67.929038 11.627
 63     1.627 54406.42281381 37.16 156.162422  67.932088 11.627
 63     3.451 54406.42281445 34.44 156.158722  67.935138 11.627
 63     3.648 54406.42281510 32.07 156.155012  67.938180 11.948
 65    11.937 54476.42280011 14.51 156.169235  67.924059  3.021
 65    11.439 54476.42280076 14.64 156.165525  67.927099  3.021
 65    10.806 54476.42280140 15.32 156.161825  67.930149  3.021
 65    10.002 54476.42280205 14.51 156.158125  67.933199  3.021
 65     9.486 54476.42280269 15.28 156.154415  67.936239  3.021
 66    11.704 54511.42278572 14.71 156.162209  67.918215  2.547
 66    11.312 54511.42278636 14.23 156.158509  67.921265  2.547
 66    10.744 54511.42278701 14.54 156.154809  67.924315  2.547
 66    10.014 54511.42278765 14.67 156.151099  67.927355  2.547
 66     9.600 54511.42278830 14.59 156.147401  67.930401  3.207
 67    11.917 54546.42281473 15.58 156.170895  67.926571  3.125
 67    11.460 54546.42281538 15.47 156.167195  67.929611  3.125
 67    10.744 54546.42281602 14.52 156.163485  67.932661  3.125
 67     9.847 54546.42281667 14.52 156.159785  67.935711  3.125
 67    10.042 54546.42281731 15.07 156.156075  67.938753  3.386
 68    11.883 54581.42278228 13.84 156.168583  67.923623  2.642
 68    11.583 54581.42278293 13.54 156.164883  67.926673  2.642
 68    10.941 54581.42278357 13.59 156.161173  67.929723  2.642
 68    10.248 54581.42278422 13.11 156.157475  67.932766  2.839
 68     9.832 54581.42278486 13.12 156.153765  67.935816  2.839
 69    12.579 54616.42280356 28.37 156.170791  67.923905 35.761
 69    12.341 54616.42280421 27.62 156.167091  67.926955 35.761
 69    12.068 54616.42280485 29.41 156.163391  67.929995 35.761
 69    12.241 54616.42280550 29.95 156.159681  67.933045 35.761
 69    12.580 54616.42280614 28.25 156.155981  67.936095 35.761
 70     8.149 54651.42281584 26.21 156.170185  67.920797 29.756
 70    11.863 54651.42281648 17.77 156.166485  67.923847 29.756
 70    11.745 54651.42281713 15.71 156.162785  67.926897 29.756
 70    10.697 54651.42281777 19.81 156.159085  67.929937 29.756
 70     6.951 54651.42281842 25.13 156.155375  67.932987 29.756
 70     7.333 54651.42281906 26.22 156.151675  67.936037 29.756
 71    11.349 54686.42280944 17.15 156.170404  67.929022 22.674
 71    10.802 54686.42281009 16.33 156.166704  67.932072 22.674
 71    10.523 54686.42281073 18.23 156.162994  67.935112 22.674
 71     3.903 54686.42281138 25.06 156.159294  67.938162 22.674
 71     4.109 54686.42281202 26.08 156.155584  67.941212 22.674
 72     3.912 54721.42276180 52.42 156.157934  67.921224 39.520
 72     3.742 54721.42276244 48.00 156.154234  67.924274 39.520
 72     4.063 54721.42276309 39.36 156.150524  67.927314 39.520
 73     4.012 54756.42278289 45.25 156.172071  67.922064 22.598
 73     4.092 54756.42278353 48.84 156.168371  67.925114 22.598
 73     3.935 54756.42278418 43.00 156.164671  67.928164 22.598
 73     4.037 54756.42278482 45.01 156.160971  67.931204 22.598
 73     3.935 54756.42278547 45.62 156.157261  67.934254 22.598
 73     3.910 54756.42278611 40.18 156.153561  67.937294 22.598
 75    11.790 54826.42277951 18.74 156.170951  67.919238  2.882
 75    11.513 54826.42278015 18.20 156.167251  67.922288  2.882
 75    11.092 54826.42278080 17.45 156.163551  67.925328  2.882
 75    10.368 54826.42278144 17.12 156.159851  67.928378  2.882
 75     9.782 54826.42278209 17.26 156.156141  67.931428  2.882
 75     9.524 54826.42278273 17.46 156.152441  67.934468  2.882
 76    11.862 54861.42274746 16.95 156.167902  67.915051  2.721
 76    11.497 54861.42274810 16.98 156.164202  67.918101  2.721
 76    11.066 54861.42274874 16.49 156.160492  67.921151  2.721
 76    10.589 54861.42274939 16.55 156.156795  67.924192  3.534
 76    10.060 54861.42275003 16.43 156.153085  67.927242  3.534
 76     9.836 54861.42275068 16.47 156.149385  67.930282  3.534
 77    11.880 54896.42278079 15.52 156.172678  67.923741  2.691
 77    11.396 54896.42278143 15.50 156.168978  67.926791  2.691
 77    10.812 54896.42278207 15.95 156.165268  67.929831  2.691
 77    10.140 54896.42278272 15.68 156.161568  67.932881  2.691
 77     9.674 54896.42278336 15.59 156.157868  67.935931  2.691
 77    10.154 54896.42278401 15.85 156.154157  67.938971  3.010
 78    11.988 54931.42274455 16.04 156.168672  67.915031  2.761
 78    11.587 54931.42274519 15.68 156.164972  67.918081  2.761
 78    11.162 54931.42274584 15.51 156.161262  67.921131  2.761
 78    10.837 54931.42274648 15.31 156.157562  67.924171  2.761
 78    10.204 54931.42274712 15.61 156.153862  67.927221  2.761
 78     9.900 54931.42274777 15.45 156.150152  67.930271  2.761
 79     2.054 54966.42278175 34.77 156.168954  67.923799 22.634
 79     2.129 54966.42278240 31.54 156.165254  67.926849 22.634
 79     2.053 54966.42278304 32.18 156.161554  67.929889 22.634
 79     2.266 54966.42278369 32.99 156.157844  67.932939 22.634
 79     2.051 54966.42278433 33.35 156.154144  67.935989 22.634
 80    12.065 55001.42280102 20.44 156.170358  67.920501 19.475
 80    12.646 55001.42280166 18.50 156.166648  67.923551 19.475
 80    13.007 55001.42280231 14.57 156.162948  67.926601 19.475
 80    12.831 55001.42280295 15.25 156.159248  67.929641 19.475
 80    11.160 55001.42280360 18.58 156.155548  67.932691 19.475
 80    12.472 55001.42280424 21.83 156.151838  67.935741 19.475
 81     3.891 55036.42278773 39.91 156.169096  67.924332 32.736
 81     4.049 55036.42278838 28.77 156.165396  67.927382 32.736
 81     4.096 55036.42278902 34.74 156.161686  67.930422 32.736
 81     4.088 55036.42278966 30.88 156.157986  67.933472 32.736
 81     4.215 55036.42279031 47.89 156.154276  67.936522 32.736
 82    11.113 55071.42277680 17.79 156.171609  67.929592 26.446
 82    10.719 55071.42277744 16.70 156.167909  67.932642 26.446
 82     3.724 55071.42277809 22.01 156.164209  67.935682 26.446
 82     3.786 55071.42277873 26.50 156.160499  67.938732 26.446
 82     3.760 55071.42277938 27.32 156.156799  67.941782 26.446
 83    11.044 55106.42271914 26.51 156.160217  67.919701 20.015
 83    10.725 55106.42271978 25.93 156.156517  67.922741 20.015
 83     9.610 55106.42272043 29.83 156.152807  67.925791 20.015
 83     3.821 55106.42272107 38.60 156.149107  67.928841 20.015
 84    11.601 55141.42272566 21.98 156.171033  67.924349  7.336
 84    11.009 55141.42272630 22.32 156.167333  67.927399  7.336
 84    10.337 55141.42272695 22.66 156.163629  67.930443  5.772
 84     9.722 55141.42272759 21.68 156.159929  67.933493  5.772
 84     9.615 55141.42272824 22.60 156.156219  67.936533  5.772
 85    10.383 55176.42268938 19.44 156.153513  67.923913  2.967
 85     9.633 55176.42269002 19.80 156.149808  67.926951  4.443
 86    11.438 55211.42271977 19.97 156.171324  67.921283  3.550
 86    11.244 55211.42272041 19.14 156.167624  67.924333  3.550
 86    10.587 55211.42272106 19.26 156.163924  67.927373  3.550
 86    10.014 55211.42272170 18.55 156.160224  67.930423  3.550
 86     9.211 55211.42272235 19.20 156.156514  67.933473  3.550
 86     9.620 55211.42272299 18.75 156.152814  67.936513  3.550
 87    11.820 55246.42269161 19.04 156.168670  67.916518  3.258
 87    11.385 55246.42269225 19.00 156.164960  67.919568  3.258
 87    10.910 55246.42269290 18.19 156.161260  67.922608  3.258
 87    10.419 55246.42269354 17.79 156.157560  67.925658  3.258
 87     9.542 55246.42269419 18.32 156.153860  67.928708  3.258
 87     9.370 55246.42269483 18.22 156.150150  67.931748  3.258
 88    11.183 55281.42271470 17.94 156.169600  67.927407  3.803
 88     9.732 55281.42271535 18.77 156.165890  67.930447  3.803
 88     9.523 55281.42271599 17.94 156.162190  67.933497  3.803
 88     9.385 55281.42271664 18.34 156.158490  67.936547  3.803
 88     9.970 55281.42271728 18.33 156.154777  67.939588  3.933
 89    11.572 55316.42268138 16.57 156.169427  67.922519  4.553
 89    11.240 55316.42268203 15.82 156.165727  67.925559  4.553
 89    10.653 55316.42268267 15.82 156.162017  67.928609  4.553
 89     9.791 55316.42268332 15.93 156.158317  67.931659  4.553
 89     9.524 55316.42268396 15.71 156.154613  67.934702  6.709
 90    12.095 55351.42268667 18.60 156.169736  67.927827 27.528
 90    11.900 55351.42268732 18.07 156.166036  67.930867 27.528
 90    11.735 55351.42268796 19.34 156.162336  67.933917 27.528
 90    10.158 55351.42268861 20.85 156.158626  67.936967 27.528
 90    13.449 55351.42268925 20.49 156.154929  67.940010 29.556
 91    12.431 55386.42267964 21.88 156.165805  67.915774 24.691
 91     5.830 55386.42268029 28.07 156.162105  67.918824 24.691
 91     5.907 55386.42268093 24.53 156.158395  67.921864 24.691
 91    10.565 55386.42268158 19.90 156.154695  67.924914 24.691
 91     6.309 55386.42268222 21.41 156.150995  67.927954 24.691
 92     4.209 55421.42270435 23.89 156.169554  67.924652 33.517
 92     4.553 55421.42270499 19.90 156.165854  67.927702 33.517
 92     5.661 55421.42270564 22.62 156.162154  67.930742 33.517
 92     3.943 55421.42270628 28.21 156.158444  67.933792 33.517
 92     4.242 55421.42270693 39.58 156.154744  67.936842 33.517
 93    12.383 55456.42268010 17.73 156.172774  67.929881 22.371
 93    11.904 55456.42268075 17.38 156.169074  67.932931 22.371
 93    12.053 55456.42268139 17.03 156.165364  67.935981 22.371
 93    11.727 55456.42268204 17.40 156.161664  67.939021 22.371
 93    10.241 55456.42268268 20.90 156.157964  67.942071 22.371
