# NaN NaN NaN ;Mean Elev.(m), Avg Gradient(m/km), RMS Gradient(m/km) - SRTM1     
#   -8.880     NaN     NaN ;Mean Elev.(m), Avg Gradient(m/km), RMS Gradient(m/km) - ASTER GDEM
#    2.497  -0.819   2.500 ;Mean Elev.(m), Avg Gradient(m/km), RMS Gradient(m/km) - GMTED2010 
  7    -9.161 52448.03743421 26.44 159.164674  68.754766 25.001
  7    -8.933 52448.03743485 24.39 159.160714  68.751736 25.001
  7    -6.630 52448.03743550 23.96 159.156744  68.748716 25.001
  8     3.379 52483.03742236 27.90 159.166794  68.757224 29.384
  8     3.258 52483.03742300 21.74 159.162834  68.754194 29.384
  8     3.256 52483.03742365 21.95 159.158864  68.751174 29.384
  8     7.216 52483.03742429 18.97 159.154904  68.748144 29.384
  9     1.578 52518.03738025 21.11 159.161380  68.755583 31.925
  9     1.446 52518.03738089 20.52 159.157420  68.752563 31.925
  9     6.536 52518.03738154 16.09 159.153460  68.749533 31.925
 10     5.631 52553.03742987 20.19 159.178110  68.753691 11.803
 10     5.400 52553.03743051 19.96 159.174140  68.750661 11.803
 10     6.308 52553.03743116 19.62 159.170180  68.747641 11.803
 11     0.277 52588.03740991 30.88 159.169862  68.754760  6.102
 11     0.272 52588.03741055 33.04 159.165906  68.751739  5.965
 11     0.159 52588.03741120 29.21 159.161946  68.748709  5.965
 12     5.558 52623.03736654 20.46 159.162781  68.757285  5.528
 12     4.182 52623.03736718 21.74 159.158821  68.754265  5.528
 12     0.656 52623.03736783 23.70 159.154861  68.751235  5.528
 12     2.067 52623.03736847 21.63 159.150901  68.748205  5.528
 13     5.146 52658.03738116 15.30 159.176135  68.754269  2.967
 13     4.854 52658.03738180 15.13 159.172175  68.751249  2.967
 13     5.087 52658.03738244 14.78 159.168205  68.748219  2.967
 15     5.343 52728.03740331 13.47 159.174089  68.753418  2.139
 15     4.475 52728.03740396 12.72 159.170119  68.750388  2.139
 15     5.755 52728.03740460 12.22 159.166159  68.747368  2.139
 16     0.053 52763.03741669 20.53 159.148432  68.756275 21.307
 16     0.088 52763.03741733 21.00 159.144472  68.753245 21.307
 16     0.295 52763.03741798 21.41 159.140512  68.750225 21.307
 16     0.148 52763.03741862 21.91 159.136552  68.747195 21.307
 17     7.886 52798.03738544 25.31 159.192361  68.753912 27.817
 17     6.543 52798.03738608 22.69 159.188391  68.750882 27.817
 17     7.333 52798.03738673 18.71 159.184428  68.747857 33.114
 18     7.356 52833.03745659 15.33 159.189451  68.752542 14.927
 18     6.951 52833.03745723 14.40 159.185481  68.749522 14.927
 18     7.354 52833.03745787 14.30 159.181521  68.746492 14.927
 19     0.844 52868.03749901 45.91 159.183108  68.754711 29.473
 19     0.747 52868.03749966 42.35 159.179138  68.751691 29.473
 19     0.693 52868.03750030 31.77 159.175178  68.748661 29.473
 20     1.021 52903.03751542 43.19 159.166940  68.755720 36.033
 20     0.789 52903.03751607 24.97 159.162980  68.752700 36.033
 20     0.605 52903.03751671 22.90 159.159020  68.749670 36.033
 21     0.177 52938.03745332 27.01 159.154384  68.757202  6.184
 21     0.250 52938.03745396 28.34 159.150424  68.754172  6.184
 21     0.247 52938.03745461 28.46 159.146464  68.751152  6.184
 21     0.285 52938.03745525 27.87 159.142504  68.748122  6.184
 22     0.197 52973.03748668 23.13 159.177867  68.754922  4.410
 22     0.223 52973.03748733 22.95 159.173897  68.751892  4.410
 22     0.216 52973.03748797 24.16 159.169937  68.748872  4.410
 23     2.115 53008.03749565 15.47 159.168188  68.757424  2.814
 23     1.341 53008.03749630 15.48 159.164218  68.754394  2.814
 23     0.778 53008.03749694 16.14 159.160258  68.751364  2.814
 23     2.309 53008.03749758 15.67 159.156298  68.748344  2.814
 24     0.149 53043.03745195 15.89 159.185322  68.755200  2.875
 24     0.200 53043.03745259 15.17 159.181352  68.752180  2.875
 24     0.357 53043.03745324 15.47 159.177392  68.749150  2.875
 24     0.269 53043.03745388 15.34 159.173422  68.746130  2.875
 25     3.018 53078.03748562 13.25 159.164367  68.756768  2.625
 25     3.027 53078.03748626 13.84 159.160407  68.753738  2.625
 25     4.911 53078.03748691 12.93 159.156447  68.750708  2.625
 25     3.121 53078.03748755 13.11 159.152487  68.747688  2.625
 26     0.433 53113.03745595 12.35 159.180924  68.754222  2.277
 26     4.785 53113.03745659 11.42 159.176954  68.751192  2.277
 26     3.637 53113.03745724 11.82 159.172994  68.748172  2.277
 27     0.709 53148.03750033 11.14 159.173054  68.756109  8.364
 27     0.203 53148.03750098 11.37 159.169084  68.753079  8.364
 27     0.085 53148.03750162 14.37 159.165124  68.750059  8.364
 27     0.080 53148.03750227 13.39 159.161164  68.747029  8.364
 28     7.082 53183.03750028 22.42 159.178474  68.754340 28.783
 28     7.055 53183.03750092 19.40 159.174514  68.751310 28.783
 28     7.560 53183.03750157 20.51 159.170544  68.748280 28.783
 29     2.544 53218.03752461 20.98 159.169588  68.755095 25.294
 29     6.863 53218.03752526 15.95 159.165628  68.752075 25.294
 29     7.538 53218.03752590 16.68 159.161668  68.749045 25.294
 30     6.915 53253.03750243 15.96 159.155003  68.757165 29.429
 30     6.161 53253.03750308 19.31 159.151043  68.754145 29.429
 30     6.093 53253.03750372 21.35 159.147083  68.751115 29.429
 30     7.498 53253.03750437 20.85 159.143123  68.748095 29.429
 31     2.341 53288.03750296 44.59 159.179085  68.753469 21.878
 31     2.323 53288.03750361 47.19 159.175115  68.750449 21.878
 31     2.292 53288.03750425 43.41 159.171155  68.747419 21.878
 32     5.235 53323.03747868 12.71 159.178799  68.754661  2.733
 32     5.174 53323.03747933 13.46 159.174839  68.751631  2.733
 32     6.551 53323.03747997 12.75 159.170879  68.748611  2.733
 33     6.283 53358.03744350  9.95 159.166962  68.756420  2.315
 33     5.924 53358.03744414 10.08 159.163002  68.753390  2.315
 33     5.969 53358.03744479 10.07 159.159042  68.750370  2.315
 33     7.016 53358.03744543  9.78 159.155082  68.747340  2.315
 34     5.700 53393.03745909  9.33 159.183132  68.753330  2.151
 34     5.741 53393.03745973  9.88 159.179172  68.750300  2.151
 34     6.807 53393.03746038  9.76 159.175202  68.747280  2.151
 35     6.075 53428.03745401  9.31 159.166157  68.754651  2.161
 35     6.346 53428.03745465  8.91 159.162197  68.751631  2.161
 35     6.976 53428.03745529  8.63 159.158237  68.748601  2.161
 36     5.357 53463.03747224  8.04 159.187146  68.753119  2.020
 36     6.182 53463.03747288  8.40 159.183184  68.750086  1.973
 36     6.901 53463.03747353  8.06 159.179214  68.747066  1.973
 37     6.063 53498.03754333  6.36 159.168924  68.756181  2.946
 37     5.420 53498.03754398  6.45 159.164954  68.753151  2.946
 37     4.926 53498.03754462  6.83 159.160994  68.750131  2.946
 37     5.345 53498.03754527  7.75 159.157034  68.747101  2.946
 38     6.158 53533.03752538 21.69 159.171621  68.755609 24.734
 38     6.509 53533.03752602 22.66 159.167651  68.752579 24.734
 38     7.115 53533.03752667 23.13 159.163691  68.749549 24.734
 39     1.977 53568.03754430 21.71 159.163689  68.757144 34.700
 39     5.041 53568.03754495 15.98 159.159719  68.754114 34.700
 39     5.148 53568.03754559 16.14 159.155759  68.751094 34.700
 39     7.651 53568.03754624 15.28 159.151799  68.748064 34.700
 40     6.281 53603.03748971 16.08 159.162390  68.757317 27.364
 40     6.201 53603.03749035 15.38 159.158430  68.754287 27.364
 40     6.547 53603.03749100 14.54 159.154470  68.751267 27.364
 40     7.483 53603.03749164 14.87 159.150510  68.748237 27.364
 41     7.929 53638.03748761 15.38 159.182102  68.755085 19.884
 41     7.050 53638.03748825 14.77 159.178142  68.752065 19.884
 41     7.057 53638.03748890 16.46 159.174172  68.749035 19.884
 41     7.606 53638.03748954 20.10 159.170212  68.746015 19.884
 42     0.237 53673.03750872 30.26 159.168653  68.754329 11.201
 42     0.276 53673.03750937 32.00 159.164693  68.751299 11.201
 42     0.311 53673.03751001 35.39 159.160723  68.748279 11.201
 43    -0.244 53708.03743991 24.38 159.166412  68.756118  7.576
 43    -0.118 53708.03744055 26.04 159.162452  68.753088  7.576
 43    -0.063 53708.03744120 25.26 159.158492  68.750068  7.576
 43    -0.229 53708.03744184 25.47 159.154532  68.747038  7.576
 44     0.089 53743.03735105 21.09 159.154513  68.758016  5.662
 44     0.633 53743.03735169 20.57 159.150553  68.754996  5.662
 44     0.380 53743.03735234 22.11 159.146593  68.751966  5.662
 44     0.400 53743.03735298 20.36 159.142643  68.748946  5.662
 45     5.105 53778.03737790 15.20 159.178080  68.753409  3.240
 45     4.355 53778.03737854 15.38 159.174120  68.750379  3.240
 45     3.819 53778.03737918 15.28 159.170160  68.747359  3.240
 46     3.178 53813.03735352 13.76 159.154739  68.756099  2.767
 46     4.327 53813.03735417 13.12 159.150779  68.753079  2.767
 46     3.407 53813.03735481 12.90 159.146819  68.750049  2.767
 46     4.440 53813.03735546 12.58 159.142859  68.747019  2.767
 47     5.569 53848.03740832 11.59 159.181837  68.755652  2.465
 47     5.468 53848.03740897 11.41 159.177877  68.752622  2.465
 47     4.525 53848.03740961 12.07 159.173907  68.749602  2.465
 47     3.782 53848.03741026 11.60 159.169947  68.746572  2.465
 49     5.896 53918.03749036 21.50 159.164595  68.755505 27.308
 49     6.141 53918.03749100 21.40 159.160625  68.752475 27.308
 49     7.714 53918.03749164 19.03 159.156665  68.749445 27.308
 50     2.357 53953.03749365 27.36 159.161567  68.755937 31.928
 50     2.287 53953.03749429 20.06 159.157607  68.752917 31.928
 50     2.154 53953.03749493 20.25 159.153647  68.749887 31.928
 52     1.154 54023.03747335 47.61 159.182018  68.752457 19.487
 52     1.112 54023.03747399 47.39 159.178058  68.749427 19.487
 52     1.074 54023.03747464 43.55 159.174098  68.746407 19.487
 53     0.442 54058.03746551 19.51 159.181586  68.754772  3.773
 53     0.460 54058.03746616 20.07 159.177626  68.751752  3.773
 53     4.045 54058.03746680 19.17 159.173666  68.748722  3.773
 54     5.867 54093.03744650 12.51 159.161082  68.757256  2.608
 54     5.506 54093.03744714 12.09 159.157122  68.754226  2.608
 54     5.155 54093.03744778 12.68 159.153162  68.751206  2.608
 54     4.719 54093.03744843 12.75 159.149202  68.748176  2.608
 55     5.162 54128.03738294 12.60 159.190220  68.754162  2.500
 55     4.651 54128.03738358 12.04 159.186250  68.751132  2.500
 55     4.319 54128.03738423 12.07 159.182290  68.748112  2.500
 55     2.647 54128.03738487 12.58 159.178320  68.745082  2.500
 56     6.228 54163.03741575  9.37 159.168922  68.756647  2.145
 56     6.035 54163.03741639  9.02 159.164962  68.753617  2.145
 56     5.567 54163.03741703  9.30 159.161002  68.750597  2.145
 56     5.177 54163.03741768  9.14 159.157042  68.747567  2.145
 57     5.923 54198.03738547  8.69 159.184356  68.755176  1.991
 57     5.275 54198.03738611  9.15 159.180396  68.752146  1.991
 57     5.186 54198.03738676  8.89 159.176426  68.749126  1.991
 57     6.952 54198.03738740  8.60 159.172466  68.746096  1.991
 58     5.998 54233.03742948  6.31 159.175717  68.753478  3.161
 58     0.242 54233.03743013 11.62 159.171757  68.750448  3.161
 58     4.468 54233.03743077 10.62 159.167787  68.747418  3.161
 59     5.714 54268.03744795 54.08 159.173373  68.755347 33.654
 59     5.633 54268.03744860 53.15 159.169413  68.752317 33.654
 59     5.634 54268.03744924 51.80 159.165453  68.749297 33.654
 60     3.609 54303.03745191 28.27 159.173724  68.755399 21.027
 60     3.428 54303.03745255 20.20 159.169764  68.752379 21.027
 60     6.371 54303.03745320 18.74 159.165804  68.749349 21.027
 61     3.241 54338.03743760 22.77 159.167521  68.756026 25.196
 61     5.188 54338.03743824 17.58 159.163551  68.752996 25.196
 61     7.087 54338.03743889 16.04 159.159591  68.749976 25.196
 61     7.677 54338.03743953 21.14 159.155631  68.746946 25.196
 62     3.284 54373.03738484 37.63 159.181815  68.755575 28.131
 62     2.401 54373.03738549 25.85 159.177845  68.752545 28.131
 62     6.624 54373.03738613 20.77 159.173885  68.749525 28.131
 62     7.561 54373.03738678 19.53 159.169915  68.746495 28.131
 63     0.531 54408.03738311 31.60 159.169532  68.755641  8.409
 63     0.459 54408.03738375 33.61 159.165572  68.752611  8.409
 63     0.566 54408.03738440 32.38 159.161612  68.749581  8.409
 64     4.668 54443.03734526 15.43 159.192069  68.754890  2.774
 64     4.406 54443.03734591 15.36 159.188099  68.751860  2.774
 64     3.758 54443.03734655 16.24 159.184139  68.748840  2.774
 64     4.310 54443.03734720 17.05 159.180169  68.745810  2.774
 65     5.684 54478.03737206 13.92 159.174959  68.755993  2.601
 65     4.348 54478.03737271 14.45 159.170999  68.752973  2.601
 65     6.012 54478.03737335 14.01 159.167039  68.749943  2.601
 65     6.700 54478.03737400 14.36 159.163069  68.746923  2.601
 66     5.103 54513.03736053 13.42 159.189522  68.754780  2.425
 66     4.742 54513.03736118 13.41 159.185552  68.751760  2.425
 66     4.238 54513.03736182 13.74 159.181594  68.748727  2.301
 66     4.772 54513.03736247 13.50 159.177624  68.745707  2.301
 67     5.897 54548.03738632 12.14 159.165631  68.754724  2.257
 67     6.077 54548.03738696 12.45 159.161671  68.751704  2.257
 67     6.613 54548.03738761 12.15 159.157700  68.748679  2.006
 68     5.812 54583.03735660 10.97 159.175240  68.754000  2.055
 68     6.489 54583.03735725 11.22 159.171270  68.750970  2.055
 68     6.768 54583.03735789 11.18 159.167314  68.747947  2.066
 69     7.634 54618.03737673 31.03 159.176169  68.756452 35.332
 69     7.283 54618.03737737 30.16 159.172199  68.753432 35.332
 69     7.258 54618.03737802 27.60 159.168239  68.750402 35.332
 69     8.018 54618.03737866 29.32 159.164275  68.747380 36.267
 70     6.868 54653.03738924 15.75 159.170223  68.754566 21.884
 70     6.799 54653.03738988 15.00 159.166263  68.751536 21.884
 70     7.529 54653.03739053 14.23 159.162295  68.748514 29.037
 71     6.449 54688.03737848 13.31 159.166777  68.756471 25.853
 71     6.298 54688.03737913 13.04 159.162817  68.753441 25.853
 71     6.907 54688.03737977 13.57 159.158857  68.750411 25.853
 71     7.510 54688.03738042 16.61 159.154897  68.747391 25.853
 72     1.384 54723.03733643 29.46 159.186623  68.752757 24.841
 72     1.099 54723.03733708 19.10 159.182663  68.749727 24.841
 72     6.341 54723.03733772 14.48 159.178697  68.746701 27.269
 73     1.396 54758.03735404 31.72 159.171535  68.756902 14.441
 73     1.494 54758.03735469 32.58 159.167565  68.753882 14.441
 73     1.399 54758.03735533 33.54 159.163605  68.750852 14.441
 73     1.499 54758.03735598 34.44 159.159645  68.747822 14.441
 74     4.272 54793.03733004 20.46 159.185880  68.752688  3.340
 74     3.433 54793.03733069 20.48 159.181913  68.749657  3.561
 74     3.109 54793.03733133 20.63 159.177953  68.746637  3.561
 75     5.744 54828.03735219 13.76 159.176261  68.755656  2.490
 75     5.081 54828.03735284 14.36 159.172291  68.752636  2.490
 75     4.677 54828.03735348 14.19 159.168331  68.749606  2.490
 75     6.416 54828.03735413 13.94 159.164367  68.746584  2.236
 76     5.467 54863.03732365 13.10 159.186105  68.754955  2.299
 76     5.084 54863.03732429 13.33 159.182145  68.751935  2.299
 76     4.169 54863.03732494 12.90 159.178176  68.748901  2.311
 76     3.676 54863.03732558 13.19 159.174216  68.745881  2.311
 77     5.686 54898.03735255 11.01 159.167311  68.755816  2.377
 77     3.196 54898.03735320 11.39 159.163351  68.752786  2.377
 77     4.528 54898.03735384 10.77 159.159391  68.749764  2.069
 78     5.342 54933.03731900 10.84 159.179200  68.753562  2.173
 78     4.828 54933.03731965 11.11 159.175230  68.750532  2.173
 78     4.034 54933.03732029 11.40 159.171268  68.747513  2.136
 79     5.130 54968.03735343 17.33 159.172655  68.754401 18.418
 79     0.539 54968.03735407 19.92 159.168695  68.751381 18.418
 79     0.570 54968.03735472 24.02 159.164725  68.748351 18.418
 80     7.015 55003.03737304 15.51 159.172487  68.756571 20.505
 80     6.302 55003.03737369 15.73 159.168517  68.753551 20.505
 80     6.971 55003.03737433 14.50 159.164557  68.750521 20.505
 80     7.421 55003.03737498 17.17 159.160593  68.747500 29.986
 81     5.871 55038.03735968 16.58 159.175096  68.756307 22.519
 81     5.166 55038.03736032 15.71 159.171126  68.753277 22.519
 81     6.175 55038.03736097 15.64 159.167166  68.750257 22.519
 81     7.432 55038.03736161 15.55 159.163206  68.747233 29.005
 82     2.856 55073.03734543 16.94 159.166369  68.757417 28.293
 82     5.562 55073.03734608 16.52 159.162399  68.754397 28.293
 82     1.476 55073.03734672 17.43 159.158439  68.751367 28.293
 82     7.386 55073.03734737 15.23 159.154479  68.748347 28.293
 83     0.708 55108.03729236 29.54 159.182513  68.753229 16.700
 83     0.309 55108.03729301 27.68 159.178543  68.750209 16.700
 83     6.053 55108.03729365 23.89 159.174586  68.747174 20.778
 84     5.597 55143.03729716 20.60 159.167752  68.755545  3.374
 84     4.854 55143.03729781 20.57 159.163792  68.752515  3.374
 84     3.982 55143.03729845 21.48 159.159831  68.749493  2.593
 85     4.541 55178.03726451 17.59 159.187734  68.752058  2.753
 85     3.577 55178.03726516 18.05 159.183767  68.749025  2.671
 85     3.271 55178.03726580 17.89 159.179807  68.746005  2.671
 86     5.820 55213.03729151 15.47 159.172250  68.755884  2.637
 86     4.957 55213.03729215 15.34 159.168290  68.752864  2.637
 86     4.864 55213.03729280 15.06 159.164320  68.749834  2.637
 86     5.610 55213.03729344 14.55 159.160367  68.746812  2.103
 87     5.536 55248.03726543 13.43 159.181481  68.753856  2.203
 87     4.928 55248.03726608 13.39 159.177521  68.750826  2.203
 87     4.560 55248.03726672 13.23 159.173549  68.747810  2.163
 88     6.186 55283.03728509 11.59 159.168453  68.757417  2.351
 88     5.748 55283.03728574 11.68 159.164493  68.754387  2.351
 88     5.269 55283.03728638 11.91 159.160533  68.751367  2.351
 88     4.977 55283.03728703 11.71 159.156563  68.748342  1.977
 89     6.218 55318.03725469 11.56 159.172473  68.756577  2.317
 89     5.639 55318.03725533 11.67 159.168503  68.753557  2.317
 89     4.955 55318.03725598 11.64 159.164543  68.750527  2.317
 89     3.873 55318.03725662 11.96 159.160581  68.747503  2.159
 90     5.715 55353.03725781 38.88 159.169701  68.756427 30.587
 90     5.701 55353.03725845 42.50 159.165741  68.753407 30.587
 90     5.706 55353.03725910 44.39 159.161781  68.750377 30.587
 90     5.655 55353.03725974 45.02 159.157814  68.747353 15.664
 91     2.647 55388.03725508 20.33 159.181523  68.753512 21.362
 91     2.443 55388.03725573 18.57 159.177553  68.750482 21.362
 91     6.883 55388.03725637 14.91 159.173594  68.747465 32.755
 92     6.126 55423.03727563 14.81 159.172266  68.754984 26.577
 92     5.741 55423.03727628 15.85 159.168296  68.751954 26.577
 92     6.539 55423.03727692 16.46 159.164336  68.748934 26.577
 93     4.237 55458.03724798 20.74 159.165090  68.756742 24.817
 93     3.799 55458.03724863 19.20 159.161130  68.753712 24.817
 93     6.769 55458.03724927 16.72 159.157160  68.750682 24.817
 93     7.946 55458.03724992 16.45 159.153200  68.747662 24.817
