# NaN NaN NaN ;Mean Elev.(m), Avg Gradient(m/km), RMS Gradient(m/km) - SRTM1     
#   13.939   0.628   4.062 ;Mean Elev.(m), Avg Gradient(m/km), RMS Gradient(m/km) - ASTER GDEM
#   34.887  -1.307   4.328 ;Mean Elev.(m), Avg Gradient(m/km), RMS Gradient(m/km) - GMTED2010 
  7    29.514 52476.05200529 30.54 150.814485  65.886872 23.458
  7    29.473 52476.05200594 25.48 150.811315  65.883782 23.458
  7    29.613 52476.05200658 23.96 150.808155  65.880692 23.458
  8    36.070 52511.05195826 18.60 150.815610  65.886121 30.050
  8    29.638 52511.05195890 24.41 150.812440  65.883031 30.050
  8    30.025 52511.05195955 23.99 150.809270  65.879941 30.050
  9    28.315 52546.05197904 35.34 150.825072  65.879339 30.668
  9    28.422 52546.05197969 29.09 150.821902  65.876249 30.668
  9    28.449 52546.05198033 33.38 150.818742  65.873159 30.668
  9    28.467 52546.05198098 34.26 150.815572  65.870069 30.668
  9    28.487 52546.05198162 38.08 150.812402  65.866979 30.668
 10    33.223 52581.05200112 23.56 150.819879  65.884792  6.648
 10    33.338 52581.05200177 24.43 150.816709  65.881702  6.648
 10    30.765 52581.05200241 26.81 150.813549  65.878612  6.648
 10    30.439 52581.05200306 25.43 150.810376  65.875521  9.312
 10    29.674 52581.05200370 24.75 150.807216  65.872431  9.312
 10    28.353 52581.05200435 25.65 150.804046  65.869341  9.312
 11    33.858 52616.05196969 19.04 150.810146  65.892949  4.072
 11    33.896 52616.05197033 17.84 150.806976  65.889859  4.072
 11    34.254 52616.05197098 17.57 150.803806  65.886769  4.072
 11    34.480 52616.05197162 18.05 150.800646  65.883679  4.072
 12    33.125 52651.05194824 18.49 150.826012  65.882125  3.688
 12    32.982 52651.05194889 17.85 150.822842  65.879035  3.688
 12    32.488 52651.05194953 16.92 150.819672  65.875945  3.688
 12    32.237 52651.05195018 16.83 150.816503  65.872854  2.806
 12    30.869 52651.05195082 16.99 150.813333  65.869764  2.806
 12    30.912 52651.05195147 16.74 150.810173  65.866674  2.806
 12    31.427 52651.05195211 16.23 150.807003  65.863584  2.806
 13    33.667 52686.05193726 16.00 150.815723  65.888269  3.493
 13    33.897 52686.05193790 15.51 150.812553  65.885179  3.493
 13    33.993 52686.05193855 15.17 150.809393  65.882089  3.493
 13    34.017 52686.05193919 15.37 150.806227  65.878994  3.064
 14    33.629 52721.05198736 15.13 150.819638  65.886477  2.897
 14    33.561 52721.05198801 14.48 150.816468  65.883387  2.897
 14    33.663 52721.05198865 14.26 150.813298  65.880298  2.243
 14    33.389 52721.05198930 14.40 150.810128  65.877208  2.243
 14    32.520 52721.05199123 14.02 150.800638  65.867938  2.243
 15    34.151 52756.05200963 13.41 150.806762  65.895235  3.745
 15    33.817 52756.05201028 13.04 150.803592  65.892145  3.745
 15    34.065 52756.05201092 13.37 150.800422  65.889055  3.745
 17    33.371 52826.05203030 36.34 150.827131  65.880672 27.388
 17    29.981 52826.05203094 24.87 150.823965  65.877584 25.103
 17    30.538 52826.05203159 26.42 150.820795  65.874494 25.103
 17    30.570 52826.05203223 32.49 150.817625  65.871404 25.103
 17    30.496 52826.05203288 34.70 150.814465  65.868314 25.103
 18    33.582 52861.05207606 28.30 150.826799  65.880090 27.464
 18    33.319 52861.05207671 22.31 150.823640  65.877001 16.929
 18    28.030 52861.05207735 25.16 150.820470  65.873911 16.929
 18    28.038 52861.05207800 24.17 150.817300  65.870821 16.929
 18    28.298 52861.05207864 27.92 150.814130  65.867731 16.929
 19    28.409 52896.05210530 39.21 150.814992  65.888193 35.088
 19    28.226 52896.05210594 36.22 150.811832  65.885103 35.088
 19    28.458 52896.05210659 29.45 150.808662  65.882013 35.088
 19    28.558 52896.05210723 28.00 150.805491  65.878919 21.930
 20    27.220 52931.05205238 47.12 150.809190  65.894855 17.700
 20    27.238 52931.05205303 49.75 150.806020  65.891765 17.700
 20    27.126 52931.05205367 43.99 150.802860  65.888675 17.700
 20    27.287 52931.05205432 46.40 150.799690  65.885585 17.700
 21    32.686 52966.05205131 16.47 150.824683  65.877243  4.821
 21    32.464 52966.05205195 15.98 150.821523  65.874153  4.821
 21    31.882 52966.05205260 15.99 150.818345  65.871065  3.169
 21    31.276 52966.05205324 16.58 150.815185  65.867975  3.169
 22    33.863 53001.05208044 15.76 150.812483  65.888934  3.111
 22    33.923 53001.05208108 15.13 150.809313  65.885844  3.111
 22    33.899 53001.05208173 15.24 150.806143  65.882754  3.111
 22    34.372 53001.05208237 14.60 150.802983  65.879664  3.111
 23    34.106 53036.05202872 15.24 150.810438  65.893781  4.177
 23    33.940 53036.05202936 14.56 150.807268  65.890691  4.177
 23    34.166 53036.05203001 14.70 150.804098  65.887601  4.177
 23    34.442 53036.05203065 14.01 150.800938  65.884511  4.177
 24    33.732 53071.05205131 14.43 150.818660  65.885772  2.787
 24    33.812 53071.05205196 14.36 150.815490  65.882682  2.787
 24    33.621 53071.05205260 14.49 150.812330  65.879592  2.787
 25    34.333 53106.05202981 12.80 150.807041  65.895114  3.524
 25    33.905 53106.05203046 12.89 150.803871  65.892024  3.524
 25    34.127 53106.05203110 12.60 150.800701  65.888934  3.524
 26    29.191 53141.05205900 37.73 150.822148  65.881493 35.991
 26    29.429 53141.05205965 41.85 150.818978  65.878403 35.991
 26    29.405 53141.05206029 33.76 150.815808  65.875313 35.991
 26    29.507 53141.05206094 32.51 150.812648  65.872223 35.991
 26    29.583 53141.05206158 29.53 150.809478  65.869133 35.991
 26    29.578 53141.05206223 31.77 150.806318  65.866043 35.991
 27    32.501 53176.05208899 41.95 150.818703  65.883815 32.333
 27    32.492 53176.05208964 43.76 150.815533  65.880725 32.333
 27    32.522 53176.05209028 44.01 150.812373  65.877633 36.494
 27    32.572 53176.05209093 40.83 150.809203  65.874543 36.494
 27    32.654 53176.05209157 39.12 150.806033  65.871453 36.494
 27    32.721 53176.05209222 41.47 150.802873  65.868363 36.494
 28    33.839 53211.05210746 25.36 150.815341  65.886792 27.387
 28    34.410 53211.05210810 16.36 150.812171  65.883702 27.387
 28    34.353 53211.05210875 17.29 150.809009  65.880610 15.728
 29    28.770 53246.05207541 43.34 150.814789  65.888053 41.851
 29    28.851 53246.05207606 44.72 150.811629  65.884963 41.851
 29    28.885 53246.05207670 43.63 150.808455  65.881869 36.683
 29    28.943 53246.05207735 43.95 150.805295  65.878779 36.683
 30    33.311 53281.05206101 36.53 150.825955  65.882475 14.613
 30    33.441 53281.05206165 26.62 150.822785  65.879385 14.613
 30    34.843 53281.05206230 22.19 150.819615  65.876295 14.613
 30    32.205 53281.05206294 25.10 150.816445  65.873205 14.613
 30    30.477 53281.05206359 25.22 150.813275  65.870115 14.613
 30    30.422 53281.05206423 25.68 150.810115  65.867025 14.613
 30    34.104 53281.05206488 22.96 150.806945  65.863935 14.613
 31    33.536 53316.05207309 21.70 150.821942  65.884865  8.184
 31    33.218 53316.05207374 21.67 150.818772  65.881775  8.184
 31    33.525 53316.05207438 20.87 150.815612  65.878685  8.184
 31    33.113 53316.05207503 22.23 150.812437  65.875595  8.037
 31    32.921 53316.05207567 22.42 150.809277  65.872505  8.037
 31    28.594 53316.05207632 26.52 150.806107  65.869415  8.037
 31    28.586 53316.05207696 27.72 150.802947  65.866325  8.037
 32    33.569 53351.05203884 19.08 150.815787  65.885524  8.317
 32    32.205 53351.05203949 21.56 150.812617  65.882434  8.317
 32    33.868 53351.05204013 19.48 150.809457  65.879344  8.317
 33    32.801 53386.05202360 20.30 150.825494  65.880733  6.643
 33    33.846 53386.05202425 17.50 150.822324  65.877643  6.643
 33    31.428 53386.05202489 19.43 150.819164  65.874553  6.643
 33    29.734 53386.05202554 20.29 150.815994  65.871463  6.643
 33    29.153 53386.05202618 20.35 150.812824  65.868373  6.643
 33    28.549 53386.05202683 22.80 150.809664  65.865283  6.643
 34    33.203 53421.05202686 17.37 150.822415  65.883314  9.081
 34    33.180 53421.05202751 17.76 150.819252  65.880224  5.721
 34    33.123 53421.05202815 17.05 150.816082  65.877134  5.721
 34    33.134 53421.05202880 17.92 150.812912  65.874044  5.721
 34    29.381 53421.05202944 18.75 150.809752  65.870954  5.721
 34    28.618 53421.05203009 21.57 150.806582  65.867864  5.721
 34    28.418 53421.05203073 22.94 150.803422  65.864774  5.721
 36    28.790 53491.05211728  9.97 150.813708  65.886053  9.501
 36    28.737 53491.05211793 12.30 150.810541  65.882963 21.947
 36    27.491 53491.05211857 20.13 150.807371  65.879873 21.947
 37    29.354 53526.05210001 44.20 150.821957  65.885039 38.057
 37    29.449 53526.05210066 46.42 150.818787  65.881949 38.057
 37    29.587 53526.05210130 48.82 150.815617  65.878859 38.057
 37    29.481 53526.05210195 49.66 150.812449  65.875775 37.319
 37    29.817 53526.05210259 48.34 150.809279  65.872675 37.319
 37    29.826 53526.05210324 48.85 150.806119  65.869585 37.319
 37    29.849 53526.05210388 51.18 150.802949  65.866495 37.319
 38    29.094 53561.05212773 48.28 150.811122  65.890058 38.579
 38    29.074 53561.05212837 46.27 150.807952  65.886968 38.579
 38    29.296 53561.05212901 49.44 150.804792  65.883878 38.579
 38    29.343 53561.05212966 50.44 150.801617  65.880786 36.518
 39    36.583 53596.05206671 27.20 150.815704  65.887933 35.978
 39    30.321 53596.05206736 31.91 150.812534  65.884843 35.978
 39    30.351 53596.05206800 25.23 150.809369  65.881758 17.860
 39    30.474 53596.05206865 30.15 150.806199  65.878668 17.860
 40    33.267 53631.05206175 34.56 150.825504  65.881057 32.655
 40    28.744 53631.05206239 33.35 150.822334  65.877967 32.655
 40    28.798 53631.05206303 33.00 150.819164  65.874877 32.655
 40    28.855 53631.05206368 38.88 150.816004  65.871787 32.655
 40    28.861 53631.05206432 40.84 150.812834  65.868697 32.655
 40    28.957 53631.05206497 41.10 150.809664  65.865607 32.655
 41    27.797 53666.05208420 35.58 150.816276  65.886275 19.004
 41    27.814 53666.05208484 46.86 150.813106  65.883185 19.004
 41    27.887 53666.05208548 33.81 150.809937  65.880096 22.799
 42    33.417 53701.05203567 23.94 150.815664  65.885867 10.319
 42    33.594 53701.05203631 21.94 150.812494  65.882777 10.319
 42    33.683 53701.05203696 21.92 150.809334  65.879687 10.319
 43    33.898 53736.05194496 22.91 150.811488  65.891988  6.228
 43    33.692 53736.05194561 22.14 150.808318  65.888898  6.228
 43    33.400 53736.05194625 24.84 150.805148  65.885808  6.228
 43    33.766 53736.05194690 21.38 150.801988  65.882718  6.228
 44    33.055 53771.05194999 20.46 150.824619  65.881516  5.872
 44    32.961 53771.05195064 19.38 150.821449  65.878426  5.872
 44    34.075 53771.05195128 18.84 150.818289  65.875336  5.872
 44    33.923 53771.05195193 17.93 150.815119  65.872246  5.872
 44    32.566 53771.05195257 18.18 150.811951  65.869153  4.308
 44    32.267 53771.05195322 18.30 150.808791  65.866063  4.308
 44    31.375 53771.05195386 18.04 150.805621  65.862973  4.308
 45    33.295 53806.05194053 20.27 150.814774  65.889517  7.466
 45    33.145 53806.05194118 20.79 150.811604  65.886427  7.466
 45    32.661 53806.05194182 20.78 150.808444  65.883337  7.466
 45    34.012 53806.05194247 16.81 150.805271  65.880242  3.775
 47    31.920 53876.05200915 32.67 150.821176  65.881834 25.018
 47    31.929 53876.05200980 30.42 150.818004  65.878744 21.098
 47    31.802 53876.05201044 28.39 150.814834  65.875654 21.098
 47    31.809 53876.05201109 26.60 150.811674  65.872564 21.098
 47    31.915 53876.05201173 26.63 150.808504  65.869474 21.098
 47    31.770 53876.05201238 26.92 150.805344  65.866384 21.098
 48    29.624 53911.05205683 34.63 150.817370  65.886621 31.751
 48    29.683 53911.05205747 28.23 150.814200  65.883531 31.751
 48    29.759 53911.05205812 28.48 150.811030  65.880441 31.751
 49    32.126 53946.05207435 43.55 150.813367  65.892767 31.744
 49    33.866 53946.05207500 21.09 150.810197  65.889677 31.744
 49    30.000 53946.05207564 21.47 150.807037  65.886587 31.744
 49    35.302 53946.05207629 19.29 150.803867  65.883497 31.744
 49    35.330 53946.05207693 18.64 150.800697  65.880407 31.744
 50    33.380 53981.05202039 22.51 150.811284  65.890686 29.382
 50    33.904 53981.05202104 20.26 150.808114  65.887596 29.382
 50    35.362 53981.05202168 17.48 150.804944  65.884506 29.382
 50    35.421 53981.05202233 21.62 150.801774  65.881416 29.382
 52    33.275 54051.05204268 16.92 150.825081  65.883197  3.887
 52    33.075 54051.05204332 16.25 150.821911  65.880107  3.887
 52    32.741 54051.05204397 16.06 150.818741  65.877017  3.887
 52    31.242 54051.05204461 16.92 150.815571  65.873927  3.887
 52    30.447 54051.05204526 17.24 150.812411  65.870837  3.887
 52    29.669 54051.05204590 18.11 150.809241  65.867747  3.887
 52    30.838 54051.05204655 16.60 150.806083  65.864651  4.054
 53    33.642 54086.05203468 12.88 150.813663  65.885802  3.157
 53    33.929 54086.05203533 12.77 150.810493  65.882712  3.157
 53    34.265 54086.05203597 12.18 150.807323  65.879622  3.157
 54    33.486 54121.05195870 12.04 150.807720  65.896503  2.766
 54    33.642 54121.05195934 11.65 150.804550  65.893413  2.766
 54    34.229 54121.05195998 11.23 150.801380  65.890323  2.766
 55    34.936 54156.05199379 11.29 150.816595  65.884558  2.780
 55    34.022 54156.05199443 11.32 150.813425  65.881468  2.780
 55    32.756 54156.05199508 11.27 150.810265  65.878378  2.780
 56    34.117 54191.05195701 10.70 150.810520  65.893012  2.974
 56    34.313 54191.05195765 10.95 150.807350  65.889922  2.974
 56    33.303 54191.05195830 11.40 150.804190  65.886832  2.974
 56    34.539 54191.05195894 11.20 150.801020  65.883742  2.974
 57    28.511 54226.05200496 14.45 150.819217  65.884000  8.597
 57    27.899 54226.05200561 17.03 150.816057  65.880909 20.285
 57    28.104 54226.05200625 18.97 150.812887  65.877819 20.285
 57    28.002 54226.05200690 19.36 150.809717  65.874729 20.285
 57    27.693 54226.05200754 19.03 150.806547  65.871639 20.285
 57    28.376 54226.05200819 15.77 150.803387  65.868549 20.285
 58    33.724 54261.05202470 29.42 150.819272  65.884784 29.991
 58    34.980 54261.05202535 20.03 150.816102  65.881694 29.991
 58    32.067 54261.05202599 22.82 150.812939  65.878602 11.054
 58    34.246 54261.05202664 20.41 150.809769  65.875512 11.054
 58    31.865 54261.05202728 22.93 150.806599  65.872422 11.054
 58    31.858 54261.05202793 25.70 150.803439  65.869332 11.054
 59    33.637 54296.05202917 30.61 150.817149  65.884585 36.064
 59    33.017 54296.05202982 19.03 150.813982  65.881495 14.546
 59    31.698 54296.05203046 23.63 150.810812  65.878405 14.546
 60    33.850 54331.05202078 21.11 150.814184  65.886240 29.321
 60    34.347 54331.05202142 17.88 150.811014  65.883150 29.321
 60    34.469 54331.05202207 17.64 150.807848  65.880055 12.017
 61    31.938 54366.05196304 36.36 150.811016  65.893092 30.620
 61    29.815 54366.05196369 42.87 150.807856  65.890002 30.620
 61    29.777 54366.05196433 43.70 150.804686  65.886912 30.620
 61    29.576 54366.05196498 38.27 150.801516  65.883822 30.620
 62    33.416 54401.05196260 24.06 150.819912  65.886692  9.462
 62    33.426 54401.05196324 23.27 150.816742  65.883602  9.462
 62    33.466 54401.05196389 25.45 150.813582  65.880512  9.462
 62    28.576 54401.05196453 25.51 150.810412  65.877422  9.462
 62    28.657 54401.05196647 28.03 150.800915  65.868146 10.334
 63    34.042 54436.05191919 14.25 150.813709  65.891811  2.820
 63    33.978 54436.05191983 14.71 150.810539  65.888721  2.820
 63    32.788 54436.05192048 14.57 150.807369  65.885631  2.820
 63    34.357 54436.05192112 14.26 150.804199  65.882541  2.820
 63    34.573 54436.05192177 14.44 150.801039  65.879451  2.820
 64    32.664 54471.05194783 13.34 150.822812  65.880420  3.152
 64    31.899 54471.05194847 13.10 150.819642  65.877330  3.152
 64    31.509 54471.05194912 13.18 150.816472  65.874240  3.152
 64    31.052 54471.05194976 13.16 150.813312  65.871150  3.152
 64    30.685 54471.05195041 13.19 150.810142  65.868058  4.557
 64    30.337 54471.05195105 13.89 150.806982  65.864968  4.557
 65    33.201 54506.05193248 12.37 150.811258  65.890306  2.903
 65    32.448 54506.05193313 12.87 150.808088  65.887216  2.903
 65    32.928 54506.05193377 11.98 150.804928  65.884126  2.903
 65    33.223 54506.05193442 12.40 150.801754  65.881040  2.591
 66    32.991 54541.05196190 12.06 150.818721  65.885236  2.871
 66    32.656 54541.05196254 12.17 150.815551  65.882146  2.871
 66    32.015 54541.05196319 11.97 150.812381  65.879056  2.871
 66    30.014 54541.05196512 12.24 150.802881  65.869786  2.871
 67    33.859 54576.05193350 10.98 150.811989  65.892016  3.385
 67    33.983 54576.05193414 10.89 150.808829  65.888926  3.385
 67    32.849 54576.05193479 11.49 150.805655  65.885840  2.707
 67    32.720 54576.05193543 13.89 150.802495  65.882740  2.707
 68    35.167 54611.05195351 38.61 150.818103  65.885660 13.302
 68    34.839 54611.05195415 27.25 150.814933  65.882570 13.302
 68    34.846 54611.05195480 27.66 150.811763  65.879480 13.302
 69    28.941 54646.05196072 47.93 150.818630  65.887209 39.173
 69    28.875 54646.05196136 49.12 150.815460  65.884119 39.173
 69    29.273 54646.05196201 40.33 150.812300  65.881029 39.173
 69    29.386 54646.05196265 38.99 150.809130  65.877939 39.173
 70    28.238 54681.05196208 45.07 150.815090  65.885888 30.122
 70    28.312 54681.05196273 42.54 150.811920  65.882798 30.122
 70    28.441 54681.05196337 38.62 150.808750  65.879708 30.122
 71    32.068 54716.05191029 48.78 150.813162  65.893981 35.243
 71    28.483 54716.05191093 30.65 150.809992  65.890891 35.243
 71    28.419 54716.05191158 34.65 150.806822  65.887801 35.243
 71    28.457 54716.05191222 32.88 150.803658  65.884714 27.261
 71    28.539 54716.05191287 33.30 150.800488  65.881614 27.261
 72    28.205 54751.05193347 42.98 150.821510  65.884420 34.079
 72    28.486 54751.05193411 39.09 150.818340  65.881330 34.079
 72    28.506 54751.05193476 36.03 150.815170  65.878240 34.079
 72    28.702 54751.05193540 37.10 150.812010  65.875150 34.079
 72    28.896 54751.05193605 44.53 150.808840  65.872060 34.079
 72    28.762 54751.05193669 39.52 150.805670  65.868970 34.079
 72    29.012 54751.05193734 40.86 150.802510  65.865880 34.079
 73    31.278 54786.05190076 29.04 150.812626  65.888751  4.864
 73    33.575 54786.05190141 19.99 150.809466  65.885661  4.864
 73    34.149 54786.05190205 19.37 150.806296  65.882571  4.864
 73    34.106 54786.05190270 20.67 150.803126  65.879481  4.864
 74    33.189 54821.05192678 18.51 150.823241  65.884238  2.817
 74    33.170 54821.05192742 18.47 150.820071  65.881148  2.817
 74    33.270 54821.05192807 17.99 150.816911  65.878058  2.817
 74    33.329 54821.05192871 17.98 150.813741  65.874968  2.817
 74    30.289 54821.05192936 18.62 150.810571  65.871878  2.817
 74    32.415 54821.05193000 18.14 150.807411  65.868788  2.817
 74    31.683 54821.05193065 17.87 150.804241  65.865698  2.817
 75    33.546 54856.05189682 17.08 150.814565  65.888923  4.152
 75    33.638 54856.05189747 17.16 150.811398  65.885831  3.048
 75    33.895 54856.05189811 17.02 150.808228  65.882741  3.048
 75    33.886 54856.05189876 16.27 150.805058  65.879651  3.048
 76    33.771 54891.05193040 14.81 150.815233  65.886812  2.730
 76    33.706 54891.05193104 14.61 150.812063  65.883722  2.730
 76    33.950 54891.05193169 14.60 150.808893  65.880632  2.730
 77    34.200 54926.05189475 13.29 150.809587  65.893866  3.660
 77    33.860 54926.05189540 13.93 150.806427  65.890776  3.660
 77    34.193 54926.05189604 13.31 150.803251  65.887689  2.599
 77    34.442 54926.05189669 13.44 150.800091  65.884589  2.599
 78    29.406 54961.05192870 30.48 150.820666  65.885085 31.159
 78    29.243 54961.05192934 30.38 150.817496  65.881995 31.159
 78    29.449 54961.05192999 27.45 150.814326  65.878905 31.159
 78    29.780 54961.05193063 28.89 150.811156  65.875815 31.159
 78    29.699 54961.05193128 34.67 150.807986  65.872725 31.159
 78    29.779 54961.05193192 31.20 150.804826  65.869635 31.159
 78    29.890 54961.05193257 34.13 150.801656  65.866545 31.159
 79    35.997 54996.05195000 23.53 150.816264  65.887267  8.534
 79    30.529 54996.05195064 24.56 150.813094  65.884177  8.534
 79    30.619 54996.05195129 21.61 150.809934  65.881087  8.534
 79    34.108 54996.05195193 18.07 150.806764  65.877997  8.534
 80    28.746 55031.05194019 46.05 150.815041  65.885070 36.394
 80    28.829 55031.05194083 33.94 150.811881  65.881980 36.394
 80    28.940 55031.05194148 34.92 150.808711  65.878890 36.394
 81    35.937 55066.05192939 27.91 150.816043  65.888406 38.835
 81    28.190 55066.05193003 27.15 150.812871  65.885313 29.925
 81    28.246 55066.05193068 23.83 150.809711  65.882223 29.925
 81    28.342 55066.05193132 22.88 150.806541  65.879133 29.925
 82    28.409 55101.05187031 46.30 150.809059  65.894840 28.366
 82    28.360 55101.05187096 47.43 150.805889  65.891750 28.366
 82    28.317 55101.05187160 42.58 150.802719  65.888660 28.366
 82    28.291 55101.05187225 50.62 150.799559  65.885574 31.717
 83    33.014 55136.05187572 18.93 150.821058  65.884824  5.887
 83    32.546 55136.05187637 20.35 150.817888  65.881734  5.887
 83    31.412 55136.05187701 20.73 150.814718  65.878644  5.887
 83    28.490 55136.05187766 22.24 150.811558  65.875554  5.887
 83    29.391 55136.05187830 21.08 150.808388  65.872464  5.887
 83    29.467 55136.05187895 20.44 150.805218  65.869374  5.887
 83    29.383 55136.05187959 20.76 150.802058  65.866284  5.887
 84    33.610 55171.05183754 13.97 150.813051  65.890583  3.681
 84    33.510 55171.05183819 14.35 150.809884  65.887490  3.327
 84    33.954 55171.05183883 14.70 150.806714  65.884400  3.327
 84    33.705 55171.05183948 14.61 150.803554  65.881310  3.327
 84    33.961 55171.05184012 14.28 150.800384  65.878220  3.327
 85    33.198 55206.05186927 15.08 150.821212  65.884078  3.137
 85    33.189 55206.05186991 15.67 150.818042  65.880988  3.137
 85    32.764 55206.05187056 15.06 150.814872  65.877898  3.137
 85    33.229 55206.05187120 15.21 150.811712  65.874808  3.137
 85    33.000 55206.05187185 15.81 150.808542  65.871718  3.137
 85    31.994 55206.05187249 16.10 150.805372  65.868628  3.137
 86    34.066 55241.05184287 14.25 150.812914  65.893717  3.707
 86    33.917 55241.05184352 14.09 150.809744  65.890627  3.707
 86    33.824 55241.05184416 14.25 150.806584  65.887535  3.026
 86    34.000 55241.05184481 14.77 150.803414  65.884445  3.026
 86    34.326 55241.05184545 13.87 150.800244  65.881355  3.026
 87    33.695 55276.05186304 13.37 150.813931  65.886383  2.990
 87    33.776 55276.05186368 13.20 150.810771  65.883293  2.990
 87    33.946 55276.05186433 13.28 150.807601  65.880203  2.990
 88    33.892 55311.05182744 11.47 150.811774  65.891284  4.876
 88    33.929 55311.05182808 12.04 150.808604  65.888194  4.876
 88    31.371 55311.05182873 16.84 150.805431  65.885106  6.425
 88    27.493 55311.05182937 17.11 150.802271  65.882006  6.425
 89    33.739 55346.05183190 41.11 150.818817  65.887204 38.646
 89    32.800 55346.05183254 40.20 150.815647  65.884114 38.646
 89    32.787 55346.05183319 39.92 150.812477  65.881024 38.646
 89    32.801 55346.05183383 42.71 150.809317  65.877934 38.646
 90    29.843 55381.05182458 45.83 150.814432  65.888140 40.592
 90    29.866 55381.05182523 46.79 150.811262  65.885050 40.592
 90    29.882 55381.05182587 42.12 150.808092  65.881960 40.592
 90    29.931 55381.05182651 46.10 150.804932  65.878870 40.592
 91    32.538 55416.05185186 24.55 150.822444  65.883360 25.062
 91    28.351 55416.05185251 20.08 150.819274  65.880270 25.062
 91    28.327 55416.05185315 23.15 150.816104  65.877180 25.062
 91    28.537 55416.05185380 32.38 150.812944  65.874090 25.062
 91    28.405 55416.05185444 31.03 150.809774  65.871000 25.062
 91    28.647 55416.05185509 27.45 150.806604  65.867910 25.062
 91    28.684 55416.05185573 27.00 150.803444  65.864820 25.062
 92    35.578 55451.05183562 23.26 150.813522  65.888244 31.506
 92    30.531 55451.05183626 30.33 150.810359  65.885150 22.404
 92    30.498 55451.05183691 34.16 150.807189  65.882060 22.404
 92    30.412 55451.05183755 34.50 150.804019  65.878970 22.404
 93    27.884 55486.05175863 40.04 150.811094  65.894788 15.529
 93    27.865 55486.05175928 49.50 150.807924  65.891698 15.529
 93    27.846 55486.05175992 42.36 150.804754  65.888608 15.529
 93    27.933 55486.05176057 44.88 150.801597  65.885521 22.395
