# NaN NaN NaN ;Mean Elev.(m), Avg Gradient(m/km), RMS Gradient(m/km) - SRTM1     
#   -3.919 -10.658  15.252 ;Mean Elev.(m), Avg Gradient(m/km), RMS Gradient(m/km) - ASTER GDEM
#    9.599  -3.839  21.258 ;Mean Elev.(m), Avg Gradient(m/km), RMS Gradient(m/km) - GMTED2010 
  8     7.096 52478.41888879 44.60 157.463956  68.036321 25.129
  8     6.826 52478.41888943 46.69 157.460226  68.039361 25.129
  8     6.080 52478.41889008 47.20 157.456489  68.042411 32.026
 11     1.732 52583.41887269 32.00 157.469892  68.037537 11.717
 11     1.688 52583.41887334 35.92 157.466162  68.040577 11.717
 11     0.672 52583.41887398 38.33 157.462422  68.043617 11.717
 12    35.496 52618.41884749 11.84 157.477913  68.037141  6.831
 12     0.881 52618.41884943 26.73 157.466703  68.046271  6.831
 13     3.381 52653.41882429 20.15 157.468597  68.038339  4.394
 13     9.019 52653.41882494 19.64 157.464857  68.041379  4.394
 13     9.301 52653.41882558 20.09 157.461117  68.044429  4.394
 14     7.088 52688.41882359 18.51 157.480495  68.038988  4.221
 14     6.855 52688.41882423 18.84 157.476765  68.042038  4.221
 14     8.918 52688.41882488 18.95 157.473025  68.045078  4.221
 15     5.031 52723.41886940 19.15 157.466879  68.036800  5.180
 15     6.748 52723.41887004 18.48 157.463149  68.039840  5.180
 15     9.664 52723.41887069 16.88 157.459409  68.042890  5.180
 16     1.207 52758.41889078 19.02 157.465427  68.038735  4.658
 16     2.863 52758.41889143 18.15 157.461687  68.041775  4.658
 16     9.659 52758.41889207 17.73 157.457957  68.044815  4.658
 17    11.430 52793.41884314 42.80 157.460205  68.033365 23.199
 17    11.704 52793.41884379 43.99 157.456475  68.036405 23.199
 17    11.262 52793.41884443 43.81 157.452735  68.039455 23.199
 17    11.321 52793.41884508 43.60 157.448995  68.042495 23.199
 18     8.310 52828.41891071 41.56 157.463726  68.033563 19.147
 18     6.605 52828.41891136 47.99 157.459996  68.036603 19.147
 18     8.265 52828.41891200 43.42 157.456256  68.039643 19.147
 18     8.645 52828.41891265 44.06 157.452516  68.042693 19.147
 19     8.902 52863.41895597 17.89 157.467116  68.036101 14.329
 19     2.878 52863.41895662 16.57 157.463386  68.039141 14.329
 19    10.559 52863.41895726 15.06 157.459646  68.042191 14.329
 20     3.652 52898.41898593 23.16 157.469275  68.039233 20.473
 20     4.052 52898.41898657 16.42 157.465545  68.042273 20.473
 20    10.798 52898.41898722 13.57 157.461805  68.045323 20.473
 22     0.671 52968.41894078 27.11 157.456335  68.038717  5.757
 22     0.560 52968.41894142 26.11 157.452595  68.041757  5.757
 23     4.052 53003.41896181 17.90 157.467031  68.034036  3.740
 23     5.166 53003.41896246 17.78 157.463291  68.037076  3.740
 23     4.656 53003.41896310 18.40 157.459561  68.040116  3.740
 23     8.933 53003.41896375 18.24 157.455821  68.043166  3.740
 24     7.969 53038.41891236 17.94 157.472506  68.042617  3.737
 24     6.071 53038.41891301 18.20 157.468776  68.045667  3.737
 25     1.166 53073.41893985 18.79 157.465556  68.039516  4.110
 25     6.301 53073.41894049 17.36 157.461816  68.042556  4.110
 26    32.720 53108.41891217 12.64 157.478930  68.040638  3.518
 26     9.029 53108.41891281 14.62 157.475190  68.043678  3.518
 26     9.612 53108.41891346 15.12 157.471460  68.046728  3.518
 29     9.455 53213.41898980 33.21 157.466768  68.037103 23.010
 29     7.731 53213.41899044 41.07 157.463028  68.040143 23.010
 29     6.710 53213.41899109 45.95 157.459298  68.043183 23.010
 32     2.271 53318.41894744 19.45 157.469742  68.035274  4.500
 32     2.739 53318.41894809 18.96 157.466012  68.038314  4.500
 32     2.807 53318.41894873 18.63 157.462272  68.041354  4.500
 32     3.028 53318.41894937 17.91 157.458532  68.044404  4.500
 33    35.723 53353.41891423  7.28 157.480903  68.039520  3.193
 33     7.862 53353.41891487 12.88 157.477163  68.042570  3.193
 33     5.787 53353.41891552 14.10 157.473423  68.045610  3.193
 34    11.404 53388.41891198  8.81 157.454488  68.035246  3.395
 34     9.912 53388.41891262 10.62 157.450748  68.038286  3.395
 34    10.290 53388.41891327 11.38 157.447008  68.041336  3.395
 35    22.841 53423.41891161  7.62 157.477353  68.037091  3.040
 35     7.742 53423.41891225 10.84 157.473613  68.040131  3.040
 35     8.720 53423.41891289 12.45 157.469883  68.043171  3.040
 35     9.321 53423.41891354 11.26 157.466143  68.046221  3.040
 36     5.325 53458.41891669 12.18 157.462048  68.033963  3.285
 36     7.086 53458.41891734 11.77 157.458318  68.037003  3.285
 36     7.791 53458.41891798 11.62 157.454578  68.040043  3.285
 36     8.561 53458.41891863 12.26 157.450838  68.043093  3.285
 37     1.850 53493.41900227 22.23 157.459367  68.034762 13.067
 37     3.011 53493.41900292 15.84 157.455637  68.037802 13.067
 38    70.841 53528.41897994  1.71 157.474983  68.036841  6.321
 38    76.160 53528.41898059  0.84 157.471243  68.039881  6.321
 38    81.032 53528.41898123  2.01 157.467513  68.042921  6.321
 38    80.331 53528.41898188  0.57 157.463773  68.045971  6.321
 39    67.343 53563.41901008  1.73 157.467725  68.037636 13.993
 39    17.873 53563.41901072  8.04 157.463985  68.040676 13.993
 39    11.805 53563.41901137 13.88 157.460255  68.043716 13.993
 40     6.971 53598.41895087 39.80 157.478311  68.040171 17.882
 40     8.165 53598.41895152 34.36 157.474581  68.043211 17.882
 40     8.112 53598.41895216 38.99 157.470841  68.046261 17.882
 41    37.360 53633.41894658 12.45 157.450899  68.035129 10.967
 41    37.669 53633.41894723 14.05 157.447159  68.038179 10.967
 41    35.846 53633.41894787 14.97 157.443419  68.041219 10.967
 42     2.401 53668.41896811 29.52 157.463975  68.035002 13.869
 42     2.863 53668.41896876 32.01 157.460235  68.038042 13.869
 42     2.949 53668.41896940 30.79 157.456505  68.041082 13.869
 44     0.950 53738.41882139 26.90 157.485436  68.047052  4.939
 44     1.193 53738.41882203 24.37 157.481696  68.050102  4.939
 45     1.096 53773.41883459 20.00 157.470022  68.036080  4.048
 45     1.220 53773.41883523 21.23 157.466292  68.039120  4.048
 45     5.115 53773.41883588 19.44 157.462552  68.042170  4.048
 46     7.682 53808.41882143 15.49 157.482028  68.041171  3.298
 46     4.154 53808.41882207 17.69 157.478298  68.044211  3.298
 46     9.276 53808.41882272 17.39 157.474558  68.047261  3.298
 49     8.030 53913.41894405 43.20 157.462785  68.034052 17.431
 49     8.019 53913.41894470 42.91 157.459045  68.037102 17.431
 49     7.547 53913.41894534 44.07 157.455315  68.040142 17.431
 51     9.751 53983.41889790 42.97 157.478526  68.037348 17.939
 51    11.009 53983.41889855 40.91 157.474796  68.040398 17.939
 51    10.304 53983.41889919 43.16 157.471056  68.043438 17.939
 51    10.301 53983.41889984 40.85 157.467326  68.046488 17.939
 52     1.745 54018.41892894 39.61 157.458643  68.035977 15.886
 52     2.924 54018.41892958 23.84 157.454903  68.039027 15.886
 52     8.730 54018.41893023 23.99 157.451163  68.042067 15.886
 53     1.552 54053.41892208 21.98 157.470338  68.040880  5.242
 53     3.225 54053.41892273 21.63 157.466598  68.043920  5.242
 54    18.338 54088.41891311 11.92 157.476766  68.038037  3.628
 54     7.686 54088.41891376 17.11 157.473036  68.041077  3.628
 54     6.765 54088.41891440 17.57 157.469296  68.044117  3.628
 55     7.363 54123.41883550 15.64 157.457080  68.033090  3.882
 55     8.792 54123.41883615 16.16 157.453340  68.036130  3.882
 55    10.133 54123.41883679 15.73 157.449600  68.039180  3.882
 55    10.276 54123.41883744 15.42 157.445860  68.042220  3.882
 56     8.601 54158.41887703 12.99 157.467653  68.037430  3.677
 56     9.349 54158.41887767 14.45 157.463913  68.040470  3.677
 56    10.304 54158.41887832 14.41 157.460173  68.043510  3.677
 57    10.421 54193.41883697  9.95 157.454866  68.035972  4.784
 57     9.768 54193.41883761 12.29 157.451126  68.039012  4.784
 57    10.159 54193.41883826 12.80 157.447386  68.042052  4.784
 58    11.311 54228.41888890  0.34 157.467456  68.035713  2.698
 58     8.309 54228.41888955  5.51 157.463716  68.038763  2.698
 58    10.040 54228.41889019  6.23 157.459986  68.041803  2.698
 59    30.492 54263.41890776 21.92 157.466578  68.037016 13.144
 59    30.540 54263.41890840 22.60 157.462838  68.040066 13.144
 59    31.231 54263.41890905 21.28 157.459108  68.043106 13.144
 60     9.584 54298.41891202 44.46 157.470044  68.035652 24.324
 60     8.557 54298.41891267 46.58 157.466314  68.038692 24.324
 60     9.842 54298.41891331 43.09 157.462574  68.041742 24.324
 60     8.928 54298.41891396 44.48 157.458834  68.044782 24.324
 65    12.698 54473.41883131 11.66 157.466271  68.036236  3.562
 65     9.976 54473.41883196 13.61 157.462541  68.039276  3.562
 65     9.982 54473.41883260 14.92 157.458801  68.042326  3.562
 66    30.970 54508.41881354  7.91 157.456300  68.035160  4.652
 66    10.023 54508.41881418 11.65 157.452560  68.038210  4.652
 66    10.316 54508.41881483 13.41 157.448820  68.041250  4.652
 67     6.473 54543.41884585 14.10 157.471172  68.037368  3.933
 67     8.144 54543.41884650 14.53 157.467442  68.040418  3.933
 67     9.128 54543.41884714 14.74 157.463702  68.043458  3.933
 68    32.694 54578.41881536  9.46 157.465827  68.035263  3.858
 68     9.503 54578.41881600 13.20 157.462087  68.038313  3.858
 68     8.639 54578.41881665 13.91 157.458347  68.041353  3.858
 69    15.210 54613.41883621 31.16 157.472062  68.036618 17.991
 69    14.803 54613.41883685 43.19 157.468322  68.039658 17.991
 69    13.499 54613.41883750 30.14 157.464592  68.042708 17.991
 70    81.696 54648.41884360  1.03 157.465227  68.036129  4.297
 70    80.613 54648.41884425  0.15 157.461487  68.039179  4.297
 71    11.642 54683.41884434 11.97 157.469200  68.041974 12.402
 71    12.812 54683.41884498 14.19 157.465470  68.045024 12.402
 73    31.895 54753.41881601 12.72 157.467163  68.035135 10.272
 73    24.386 54753.41881666 14.77 157.463423  68.038175 10.272
 74     9.967 54788.41878157 17.77 157.457194  68.033692  7.555
 74     9.336 54788.41878221 19.35 157.453454  68.036732  7.555
 74     0.874 54788.41878350 31.21 157.445974  68.042822  7.555
 75     2.721 54823.41881099 19.96 157.465562  68.034876  4.654
 75     4.145 54823.41881163 20.63 157.461832  68.037926  4.654
 75     3.581 54823.41881228 20.81 157.458092  68.040966  4.654
 75     8.435 54823.41881292 19.93 157.454352  68.044006  4.654
 76     6.068 54858.41877717 20.18 157.454214  68.035673  4.767
 76     7.101 54858.41877781 20.19 157.450474  68.038713  4.767
 76     7.452 54858.41877846 19.55 157.446734  68.041753  4.767
 77     7.092 54893.41881355 16.48 157.470754  68.038150  3.863
 77     7.908 54893.41881419 15.91 157.467024  68.041200  3.863
 77     9.385 54893.41881484 15.97 157.463284  68.044240  3.863
 78     5.659 54928.41877540 16.91 157.456030  68.035114  4.193
 78     7.446 54928.41877605 16.83 157.452290  68.038154  4.193
 78     8.569 54928.41877669 16.90 157.448550  68.041194  4.193
 80     9.805 54998.41883385 17.13 157.467141  68.037433 17.537
 80     7.008 54998.41883450 19.63 157.463411  68.040483 17.537
 80     7.461 54998.41883514 32.95 157.459671  68.043523 17.537
 81    12.079 55033.41882266 10.14 157.464223  68.036216 14.966
 81    10.410 55033.41882331 14.80 157.460483  68.039256 14.966
 81    11.082 55033.41882395 16.52 157.456743  68.042306 14.966
 83    59.053 55103.41874979  4.39 157.454718  68.035739 10.307
 83    49.111 55103.41875044  3.05 157.450978  68.038779 10.307
 83    47.994 55103.41875108  2.52 157.447238  68.041819 10.307
 84     7.933 55138.41875758 18.49 157.469848  68.035429  5.594
 84     2.688 55138.41875887 25.42 157.462368  68.041519  5.594
 84     9.224 55138.41875952 24.62 157.458638  68.044559  5.594
 85     5.926 55173.41871856 21.26 157.456229  68.034309  4.842
 85     3.821 55173.41871921 22.21 157.452489  68.037349  4.842
 85     6.311 55173.41871985 21.55 157.448749  68.040389  4.842
 85     8.407 55173.41872050 21.24 157.445009  68.043439  4.842
 86    32.784 55208.41875273 10.87 157.464539  68.037094  4.832
 86     9.397 55208.41875338 13.80 157.460799  68.040144  4.832
 86     9.489 55208.41875402 18.87 157.457069  68.043184  4.832
 87    31.206 55243.41872307 10.36 157.458056  68.034516  5.388
 87    30.644 55243.41872371 13.46 157.454316  68.037566  5.388
 87     9.121 55243.41872436 17.30 157.450576  68.040606  5.388
 88     6.179 55278.41874657 17.90 157.472556  68.038358  4.147
 88     7.534 55278.41874722 18.30 157.468826  68.041408  4.147
 88     9.646 55278.41874786 17.82 157.465086  68.044448  4.147
 89     6.393 55313.41871024 17.88 157.461010  68.040185  4.437
 89     9.271 55313.41871088 17.11 157.457270  68.043235  4.437
 90    67.481 55348.41871705  7.59 157.473088  68.037922 10.567
 90    67.576 55348.41871770  0.52 157.469358  68.040972 10.567
 90    66.723 55348.41871834  0.98 157.465618  68.044012 10.567
 91     7.161 55383.41870766 42.72 157.459401  68.035136 21.607
 91     7.349 55383.41870830 42.33 157.455661  68.038186 21.607
 91     7.557 55383.41870895 42.41 157.451931  68.041226 21.607
 92    10.844 55418.41873655 10.28 157.462366  68.039359 14.981
 92     9.839 55418.41873720 18.22 157.458636  68.042399 14.981
 93    33.560 55453.41871608 13.13 157.477973  68.039222 16.453
 93    22.021 55453.41871673 12.67 157.474243  68.042272 16.453
 93    19.279 55453.41871737 13.31 157.470503  68.045312 16.453
 94     3.632 55488.41863737 32.60 157.483536  68.042572 10.291
 94     3.740 55488.41863802 42.10 157.479796  68.045612 10.291
 94     2.552 55488.41863866 42.33 157.476066  68.048652 10.291
