# NaN NaN NaN ;Mean Elev.(m), Avg Gradient(m/km), RMS Gradient(m/km) - SRTM1     
#  -12.448 -14.423  23.404 ;Mean Elev.(m), Avg Gradient(m/km), RMS Gradient(m/km) - ASTER GDEM
#    8.010  -9.371  26.676 ;Mean Elev.(m), Avg Gradient(m/km), RMS Gradient(m/km) - GMTED2010 
 10     1.858 52567.42085409 46.29 156.827055  67.970444 12.359
 10     3.182 52567.42085474 45.15 156.823345  67.973484 12.359
 11     4.862 52602.42085697 26.04 156.832313  67.973156  5.855
 11     6.263 52602.42085762 27.57 156.828603  67.976206  5.855
 12    10.175 52637.42082626 17.97 156.817685  67.968890  2.478
 12    10.607 52637.42082690 18.47 156.813967  67.971927  5.977
 13     8.208 52672.42082890 17.41 156.831581  67.972840  2.674
 13     8.683 52672.42082954 17.93 156.827861  67.975880  2.674
 14     9.195 52707.42083182 15.56 156.824549  67.968660  4.288
 14     8.526 52707.42083246 17.35 156.820829  67.971710  4.288
 14     9.378 52707.42083311 18.28 156.817119  67.974750  4.288
 15     7.744 52742.42086373 16.64 156.828970  67.972832  4.268
 15     8.089 52742.42086437 17.09 156.825260  67.975872  4.268
 18    10.095 52847.42093844 17.13 156.818559  67.969561  5.553
 18    11.884 52847.42093909 15.92 156.814839  67.972601  5.553
 19     5.940 52882.42097477 12.73 156.828289  67.970372 21.195
 19    10.953 52882.42097541 11.87 156.824569  67.973412 21.195
 19    12.001 52882.42097606 10.86 156.820859  67.976462 21.195
 20    23.762 52917.42093224 19.61 156.837387  67.975185 12.670
 20    24.188 52917.42093288 21.15 156.833678  67.978230 24.302
 21     4.582 52952.42089304 21.50 156.821708  67.968229  2.720
 21     5.961 52952.42089368 20.44 156.817990  67.971274  4.086
 22     8.121 52987.42090758 16.66 156.832630  67.973896  2.458
 22     8.556 52987.42090823 16.71 156.828910  67.976946  2.458
 23     7.125 53022.42089587 15.12 156.839682  67.973503  2.424
 23     8.245 53022.42089651 14.29 156.835972  67.976553  2.424
 23     8.561 53022.42089716 15.13 156.832252  67.979593  2.424
 24     5.895 53057.42088770 14.74 156.831970  67.969938  2.208
 24     7.851 53057.42088834 14.21 156.828260  67.972988  2.208
 24    11.227 53057.42088899 14.62 156.824540  67.976028  2.208
 25     9.217 53092.42092581 12.30 156.834826  67.971734  3.586
 25    11.459 53092.42092645 13.02 156.831106  67.974784  3.586
 25    11.930 53092.42092710 12.95 156.827396  67.977824  3.586
 26     8.981 53127.42089659  0.03 156.825527  67.968984  2.177
 26    10.022 53127.42089724  0.81 156.821807  67.972024  2.177
 26    10.637 53127.42089788  1.13 156.818087  67.975074  2.177
 27    18.560 53162.42096064 41.32 156.824469  67.969811 14.419
 27    21.473 53162.42096129 37.30 156.820749  67.972861 14.419
 29     8.384 53232.42093866 47.77 156.837934  67.974640 11.737
 29     8.157 53232.42093930 52.65 156.834214  67.977690 11.737
 30    10.203 53267.42090739 17.78 156.844318  67.975890 10.346
 30    13.371 53267.42090803 13.58 156.840608  67.978930 10.346
 30    13.563 53267.42090867 16.06 156.836888  67.981980 10.346
 31     3.809 53302.42096149 23.86 156.815436  67.967939  5.109
 31     3.754 53302.42096213 23.16 156.811726  67.970989  5.109
 32     6.401 53337.42093173 14.10 156.832422  67.972299  2.771
 32     8.309 53337.42093238 13.18 156.828712  67.975349  2.771
 32     8.891 53337.42093302 13.76 156.824992  67.978389  2.771
 33     7.935 53372.42086696 11.72 156.844737  67.975834  3.558
 33     8.733 53372.42086761 11.91 156.841027  67.978884  3.558
 33    12.288 53372.42086825 12.33 156.837307  67.981934  3.558
 34     7.772 53407.42090440 10.31 156.826931  67.970116  2.188
 34    11.168 53407.42090504 10.31 156.823221  67.973166  2.188
 35    11.009 53442.42088990 10.15 156.844320  67.974208  3.039
 35     8.710 53442.42089054 10.23 156.840610  67.977258  3.039
 35    12.237 53442.42089119 10.94 156.836890  67.980308  3.039
 36     9.761 53477.42096095  8.82 156.820421  67.968404  2.045
 36    11.088 53477.42096159  8.64 156.816701  67.971444  2.045
 38    10.925 53547.42099052 41.07 156.830868  67.971059 13.771
 38     9.483 53547.42099116 44.29 156.827148  67.974109 13.771
 38     9.418 53547.42099181 41.37 156.823438  67.977149 13.771
 39     5.800 53582.42096011 40.44 156.834649  67.973348 16.835
 39     5.449 53582.42096075 30.64 156.830939  67.976398 16.835
 39     4.812 53582.42096140 16.97 156.827219  67.979448 16.835
 40    11.381 53617.42091555 13.61 156.842660  67.973188 12.183
 40    13.285 53617.42091619 12.41 156.838950  67.976238 12.183
 40    17.247 53617.42091684 11.87 156.835230  67.979288 12.183
 41     6.133 53652.42093403 16.19 156.824199  67.971095 10.033
 41     9.692 53652.42093467 17.86 156.820479  67.974135 10.033
 42     1.635 53687.42093665 24.42 156.827190  67.971956  5.780
 42     0.877 53687.42093729 25.18 156.823480  67.975006  5.780
 43     7.830 53722.42086216 17.60 156.844806  67.975472  6.836
 43    11.489 53722.42086280 17.80 156.841096  67.978522  6.836
 43    12.252 53722.42086345 19.65 156.837376  67.981572  6.836
 44    10.056 53757.42079565 14.36 156.825273  67.971291  2.848
 44    10.971 53757.42079629 14.64 156.821553  67.974331  2.848
 45     8.197 53792.42081969 12.54 156.837658  67.972616  4.470
 45     8.195 53792.42082034 13.55 156.833948  67.975666  4.470
 45    12.147 53792.42082098 13.93 156.830228  67.978706  4.470
 46     9.809 53827.42078548 12.40 156.821890  67.967819  2.672
 46    10.424 53827.42078613 12.45 156.818170  67.970859  2.672
 47    11.656 53862.42087198  3.88 156.823585  67.967612  7.872
 47    13.917 53862.42087262  4.09 156.819875  67.970662  7.872
 47    12.640 53862.42087327  3.93 156.816155  67.973702  7.872
 49    10.747 53932.42094270 14.53 156.823304  67.970162 13.640
 49    12.551 53932.42094335 13.57 156.819584  67.973202 13.640
 50     9.308 53967.42091691 17.67 156.829307  67.972167  9.530
 50     6.679 53967.42091755 20.01 156.825597  67.975217  9.530
 51    -4.317 54002.42088214 41.95 156.816815  67.967733 16.577
 51    14.924 54002.42088278 20.08 156.813095  67.970773 16.577
 52     1.512 54037.42092002 24.84 156.827669  67.970937  7.991
 52     1.835 54037.42092066 24.19 156.823949  67.973987  7.991
 53     9.475 54072.42091467 12.62 156.831292  67.973260  3.808
 53     8.677 54072.42091531 13.66 156.827572  67.976310  3.808
 54    14.360 54107.42086475  6.32 156.840568  67.977912  3.938
 54    10.798 54107.42086539 11.72 156.836848  67.980952  3.938
 55     9.362 54142.42084885 12.53 156.825970  67.967941  2.776
 55     9.747 54142.42084950 13.05 156.822260  67.970991  2.776
 55    10.848 54142.42085014 12.75 156.818540  67.974031  2.776
 56     6.821 54177.42084615 10.79 156.839914  67.972129  3.218
 56    11.134 54177.42084679 10.61 156.836194  67.975179  3.218
 56     8.781 54177.42084744 11.54 156.832484  67.978219  3.218
 57     9.333 54212.42085636 10.12 156.825312  67.969292  3.658
 57    10.074 54212.42085701 10.40 156.821602  67.972342  3.658
 58    13.631 54247.42088536 23.81 156.829474  67.969160 13.083
 58    14.280 54247.42088601 23.05 156.825754  67.972200 13.083
 58    15.268 54247.42088665 21.98 156.822034  67.975250 13.083
 60     3.536 54317.42089307 36.34 156.835825  67.971182 13.845
 60     6.924 54317.42089371 27.60 156.832105  67.974222 13.845
 60    11.650 54317.42089436 19.85 156.828395  67.977272 13.845
 61   110.201 54352.42085980  0.58 156.836704  67.976077  6.713
 61   106.673 54352.42086044  0.21 156.832994  67.979117  6.713
 62     2.928 54387.42083265 45.97 156.829700  67.970359 13.583
 62     3.498 54387.42083329 43.98 156.825980  67.973399 13.583
 62     3.132 54387.42083394 49.20 156.822260  67.976449 13.583
 63     6.197 54422.42080908 22.98 156.835680  67.973571  5.886
 63     6.777 54422.42080973 23.09 156.831960  67.976611  5.886
 63     8.119 54422.42081037 23.45 156.828250  67.979661  5.886
 64     9.182 54457.42080623 14.07 156.822291  67.968080  3.031
 64     9.476 54457.42080687 14.69 156.818571  67.971120  3.031
 65     7.380 54492.42081136 12.05 156.837941  67.971830  2.793
 65     7.716 54492.42081200 12.70 156.834231  67.974880  2.793
 65     8.666 54492.42081265 12.87 156.830511  67.977920  2.793
 66     9.651 54527.42081949 12.65 156.825730  67.971495  3.343
 66    11.473 54527.42082013 12.87 156.822010  67.974535  3.343
 67     8.062 54562.42081992 12.07 156.837561  67.974776  3.728
 67    11.981 54562.42082056 12.07 156.833838  67.977823  2.900
 68     1.519 54597.42081498 24.89 156.831275  67.970293  8.807
 68     1.682 54597.42081563 25.73 156.827555  67.973333  8.807
 68     1.590 54597.42081627 27.24 156.823845  67.976383  8.807
 69    13.032 54632.42082833 17.85 156.829595  67.970839 18.663
 69    14.452 54632.42082897 20.12 156.825875  67.973879 18.663
 69    14.738 54632.42082962 26.58 156.822165  67.976929 18.663
 71     4.376 54702.42080104 19.10 156.839926  67.974413 13.822
 71    11.589 54702.42080169 17.11 156.836216  67.977463 13.822
 71    12.034 54702.42080233 25.95 156.832496  67.980513 13.822
 72     8.416 54737.42079452 14.67 156.824038  67.968566 19.987
 72     9.345 54737.42079517 16.38 156.820318  67.971616 19.987
 72    11.739 54737.42079581 14.11 156.816598  67.974656 19.987
 74     5.012 54807.42078794 18.46 156.823035  67.967372  4.285
 74     8.810 54807.42078859 18.03 156.819315  67.970422  4.285
 74    10.394 54807.42078923 17.56 156.815595  67.973462  4.285
 75    10.070 54842.42077846 14.45 156.832994  67.972382  1.823
 75     9.443 54842.42077910 13.78 156.829281  67.975426  3.347
 75     9.215 54842.42077975 14.44 156.825561  67.978466  3.347
 76     9.175 54877.42079015 13.22 156.827609  67.969171  3.109
 76    10.091 54877.42079080 12.89 156.823889  67.972211  3.109
 76    10.347 54877.42079144 14.02 156.820169  67.975261  3.109
 77     7.582 54912.42078330 10.63 156.837556  67.974024  3.265
 77    10.115 54912.42078394 10.52 156.833841  67.977069  2.966
 77    12.184 54912.42078459 11.04 156.830121  67.980109  2.966
 78     9.465 54947.42078315 11.08 156.824575  67.970061  2.920
 78    10.531 54947.42078379 11.06 156.820865  67.973111  2.920
 79    11.474 54982.42080910 18.70 156.827606  67.972484 11.376
 79    12.078 54982.42080975 21.74 156.823886  67.975534 11.376
 80     4.328 55017.42080787 45.84 156.831553  67.971237 15.413
 80     4.516 55017.42080852 48.98 156.827833  67.974287 15.413
 80     4.425 55017.42080916 46.74 156.824123  67.977327 15.413
 81     8.966 55052.42080311 14.61 156.834795  67.971209  5.450
 81    13.346 55052.42080376 12.00 156.831085  67.974259  5.450
 81    13.056 55052.42080440 17.69 156.827369  67.977303 17.214
 82     8.338 55087.42076694 28.39 156.839404  67.975150 10.448
 82     8.054 55087.42076759 27.90 156.835684  67.978200 10.448
 83     1.878 55122.42073848 48.04 156.824587  67.971387 18.067
 83     2.142 55122.42073913 47.14 156.820867  67.974427 18.067
 84     1.923 55157.42072693 24.72 156.836257  67.972152  3.246
 84     1.859 55157.42072757 24.10 156.832537  67.975202  3.246
 84     7.411 55157.42072822 23.47 156.828822  67.978245  4.120
 85     5.347 55192.42072808 18.75 156.820548  67.969793  4.960
 85     7.091 55192.42072872 18.28 156.816838  67.972843  4.960
 86     7.488 55227.42072834 14.98 156.835470  67.973359  4.346
 86     8.053 55227.42072898 15.17 156.831747  67.976404  3.515
 86     8.840 55227.42072962 15.82 156.828037  67.979454  3.515
 87     9.185 55262.42072340 14.65 156.830129  67.970739  2.192
 87     8.420 55262.42072405 14.09 156.826409  67.973789  2.192
 87     8.701 55262.42072469 15.00 156.822695  67.976828  3.544
 88     6.745 55297.42071275 14.33 156.839050  67.973619  4.579
 88    11.035 55297.42071339 14.75 156.835330  67.976669  4.579
 88     8.777 55297.42071404 15.06 156.831614  67.979715  3.402
 90     9.584 55367.42069537 17.88 156.834388  67.972759  8.376
 90    11.885 55367.42069602 17.22 156.830678  67.975803 14.407
 90    11.854 55367.42069666 21.55 156.826958  67.978843 14.407
 91     9.719 55402.42070959 13.68 156.824528  67.969046 25.793
 91    11.257 55402.42071024 12.36 156.820808  67.972096 25.793
 92     4.884 55437.42071299 41.30 156.836302  67.972178  8.926
 92     4.987 55437.42071363 26.73 156.832585  67.975224 28.609
 92    11.961 55437.42071427 15.73 156.828865  67.978264 28.609
 93    77.842 55472.42066249  8.66 156.843924  67.973405 10.363
 93    39.842 55472.42066314 12.07 156.840214  67.976445 10.363
 93    39.831 55472.42066378 12.11 156.836494  67.979495 10.363
