# NaN NaN NaN ;Mean Elev.(m), Avg Gradient(m/km), RMS Gradient(m/km) - SRTM1     
#   -4.014     NaN     NaN ;Mean Elev.(m), Avg Gradient(m/km), RMS Gradient(m/km) - ASTER GDEM
#    5.427  -4.486  11.163 ;Mean Elev.(m), Avg Gradient(m/km), RMS Gradient(m/km) - GMTED2010 
  7 158.770021  68.711599     4.504     4.489  7 52456.41303142 44.815
 10 158.762187  68.711633     1.484     1.344  7 52561.41303300 38.201
 12 158.759443  68.711536     6.188     6.233  6 52631.41298424 18.805
 15 158.778187  68.713121     6.840     6.919  6 52736.41301661 14.003
 17 158.754321  68.710863     8.033     7.962  7 52806.41304067 17.981
 18 158.760126  68.711406     3.934     4.125  7 52841.41310023 20.887
 19 158.764064  68.711164     2.145     1.151  6 52876.41313884 23.165
 20 158.786208  68.714003     1.038     1.089  6 52911.41310145 36.240
 23 158.778254  68.711975     6.309     6.378  7 53016.41309033 15.491
 24 158.759796  68.711429     5.602     5.620  7 53051.41306817 15.177
 25 158.772368  68.711786     6.311     6.369  6 53086.41310440 13.325
 26 158.758211  68.712352     5.302     5.260  7 53121.41307509 13.823
 28 158.774352  68.713027     6.699     6.614  6 53191.41312136 21.639
 29 158.778215  68.712229     6.483     5.984  7 53226.41312531 20.303
 30 158.780372  68.713063     4.976     5.273  6 53261.41309923 29.558
 31 158.755102  68.710384     3.167     2.580  7 53296.41313268 37.984
 32 158.771801  68.711365     6.735     6.722  7 53331.41310470 13.938
 34 158.763417  68.711848     6.456     6.516  6 53401.41307879 10.955
 35 158.782560  68.712227     7.746     7.744  6 53436.41306779 11.596
 36 158.757052  68.712404     6.269     6.272  7 53471.41311863 10.879
 37 158.768566  68.711295     6.693     6.971  7 53506.41315193  8.032
 38 158.769657  68.711129     6.622     6.757  7 53541.41315636 25.609
 39 158.776604  68.712420     2.454     2.430  6 53576.41314616 38.560
 40 158.784355  68.711949     6.649     6.379  6 53611.41309755 23.686
 41 158.757168  68.712905     6.678     6.850  7 53646.41310265 24.910
 42 158.770243  68.711249     3.183     3.744  6 53681.41311819 27.942
 43 158.782758  68.714264     4.491     4.858  6 53716.41304602 21.714
 44 158.761677  68.710807     6.035     6.167  7 53751.41296426 18.102
 45 158.779613  68.711418     7.317     7.208  6 53786.41299409 12.769
 46 158.791548  68.715329     6.790     7.217  6 53821.41295071 13.711
 47 158.759575  68.711380     6.556     6.674  7 53856.41303938 12.332
 48 158.771496  68.712231     7.052     6.754  6 53891.41305121 34.367
 49 158.755903  68.712927     7.301     7.639  7 53926.41311392 19.156
 50 158.771575  68.712549     7.027     6.828  7 53961.41309926 17.568
 51 158.756808  68.704515     8.894     8.894  2 53996.41303918 15.659
 52 158.763026  68.711707     2.208     1.045  6 54031.41309355 32.085
 53 158.775691  68.713036     6.967     6.901  6 54066.41308717 13.414
 54 158.781753  68.713465     7.278     7.318  6 54101.41304917 11.229
 55 158.761011  68.711043     6.602     6.698  7 54136.41301444 10.332
 57 158.758714  68.710979     6.667     6.691  7 54206.41301952  8.437
 58 158.769715  68.712534     5.250     5.015  7 54241.41305264 41.345
 59 158.769887  68.712322     6.396     6.432  6 54276.41306742 22.478
 61 158.784284  68.712841     7.104     6.526  6 54346.41304183 19.659
 62 158.762578  68.711587     7.016     6.735  6 54381.41300517 23.243
 63 158.776660  68.712566     6.719     6.791  7 54416.41299084 22.164
 64 158.758755  68.710558     6.284     6.225  7 54451.41297382 13.692
 65 158.773430  68.711352     6.816     6.797  6 54486.41298713 12.803
 66 158.765128  68.711344     6.641     6.686  6 54521.41298709 12.509
 67 158.780862  68.711544     7.348     7.380  6 54556.41299764 11.878
 68 158.767280  68.711234     4.830     5.893  7 54591.41298318 15.688
 69 158.781841  68.705463     8.395     8.412  3 54626.41299759 31.010
 70 158.768001  68.710991     6.890     6.769  7 54661.41300687 23.177
 71 158.781114  68.711793     1.387     1.202  6 54696.41298342 31.209
 72 158.762007  68.711376     6.930     7.032  7 54731.41296303 15.857
 73 158.771703  68.711795     4.054     4.194  7 54766.41296236 27.384
 74 158.758730  68.711202     4.174     4.733  7 54801.41295686 23.827
 75 158.772390  68.711463     6.666     6.550  7 54836.41295448 15.250
 76 158.760796  68.711114     6.062     5.956  7 54871.41295495 14.790
 77 158.781678  68.711973     7.049     7.168  6 54906.41296228 12.568
 78 158.761411  68.711676     6.202     6.215  7 54941.41294764 12.175
 79 158.768581  68.711558     5.871     5.893  6 54976.41297590 32.838
 80 158.773174  68.712025     7.241     7.587  7 55011.41298523 17.065
 82 158.782637  68.713400     7.570     7.639  6 55081.41294991 11.939
 83 158.763559  68.711683     1.929     0.916  7 55116.41290894 48.263
 84 158.772134  68.711976     4.680     5.154  7 55151.41290725 23.700
 85 158.758034  68.712633     5.431     5.578  7 55186.41289525 18.544
 86 158.774346  68.711527     6.483     6.457  7 55221.41290548 15.986
 87 158.765105  68.711900     6.010     6.191  6 55256.41289086 15.140
 88 158.780999  68.713267     6.701     6.845  6 55291.41289433 13.926
 89 158.767772  68.711724     1.487     0.624  7 55326.41287584 30.225
 90 158.775792  68.711716     6.601     6.806  7 55361.41287213 26.699
 91 158.762734  68.711221     4.297     4.630  7 55396.41287902 21.900
 92 158.771289  68.712149     3.746     3.954  7 55431.41288759 21.328
 93 158.788427  68.712298     6.200     5.290  6 55466.41284742 31.609
