# NaN NaN NaN ;Mean Elev.(m), Avg Gradient(m/km), RMS Gradient(m/km) - SRTM1     
#    8.333   0.026   2.742 ;Mean Elev.(m), Avg Gradient(m/km), RMS Gradient(m/km) - ASTER GDEM
#    1.285  -0.219   2.850 ;Mean Elev.(m), Avg Gradient(m/km), RMS Gradient(m/km) - GMTED2010 
  7     1.030 52461.03140470 38.15 161.362130  68.776403 16.365
  7     1.404 52461.03140534 25.72 161.358160  68.773373 16.365
  7     1.497 52461.03140599 21.46 161.354190  68.770353 16.365
  7     1.399 52461.03140663 19.30 161.350220  68.767323 16.365
  7     1.203 52461.03141630 30.88 161.290801  68.721936 13.251
  7     3.865 52461.03141695 21.56 161.286851  68.718916 13.251
  7     0.909 52461.03141759 22.59 161.282901  68.715886 13.251
  7     1.286 52461.03141824 22.93 161.278951  68.712866 13.251
  7     1.291 52461.03141888 36.41 161.275001  68.709836 13.251
  8     0.129 52496.03140360 27.53 161.360873  68.781677 10.660
  8     0.569 52496.03140425 32.21 161.356903  68.778657 10.660
  8     0.734 52496.03140489 40.08 161.352933  68.775627 10.660
  8     0.674 52496.03140554 38.69 161.348963  68.772607 10.660
  8     0.712 52496.03140618 39.02 161.344993  68.769577 10.660
  8     0.632 52496.03140683 30.80 161.341023  68.766557 10.660
  8     0.528 52496.03140747 30.98 161.337063  68.763527 10.660
  8    -1.036 52496.03140812 32.62 161.333093  68.760507 10.660
  8    -0.843 52496.03141069 34.92 161.317242  68.748405 24.252
  8    -0.552 52496.03141134 34.83 161.313282  68.745375 24.252
  8     0.646 52496.03141327 38.99 161.301402  68.736295 24.252
  8     0.730 52496.03141392 49.86 161.297452  68.733265 24.252
  8     0.634 52496.03141456 45.85 161.293492  68.730245 24.252
  8     0.534 52496.03141521 49.76 161.289542  68.727215 24.252
  8     0.567 52496.03141585 52.67 161.285582  68.724195 24.252
  8     0.589 52496.03141650 51.34 161.281632  68.721165 24.252
  8     0.627 52496.03141714 50.08 161.277682  68.718135 24.252
  8     0.670 52496.03141779 49.48 161.273732  68.715115 24.252
  8     0.702 52496.03141843 49.30 161.269782  68.712085 24.252
  9     2.825 52531.03140256 28.10 161.295824  68.716682 25.756
  9    -0.049 52531.03140321 20.23 161.291874  68.713652 25.756
  9     0.299 52531.03140385 23.63 161.287914  68.710632 25.756
  9     0.493 52531.03140450 22.76 161.283964  68.707602 25.756
 10    -0.069 52566.03142345 40.22 161.291584  68.715427 12.874
 10    -0.115 52566.03142409 36.11 161.287634  68.712397 12.874
 10    -0.008 52566.03142474 42.11 161.283684  68.709367 12.874
 10    -0.070 52566.03142538 37.40 161.279734  68.706347 12.874
 11    -0.067 52601.03142377 28.98 161.368627  68.796310 16.386
 11    -0.039 52601.03142442 27.57 161.364657  68.793280 16.386
 11    -0.058 52601.03142506 27.73 161.360677  68.790260 16.386
 11    -0.029 52601.03142571 27.30 161.356707  68.787230 16.386
 11    -0.046 52601.03142635 27.13 161.352727  68.784210 16.386
 11    -0.094 52601.03142699 29.22 161.348757  68.781180 16.386
 11     0.035 52601.03142764 30.78 161.344787  68.778160 16.386
 11    -0.088 52601.03142828 32.49 161.340817  68.775130 16.386
 11    -0.010 52601.03142893 33.28 161.336847  68.772110 16.386
 11     0.038 52601.03142957 35.82 161.332877  68.769080 16.386
 11    -0.056 52601.03143022 33.15 161.328915  68.766054 12.290
 11    -0.009 52601.03143086 30.73 161.324945  68.763034 12.290
 11     0.041 52601.03143151 30.92 161.320985  68.760004 12.290
 11    -0.037 52601.03143215 28.09 161.317015  68.756984 12.290
 11    -0.035 52601.03143280 27.52 161.313055  68.753954 12.290
 11    -0.048 52601.03143344 27.55 161.309095  68.750934 12.290
 11    -0.069 52601.03143409 28.50 161.305135  68.747904 12.290
 11    -0.031 52601.03143473 29.99 161.301175  68.744874 12.290
 11    -0.021 52601.03143538 32.69 161.297215  68.741854 12.290
 11     0.044 52601.03143602 34.55 161.293255  68.738824 12.290
 11     0.030 52601.03143666 34.30 161.289295  68.735804 12.290
 11     0.072 52601.03143731 34.49 161.285345  68.732774 12.290
 11     0.050 52601.03143795 34.91 161.281385  68.729744 12.290
 11     0.042 52601.03143860 31.45 161.277435  68.726724 12.290
 11     0.168 52601.03143924 28.45 161.273475  68.723694 12.290
 11     0.366 52601.03143989 27.29 161.269525  68.720674 12.290
 11     1.039 52601.03144053 26.97 161.265575  68.717644 12.290
 11     1.859 52601.03144118 26.54 161.261625  68.714614 12.290
 12     0.305 52636.03138974 19.94 161.363165  68.774420  3.195
 12     0.300 52636.03139038 20.23 161.359195  68.771390  3.195
 12     2.424 52636.03140134 22.78 161.291825  68.719960  3.195
 12     1.587 52636.03140198 22.61 161.287875  68.716930  3.195
 12     1.448 52636.03140263 22.85 161.283920  68.713906  4.648
 12     1.338 52636.03140327 23.48 161.279970  68.710886  4.648
 12     2.008 52636.03140392 23.75 161.276020  68.707856  4.648
 13    -0.743 52671.03139517 19.57 161.358345  68.781590  3.211
 13    -0.251 52671.03139582 19.03 161.354365  68.778570  3.211
 13     0.036 52671.03139646 18.84 161.350395  68.775540  3.211
 13     0.393 52671.03139711 18.61 161.346425  68.772520  3.211
 13     0.449 52671.03139775 18.64 161.342464  68.769488  3.116
 13     0.493 52671.03139839 19.04 161.338494  68.766468  3.116
 13     0.522 52671.03139904 19.04 161.334524  68.763438  3.116
 13     0.134 52671.03139968 19.28 161.330564  68.760418  3.116
 13    -0.446 52671.03140226 20.62 161.314704  68.748308  3.116
 13    -0.004 52671.03140291 20.67 161.310744  68.745288  3.116
 13     0.217 52671.03140355 21.21 161.306784  68.742258  3.116
 13     0.504 52671.03140420 20.68 161.302824  68.739238  3.116
 13     1.225 52671.03140484 21.09 161.298864  68.736208  3.116
 13     1.609 52671.03140549 21.14 161.294914  68.733188  3.116
 13     1.696 52671.03140613 20.63 161.290954  68.730158  3.116
 13     1.598 52671.03140678 20.78 161.287004  68.727128  3.116
 13     1.680 52671.03140742 20.59 161.283044  68.724108  3.116
 13     1.509 52671.03140806 20.67 161.279094  68.721078  3.116
 13     1.060 52671.03140871 20.52 161.275144  68.718048  3.116
 13     1.160 52671.03140935 20.66 161.271194  68.715028  3.116
 13     2.014 52671.03141000 21.12 161.267244  68.711998  3.116
 14     2.539 52706.03140301 17.39 161.293264  68.718904  2.184
 14     2.094 52706.03140365 17.08 161.289301  68.715880  2.834
 14     1.750 52706.03140430 17.19 161.285351  68.712860  2.834
 14     1.208 52706.03140494 17.81 161.281401  68.709830  2.834
 15    -0.107 52741.03142313 16.83 161.359365  68.785331  2.928
 15     0.113 52741.03142378 16.20 161.355395  68.782311  2.928
 15     0.270 52741.03142442 15.99 161.351417  68.779284  2.679
 15     0.361 52741.03142507 15.95 161.347447  68.776264  2.679
 15     0.458 52741.03142571 15.77 161.343477  68.773234  2.679
 15     0.621 52741.03142636 15.77 161.339507  68.770214  2.679
 15     0.670 52741.03142700 16.00 161.335547  68.767184  2.679
 15     0.729 52741.03142765 16.11 161.331577  68.764164  2.679
 15     0.646 52741.03142829 16.64 161.327607  68.761134  2.679
 15    -0.054 52741.03143022 17.23 161.315717  68.752054  2.679
 15     0.111 52741.03143087 17.64 161.311757  68.749034  2.679
 15     0.045 52741.03143151 17.72 161.307797  68.746004  2.679
 15     0.231 52741.03143216 17.86 161.303837  68.742984  2.679
 15     0.284 52741.03143280 18.11 161.299877  68.739954  2.679
 15     0.425 52741.03143345 18.03 161.295917  68.736924  2.679
 15     0.844 52741.03143409 18.72 161.291957  68.733904  2.679
 15     1.266 52741.03143474 17.66 161.288007  68.730874  2.679
 15     1.390 52741.03143538 18.03 161.284047  68.727854  2.679
 15     1.355 52741.03143603 17.48 161.280097  68.724824  2.679
 15     1.248 52741.03143667 17.97 161.276147  68.721794  2.679
 15     1.519 52741.03143732 17.66 161.272193  68.718774  2.650
 15     0.956 52741.03143796 17.81 161.268243  68.715744  2.650
 15     2.388 52741.03143860 17.96 161.264293  68.712714  2.650
 16     0.440 52776.03136537 25.35 161.370483  68.798202 15.546
 16     0.505 52776.03136602 25.33 161.366503  68.795172 15.546
 16     6.147 52776.03136666 23.27 161.362533  68.792152 15.546
 16     0.277 52776.03136731 23.12 161.358553  68.789122 15.546
 16     0.248 52776.03136795 24.62 161.354583  68.786102 15.546
 16     0.288 52776.03136859 30.21 161.350613  68.783072 15.546
 16     0.279 52776.03136924 31.46 161.346643  68.780052 15.546
 16     0.250 52776.03136988 31.64 161.342673  68.777022 15.546
 16     0.410 52776.03137053 28.53 161.338706  68.774004 17.138
 16     0.413 52776.03137117 23.84 161.334736  68.770974 17.138
 16     0.377 52776.03137182 23.91 161.330776  68.767944 17.138
 16     0.424 52776.03137246 23.77 161.326806  68.764924 17.138
 16     0.414 52776.03137311 25.13 161.322836  68.761894 17.138
 16     0.446 52776.03137375 21.80 161.318876  68.758874 17.138
 16     0.212 52776.03137440 23.05 161.314916  68.755844 17.138
 16     0.417 52776.03137504 20.60 161.310956  68.752824 17.138
 16     0.351 52776.03137569 22.16 161.306996  68.749794 17.138
 16     0.408 52776.03137633 24.85 161.303036  68.746764 17.138
 16     0.383 52776.03137698 26.78 161.299076  68.743744 17.138
 16     0.342 52776.03137762 28.14 161.295116  68.740714 17.138
 16     0.507 52776.03137826 29.46 161.291166  68.737694 17.138
 16     0.529 52776.03137891 30.61 161.287206  68.734664 17.138
 16     0.373 52776.03137955 29.95 161.283256  68.731634 17.138
 16     0.679 52776.03138020 26.88 161.279306  68.728604 17.138
 16     0.414 52776.03138084 26.82 161.275346  68.725584 17.138
 16     0.297 52776.03138149 27.26 161.271396  68.722554 17.138
 16     0.446 52776.03138213 28.85 161.267446  68.719524 17.138
 16     0.486 52776.03138278 30.20 161.263496  68.716504 17.138
 16     0.711 52776.03138342 28.01 161.259553  68.713473 14.971
 17     2.669 52811.03145772 47.11 161.293299  68.719729 14.922
 17     2.789 52811.03145836 45.38 161.289349  68.716699 14.922
 17     2.750 52811.03145901 40.17 161.285388  68.713675 29.589
 17     2.465 52811.03145965 32.25 161.281438  68.710655 29.589
 17     2.753 52811.03146030 43.52 161.277488  68.707625 29.589
 18     4.107 52846.03151339 20.61 161.293125  68.718634 13.371
 18     2.462 52846.03151403 15.61 161.289175  68.715604 13.371
 18     1.356 52846.03151468 18.98 161.285224  68.712578 35.154
 18     2.078 52846.03151532 19.14 161.281274  68.709558 35.154
 19     0.324 52881.03153790 38.43 161.359859  68.780149 11.426
 19     0.701 52881.03153854 37.41 161.355889  68.777129 11.426
 19     0.973 52881.03153919 37.24 161.351924  68.774101 12.142
 19     0.442 52881.03153983 34.63 161.347954  68.771081 12.142
 19     0.357 52881.03154048 40.40 161.343984  68.768051 12.142
 19     0.380 52881.03154112 46.97 161.340014  68.765031 12.142
 19     0.354 52881.03154177 37.56 161.336044  68.762001 12.142
 19    -0.107 52881.03154499 42.61 161.316224  68.746871 12.142
 19     0.339 52881.03154563 39.05 161.312264  68.743851 12.142
 19    -0.122 52881.03154757 31.73 161.300384  68.734771 12.142
 19     0.296 52881.03154821 32.21 161.296424  68.731741 12.142
 19     0.104 52881.03154886 32.66 161.292474  68.728721 12.142
 19    -0.204 52881.03154950 33.08 161.288514  68.725691 12.142
 19    -0.258 52881.03155015 34.83 161.284564  68.722671 12.142
 19    -0.396 52881.03155079 36.50 161.280614  68.719641 12.142
 19    -0.218 52881.03155144 36.66 161.276654  68.716611 12.142
 19    -0.203 52881.03155208 36.24 161.272712  68.713590 18.693
 19     0.520 52881.03155273 35.82 161.268762  68.710560 18.693
 20    -0.230 52916.03149419 24.09 161.359977  68.786007 13.540
 20     0.025 52916.03149484 27.52 161.355997  68.782977 13.540
 20     0.209 52916.03149548 29.02 161.352027  68.779957 13.540
 20     0.115 52916.03149613 32.55 161.348057  68.776937 13.540
 20     0.216 52916.03149677 34.43 161.344093  68.773903 25.822
 20     0.264 52916.03149742 33.42 161.340123  68.770883 25.822
 20     0.298 52916.03149806 33.46 161.336153  68.767853 25.822
 20     0.307 52916.03149871 31.65 161.332193  68.764833 25.822
 20     0.309 52916.03149935 36.52 161.328223  68.761803 25.822
 20     0.259 52916.03150129 22.39 161.316333  68.752723 25.822
 20     0.234 52916.03150193 24.96 161.312373  68.749703 25.822
 20     0.216 52916.03150258 37.85 161.308413  68.746673 25.822
 20     0.263 52916.03150322 34.30 161.304453  68.743653 25.822
 20     0.147 52916.03150386 37.63 161.300493  68.740623 25.822
 20     0.288 52916.03150451 37.76 161.296533  68.737603 25.822
 20     2.676 52916.03150515 23.90 161.292583  68.734573 25.822
 20     2.630 52916.03150580 22.05 161.288623  68.731543 25.822
 20     1.771 52916.03150644 21.93 161.284673  68.728523 25.822
 20     1.718 52916.03150709 23.16 161.280723  68.725493 25.822
 20     1.641 52916.03150773 23.33 161.276773  68.722463 25.822
 20     1.309 52916.03150838 27.24 161.272813  68.719443 25.822
 20     1.282 52916.03150902 28.31 161.268863  68.716413 25.822
 20     2.089 52916.03150967 27.85 161.264913  68.713386 18.987
 21     0.194 52951.03146927 29.52 161.296655  68.712680  7.823
 21     0.176 52951.03146992 30.66 161.292705  68.709660  7.823
 21     0.155 52951.03147056 29.80 161.288745  68.706630  7.823
 22    -0.184 52986.03147647 19.97 161.364603  68.775696  4.243
 22    -0.121 52986.03147711 20.09 161.360633  68.772666  4.243
 22    -0.082 52986.03147776 19.65 161.356653  68.769646  4.243
 22     1.089 52986.03148872 20.74 161.289325  68.718206  3.145
 22     0.824 52986.03148936 20.88 161.285375  68.715176  3.145
 22     1.050 52986.03149000 21.06 161.281425  68.712156  3.145
 22     0.551 52986.03149065 21.59 161.277475  68.709126  3.145
 23    -0.739 53021.03146500 16.03 161.360895  68.784062  2.636
 23    -0.885 53021.03146564 16.00 161.356925  68.781032  2.636
 23    -0.820 53021.03146629 15.82 161.352955  68.778012  2.636
 23    -0.813 53021.03146693 15.45 161.348985  68.774982  2.636
 23    -0.632 53021.03146758 15.43 161.345015  68.771962  2.636
 23    -0.182 53021.03146822 15.48 161.341045  68.768932  2.636
 23    -0.153 53021.03146887 15.37 161.337084  68.765915  2.636
 23    -0.103 53021.03146951 15.20 161.333114  68.762885  2.636
 23    -0.103 53021.03147016 15.58 161.329154  68.759855  2.636
 23    -0.173 53021.03147209 16.15 161.317264  68.750785  2.636
 23    -0.137 53021.03147274 16.37 161.313304  68.747755  2.636
 23     0.106 53021.03147338 16.95 161.309344  68.744725  2.636
 23     0.402 53021.03147402 17.09 161.305384  68.741705  2.636
 23     0.431 53021.03147467 17.07 161.301424  68.738675  2.636
 23     0.493 53021.03147531 17.29 161.297464  68.735655  2.636
 23     0.479 53021.03147596 17.80 161.293514  68.732625  2.636
 23     0.603 53021.03147660 17.29 161.289554  68.729595  2.636
 23     0.483 53021.03147725 17.82 161.285604  68.726575  2.636
 23     0.618 53021.03147789 17.40 161.281644  68.723545  2.636
 23     0.609 53021.03147854 17.48 161.277694  68.720525  2.636
 23     1.033 53021.03147918 17.45 161.273744  68.717495  2.636
 23     1.243 53021.03147983 17.70 161.269794  68.714465  2.636
 23     1.326 53021.03148047 17.70 161.265844  68.711435  2.636
 25    -0.124 53091.03148845 15.99 161.366650  68.800895  2.739
 25    -0.146 53091.03148909 15.89 161.362680  68.797875  2.739
 25    -0.251 53091.03148974 15.47 161.358700  68.794845  2.739
 25    -0.229 53091.03149038 15.22 161.354730  68.791825  2.739
 25    -0.296 53091.03149103 14.95 161.350750  68.788795  2.739
 25    -0.254 53091.03149167 14.64 161.346780  68.785775  2.739
 25    -0.231 53091.03149232 14.47 161.342810  68.782745  2.739
 25    -0.299 53091.03149296 14.28 161.338840  68.779725  2.739
 25    -0.201 53091.03149361 14.03 161.334860  68.776695  2.739
 25    -0.109 53091.03149425 13.45 161.330893  68.773671  2.522
 25    -0.107 53091.03149490 13.55 161.326933  68.770651  2.522
 25    -0.069 53091.03149554 13.46 161.322963  68.767621  2.522
 25     0.043 53091.03149619 13.79 161.318993  68.764601  2.522
 25    -0.304 53091.03149683 13.91 161.315033  68.761571  2.522
 25    -0.227 53091.03149748 13.89 161.311073  68.758551  2.522
 25    -0.355 53091.03149812 14.53 161.307103  68.755521  2.522
 25    -0.272 53091.03149876 14.40 161.303143  68.752491  2.522
 25    -0.195 53091.03149941 14.41 161.299183  68.749471  2.522
 25    -0.114 53091.03150005 14.95 161.295223  68.746441  2.522
 25    -0.112 53091.03150070 14.58 161.291263  68.743421  2.522
 25    -0.007 53091.03150134 14.39 161.287303  68.740391  2.522
 25    -0.031 53091.03150199 14.83 161.283353  68.737361  2.522
 25     0.052 53091.03150263 14.54 161.279393  68.734341  2.522
 25     0.123 53091.03150328 14.97 161.275443  68.731311  2.522
 25     0.155 53091.03150392 14.48 161.271483  68.728291  2.522
 25     0.386 53091.03150457 14.61 161.267533  68.725261  2.522
 25     0.563 53091.03150521 14.44 161.263583  68.722231  2.522
 25     1.069 53091.03150586 14.05 161.259633  68.719211  2.522
 25     1.449 53091.03150650 14.22 161.255683  68.716181  2.522
 26     0.888 53126.03147570 10.47 161.292039  68.716977  2.703
 26     1.492 53126.03147635  9.76 161.288089  68.713947  2.703
 26     1.341 53126.03147699  9.97 161.284139  68.710917  2.703
 26     0.906 53126.03147764 10.54 161.280185  68.707898  2.100
 27     3.975 53161.03152421 16.32 161.359782  68.781681  8.438
 27     3.976 53161.03152485 20.04 161.355812  68.778651  8.438
 27     4.059 53161.03152550 22.00 161.351832  68.775631  8.438
 27     4.125 53161.03152614 24.01 161.347861  68.772602 21.193
 27     4.181 53161.03152679 26.80 161.343891  68.769582 21.193
 27     4.133 53161.03152743 23.53 161.339921  68.766552 21.193
 27     4.299 53161.03152808 20.13 161.335961  68.763532 21.193
 27     4.004 53161.03152872 18.36 161.331991  68.760502 21.193
 27     4.015 53161.03153130 25.08 161.316131  68.748402 21.193
 27     4.116 53161.03153195 30.52 161.312171  68.745372 21.193
 27     4.118 53161.03153259 35.36 161.308211  68.742352 21.193
 27     4.205 53161.03153324 38.71 161.304251  68.739322 21.193
 27     4.050 53161.03153388 35.14 161.300291  68.736302 21.193
 27     4.097 53161.03153452 31.39 161.296331  68.733272 21.193
 27     3.956 53161.03153517 31.96 161.292381  68.730242 21.193
 27     4.074 53161.03153581 32.12 161.288421  68.727222 21.193
 27     4.216 53161.03153646 35.71 161.284461  68.724192 21.193
 27     4.172 53161.03153710 40.04 161.280511  68.721172 21.193
 27     4.201 53161.03153775 43.84 161.276561  68.718142 21.193
 27     4.300 53161.03153839 43.42 161.272611  68.715112 21.193
 27     4.226 53161.03153904 46.71 161.268654  68.712091 42.474
 28     1.727 53196.03152195 20.36 161.363890  68.780484 10.416
 28     1.717 53196.03152260 26.03 161.359920  68.777464 10.416
 28     1.677 53196.03152324 29.78 161.355956  68.774437 19.845
 28     1.669 53196.03152389 28.43 161.351986  68.771417 19.845
 28     1.832 53196.03152453 31.24 161.348016  68.768387 19.845
 28     1.766 53196.03152518 20.63 161.344046  68.765367 19.845
 28     2.622 53196.03152969 20.46 161.316296  68.744187 19.845
 28     3.916 53196.03153420 19.51 161.288596  68.722997 19.845
 28     3.877 53196.03153485 15.81 161.284646  68.719977 19.845
 28     2.252 53196.03153549 17.07 161.280696  68.716947 19.845
 28     2.538 53196.03153613 17.51 161.276737  68.713925 27.372
 28     2.702 53196.03153678 24.26 161.272787  68.710895 27.372
 29     1.094 53231.03150607 15.28 161.364042  68.781015 12.019
 29     1.218 53231.03150672 20.42 161.360062  68.777995 12.019
 29     0.870 53231.03150736 26.31 161.356102  68.774965 12.019
 29     0.828 53231.03150800 17.09 161.352132  68.771945 12.019
 29     0.886 53231.03150865 12.04 161.348162  68.768915 12.019
 29     0.866 53231.03150929 13.06 161.344188  68.765890 12.456
 29     2.626 53231.03151381 18.56 161.316448  68.744710 12.456
 29     3.568 53231.03151832 25.54 161.288748  68.723530 12.456
 29     3.971 53231.03151896 17.69 161.284798  68.720510 12.456
 29     1.815 53231.03151961 17.96 161.280848  68.717480 12.456
 29     0.856 53231.03152025 23.25 161.276898  68.714450 12.456
 29     0.884 53231.03152090 30.73 161.272948  68.711430 12.456
 30     0.063 53266.03147241 24.38 161.367097  68.801730 13.638
 30     0.022 53266.03147305 23.50 161.363117  68.798710 13.638
 30    -0.095 53266.03147370 21.88 161.359147  68.795680 13.638
 30    -0.432 53266.03147434 23.47 161.355167  68.792660 13.638
 30    -0.733 53266.03147499 21.99 161.351197  68.789630 13.638
 30    -0.445 53266.03147563 23.58 161.347227  68.786610 13.638
 30    -0.236 53266.03147628 26.53 161.343257  68.783580 13.638
 30    -0.211 53266.03147692 27.27 161.339287  68.780560 13.638
 30    -0.203 53266.03147757 28.76 161.335317  68.777530 13.638
 30    -0.104 53266.03147821 27.45 161.331347  68.774510 13.638
 30    -0.094 53266.03147886 28.99 161.327377  68.771480 13.638
 30    -0.040 53266.03147950 30.26 161.323416  68.768458 18.043
 30    -0.095 53266.03148015 27.38 161.319446  68.765428 18.043
 30     0.018 53266.03148079 25.10 161.315486  68.762408 18.043
 30    -0.060 53266.03148143 23.10 161.311516  68.759378 18.043
 30    -0.131 53266.03148208 18.50 161.307556  68.756348 18.043
 30    -0.023 53266.03148272 18.88 161.303596  68.753328 18.043
 30     0.083 53266.03148337 21.95 161.299636  68.750298 18.043
 30     0.115 53266.03148401 24.99 161.295676  68.747278 18.043
 30     0.059 53266.03148466 26.48 161.291716  68.744248 18.043
 30     0.123 53266.03148530 26.71 161.287766  68.741218 18.043
 30     0.190 53266.03148595 23.00 161.283806  68.738198 18.043
 30     0.099 53266.03148659 23.23 161.279856  68.735168 18.043
 30    -0.058 53266.03148724 24.84 161.275896  68.732138 18.043
 30    -0.187 53266.03148788 28.86 161.271946  68.729118 18.043
 30     0.095 53266.03148853 28.32 161.267996  68.726088 18.043
 30     0.322 53266.03148917 29.20 161.264046  68.723058 18.043
 30     0.394 53266.03148982 32.79 161.260096  68.720038 18.043
 30     0.519 53266.03149046 33.62 161.256146  68.717008 18.043
 31     0.285 53301.03152638 21.43 161.360082  68.778916  3.526
 31     0.292 53301.03152702 21.55 161.356112  68.775886  3.526
 31     0.281 53301.03152767 21.65 161.352142  68.772866  3.526
 31     0.328 53301.03152831 21.79 161.348162  68.769836  3.526
 31     0.273 53301.03152895 21.58 161.344192  68.766816  3.526
 31     0.249 53301.03152960 21.93 161.340231  68.763788  3.734
 31     0.422 53301.03153347 22.12 161.316431  68.745638  3.734
 31     0.603 53301.03153605 22.70 161.300591  68.733538  3.734
 31     1.531 53301.03153734 22.90 161.292681  68.727488  3.734
 31     0.400 53301.03153798 23.98 161.288721  68.724458  3.734
 31     1.661 53301.03153862 23.17 161.284761  68.721428  3.734
 31     0.724 53301.03153927 23.77 161.280811  68.718408  3.734
 31     0.841 53301.03153991 24.95 161.276861  68.715378  3.734
 31     0.826 53301.03154056 23.98 161.272911  68.712348  3.734
 32    -0.201 53336.03149636 13.28 161.361447  68.782948  2.485
 32    -0.229 53336.03149700 13.05 161.357477  68.779928  2.485
 32    -0.105 53336.03149765 13.39 161.353507  68.776898  2.485
 32     0.015 53336.03149829 13.21 161.349537  68.773878  2.485
 32     0.034 53336.03149894 13.06 161.345567  68.770847  2.579
 32     0.048 53336.03149958 13.28 161.341597  68.767827  2.579
 32     0.025 53336.03150023 13.17 161.337627  68.764797  2.579
 32     0.065 53336.03150087 13.55 161.333667  68.761777  2.579
 32    -0.080 53336.03150410 13.97 161.313847  68.746647  2.579
 32     0.201 53336.03150474 13.97 161.309887  68.743617  2.579
 32     3.051 53336.03150538 14.24 161.305927  68.740597  2.579
 32     3.563 53336.03150603 14.13 161.301967  68.737567  2.579
 32     3.248 53336.03150667 14.35 161.298007  68.734547  2.579
 32     1.362 53336.03150732 14.34 161.294057  68.731517  2.579
 32     1.514 53336.03150796 15.57 161.290097  68.728487  2.579
 32     1.725 53336.03150861 14.73 161.286147  68.725467  2.579
 32     1.706 53336.03150925 14.84 161.282197  68.722437  2.579
 32     1.749 53336.03150990 14.73 161.278237  68.719407  2.579
 32     1.370 53336.03151054 14.70 161.274287  68.716387  2.579
 32     2.031 53336.03151119 14.51 161.270337  68.713357  2.579
 32     2.561 53336.03151183 14.65 161.266392  68.710333  2.300
 33    -0.061 53371.03143111 13.15 161.367292  68.797641  2.342
 33    -0.290 53371.03143175 13.21 161.363312  68.794621  2.342
 33    -0.497 53371.03143239 13.07 161.359342  68.791591  2.342
 33    -0.788 53371.03143304 12.98 161.355362  68.788571  2.342
 33    -0.567 53371.03143368 12.82 161.351392  68.785541  2.342
 33    -0.435 53371.03143433 12.37 161.347422  68.782521  2.342
 33    -0.407 53371.03143497 12.36 161.343452  68.779491  2.342
 33    -0.385 53371.03143562 12.63 161.339482  68.776471  2.342
 33    -0.188 53371.03143626 12.45 161.335512  68.773441  2.342
 33    -0.137 53371.03143691 12.60 161.331544  68.770423  2.498
 33    -0.111 53371.03143755 12.55 161.327584  68.767393  2.498
 33    -0.294 53371.03143820 13.06 161.323614  68.764363  2.498
 33    -0.397 53371.03143884 13.54 161.319654  68.761343  2.498
 33    -0.377 53371.03143949 13.52 161.315694  68.758313  2.498
 33    -0.338 53371.03144013 13.61 161.311734  68.755293  2.498
 33    -0.254 53371.03144078 13.77 161.307764  68.752263  2.498
 33    -0.240 53371.03144142 13.68 161.303814  68.749233  2.498
 33    -0.252 53371.03144206 13.89 161.299854  68.746213  2.498
 33    -0.294 53371.03144271 14.22 161.295894  68.743183  2.498
 33    -0.118 53371.03144335 13.79 161.291934  68.740163  2.498
 33    -0.000 53371.03144400 13.92 161.287984  68.737133  2.498
 33     0.093 53371.03144464 14.50 161.284024  68.734103  2.498
 33     0.551 53371.03144529 14.36 161.280074  68.731083  2.498
 33     0.804 53371.03144593 13.95 161.276114  68.728053  2.498
 33     1.000 53371.03144658 13.75 161.272164  68.725023  2.498
 33     0.982 53371.03144722 14.31 161.268214  68.722003  2.498
 33     1.192 53371.03144787 14.30 161.264264  68.718973  2.498
 33     1.536 53371.03144851 13.92 161.260314  68.715943  2.498
 35    -0.208 53441.03145227 12.49 161.369902  68.799390  2.207
 35    -0.255 53441.03145291 11.99 161.365932  68.796370  2.207
 35    -0.293 53441.03145356 11.94 161.361952  68.793340  2.207
 35    -0.643 53441.03145420 11.81 161.357982  68.790320  2.207
 35    -0.778 53441.03145485 11.66 161.354012  68.787290  2.207
 35    -0.933 53441.03145549 11.57 161.350032  68.784270  2.207
 35    -1.194 53441.03145614 11.60 161.346062  68.781240  2.207
 35    -1.078 53441.03145678 11.69 161.342092  68.778220  2.207
 35    -0.851 53441.03145742 11.68 161.338122  68.775190  2.207
 35    -1.602 53441.03145807 11.68 161.334156  68.772174  2.498
 35    -0.796 53441.03145871 12.06 161.330196  68.769144  2.498
 35    -0.495 53441.03145936 12.23 161.326226  68.766114  2.498
 35    -0.298 53441.03146000 12.43 161.322266  68.763094  2.498
 35    -0.433 53441.03146065 12.76 161.318296  68.760064  2.498
 35    -0.734 53441.03146129 12.93 161.314336  68.757044  2.498
 35    -0.592 53441.03146194 13.15 161.310376  68.754014  2.498
 35    -0.355 53441.03146258 13.45 161.306416  68.750984  2.498
 35    -0.059 53441.03146323 13.26 161.302456  68.747964  2.498
 35    -0.261 53441.03146387 14.20 161.298496  68.744934  2.498
 35    -0.046 53441.03146452 14.43 161.294536  68.741914  2.498
 35     0.080 53441.03146516 14.96 161.290586  68.738884  2.498
 35     0.736 53441.03146581 14.19 161.286626  68.735854  2.498
 35     0.813 53441.03146645 13.96 161.282666  68.732834  2.498
 35     0.959 53441.03146709 14.02 161.278716  68.729804  2.498
 35     1.064 53441.03146774 14.29 161.274766  68.726774  2.498
 35     1.260 53441.03146838 14.23 161.270816  68.723754  2.498
 35     1.213 53441.03146903 14.15 161.266866  68.720724  2.498
 35     1.289 53441.03146967 13.87 161.262916  68.717694  2.498
 35     1.558 53441.03147032 14.35 161.258966  68.714674  2.498
 36    -1.930 53476.03152235  9.40 161.362433  68.779298  2.289
 36    -1.167 53476.03152300  9.21 161.358455  68.776275  2.029
 36    -1.297 53476.03152364  9.42 161.354485  68.773245  2.029
 36    -2.288 53476.03152429  9.64 161.350515  68.770225  2.029
 36    -2.732 53476.03152493  9.64 161.346545  68.767195  2.029
 36    -0.863 53476.03152558  9.61 161.342575  68.764175  2.029
 36     2.311 53476.03153396 10.92 161.291075  68.724845  2.029
 36     2.442 53476.03153460 11.16 161.287115  68.721815  2.029
 36     2.078 53476.03153525 11.53 161.283165  68.718785  2.029
 36     2.054 53476.03153589 11.65 161.279211  68.715768  2.239
 36     2.023 53476.03153654 11.49 161.275261  68.712738  2.239
 36     2.588 53476.03153718 11.37 161.271311  68.709708  2.239
 38     0.334 53546.03155207 16.66 161.362207  68.788363 10.028
 38     0.428 53546.03155272 12.97 161.358237  68.785333 10.028
 38     0.829 53546.03155336 14.47 161.354267  68.782313 10.028
 38     0.708 53546.03155401 17.99 161.350297  68.779283 10.028
 38     0.883 53546.03155465 19.48 161.346317  68.776263 10.028
 38     0.891 53546.03155530 14.64 161.342346  68.773231  7.196
 38     1.040 53546.03155594 13.20 161.338386  68.770211  7.196
 38     0.881 53546.03155659 12.61 161.334416  68.767181  7.196
 38     0.819 53546.03155723 14.89 161.330446  68.764161  7.196
 38     0.789 53546.03155788 21.40 161.326476  68.761131  7.196
 38     1.091 53546.03155981 13.81 161.314586  68.752051  7.196
 38     0.922 53546.03156046 18.48 161.310626  68.749031  7.196
 38     1.771 53546.03156110 16.84 161.306666  68.746001  7.196
 38     2.752 53546.03156174 13.38 161.302706  68.742981  7.196
 38     3.130 53546.03156239 13.46 161.298746  68.739951  7.196
 38     3.376 53546.03156303 17.00 161.294786  68.736931  7.196
 38     3.288 53546.03156368 18.05 161.290836  68.733901  7.196
 38     3.330 53546.03156432 17.34 161.286876  68.730871  7.196
 38     0.927 53546.03156497 24.39 161.282926  68.727851  7.196
 38     0.804 53546.03156561 24.35 161.278966  68.724821  7.196
 38     1.789 53546.03156626 19.17 161.275016  68.721791  7.196
 38     2.074 53546.03156690 18.65 161.271066  68.718771  7.196
 38     2.362 53546.03156755 19.17 161.267116  68.715741  7.196
 38     2.125 53546.03156819 25.43 161.263159  68.712716 25.880
 39    -0.283 53581.03152632 22.60 161.361993  68.787203 21.607
 39     0.075 53581.03152696 24.53 161.358013  68.784183 21.607
 39     0.194 53581.03152761 28.78 161.354043  68.781153 21.607
 39     0.255 53581.03152825 32.48 161.350073  68.778133 21.607
 39     0.251 53581.03152890 33.96 161.346103  68.775103 21.607
 39     0.238 53581.03152954 33.42 161.342133  68.772083 21.607
 39     0.282 53581.03153019 32.58 161.338170  68.769049 32.959
 39     0.358 53581.03153083 33.10 161.334200  68.766029 32.959
 39     0.386 53581.03153147 36.58 161.330230  68.762999 32.959
 39     0.441 53581.03153212 30.62 161.326270  68.759979 32.959
 39     0.137 53581.03153405 22.81 161.314380  68.750899 32.959
 39     0.262 53581.03153470 26.66 161.310420  68.747869 32.959
 39     0.304 53581.03153534 37.45 161.306460  68.744849 32.959
 39     0.336 53581.03153599 36.03 161.302500  68.741819 32.959
 39     0.362 53581.03153663 28.51 161.298540  68.738799 32.959
 39     0.487 53581.03153728 29.94 161.294580  68.735769 32.959
 39     0.386 53581.03153792 29.63 161.290630  68.732749 32.959
 39     0.283 53581.03153857 32.19 161.286670  68.729719 32.959
 39     0.338 53581.03153921 27.03 161.282720  68.726689 32.959
 39     0.280 53581.03153986 25.77 161.278770  68.723669 32.959
 39    -0.014 53581.03154050 28.56 161.274810  68.720639 32.959
 39     0.183 53581.03154114 33.96 161.270860  68.717609 32.959
 39     0.293 53581.03154179 33.16 161.266910  68.714589 32.959
 39     0.564 53581.03154243 29.91 161.262960  68.711559 32.959
 40     0.676 53616.03147855 17.62 161.368144  68.801013  5.317
 40     0.902 53616.03147919 17.63 161.364174  68.797983  5.317
 40     0.965 53616.03147984 14.38 161.360194  68.794963  5.317
 40     0.821 53616.03148048 13.45 161.356224  68.791933  5.317
 40     0.763 53616.03148113 12.67 161.352244  68.788913  5.317
 40     0.852 53616.03148177 11.64 161.348274  68.785883  5.317
 40     0.878 53616.03148242 11.85 161.344304  68.782863  5.317
 40     0.926 53616.03148306 12.02 161.340334  68.779833  5.317
 40     0.906 53616.03148370 11.91 161.336364  68.776813  5.317
 40     0.906 53616.03148435 12.00 161.332394  68.773783  5.317
 40     0.803 53616.03148499 13.25 161.328427  68.770764  4.355
 40     0.882 53616.03148564 12.46 161.324457  68.767734  4.355
 40     0.885 53616.03148628 13.19 161.320497  68.764704  4.355
 40     0.841 53616.03148693 13.88 161.316527  68.761684  4.355
 40     0.657 53616.03148757 15.25 161.312567  68.758654  4.355
 40     0.805 53616.03148822 14.86 161.308607  68.755634  4.355
 40     0.812 53616.03148886 15.55 161.304647  68.752604  4.355
 40     1.151 53616.03148951 14.19 161.300687  68.749574  4.355
 40     1.202 53616.03149015 14.58 161.296727  68.746554  4.355
 40     1.649 53616.03149080 16.36 161.292767  68.743524  4.355
 40     2.394 53616.03149144 16.88 161.288807  68.740504  4.355
 40     2.505 53616.03149209 17.27 161.284857  68.737474  4.355
 40     2.622 53616.03149273 15.82 161.280897  68.734444  4.355
 40     2.563 53616.03149337 16.36 161.276947  68.731424  4.355
 40     2.583 53616.03149402 17.24 161.272987  68.728394  4.355
 40     3.083 53616.03149466 17.43 161.269037  68.725364  4.355
 40     3.627 53616.03149531 18.05 161.265087  68.722344  4.355
 40     3.892 53616.03149595 19.87 161.261137  68.719314  4.355
 40     3.974 53616.03149660 23.68 161.257187  68.716284  4.355
 41    -0.125 53651.03149594 41.25 161.366789  68.778114 29.612
 41     0.266 53651.03149659 36.23 161.362819  68.775094 29.612
 41     0.317 53651.03149723 34.18 161.358850  68.772068 19.329
 41     0.302 53651.03149788 35.96 161.354880  68.769048 19.329
 41     0.248 53651.03150819 48.13 161.291490  68.720638 19.329
 41     0.621 53651.03150884 52.63 161.287540  68.717608 19.329
 41     0.252 53651.03150948 51.53 161.283580  68.714578 19.329
 41     0.309 53651.03151013 47.55 161.279636  68.711550 23.447
 41     0.183 53651.03151077 48.11 161.275686  68.708530 23.447
 42    -0.414 53686.03150214 22.71 161.362290  68.786187  6.680
 42    -0.357 53686.03150278 22.17 161.358320  68.783157  6.680
 42    -0.393 53686.03150343 21.87 161.354350  68.780137  6.680
 42    -0.331 53686.03150407 21.90 161.350380  68.777107  6.680
 42    -0.304 53686.03150472 21.33 161.346400  68.774087  6.680
 42    -0.235 53686.03150536 21.67 161.342440  68.771057  6.680
 42    -0.287 53686.03150601 21.73 161.338470  68.768037  6.680
 42    -0.222 53686.03150665 21.93 161.334500  68.765007  6.680
 42    -0.248 53686.03150730 22.05 161.330530  68.761987  6.680
 42    -0.230 53686.03150988 24.41 161.314678  68.749879  7.695
 42    -0.229 53686.03151052 24.76 161.310718  68.746859  7.695
 42    -0.254 53686.03151117 24.94 161.306748  68.743829  7.695
 42    -0.110 53686.03151181 25.23 161.302798  68.740809  7.695
 42     0.269 53686.03151245 24.62 161.298838  68.737779  7.695
 42    -0.123 53686.03151310 25.30 161.294878  68.734749  7.695
 42    -0.145 53686.03151374 26.49 161.290918  68.731729  7.695
 42    -0.175 53686.03151439 29.96 161.286968  68.728699  7.695
 42    -0.092 53686.03151503 32.62 161.283008  68.725679  7.695
 42    -0.231 53686.03151568 32.23 161.279058  68.722649  7.695
 42    -0.178 53686.03151632 31.03 161.275108  68.719619  7.695
 42    -0.197 53686.03151697 31.52 161.271158  68.716599  7.695
 42    -0.277 53686.03151761 28.51 161.267198  68.713569  7.695
 43     0.024 53721.03142581 21.02 161.371221  68.797993  4.130
 43     0.076 53721.03142646 20.11 161.367241  68.794973  4.130
 43     0.010 53721.03142710 19.90 161.363271  68.791943  4.130
 43    -0.071 53721.03142775 19.67 161.359291  68.788923  4.130
 43    -0.153 53721.03142839 19.16 161.355321  68.785893  4.130
 43    -0.120 53721.03142904 18.83 161.351351  68.782873  4.130
 43    -0.177 53721.03142968 18.32 161.347381  68.779843  4.130
 43    -0.158 53721.03143033 18.33 161.343411  68.776823  4.130
 43    -0.080 53721.03143097 18.27 161.339441  68.773793  4.130
 43     0.012 53721.03143162 18.04 161.335473  68.770776  3.993
 43     0.316 53721.03143226 18.27 161.331503  68.767746  3.993
 43     0.234 53721.03143290 18.54 161.327543  68.764716  3.993
 43     0.253 53721.03143355 18.68 161.323573  68.761696  3.993
 43    -0.034 53721.03143419 18.73 161.319613  68.758666  3.993
 43    -0.172 53721.03143484 19.50 161.315653  68.755646  3.993
 43    -0.132 53721.03143548 20.01 161.311693  68.752616  3.993
 43    -0.147 53721.03143613 20.12 161.307733  68.749586  3.993
 43    -0.201 53721.03143677 21.17 161.303773  68.746566  3.993
 43    -0.159 53721.03143742 21.40 161.299813  68.743536  3.993
 43    -0.152 53721.03143806 22.04 161.295853  68.740516  3.993
 43    -0.103 53721.03143871 22.14 161.291903  68.737486  3.993
 43    -0.013 53721.03143935 23.32 161.287943  68.734456  3.993
 43     0.070 53721.03144000 23.14 161.283983  68.731436  3.993
 43     0.111 53721.03144064 24.33 161.280033  68.728406  3.993
 43     0.140 53721.03144129 24.50 161.276083  68.725376  3.993
 43     0.301 53721.03144193 24.76 161.272133  68.722356  3.993
 43     0.102 53721.03144258 25.35 161.268183  68.719326  3.993
 43     0.592 53721.03144322 23.68 161.264233  68.716296  3.993
 43     1.109 53721.03144386 22.91 161.260283  68.713276  3.993
 44     2.159 53756.03137047 18.88 161.296283  68.715068  2.474
 44     0.272 53756.03137112 19.32 161.292323  68.712038  2.474
 44     1.724 53756.03137176 19.46 161.288373  68.709008  2.474
 44     0.929 53756.03137241 19.67 161.284429  68.705989  3.059
 45    -0.453 53791.03138455 12.01 161.361995  68.780862  2.231
 45    -0.280 53791.03138519 12.07 161.358025  68.777832  2.231
 45    -0.050 53791.03138584 12.07 161.354055  68.774812  2.231
 45    -0.106 53791.03138648 12.17 161.350083  68.771781  2.154
 45     0.112 53791.03138713 11.95 161.346113  68.768761  2.154
 45     0.123 53791.03138777 12.16 161.342143  68.765731  2.154
 45     0.219 53791.03138842 11.82 161.338183  68.762711  2.154
 45     0.009 53791.03139228 12.57 161.314403  68.744551  2.154
 45     0.577 53791.03139486 12.88 161.298573  68.732451  2.154
 45     1.643 53791.03139551 13.67 161.294613  68.729421  2.154
 45     1.718 53791.03139615 13.27 161.290663  68.726401  2.154
 45     1.818 53791.03139680 13.48 161.286713  68.723371  2.154
 45     0.803 53791.03139744 13.83 161.282753  68.720341  2.154
 45     1.287 53791.03139809 13.75 161.278803  68.717321  2.154
 45     0.791 53791.03139873 13.87 161.274853  68.714291  2.154
 45     2.161 53791.03139937 13.93 161.270905  68.711267  2.137
 46     2.307 53826.03135784 15.39 161.298425  68.713843  2.411
 46     0.001 53826.03135849 15.80 161.294475  68.710823  2.411
 46     1.862 53826.03135913 15.33 161.290525  68.707793  2.411
 46     1.120 53826.03135978 16.07 161.286575  68.704763  2.411
 47     0.408 53861.03143584 11.59 161.363249  68.778743  2.230
 47     0.210 53861.03143648 11.83 161.359279  68.775723  2.230
 47     0.235 53861.03143713 11.78 161.355309  68.772693  2.230
 47     0.358 53861.03143777 12.07 161.351329  68.769673  2.230
 47     0.362 53861.03143841 11.50 161.347369  68.766643  2.230
 47     1.850 53861.03144808 13.97 161.287935  68.721261  2.343
 47     1.768 53861.03144873 13.79 161.283985  68.718231  2.343
 47     1.539 53861.03144937 13.95 161.280035  68.715211  2.343
 47     2.132 53861.03145002 14.00 161.276085  68.712181  2.343
 48     3.392 53896.03145552 25.08 161.364397  68.777557 12.785
 48     3.593 53896.03145617 27.89 161.360426  68.774531 17.428
 48     3.500 53896.03145681 23.43 161.356456  68.771511 17.428
 48     3.511 53896.03145745 17.45 161.352486  68.768481 17.428
 48     4.230 53896.03146777 23.89 161.289106  68.720071 17.428
 48     3.639 53896.03146841 21.61 161.285156  68.717041 17.428
 48     3.003 53896.03146906 22.13 161.281200  68.714022 36.581
 48     3.300 53896.03146970 23.43 161.277250  68.710992 36.581
 49     1.468 53931.03150352 16.04 161.370519  68.796271  4.585
 49     1.472 53931.03150416 14.76 161.366539  68.793241  4.585
 49     1.363 53931.03150481 12.66 161.362559  68.790221  4.585
 49     1.101 53931.03150545 12.96 161.358589  68.787191  4.585
 49     1.326 53931.03150610 12.59 161.354609  68.784171  4.585
 49     1.133 53931.03150674 16.78 161.350639  68.781141  4.585
 49     2.533 53931.03150739 13.40 161.346669  68.778121  4.585
 49     1.147 53931.03150803 14.53 161.342699  68.775091  4.585
 49     1.307 53931.03150867 13.05 161.338729  68.772071  4.585
 49     1.373 53931.03150932 12.58 161.334759  68.769041  4.585
 49     1.411 53931.03150996 14.90 161.330789  68.766021  4.585
 49     1.342 53931.03151061 12.29 161.326819  68.762991  4.585
 49     1.351 53931.03151125 10.72 161.322856  68.759972  5.442
 49     1.173 53931.03151190 10.70 161.318886  68.756942  5.442
 49    16.618 53931.03151254 10.73 161.314926  68.753912  5.442
 49     1.560 53931.03151319 11.63 161.310966  68.750892  5.442
 49     1.798 53931.03151383 12.08 161.306996  68.747862  5.442
 49     2.488 53931.03151448 11.91 161.303036  68.744842  5.442
 49     2.971 53931.03151512 12.24 161.299076  68.741812  5.442
 49     3.253 53931.03151577 12.81 161.295116  68.738792  5.442
 49     3.292 53931.03151641 14.95 161.291156  68.735762  5.442
 49     3.305 53931.03151706 15.49 161.287206  68.732732  5.442
 49     3.417 53931.03151770 15.81 161.283246  68.729712  5.442
 49     3.272 53931.03151834 15.35 161.279296  68.726682  5.442
 49     3.087 53931.03151899 15.78 161.275336  68.723652  5.442
 49     2.356 53931.03151963 18.37 161.271386  68.720632  5.442
 49     2.478 53931.03152028 19.69 161.267436  68.717602  5.442
 49     3.537 53931.03152092 20.00 161.263486  68.714572  5.442
 49     2.623 53931.03152157 23.44 161.259536  68.711552  5.442
 50     6.163 53966.03148056 23.73 161.367303  68.795196  9.608
 50     6.287 53966.03148120 20.88 161.363333  68.792166  9.608
 50     0.563 53966.03148185 18.63 161.359353  68.789146  9.608
 50     0.572 53966.03148249 13.53 161.355383  68.786116  9.608
 50     0.849 53966.03148314 14.03 161.351413  68.783096  9.608
 50     2.250 53966.03148378 16.10 161.347433  68.780066  9.608
 50     0.791 53966.03148443 17.95 161.343463  68.777046  9.608
 50     0.989 53966.03148507 16.30 161.339493  68.774016  9.608
 50     0.972 53966.03148572 15.30 161.335523  68.770996  9.608
 50     0.761 53966.03148636 14.15 161.331563  68.767966  9.608
 50     0.797 53966.03148701 15.72 161.327593  68.764946  9.608
 50     0.809 53966.03148765 15.94 161.323623  68.761916  9.608
 50     1.013 53966.03148830 13.66 161.319666  68.758896  5.776
 50    16.660 53966.03148959 13.87 161.311736  68.752846  5.776
 50     5.043 53966.03149023 14.88 161.307776  68.749816  5.776
 50     4.175 53966.03149087 14.47 161.303816  68.746786  5.776
 50    21.523 53966.03149152 14.48 161.299856  68.743766  5.776
 50     2.943 53966.03149216 14.83 161.295896  68.740736  5.776
 50     3.278 53966.03149281 15.64 161.291936  68.737716  5.776
 50     3.171 53966.03149345 16.24 161.287976  68.734686  5.776
 50     3.267 53966.03149410 16.99 161.284026  68.731656  5.776
 50     1.053 53966.03149474 21.58 161.280066  68.728636  5.776
 50     1.730 53966.03149539 22.52 161.276116  68.725606  5.776
 50     2.264 53966.03149603 20.90 161.272166  68.722576  5.776
 50     3.366 53966.03149668 19.26 161.268206  68.719556  5.776
 50     3.562 53966.03149732 20.67 161.264256  68.716526  5.776
 50     3.568 53966.03149797 23.23 161.260306  68.713496  5.776
 51     0.531 54001.03145725 21.91 161.296600  68.711266 19.548
 51     2.691 54001.03145790 18.08 161.292650  68.708246 19.548
 51     3.364 54001.03145854 17.64 161.288700  68.705216 19.548
 52    -0.254 54036.03148531 25.64 161.364742  68.776469  8.726
 52    -0.314 54036.03148595 26.22 161.360772  68.773449  8.726
 52    -0.341 54036.03148660 26.57 161.356802  68.770419  8.726
 52    -0.086 54036.03149756 37.28 161.289460  68.718986 13.168
 52    -0.059 54036.03149820 38.65 161.285510  68.715956 13.168
 52    -0.188 54036.03149885 38.36 161.281560  68.712936 13.168
 52    -0.071 54036.03149949 34.61 161.277600  68.709906 13.168
 53     0.194 54071.03147933 21.11 161.359692  68.779258  3.081
 53     0.202 54071.03147998 20.84 161.355712  68.776228  3.081
 53     0.284 54071.03148062 20.59 161.351742  68.773208  3.081
 53     0.351 54071.03148127 20.87 161.347772  68.770188  3.081
 53     0.427 54071.03148191 20.24 161.343812  68.767158  3.081
 53     0.174 54071.03148256 20.08 161.339842  68.764138  3.081
 53    -0.226 54071.03148643 19.98 161.316055  68.745984  3.028
 53     0.613 54071.03148900 19.82 161.300225  68.733874  3.028
 53     0.888 54071.03148965 19.97 161.296265  68.730854  3.028
 53     1.453 54071.03149029 20.28 161.292315  68.727824  3.028
 53     0.866 54071.03149094 20.27 161.288355  68.724794  3.028
 53     1.136 54071.03149158 20.13 161.284405  68.721774  3.028
 53     1.084 54071.03149223 19.65 161.280455  68.718744  3.028
 53     1.322 54071.03149287 19.46 161.276505  68.715724  3.028
 53     0.823 54071.03149352 19.86 161.272555  68.712694  3.028
 54     0.335 54106.03142822 16.35 161.364888  68.798278  3.110
 54     0.238 54106.03142887 16.22 161.360908  68.795258  3.110
 54    -0.012 54106.03142951 16.71 161.356938  68.792228  3.110
 54    -0.027 54106.03143016 15.99 161.352958  68.789208  3.110
 54     0.168 54106.03143080 15.82 161.348988  68.786178  3.110
 54     0.330 54106.03143145 15.69 161.345018  68.783158  3.110
 54     0.289 54106.03143209 16.31 161.341048  68.780128  3.110
 54     0.066 54106.03143274 16.14 161.337078  68.777108  3.110
 54     0.076 54106.03143338 16.19 161.333108  68.774078  3.110
 54     0.284 54106.03143403 16.17 161.329148  68.771058  3.110
 54     0.392 54106.03143467 15.54 161.325178  68.768028  3.110
 54     0.427 54106.03143532 15.75 161.321208  68.764998  3.110
 54     0.392 54106.03143596 15.81 161.317248  68.761978  3.110
 54     0.198 54106.03143660 16.00 161.313285  68.758952  2.539
 54     0.028 54106.03143725 16.18 161.309325  68.755922  2.539
 54     0.093 54106.03143789 15.92 161.305365  68.752902  2.539
 54     0.273 54106.03143854 16.61 161.301405  68.749872  2.539
 54     0.422 54106.03143918 16.74 161.297445  68.746852  2.539
 54     0.589 54106.03143983 16.64 161.293485  68.743822  2.539
 54     0.341 54106.03144047 16.64 161.289525  68.740792  2.539
 54     0.206 54106.03144112 17.06 161.285575  68.737772  2.539
 54     0.242 54106.03144176 16.62 161.281615  68.734742  2.539
 54     0.259 54106.03144241 16.91 161.277665  68.731712  2.539
 54     0.395 54106.03144305 16.87 161.273705  68.728692  2.539
 54     0.797 54106.03144370 16.94 161.269755  68.725662  2.539
 54     1.081 54106.03144434 16.16 161.265805  68.722632  2.539
 54     1.269 54106.03144499 15.79 161.261855  68.719612  2.539
 54     1.532 54106.03144563 15.90 161.257905  68.716582  2.539
 55     0.698 54141.03141268 13.87 161.363134  68.775635  2.700
 55     0.554 54141.03141332 13.89 161.359154  68.772615  2.700
 55     0.289 54141.03141396 13.88 161.355184  68.769595  2.700
 55     2.158 54141.03142428 15.94 161.291788  68.721183  2.370
 55     2.047 54141.03142492 15.50 161.287838  68.718153  2.370
 55     1.598 54141.03142557 15.79 161.283888  68.715133  2.370
 55     1.534 54141.03142621 15.49 161.279938  68.712103  2.370
 55     1.242 54141.03142686 15.76 161.275988  68.709073  2.370
 56    15.097 54176.03140931 13.54 161.371126  68.796307  2.265
 56     0.691 54176.03141124 12.67 161.359206  68.787227  2.265
 56    13.505 54176.03141189 13.01 161.355236  68.784207  2.265
 56    13.743 54176.03141253 12.77 161.351256  68.781177  2.265
 56     0.923 54176.03141318 15.93 161.347286  68.778157  2.265
 56     0.614 54176.03141382 13.01 161.343316  68.775127  2.265
 56     0.198 54176.03141446 12.54 161.339356  68.772107  2.265
 56     0.202 54176.03141511 12.47 161.335386  68.769077  2.265
 56     0.442 54176.03141575 12.50 161.331416  68.766057  2.265
 56     0.402 54176.03141640 12.94 161.327456  68.763027  2.265
 56     0.212 54176.03141704 13.04 161.323486  68.760007  2.265
 56     0.092 54176.03141833 13.48 161.315556  68.753947  2.265
 56     0.139 54176.03141898 13.21 161.311596  68.750927  2.265
 56     0.386 54176.03141962 13.32 161.307636  68.747897  2.265
 56     0.447 54176.03142027 13.40 161.303676  68.744877  2.265
 56     0.425 54176.03142091 13.40 161.299724  68.741847  2.186
 56     0.456 54176.03142156 13.56 161.295764  68.738827  2.186
 56     0.765 54176.03142220 13.75 161.291804  68.735797  2.186
 56     0.961 54176.03142285 13.96 161.287854  68.732767  2.186
 56     1.054 54176.03142349 14.14 161.283894  68.729747  2.186
 56     0.883 54176.03142413 13.91 161.279944  68.726717  2.186
 56     1.335 54176.03142478 13.60 161.275994  68.723687  2.186
 56     1.134 54176.03142542 13.86 161.272034  68.720667  2.186
 56     0.933 54176.03142607 13.74 161.268084  68.717637  2.186
 56     1.169 54176.03142671 13.48 161.264134  68.714607  2.186
 56     2.643 54176.03142736 13.61 161.260194  68.711587  2.186
 57     0.794 54211.03141938 11.48 161.362215  68.776821  2.076
 57     0.641 54211.03142003 11.89 161.358235  68.773801  2.076
 57     0.438 54211.03142067 11.84 161.354265  68.770771  2.076
 57     0.221 54211.03142132 12.14 161.350295  68.767751  2.076
 57     1.927 54211.03143099 14.25 161.290867  68.722369  2.418
 57     1.909 54211.03143163 14.13 161.286917  68.719339  2.418
 57     1.182 54211.03143228 14.16 161.282967  68.716309  2.418
 57     1.380 54211.03143292 14.10 161.279007  68.713289  2.418
 57     2.099 54211.03143357 13.77 161.275057  68.710259  2.418
 58     3.499 54246.03144875 31.14 161.362138  68.779379 31.661
 58     3.498 54246.03144939 32.93 161.358158  68.776349 31.661
 58     3.543 54246.03145004 33.45 161.354188  68.773329 31.661
 58     3.549 54246.03145068 36.30 161.350218  68.770299 31.661
 58     3.617 54246.03145133 42.09 161.346248  68.767279 31.661
 58     3.663 54246.03145197 42.91 161.342288  68.764249 31.661
 58     3.631 54246.03146035 45.72 161.290795  68.724913 35.609
 58     3.652 54246.03146100 47.13 161.286835  68.721893 35.609
 58     3.565 54246.03146164 40.57 161.282885  68.718863 35.609
 58     3.461 54246.03146229 40.97 161.278935  68.715833 35.609
 58     3.539 54246.03146293 47.25 161.274985  68.712813 35.609
 58     3.546 54246.03146358 47.52 161.271035  68.709783 35.609
 60    11.521 54316.03145823 11.75 161.359541  68.780813  9.536
 60     1.133 54316.03145887 15.61 161.355571  68.777793  9.536
 60     0.922 54316.03145952 22.08 161.351601  68.774763  9.536
 60     0.853 54316.03146016 17.61 161.347631  68.771743  9.536
 60     1.169 54316.03146081 12.53 161.343661  68.768713  9.536
 60     1.700 54316.03146145 11.56 161.339691  68.765693  9.536
 60     2.733 54316.03146209 12.16 161.335721  68.762663  9.536
 60     3.733 54316.03146274 14.89 161.331761  68.759643  9.536
 60     6.686 54316.03146596 16.50 161.311951  68.744513  9.536
 60     4.444 54316.03146725 16.53 161.304032  68.738455 16.687
 60     3.684 54316.03146790 20.77 161.300072  68.735435 16.687
 60     3.343 54316.03146854 18.98 161.296112  68.732405 16.687
 60     3.241 54316.03146919 23.51 161.292162  68.729385 16.687
 60     0.916 54316.03146983 26.36 161.288202  68.726355 16.687
 60     1.558 54316.03147048 22.19 161.284252  68.723325 16.687
 60     0.781 54316.03147112 21.49 161.280302  68.720305 16.687
 60     0.760 54316.03147176 23.41 161.276342  68.717275 16.687
 60     0.986 54316.03147241 26.36 161.272392  68.714245 16.687
 60     1.020 54316.03147305 26.19 161.268442  68.711225 16.687
 61     0.938 54351.03142255 25.21 161.371653  68.797188  5.501
 61     6.338 54351.03142320 25.08 161.367683  68.794168  5.501
 61     6.351 54351.03142384 17.08 161.363703  68.791138  5.501
 61     6.026 54351.03142448 13.18 161.359733  68.788118  5.501
 61     5.348 54351.03142513 12.66 161.355763  68.785088  5.501
 61     0.891 54351.03142577 12.79 161.351783  68.782068  5.501
 61     0.898 54351.03142642 16.10 161.347813  68.779038  5.501
 61     1.049 54351.03142706 14.60 161.343843  68.776018  5.501
 61     0.930 54351.03142771 14.14 161.339873  68.772988  5.501
 61     0.847 54351.03142835 14.48 161.335913  68.769968  5.501
 61     0.764 54351.03142900 14.52 161.331943  68.766938  5.501
 61     0.609 54351.03142964 16.16 161.327973  68.763918  5.501
 61     0.752 54351.03143029 16.62 161.324013  68.760888  5.501
 61     0.840 54351.03143093 16.51 161.320053  68.757858  5.501
 61     1.392 54351.03143158 18.02 161.316083  68.754838  5.501
 61    -4.775 54351.03143222 18.98 161.312123  68.751808  5.501
 61    -4.987 54351.03143287 20.62 161.308163  68.748788  5.501
 61     0.089 54351.03143351 20.74 161.304203  68.745758  5.501
 61     4.294 54351.03143415 18.46 161.300243  68.742738  5.501
 61     3.162 54351.03143480 17.43 161.296288  68.739704 13.242
 61     3.178 54351.03143544 17.34 161.292328  68.736684 13.242
 61     3.074 54351.03143609 16.71 161.288378  68.733654 13.242
 61     3.128 54351.03143673 16.99 161.284418  68.730624 13.242
 61     2.360 54351.03143738 18.65 161.280468  68.727604 13.242
 61     1.982 54351.03143802 19.00 161.276518  68.724574 13.242
 61     2.038 54351.03143867 19.79 161.272558  68.721544 13.242
 61     1.936 54351.03143931 21.38 161.268608  68.718524 13.242
 61     2.522 54351.03143996 22.61 161.264658  68.715494 13.242
 61     2.471 54351.03144060 24.99 161.260708  68.712464 13.242
 62     0.224 54386.03139736 34.98 161.365162  68.779055 19.250
 62     0.187 54386.03139800 35.03 161.361192  68.776025 19.250
 62     0.198 54386.03139865 33.36 161.357222  68.773005 19.250
 62     0.291 54386.03139929 36.21 161.353242  68.769975 19.250
 62     0.325 54386.03139994 37.87 161.349282  68.766955 19.250
 62     0.161 54386.03140961 45.23 161.289859  68.721568 23.466
 62     0.362 54386.03141025 51.63 161.285909  68.718538 23.466
 62     0.379 54386.03141090 51.30 161.281959  68.715518 23.466
 62     0.283 54386.03141154 47.80 161.277999  68.712488 23.466
 62     0.152 54386.03141219 42.41 161.274049  68.709458 23.466
 63    -0.250 54421.03137409 24.82 161.362239  68.788871  4.953
 63    -0.254 54421.03137474 24.18 161.358269  68.785851  4.953
 63    -0.232 54421.03137538 23.32 161.354289  68.782821  4.953
 63    -0.245 54421.03137603 24.25 161.350319  68.779801  4.953
 63    -0.258 54421.03137667 24.42 161.346349  68.776771  4.953
 63    -0.259 54421.03137732 24.43 161.342379  68.773751  4.953
 63    -0.276 54421.03137796 24.74 161.338409  68.770721  4.953
 63    -0.277 54421.03137861 24.38 161.334449  68.767701  4.953
 63    -0.280 54421.03137925 24.81 161.330479  68.764671  4.953
 63    -0.303 54421.03137989 24.77 161.326519  68.761651  4.953
 63    -0.363 54421.03138183 25.71 161.314619  68.752571  4.953
 63    -0.382 54421.03138247 25.37 161.310659  68.749541  4.953
 63    -0.277 54421.03138312 25.80 161.306699  68.746521  4.953
 63    -0.228 54421.03138376 25.89 161.302739  68.743491  4.953
 63    -0.123 54421.03138441 25.95 161.298789  68.740471  4.953
 63    -0.317 54421.03138505 27.52 161.294824  68.737438  8.037
 63    -0.158 54421.03138570 27.12 161.290874  68.734418  8.037
 63    -0.057 54421.03138634 27.17 161.286914  68.731388  8.037
 63     0.934 54421.03138699 26.96 161.282964  68.728358  8.037
 63     0.845 54421.03138763 26.91 161.279004  68.725338  8.037
 63     0.505 54421.03138828 27.68 161.275054  68.722308  8.037
 63     0.786 54421.03138892 27.65 161.271104  68.719278  8.037
 63     0.263 54421.03138956 27.23 161.267154  68.716258  8.037
 63     1.114 54421.03139021 26.84 161.263204  68.713228  8.037
 64     2.356 54456.03138309 17.82 161.292527  68.715796  2.605
 64     1.778 54456.03138374 18.15 161.288577  68.712766  2.605
 64     1.621 54456.03138438 17.76 161.284627  68.709736  2.605
 64     1.864 54456.03138503 18.04 161.280667  68.706716  2.605
 65    -0.183 54491.03137609 15.83 161.360934  68.784335  2.713
 65    -0.046 54491.03137673 15.35 161.356964  68.781315  2.713
 65    -0.101 54491.03137738 15.06 161.352994  68.778285  2.713
 65    -0.033 54491.03137802 14.84 161.349024  68.775265  2.713
 65     0.093 54491.03137867 14.69 161.345057  68.772234  2.207
 65     0.193 54491.03137931 14.49 161.341087  68.769214  2.207
 65     0.148 54491.03137995 14.68 161.337117  68.766184  2.207
 65     0.204 54491.03138060 14.63 161.333157  68.763164  2.207
 65     0.039 54491.03138124 14.73 161.329187  68.760134  2.207
 65    -0.216 54491.03138318 14.92 161.317297  68.751054  2.207
 65    -0.088 54491.03138382 15.19 161.313337  68.748034  2.207
 65     0.192 54491.03138447 15.20 161.309377  68.745004  2.207
 65     0.402 54491.03138511 15.55 161.305417  68.741984  2.207
 65     0.811 54491.03138576 15.45 161.301457  68.738954  2.207
 65     1.084 54491.03138640 15.38 161.297497  68.735934  2.207
 65     1.526 54491.03138705 15.41 161.293547  68.732904  2.207
 65     1.620 54491.03138769 16.08 161.289587  68.729874  2.207
 65     1.760 54491.03138834 15.86 161.285637  68.726854  2.207
 65     1.734 54491.03138898 16.46 161.281687  68.723824  2.207
 65     1.560 54491.03138962 16.31 161.277727  68.720794  2.207
 65     1.443 54491.03139027 16.43 161.273777  68.717774  2.207
 65     1.962 54491.03139091 16.22 161.269827  68.714744  2.207
 65     2.192 54491.03139156 16.22 161.265884  68.711719  2.171
 66    -0.114 54526.03138329 13.27 161.364458  68.776229  1.856
 66    -0.051 54526.03138394 13.00 161.360478  68.773209  1.856
 66    -0.004 54526.03138458 12.84 161.356518  68.770179  1.856
 66     2.451 54526.03139554 13.53 161.289168  68.718745  2.116
 66     1.961 54526.03139619 13.98 161.285218  68.715725  2.116
 66     1.748 54526.03139683 14.23 161.281258  68.712695  2.116
 66     2.202 54526.03139748 14.13 161.277308  68.709665  2.116
 67     0.002 54561.03138358 13.93 161.362752  68.789752  2.534
 67    -0.152 54561.03138423 13.40 161.358772  68.786732  2.534
 67    -0.065 54561.03138487 12.91 161.354802  68.783702  2.534
 67     0.075 54561.03138552 12.60 161.350832  68.780682  2.534
 67     0.042 54561.03138616 12.25 161.346859  68.777650  2.220
 67     0.140 54561.03138681 12.38 161.342889  68.774630  2.220
 67     0.180 54561.03138745 12.08 161.338919  68.771600  2.220
 67     0.178 54561.03138809 11.95 161.334949  68.768580  2.220
 67     0.287 54561.03138874 12.33 161.330989  68.765550  2.220
 67     0.301 54561.03138938 13.12 161.327019  68.762530  2.220
 67     0.123 54561.03139132 12.67 161.315129  68.753450  2.220
 67     0.017 54561.03139196 12.92 161.311169  68.750420  2.220
 67     0.035 54561.03139261 13.12 161.307209  68.747400  2.220
 67     0.056 54561.03139325 12.99 161.303249  68.744370  2.220
 67     0.210 54561.03139390 13.07 161.299289  68.741350  2.220
 67     0.556 54561.03139454 12.89 161.295329  68.738320  2.220
 67     2.683 54561.03139519 12.81 161.291379  68.735290  2.220
 67     1.100 54561.03139583 13.03 161.287419  68.732270  2.220
 67     1.315 54561.03139648 13.02 161.283469  68.729240  2.220
 67     1.418 54561.03139712 13.25 161.279509  68.726210  2.220
 67     1.521 54561.03139776 13.14 161.275559  68.723190  2.220
 67     1.426 54561.03139841 13.30 161.271609  68.720160  2.220
 67     1.946 54561.03139905 12.97 161.267660  68.717135  2.014
 67     2.526 54561.03139970 13.00 161.263710  68.714105  2.014
 68    11.888 54596.03137825 15.12 161.361923  68.780912  7.163
 68     3.111 54596.03137889 14.77 161.357955  68.777885  6.641
 68     0.233 54596.03137954 15.72 161.353985  68.774865  6.641
 68     1.141 54596.03138018 16.29 161.350015  68.771835  6.641
 68     1.415 54596.03138083 18.95 161.346045  68.768815  6.641
 68     0.990 54596.03138147 17.24 161.342075  68.765785  6.641
 68     0.542 54596.03138211 16.99 161.338105  68.762755  6.641
 68     4.963 54596.03138598 10.07 161.314325  68.744605  6.641
 68     3.232 54596.03138856  8.18 161.298485  68.732505  6.641
 68     2.472 54596.03138921  7.30 161.294535  68.729475  6.641
 68     2.153 54596.03138985  7.48 161.290575  68.726455  6.641
 68     1.967 54596.03139050  8.08 161.286625  68.723425  6.641
 68     2.191 54596.03139114  7.89 161.282665  68.720395  6.641
 68     1.736 54596.03139179  7.11 161.278722  68.717374  3.950
 68     1.582 54596.03139243  7.28 161.274762  68.714344  3.950
 68     2.230 54596.03139307  8.32 161.270812  68.711314  3.950
 69     1.995 54631.03139197 24.26 161.362269  68.781993 27.102
 69     2.258 54631.03139262 23.96 161.358297  68.778968  4.408
 69     2.929 54631.03139326 23.04 161.354327  68.775948  4.408
 69     2.298 54631.03139391 23.63 161.350357  68.772918  4.408
 69     2.269 54631.03139455 22.73 161.346387  68.769898  4.408
 69     2.205 54631.03139520 22.09 161.342417  68.766868  4.408
 69     2.288 54631.03139584 21.58 161.338447  68.763848  4.408
 69     2.579 54631.03139971 21.03 161.314667  68.745688  4.408
 69     3.472 54631.03140164 24.67 161.302787  68.736608  4.408
 69     3.568 54631.03140229 25.69 161.298827  68.733588  4.408
 69     3.540 54631.03140293 27.29 161.294877  68.730558  4.408
 69     4.049 54631.03140358 24.07 161.290917  68.727538  4.408
 69     3.829 54631.03140422 22.33 161.286957  68.724508  4.408
 69     2.202 54631.03140487 25.69 161.283007  68.721478  4.408
 69     2.141 54631.03140551 25.95 161.279059  68.718450 18.645
 69     2.120 54631.03140615 29.14 161.275109  68.715430 18.645
 69     2.352 54631.03140680 28.76 161.271159  68.712400 18.645
 70     0.666 54666.03139846 20.33 161.360355  68.781101  8.632
 70     0.923 54666.03139910 21.69 161.356388  68.778074 16.648
 70     0.825 54666.03139975 27.24 161.352418  68.775054 16.648
 70     0.891 54666.03140039 22.12 161.348448  68.772024 16.648
 70     0.366 54666.03140104 28.09 161.344478  68.769004 16.648
 70     0.573 54666.03140168 25.42 161.340508  68.765974 16.648
 70     0.955 54666.03140233 28.42 161.336538  68.762954 16.648
 70     0.912 54666.03140297 28.35 161.332568  68.759924 16.648
 70     0.864 54666.03140555 35.12 161.316718  68.747824 16.648
 70     0.882 54666.03140620 32.45 161.312758  68.744794 16.648
 70     0.860 54666.03140813 41.16 161.300878  68.735714 16.648
 70     0.986 54666.03140877 42.02 161.296918  68.732694 16.648
 70     0.856 54666.03140942 45.74 161.292968  68.729664 16.648
 70     0.816 54666.03141006 48.06 161.289008  68.726644 16.648
 70     0.876 54666.03141071 45.60 161.285058  68.723614 16.648
 70     0.886 54666.03141135 39.42 161.281098  68.720584 16.648
 70     0.446 54666.03141200 38.82 161.277155  68.717565 16.646
 70     0.392 54666.03141264 36.37 161.273195  68.714535 16.646
 70     0.778 54666.03141329 35.69 161.269245  68.711505 16.646
 71     0.491 54701.03136426 21.76 161.371296  68.796768 12.257
 71     0.211 54701.03136491 21.17 161.367316  68.793748 12.257
 71    -0.231 54701.03136555 19.89 161.363346  68.790718 12.257
 71    -0.372 54701.03136620 19.64 161.359366  68.787698 12.257
 71    -0.063 54701.03136684 21.28 161.355396  68.784678 12.257
 71     0.108 54701.03136749 26.00 161.351426  68.781648 12.257
 71     0.022 54701.03136813 30.42 161.347456  68.778618 12.257
 71     0.015 54701.03136878 29.24 161.343484  68.775593 16.484
 71     0.084 54701.03136942 26.41 161.339514  68.772573 16.484
 71     0.051 54701.03137007 28.55 161.335544  68.769543 16.484
 71     0.173 54701.03137071 25.38 161.331584  68.766523 16.484
 71     0.040 54701.03137136 23.93 161.327614  68.763493 16.484
 71     0.124 54701.03137200 28.25 161.323654  68.760473 16.484
 71     0.110 54701.03137264 25.11 161.319684  68.757443 16.484
 71     0.034 54701.03137329 17.95 161.315724  68.754413 16.484
 71     0.126 54701.03137393 20.03 161.311764  68.751393 16.484
 71     0.142 54701.03137458 22.29 161.307804  68.748363 16.484
 71     0.148 54701.03137522 28.32 161.303844  68.745343 16.484
 71     0.229 54701.03137587 29.80 161.299884  68.742313 16.484
 71     0.313 54701.03137651 29.66 161.295924  68.739293 16.484
 71     0.400 54701.03137716 22.47 161.291974  68.736263 16.484
 71     0.429 54701.03137780 20.48 161.288014  68.733233 16.484
 71     0.312 54701.03137845 21.46 161.284064  68.730203 16.484
 71     0.202 54701.03137909 21.00 161.280104  68.727183 16.484
 71     0.183 54701.03137974 20.64 161.276154  68.724153 16.484
 71     0.343 54701.03138038 22.44 161.272204  68.721123 16.484
 71     0.399 54701.03138103 24.13 161.268254  68.718103 16.484
 71     1.269 54701.03138167 22.86 161.264307  68.715075 13.474
 71     1.685 54701.03138231 23.46 161.260357  68.712045 13.474
 72     0.266 54736.03135905 38.20 161.364533  68.774485 30.816
 72     4.063 54736.03137065 20.67 161.293193  68.720025 30.816
 72    -0.306 54736.03137129 22.40 161.289242  68.717001 22.284
 72     0.124 54736.03137194 23.12 161.285292  68.713981 22.284
 72     0.310 54736.03137258 25.35 161.281332  68.710951 22.284
 72     2.668 54736.03137323 24.99 161.277382  68.707921 22.284
 73     0.118 54771.03134745 19.38 161.361853  68.784528  5.719
 73     0.381 54771.03134809 19.43 161.357883  68.781508  5.719
 73     0.243 54771.03134873 19.62 161.353913  68.778482  7.633
 73     0.375 54771.03134938 19.26 161.349943  68.775462  7.633
 73     0.426 54771.03135002 19.76 161.345973  68.772432  7.633
 73     0.485 54771.03135067 20.57 161.342003  68.769412  7.633
 73     0.509 54771.03135131 20.59 161.338033  68.766382  7.633
 73     0.407 54771.03135196 20.95 161.334073  68.763352  7.633
 73     0.378 54771.03135260 20.16 161.330103  68.760332  7.633
 73     0.396 54771.03135518 23.05 161.314253  68.748232  7.633
 73     0.395 54771.03135583 25.67 161.310293  68.745202  7.633
 73     0.389 54771.03135647 25.25 161.306333  68.742182  7.633
 73     0.306 54771.03135712 26.60 161.302373  68.739152  7.633
 73     0.329 54771.03135776 27.68 161.298413  68.736122  7.633
 73     0.275 54771.03135840 28.61 161.294463  68.733102  7.633
 73     0.120 54771.03135905 31.33 161.290503  68.730072  7.633
 73     0.181 54771.03135969 32.47 161.286553  68.727052  7.633
 73     0.231 54771.03136034 32.48 161.282593  68.724022  7.633
 73     0.136 54771.03136098 31.26 161.278643  68.720992  7.633
 73     0.193 54771.03136163 32.35 161.274699  68.717972 15.153
 73     0.286 54771.03136227 31.06 161.270749  68.714942 15.153
 73     0.259 54771.03136292 30.74 161.266799  68.711912 15.153
 74    -0.776 54806.03135258 17.37 161.364907  68.775996  2.836
 74    -0.145 54806.03135322 17.26 161.360937  68.772976  2.836
 74    -0.436 54806.03135387 17.65 161.356967  68.769946  2.836
 74     2.131 54806.03136483 22.60 161.289607  68.718512  3.749
 74     1.268 54806.03136547 22.71 161.285657  68.715492  3.749
 74     0.723 54806.03136612 23.22 161.281707  68.712462  3.749
 74     0.186 54806.03136676 24.16 161.277757  68.709432  3.749
 75    -0.536 54841.03134368 13.82 161.359633  68.780127  2.518
 75    -0.402 54841.03134432 13.82 161.355659  68.777100  2.556
 75     0.200 54841.03134497 13.70 161.351689  68.774080  2.556
 75     0.172 54841.03134561 13.83 161.347719  68.771050  2.556
 75     0.220 54841.03134626 13.75 161.343749  68.768030  2.556
 75     0.314 54841.03134690 13.91 161.339779  68.765000  2.556
 75     0.315 54841.03134754 14.11 161.335819  68.761980  2.556
 75     0.122 54841.03135077 15.47 161.315999  68.746850  2.556
 75     0.415 54841.03135141 15.51 161.312039  68.743820  2.556
 75     3.243 54841.03135335 16.78 161.300159  68.734740  2.556
 75     2.205 54841.03135399 16.17 161.296209  68.731720  2.556
 75     1.806 54841.03135464 16.57 161.292249  68.728690  2.556
 75     1.597 54841.03135528 17.82 161.288299  68.725670  2.556
 75     1.810 54841.03135593 16.99 161.284339  68.722640  2.556
 75     1.268 54841.03135657 17.28 161.280389  68.719610  2.556
 75     1.451 54841.03135722 17.01 161.276439  68.716589  2.908
 75     1.761 54841.03135786 17.22 161.272489  68.713559  2.908
 75     2.432 54841.03135850 17.29 161.268539  68.710529  2.908
 76    -1.165 54876.03135344 12.52 161.362133  68.778119  2.222
 76     0.177 54876.03135408 12.25 161.358163  68.775099  2.222
 76    -0.102 54876.03135473 12.25 161.354193  68.772069  2.222
 76     0.232 54876.03135537 12.75 161.350223  68.769049  2.222
 76     0.269 54876.03135602 12.69 161.346253  68.766019  2.222
 76     2.123 54876.03136504 15.55 161.290793  68.723669  2.222
 76     2.423 54876.03136569 15.35 161.286837  68.720636  2.505
 76     1.940 54876.03136633 16.10 161.282887  68.717616  2.505
 76     1.695 54876.03136698 15.60 161.278937  68.714586  2.505
 76     2.010 54876.03136762 15.99 161.274987  68.711556  2.505
 77     0.252 54911.03134581 11.60 161.369849  68.797881  2.270
 77    -0.161 54911.03134646 11.57 161.365869  68.794851  2.270
 77    -0.290 54911.03134710 11.08 161.361899  68.791831  2.270
 77    -0.447 54911.03134775 10.91 161.357919  68.788811  2.270
 77    -0.326 54911.03134839 10.62 161.353949  68.785781  2.270
 77    -0.318 54911.03134904 10.92 161.349979  68.782761  2.270
 77    -0.203 54911.03134968 10.79 161.346001  68.779730  2.410
 77     0.062 54911.03135033 10.77 161.342031  68.776710  2.410
 77     0.192 54911.03135097 10.91 161.338061  68.773680  2.410
 77     0.106 54911.03135161 10.69 161.334101  68.770660  2.410
 77     0.139 54911.03135226 10.97 161.330131  68.767630  2.410
 77     0.107 54911.03135290 12.73 161.326161  68.764610  2.410
 77    -0.031 54911.03135355 12.29 161.322201  68.761580  2.410
 77    -0.313 54911.03135419 11.71 161.318241  68.758550  2.410
 77    -0.444 54911.03135484 11.82 161.314271  68.755530  2.410
 77    -0.363 54911.03135548 12.29 161.310311  68.752500  2.410
 77    -0.053 54911.03135613 12.21 161.306351  68.749480  2.410
 77    -0.037 54911.03135677 12.09 161.302391  68.746450  2.410
 77    -0.059 54911.03135742 12.19 161.298431  68.743430  2.410
 77     0.130 54911.03135806 12.34 161.294471  68.740400  2.410
 77     1.095 54911.03135871 12.03 161.290521  68.737370  2.410
 77     0.713 54911.03135935 12.61 161.286561  68.734350  2.410
 77     0.876 54911.03136000 13.38 161.282611  68.731320  2.410
 77     0.941 54911.03136064 12.81 161.278651  68.728290  2.410
 77     1.146 54911.03136129 12.74 161.274701  68.725270  2.410
 77     1.197 54911.03136193 12.73 161.270751  68.722240  2.410
 77     1.256 54911.03136257 12.65 161.266796  68.719217  2.368
 77     1.342 54911.03136322 12.74 161.262846  68.716187  2.368
 77     2.766 54911.03136386 12.71 161.258896  68.713157  2.368
 78    -0.082 54946.03134587 10.61 161.364193  68.778208  2.131
 78     0.128 54946.03134651 10.70 161.360223  68.775188  2.131
 78     0.256 54946.03134716 10.99 161.356243  68.772158  2.131
 78     0.357 54946.03134780 10.75 161.352273  68.769138  2.131
 78     2.269 54946.03135812 13.74 161.288883  68.720718  2.131
 78     2.120 54946.03135876 13.82 161.284935  68.717701  2.476
 78     1.791 54946.03135940 13.78 161.280975  68.714671  2.476
 78     1.831 54946.03136005 13.72 161.277025  68.711641  2.476
 79     2.608 54981.03137158 35.73 161.360973  68.781724 29.162
 79     2.630 54981.03137222 37.00 161.357003  68.778697 43.932
 79     2.646 54981.03137287 39.81 161.353033  68.775677 43.932
 79     2.744 54981.03137351 39.76 161.349063  68.772647 43.932
 79     2.720 54981.03137416 47.46 161.345093  68.769627 43.932
 79     2.695 54981.03137480 48.80 161.341123  68.766597 43.932
 79     2.573 54981.03137545 52.32 161.337153  68.763577 43.932
 79     2.610 54981.03137609 51.05 161.333183  68.760547 43.932
 79     2.601 54981.03137867 43.92 161.317333  68.748447 43.932
 79     2.676 54981.03137931 44.67 161.313373  68.745417 43.932
 79     2.758 54981.03138125 45.48 161.301493  68.736337 43.932
 79     2.739 54981.03138189 45.59 161.297533  68.733317 43.932
 79     2.734 54981.03138254 46.96 161.293583  68.730287 43.932
 79     2.700 54981.03138318 46.83 161.289623  68.727267 43.932
 79     2.685 54981.03138383 46.21 161.285673  68.724237 43.932
 79     2.584 54981.03138447 39.71 161.281713  68.721207 43.932
 79     2.632 54981.03138512 38.27 161.277768  68.718187 28.992
 79     2.464 54981.03138576 30.44 161.273818  68.715157 28.992
 79     2.482 54981.03138641 27.99 161.269858  68.712127 28.992
 80     0.320 55016.03137340 36.96 161.360748  68.780532 19.034
 80     0.425 55016.03137404 38.33 161.356777  68.777506 35.151
 80     0.472 55016.03137468 36.34 161.352807  68.774476 35.151
 80     0.322 55016.03137533 36.41 161.348837  68.771456 35.151
 80     0.378 55016.03137597 33.97 161.344867  68.768426 35.151
 80     0.399 55016.03137662 35.10 161.340907  68.765406 35.151
 80     0.433 55016.03137726 38.53 161.336937  68.762376 35.151
 80     0.227 55016.03138049 32.93 161.317117  68.747256 35.151
 80     0.332 55016.03138113 38.53 161.313157  68.744226 35.151
 80     0.550 55016.03138307 33.74 161.301277  68.735146 35.151
 80     0.462 55016.03138371 40.06 161.297317  68.732126 35.151
 80     0.589 55016.03138435 45.43 161.293367  68.729096 35.151
 80     1.559 55016.03138500 23.96 161.289407  68.726066 35.151
 80     0.601 55016.03138564 22.93 161.285457  68.723046 35.151
 80    -0.080 55016.03138629 26.91 161.281507  68.720016 35.151
 80    -0.064 55016.03138693 29.55 161.277551  68.716987 27.090
 80     0.411 55016.03138758 31.10 161.273601  68.713967 27.090
 80     0.627 55016.03138822 38.26 161.269651  68.710937 27.090
 81     1.079 55051.03136790 16.08 161.360049  68.780106  9.092
 81     1.008 55051.03136855 20.54 161.356072  68.777077  9.368
 81     0.982 55051.03136919 28.58 161.352102  68.774057  9.368
 81     0.868 55051.03136984 20.22 161.348132  68.771027  9.368
 81     1.134 55051.03137048 14.77 161.344162  68.768007  9.368
 81     0.903 55051.03137113 12.26 161.340202  68.764977  9.368
 81     1.005 55051.03137500 27.63 161.316412  68.746827  9.368
 81    25.384 55051.03137564 15.64 161.312452  68.743797  9.368
 81     3.506 55051.03137758 22.75 161.300572  68.734717  9.368
 81     3.680 55051.03137822 20.85 161.296622  68.731697  9.368
 81     3.473 55051.03137886 21.81 161.292662  68.728667  9.368
 81     0.779 55051.03137951 30.49 161.288712  68.725647  9.368
 81     0.947 55051.03138015 26.62 161.284752  68.722617  9.368
 81     1.157 55051.03138080 19.22 161.280802  68.719587  9.368
 81     0.901 55051.03138144 21.06 161.276850  68.716566 22.753
 81     1.083 55051.03138209 22.61 161.272900  68.713536 22.753
 81     0.949 55051.03138273 32.07 161.268950  68.710506 22.753
 82     1.055 55086.03132981 26.62 161.369370  68.798940  8.601
 82     0.988 55086.03133045 27.64 161.365400  68.795920  8.601
 82    -0.741 55086.03133110 28.31 161.361420  68.792890  8.601
 82    -0.200 55086.03133174 29.44 161.357450  68.789870  8.601
 82     0.161 55086.03133239 30.21 161.353480  68.786840  8.601
 82     0.590 55086.03133303 30.42 161.349500  68.783820  8.601
 82     0.752 55086.03133368 31.25 161.345530  68.780790  8.601
 82     0.818 55086.03133432 32.20 161.341560  68.777770  8.601
 82     1.207 55086.03133496 32.58 161.337600  68.774740  8.601
 82     1.524 55086.03133561 32.85 161.333630  68.771720  8.601
 82     1.538 55086.03133625 38.95 161.329660  68.768690  8.601
 82     1.645 55086.03133690 42.83 161.325690  68.765660  8.601
 82     1.575 55086.03133754 42.70 161.321730  68.762640  8.601
 82     1.529 55086.03133819 45.16 161.317770  68.759610  8.601
 82     1.609 55086.03133883 39.08 161.313800  68.756590  8.601
 82     1.337 55086.03133948 36.88 161.309845  68.753562 35.831
 82     1.570 55086.03134012 39.70 161.305885  68.750532 35.831
 82     1.611 55086.03134077 47.50 161.301925  68.747512 35.831
 82     1.624 55086.03134141 48.59 161.297965  68.744482 35.831
 82     1.615 55086.03134206 49.69 161.294005  68.741462 35.831
 82     1.595 55086.03134270 50.23 161.290045  68.738432 35.831
 82     1.557 55086.03134335 50.51 161.286095  68.735402 35.831
 82     1.515 55086.03134399 50.11 161.282135  68.732382 35.831
 82     1.486 55086.03134463 49.39 161.278185  68.729352 35.831
 82     1.498 55086.03134528 46.99 161.274235  68.726322 35.831
 82     1.496 55086.03134592 41.58 161.270275  68.723302 35.831
 82     1.510 55086.03134657 46.27 161.266325  68.720272 35.831
 82     1.518 55086.03134721 50.16 161.262375  68.717242 35.831
 82     1.536 55086.03134786 50.22 161.258435  68.714222 35.831
 83    -0.220 55121.03130281 33.29 161.362944  68.773896 10.177
 83    -0.236 55121.03130346 31.73 161.358974  68.770876 10.177
 83    -0.009 55121.03131442 34.72 161.291612  68.719444  9.346
 83     0.046 55121.03131506 34.86 161.287662  68.716414  9.346
 83     0.143 55121.03131571 33.93 161.283712  68.713384  9.346
 83     0.034 55121.03131635 33.19 161.279762  68.710364  9.346
 84    -0.036 55156.03129207 23.11 161.362302  68.788066  4.739
 84     0.192 55156.03129271 22.67 161.358322  68.785046  4.739
 84     0.572 55156.03129336 22.50 161.354352  68.782016  4.739
 84     0.721 55156.03129400 22.90 161.350382  68.778996  4.739
 84     0.761 55156.03129465 22.78 161.346412  68.775966  4.739
 84     0.743 55156.03129529 25.16 161.342442  68.772946  4.739
 84     0.777 55156.03129594 24.84 161.338472  68.769916  4.739
 84     0.846 55156.03129658 23.74 161.334502  68.766896  4.739
 84     0.845 55156.03129723 23.18 161.330542  68.763866  4.739
 84     0.601 55156.03129787 21.74 161.326572  68.760846  4.739
 84     0.177 55156.03129980 22.05 161.314686  68.751764  4.915
 84     0.422 55156.03130045 25.85 161.310726  68.748744  4.915
 84     0.647 55156.03130109 23.31 161.306766  68.745714  4.915
 84     0.760 55156.03130174 27.05 161.302806  68.742684  4.915
 84     0.730 55156.03130238 25.30 161.298846  68.739664  4.915
 84     0.560 55156.03130303 23.61 161.294886  68.736634  4.915
 84     0.479 55156.03130367 23.67 161.290936  68.733614  4.915
 84     0.755 55156.03130432 23.09 161.286976  68.730584  4.915
 84     0.851 55156.03130496 22.70 161.283026  68.727554  4.915
 84     0.640 55156.03130561 23.88 161.279066  68.724534  4.915
 84     0.502 55156.03130625 24.44 161.275116  68.721504  4.915
 84     0.645 55156.03130690 24.27 161.271166  68.718474  4.915
 84     1.372 55156.03130754 23.40 161.267216  68.715454  4.915
 84     1.821 55156.03130818 22.79 161.263266  68.712424  4.915
 85     0.597 55191.03129186 16.87 161.364709  68.775187  2.258
 85     0.671 55191.03129251 17.00 161.360739  68.772167  2.258
 85     1.498 55191.03130411 18.79 161.289412  68.717703  2.577
 85     1.238 55191.03130476 18.53 161.285462  68.714683  2.577
 85     0.922 55191.03130540 18.90 161.281512  68.711653  2.577
 85     1.111 55191.03130605 18.97 161.277562  68.708623  2.577
 86    -0.188 55226.03129296 15.00 161.360877  68.785714  2.378
 86    -0.182 55226.03129360 14.88 161.356907  68.782684  2.378
 86     0.225 55226.03129425 14.63 161.352937  68.779664  2.378
 86     0.551 55226.03129489 14.45 161.348967  68.776634  2.378
 86     0.675 55226.03129554 14.09 161.344997  68.773614  2.378
 86     0.784 55226.03129618 14.20 161.341027  68.770584  2.378
 86     0.743 55226.03129683 14.39 161.337057  68.767564  2.378
 86     0.737 55226.03129747 14.62 161.333087  68.764534  2.378
 86     0.595 55226.03129812 15.31 161.329127  68.761514  2.378
 86    -0.064 55226.03130005 15.30 161.317234  68.752434  2.632
 86     0.205 55226.03130069 15.95 161.313274  68.749404  2.632
 86     0.479 55226.03130134 15.55 161.309314  68.746384  2.632
 86     0.791 55226.03130198 16.30 161.305354  68.743354  2.632
 86     0.784 55226.03130263 16.25 161.301394  68.740334  2.632
 86     0.801 55226.03130327 15.65 161.297434  68.737304  2.632
 86     0.981 55226.03130392 16.03 161.293484  68.734284  2.632
 86     0.867 55226.03130456 16.23 161.289524  68.731254  2.632
 86     1.212 55226.03130521 16.48 161.285574  68.728224  2.632
 86     1.408 55226.03130585 16.42 161.281614  68.725204  2.632
 86     0.733 55226.03130650 16.35 161.277664  68.722174  2.632
 86     1.297 55226.03130714 16.29 161.273714  68.719144  2.632
 86     1.218 55226.03130779 16.20 161.269764  68.716124  2.632
 86     1.407 55226.03130843 16.42 161.265814  68.713094  2.632
 87     0.055 55261.03128686 13.17 161.363240  68.780058  2.099
 87     0.352 55261.03128750 13.23 161.359260  68.777028  2.099
 87     0.716 55261.03128815 13.38 161.355290  68.774008  2.099
 87     0.893 55261.03128879 13.53 161.351320  68.770978  2.099
 87     0.796 55261.03128944 13.42 161.347350  68.767958  2.099
 87     0.839 55261.03129008 13.60 161.343380  68.764928  2.099
 87     0.607 55261.03129459 14.38 161.315638  68.743752  2.321
 87     1.512 55261.03129911 15.60 161.287938  68.722572  2.321
 87     1.597 55261.03129975 15.31 161.283988  68.719552  2.321
 87     0.906 55261.03130040 15.74 161.280028  68.716522  2.321
 87     1.217 55261.03130104 16.23 161.276078  68.713492  2.321
 87     2.253 55261.03130169 15.77 161.272128  68.710472  2.321
 88     1.019 55296.03127613 14.55 161.369728  68.795687  2.218
 88     0.678 55296.03127677 14.15 161.365748  68.792657  2.218
 88     0.094 55296.03127742 14.08 161.361778  68.789637  2.218
 88    -0.088 55296.03127806 13.85 161.357808  68.786607  2.218
 88    -0.129 55296.03127870 13.49 161.353828  68.783587  2.218
 88     0.026 55296.03127935 13.57 161.349858  68.780557  2.218
 88     0.358 55296.03127999 13.52 161.345888  68.777537  2.218
 88     0.428 55296.03128064 13.53 161.341918  68.774507  2.218
 88     0.588 55296.03128128 13.82 161.337948  68.771487  2.218
 88     0.595 55296.03128193 13.55 161.333988  68.768457  2.218
 88     0.627 55296.03128257 13.96 161.330018  68.765437  2.218
 88     0.597 55296.03128322 14.30 161.326048  68.762407  2.218
 88     0.355 55296.03128386 14.49 161.322088  68.759377  2.218
 88     0.028 55296.03128451 14.52 161.318128  68.756357  2.218
 88     0.022 55296.03128515 14.29 161.314160  68.753330  2.566
 88    -0.022 55296.03128580 14.83 161.310200  68.750300  2.566
 88     0.233 55296.03128644 15.11 161.306240  68.747280  2.566
 88     0.485 55296.03128709 14.73 161.302280  68.744250  2.566
 88     0.373 55296.03128773 14.73 161.298320  68.741230  2.566
 88     0.401 55296.03128837 15.32 161.294370  68.738200  2.566
 88     0.485 55296.03128902 15.09 161.290410  68.735170  2.566
 88     0.652 55296.03128966 14.98 161.286450  68.732150  2.566
 88     0.728 55296.03129031 15.08 161.282500  68.729120  2.566
 88     0.862 55296.03129095 15.24 161.278550  68.726090  2.566
 88     0.978 55296.03129160 14.95 161.274590  68.723070  2.566
 88     1.155 55296.03129224 14.83 161.270640  68.720040  2.566
 88     0.957 55296.03129289 15.27 161.266690  68.717010  2.566
 88     1.295 55296.03129353 15.18 161.262740  68.713990  2.566
 89     0.705 55331.03126715 25.01 161.360313  68.781870 11.129
 89     1.248 55331.03126780 22.16 161.356343  68.778850 11.129
 89     1.049 55331.03126844 25.18 161.352373  68.775820 11.129
 89     1.303 55331.03126909 25.39 161.348393  68.772800 11.129
 89     1.364 55331.03126973 23.78 161.344433  68.769770 11.129
 89     1.295 55331.03127038 25.09 161.340463  68.766750 11.129
 89     0.915 55331.03127102 20.31 161.336493  68.763720 11.129
 89     0.508 55331.03127167 25.91 161.332523  68.760700 11.129
 89     5.516 55331.03127425 23.03 161.316675  68.748599 16.375
 89     5.516 55331.03127489 18.27 161.312705  68.745569 16.375
 89     4.633 55331.03127554 19.38 161.308745  68.742539 16.375
 89     0.743 55331.03127618 23.46 161.304795  68.739519 16.375
 89     0.731 55331.03127682 28.76 161.300835  68.736489 16.375
 89     0.937 55331.03127747 33.74 161.296875  68.733469 16.375
 89     0.775 55331.03127811 31.53 161.292915  68.730439 16.375
 89     1.131 55331.03127876 28.23 161.288965  68.727409 16.375
 89     0.784 55331.03127940 26.50 161.285005  68.724389 16.375
 89     0.856 55331.03128005 18.62 161.281055  68.721359 16.375
 89     0.794 55331.03128069 17.50 161.277105  68.718329 16.375
 89     2.042 55331.03128134 16.08 161.273155  68.715309 16.375
 89     2.017 55331.03128198 19.68 161.269205  68.712279 16.375
 90     0.903 55366.03126001 46.83 161.360877  68.784580 36.343
 90     0.910 55366.03126066 45.99 161.356907  68.781550 36.343
 90     0.916 55366.03126130 47.15 161.352937  68.778530 36.343
 90     0.912 55366.03126195 48.78 161.348967  68.775500 36.343
 90     0.904 55366.03126259 50.53 161.344997  68.772480 36.343
 90     0.926 55366.03126324 49.11 161.341027  68.769450 36.343
 90     0.929 55366.03126388 49.72 161.337057  68.766430 36.343
 90     0.897 55366.03126453 48.42 161.333097  68.763400 36.343
 90     0.880 55366.03126517 45.76 161.329127  68.760380 36.343
 90     0.897 55366.03126711 35.50 161.317239  68.751298 16.238
 90     0.933 55366.03126775 26.42 161.313279  68.748278 16.238
 90     0.884 55366.03126840 33.57 161.309319  68.745248 16.238
 90     0.814 55366.03126904 40.36 161.305359  68.742218 16.238
 90     0.922 55366.03126968 40.65 161.301399  68.739198 16.238
 90     0.872 55366.03127033 41.23 161.297439  68.736168 16.238
 90     1.025 55366.03127097 33.26 161.293489  68.733148 16.238
 90     3.723 55366.03127162 20.12 161.289529  68.730118 16.238
 90     3.335 55366.03127226 22.78 161.285579  68.727088 16.238
 90     0.868 55366.03127291 26.01 161.281619  68.724068 16.238
 90     1.602 55366.03127355 22.97 161.277669  68.721038 16.238
 90     1.103 55366.03127420 24.61 161.273719  68.718008 16.238
 90     1.189 55366.03127484 26.45 161.269769  68.714988 16.238
 90     0.873 55366.03127549 33.53 161.265819  68.711958 16.238
 91     0.485 55401.03127413 37.40 161.364847  68.775454 21.928
 91     0.425 55401.03127477 37.17 161.360877  68.772434 21.928
 91     0.396 55401.03128638 26.46 161.289548  68.717979 11.542
 91     0.171 55401.03128702 25.18 161.285598  68.714949 11.542
 91     0.443 55401.03128767 24.62 161.281648  68.711919 11.542
 91     0.574 55401.03128831 25.70 161.277698  68.708899 11.542
 92     0.916 55436.03127739 15.58 161.361420  68.782340 14.324
 92     0.839 55436.03127804 24.00 161.357440  68.779310 14.324
 92     0.774 55436.03127868 32.68 161.353470  68.776290 14.324
 92     0.819 55436.03127933 31.37 161.349500  68.773260 14.324
 92     0.733 55436.03127997 21.77 161.345530  68.770240 14.324
 92     0.894 55436.03128062 23.57 161.341567  68.767205 22.605
 92     0.809 55436.03128126 26.99 161.337597  68.764185 22.605
 92     0.829 55436.03128190 29.35 161.333627  68.761155 22.605
 92     0.882 55436.03128513 30.72 161.313817  68.746025 22.605
 92     0.825 55436.03128577 33.35 161.309857  68.743005 22.605
 92     3.119 55436.03128706 26.29 161.301937  68.736955 22.605
 92     0.906 55436.03128771 40.37 161.297977  68.733925 22.605
 92     3.301 55436.03128835 26.11 161.294027  68.730905 22.605
 92     0.568 55436.03128900 27.40 161.290067  68.727875 22.605
 92     0.843 55436.03128964 28.84 161.286117  68.724845 22.605
 92    -3.549 55436.03129029 27.58 161.282167  68.721825 22.605
 92    -3.642 55436.03129093 35.42 161.278207  68.718795 22.605
 92    -3.723 55436.03129157 35.77 161.274257  68.715765 22.605
 92    -3.938 55436.03129222 35.03 161.270307  68.712745 22.605
 93     1.593 55471.03122673 27.77 161.367738  68.797827  7.691
 93     1.559 55471.03122738 23.25 161.363758  68.794807  7.691
 93     1.447 55471.03122802 20.35 161.359788  68.791787  7.691
 93     1.246 55471.03122867 17.07 161.355808  68.788757  7.691
 93     1.000 55471.03122931 16.91 161.351838  68.785737  7.691
 93     1.395 55471.03122996 16.63 161.347868  68.782707  7.691
 93     1.203 55471.03123060 21.26 161.343898  68.779687  7.691
 93     1.223 55471.03123125 25.50 161.339933  68.776653  5.419
 93     1.295 55471.03123189 23.87 161.335963  68.773633  5.419
 93     1.388 55471.03123253 21.20 161.331993  68.770603  5.419
 93     1.565 55471.03123318 15.65 161.328033  68.767583  5.419
 93     1.783 55471.03123382 13.64 161.324063  68.764553  5.419
 93     1.652 55471.03123447 12.98 161.320103  68.761533  5.419
 93     1.636 55471.03123511 13.24 161.316133  68.758503  5.419
 93     1.533 55471.03123576 13.77 161.312173  68.755473  5.419
 93     1.579 55471.03123640 14.52 161.308213  68.752453  5.419
 93     1.744 55471.03123705 15.04 161.304253  68.749423  5.419
 93     1.850 55471.03123769 15.99 161.300293  68.746403  5.419
 93     2.472 55471.03123834 16.77 161.296333  68.743373  5.419
 93     2.735 55471.03123898 18.77 161.292383  68.740343  5.419
 93     2.925 55471.03123963 18.64 161.288423  68.737323  5.419
 93     2.507 55471.03124027 20.17 161.284473  68.734293  5.419
 93     1.578 55471.03124092 21.43 161.280513  68.731273  5.419
 93     1.451 55471.03124156 22.20 161.276563  68.728243  5.419
 93     1.287 55471.03124220 22.90 161.272613  68.725213  5.419
 93     1.453 55471.03124285 22.95 161.268653  68.722193  5.419
 93     1.586 55471.03124349 22.47 161.264703  68.719163  5.419
 93     2.129 55471.03124414 25.65 161.260753  68.716135 11.974
 93     2.093 55471.03124478 30.41 161.256813  68.713105 11.974
