-141071.035   322.428     0.00   34.55
-140705.338   335.166    34.84   32.96
-140326.601   350.571    40.68   25.52
-139945.649   347.060    -9.22   25.19
-139564.777   328.419   -48.95   35.87
-139183.985   300.556   -73.18   39.70
-138803.274   281.868   -49.09   42.96
-138422.644   269.741   -31.86   47.67
-138042.094   255.263   -38.05   50.68
-137661.624   235.176   -52.80   45.41
-137281.234   213.453   -57.11   32.63
-136900.925   201.703   -30.90   20.48
-136520.696   198.986    -7.15   14.11
-136140.547   203.783    12.62   17.50
-135760.479   213.469    25.49   24.74
-135380.490   223.596    26.65   29.58
-135000.581   237.580    36.81   36.11
-134620.752   248.035    27.53   40.75
-134241.003   255.301    19.14   46.11
-133861.334   254.393    -2.39   42.65
-133481.745   249.033   -14.12   35.63
-133102.236   243.101   -15.63   26.24
-132722.806   237.557   -14.61   16.92
-132343.456   241.219     9.66   18.51
-131964.185   250.622    24.79   26.62
-131584.994   264.359    36.23   30.60
-131205.883   279.599    40.20   30.31
-130826.851   291.411    31.17   23.43
-130447.898   298.878    19.71   17.86
-130069.025   304.295    14.30   18.97
-129690.231   304.511     0.57   26.47
-129311.516   306.915     6.35   35.54
-128932.881   307.051     0.36   40.98
-128554.324   305.056    -5.27   45.35
-128175.847   299.653   -14.28   50.90
-127797.449   283.047   -43.89   52.94
-127419.130   264.197   -49.83   49.13
-127040.890   255.606   -22.71   44.03
-126662.728   257.419     4.79   40.97
-126284.646   261.794    11.57   41.54
-125906.642   264.674     7.62   38.55
-125528.718   265.381     1.87   37.81
-125150.871   264.299    -2.86   33.61
-124773.104   263.338    -2.54   31.26
-124395.415   264.106     2.03   27.16
-124017.805   266.617     6.65   25.04
-123640.273   270.322     9.81   20.69
-123262.820   275.198    12.92   19.17
-122885.445   283.060    20.84   16.21
-122508.149   289.868    18.05   12.22
-122130.931   291.640     4.70    8.22
-121753.791   289.080    -6.79    9.49
-121376.729   284.519   -12.10   11.56
-120999.746   281.542    -7.90   12.47
-120622.840   279.351    -5.81   15.00
-120246.013   278.622    -1.94   15.29
-119869.264   280.516     5.03   15.35
-119492.593   282.763     5.97   15.15
-119116.000   289.175    17.03   20.91
-118739.485   296.969    20.70   25.89
-118363.047   297.096     0.34   30.01
-117986.687   288.904   -21.77   34.51
-117610.406   275.455   -35.74   33.28
-117234.201   262.698   -33.91   24.55
-116858.075   255.819   -18.29   19.42
-116482.026   257.752     5.14   22.36
-116106.055   265.997    21.93   26.83
-115730.161   276.165    27.05   28.84
-115354.344   283.051    18.32   27.07
-114978.605   281.542    -4.02   29.58
-114602.944   272.096   -25.15   34.36
-114227.360   260.092   -31.96   32.93
-113851.853   251.719   -22.30   28.90
-113476.423   250.560    -3.09   27.45
-113101.071   254.438    10.33   25.29
-112725.795   255.649     3.23   19.27
-112350.597   254.277    -3.66   15.23
-111975.476   254.402     0.33   15.36
-111600.431   259.824    14.46   19.79
-111225.464   273.768    37.19   26.67
-110850.574   287.940    37.81   27.16
-110475.760   308.262    54.22   31.77
-110101.023   334.929    71.17   36.46
-109726.364   366.822    85.13   45.51
-109351.780   392.472    68.48   40.55
-108977.274   393.719     3.33   36.84
-108602.844   393.051    -1.79   36.38
-108228.490   383.456   -25.63   40.39
-107854.214   375.730   -20.64   40.38
-107480.013   361.622   -37.71   40.57
-107105.889   337.630   -64.13   44.44
-106731.842   310.338   -72.97   40.29
-106357.871   298.109   -32.70   32.06
-105983.976   300.426     6.20   34.89
-105610.157   322.477    58.99   45.82
-105236.415   351.872    78.65   45.37
-104862.749   368.926    45.64   33.81
-104489.159   365.480    -9.22   36.35
-104115.645   348.153   -46.39   48.17
-103742.206   313.530   -92.72   49.20
-103368.844   283.923   -79.31   47.96
-102995.558   253.953   -80.29   43.59
-102622.348   234.208   -52.91   37.74
-102249.214   221.646   -33.67   28.03
-101876.155   218.730    -7.82   25.80
-101503.172   220.086     3.64   29.63
-101130.265   220.274     0.50   29.75
-100757.434   209.526   -28.83   28.94
-100384.678   196.372   -35.29   24.13
-100011.998   188.964   -19.88   16.05
 -99639.393   196.391    19.94   24.68
 -99266.863   210.584    38.10   30.51
 -98894.410   220.596    26.88   28.53
 -98522.031   229.452    23.78   25.37
 -98149.728   244.187    39.58   32.24
 -97777.500   263.392    51.60   44.57
 -97405.347   292.698    78.75   56.30
 -97033.270   315.568    61.47   61.63
 -96661.268   327.295    31.53   64.09
 -96289.341   337.897    28.51   68.84
 -95917.489   342.904    13.47   71.20
 -95545.712   345.615     7.29   68.41
 -95174.010   330.593   -40.42   68.01
 -94802.382   300.670   -80.52   72.55
 -94430.830   252.736  -129.02   68.46
 -94059.353   221.319   -84.58   48.46
 -93687.950   211.538   -26.34   36.49
 -93316.622   239.659    75.74   64.98
 -92945.369   285.599   123.75   70.12
 -92574.191   308.505    61.72   50.60
 -92203.087   297.553   -29.51   61.92
 -91832.058   256.764  -109.94   72.95
 -91461.103   213.301  -117.17   48.16
 -91090.223   188.008   -68.20   35.19
 -90719.417   174.696   -35.90   31.76
 -90348.685   165.835   -23.90   29.70
 -89978.028   155.033   -29.14   24.07
 -89607.445   144.502   -28.42   20.04
 -89236.937   136.799   -20.79   19.11
 -88866.503   125.219   -31.26   21.82
 -88496.143   114.197   -29.76   22.38
 -88125.857   100.154   -37.93   18.43
 -87755.645    90.508   -26.06   12.90
 -87385.507    83.800   -18.12    8.51
 -87015.443    79.890   -10.57    8.00
 -86645.453    76.118   -10.19    7.36
 -86275.537    71.969   -11.22    6.59
 -85905.695    66.943   -13.59    5.96
 -85535.927    63.317    -9.81    5.96
 -85166.232    61.148    -5.87    4.95
 -84796.612    61.513     0.99    6.49
 -84427.064    63.022     4.08    7.25
 -84057.591    64.067     2.83    7.17
 -83688.191    62.691    -3.73    6.60
 -83318.865    60.846    -5.00    5.96
 -82949.612    59.515    -3.60    5.08
 -82580.433    60.934     3.84    8.42
 -82211.327    64.064     8.48    9.77
 -81842.295    69.402    14.47   10.01
 -81473.335    75.986    17.85   10.33
 -81104.450    82.329    17.20   10.44
 -80735.637    82.763     1.18   11.50
 -80366.898    78.405   -11.82   14.06
 -79998.232    69.817   -23.30   14.40
 -79629.639    61.987   -21.25   10.10
 -79261.119    57.056   -13.38    8.95
 -78892.672    51.730   -14.46    6.58
 -78524.298    45.011   -18.24    8.37
 -78155.997    37.553   -20.25   10.66
 -77787.769    30.472   -19.23   10.26
 -77419.613    31.197     1.97   13.91
 -77051.531    40.714    25.86   20.92
 -76683.522    51.846    30.25   19.48
 -76315.585    60.085    22.39   11.79
 -75947.721    60.582     1.35    9.17
 -75579.929    56.638   -10.72    8.44
 -75212.210    55.730    -2.47    7.22
 -74844.564    56.836     3.01    5.84
 -74476.990    58.730     5.15    5.97
 -74109.489    62.523    10.32    7.92
 -73742.060    66.397    10.55    8.61
 -73374.703    71.768    14.62   10.61
 -73007.419    77.419    15.39   12.16
 -72640.207    83.653    16.98   14.46
 -72273.068    93.208    26.03   16.40
 -71906.001    99.351    16.74   16.63
 -71539.005   100.955     4.37   15.70
 -71172.083    99.730    -3.34   12.77
 -70805.232    97.124    -7.10    9.96
 -70438.453    97.901     2.12    9.64
 -70071.746    99.343     3.93    9.05
 -69705.111   102.439     8.45    7.09
 -69338.548   104.828     6.52    8.65
 -68972.057   107.230     6.56    9.95
 -68605.638   110.164     8.01   10.88
 -68239.291   113.458     8.99    9.81
 -67873.015   117.142    10.06   10.59
 -67506.811   121.638    12.28   10.98
 -67140.679   126.846    14.22   11.47
 -66774.619   133.336    17.73   12.26
 -66408.630   138.306    13.58   14.61
 -66042.712   144.549    17.06   16.65
 -65668.101   149.752    13.89   16.41
 -65287.309   153.344     9.43   15.24
 -64906.595   159.329    15.72   15.83
 -64525.960   167.231    20.76   16.67
 -64145.403   177.350    26.59   16.53
 -63764.924   192.138    38.87   23.45
 -63384.524   209.122    44.65   31.14
 -63004.202   233.382    63.79   41.57
 -62623.958   269.317    94.51   57.19
 -62243.793   311.417   110.75   73.01
 -61863.705   345.846    90.59   73.14
 -61483.696   367.140    56.04   68.88
 -61103.764   376.494    24.62   60.23
 -60723.911   380.947    11.72   51.97
 -60344.135   390.317    24.68   45.65
 -59964.437   403.702    35.25   41.45
 -59584.817   409.813    16.10   40.77
 -59205.275   408.401    -3.72   49.09
 -58825.810   395.780   -33.26   57.63
 -58446.423   386.492   -24.48   57.76
 -58067.114   385.575    -2.42   58.36
 -57687.882   394.764    24.23   57.66
 -57308.728   404.219    24.94   53.50
 -56929.652   408.942    12.46   47.15
 -56550.652   409.680     1.95   48.13
 -56171.730   406.653    -7.99   50.58
 -55792.886   404.447    -5.82   49.36
 -55414.119   392.508   -31.52   53.09
 -55035.429   370.656   -57.71   55.46
 -54656.816   335.472   -92.93   51.09
 -54278.280   305.822   -78.33   39.84
 -53899.822   289.332   -43.57   26.73
 -53521.440   295.438    16.14   33.31
 -53143.136   327.692    85.26   55.03
 -52764.908   374.760   124.45   70.69
 -52386.758   423.230   128.18   68.59
 -52008.684   451.794    75.55   52.43
 -51630.687   456.208    11.68   40.80
 -51252.767   436.196   -52.96   36.84
 -50874.924   401.703   -91.29   43.24
 -50497.157   370.208   -83.37   39.72
 -50119.467   343.687   -70.22   28.76
 -49741.853   324.371   -51.16   17.56
 -49364.317   313.295   -29.34   19.38
 -48986.856   302.410   -28.84   20.13
 -48609.472   289.934   -33.06   19.85
 -48232.165   275.600   -37.99   20.31
 -47854.933   258.439   -45.49   22.40
 -47477.779   243.949   -38.42   16.82
 -47100.700   240.186    -9.98   15.62
 -46723.698   241.267     2.87   23.86
 -46346.771   247.875    17.53   31.82
 -45969.921   253.624    15.26   36.38
 -45593.147   259.826    16.46   38.57
 -45216.450   268.493    23.01   39.37
 -44839.828   276.008    19.95   39.87
 -44463.282   281.374    14.25   40.86
 -44086.812   281.142    -0.62   41.41
 -43710.417   275.812   -14.16   42.73
 -43334.099   264.882   -29.05   38.37
 -42957.856   253.847   -29.33   34.72
 -42581.690   244.687   -24.35   29.77
 -42205.598   239.149   -14.73   27.75
 -41829.583   231.648   -19.95   23.89
 -41453.643   226.255   -14.35   22.50
 -41077.778   221.353   -13.04   19.82
 -40701.990   217.713    -9.68   19.65
 -40326.276   210.815   -18.36   17.14
 -39950.638   203.636   -19.11   14.05
 -39575.075   196.051   -20.20   10.14
 -39199.588   189.255   -18.10    9.32
 -38824.176   179.849   -25.06   14.35
 -38448.839   168.862   -29.27   15.59
 -38073.577   156.386   -33.25   16.97
 -37698.391   145.386   -29.32   12.01
 -37323.279   142.578    -7.49    8.88
 -36948.243   142.219    -0.96    8.80
 -36573.282   145.915     9.86    8.93
 -36198.395   152.010    16.26    9.28
 -35823.584   156.780    12.73   11.76
 -35448.847   161.731    13.21   14.12
 -35074.185   166.164    11.83   14.96
 -34699.598   169.984    10.20   14.27
 -34325.086   172.770     7.44   12.42
 -33950.648   175.894     8.34   12.77
 -33576.285   181.152    14.05   14.26
 -33201.997   186.588    14.53   17.52
 -32827.783   196.365    26.13   23.51
 -32453.644   207.266    29.14   26.73
 -32079.579   222.708    41.28   29.76
 -31705.589   236.094    35.79   31.09
 -31331.673   253.582    46.77   32.57
 -30957.831   270.617    45.57   34.08
 -30584.064   285.230    39.10   37.94
 -30210.371   299.096    37.10   38.51
 -29836.752   308.130    24.18   37.08
 -29463.207   312.668    12.15   34.45
 -29089.737   314.343     4.49   32.42
 -28716.340   316.495     5.76   29.56
 -28343.018   322.397    15.81   30.70
 -27969.769   330.765    22.42   31.71
 -27596.595   343.447    33.98   32.92
 -27223.494   355.094    31.22   32.49
 -26850.468   371.663    44.42   32.84
 -26477.515   383.950    32.95   34.36
 -26104.636   401.197    46.25   31.39
 -25731.830   417.408    43.49   29.18
 -25359.098   437.503    53.91   25.57
 -24986.440   451.624    37.89   26.89
 -24613.856   461.599    26.77   31.61
 -24241.345   458.664    -7.88   38.38
 -23868.907   445.277   -35.94   41.69
 -23496.544   429.417   -42.59   38.43
 -23124.253   414.943   -38.88   33.34
 -22752.036   409.066   -15.79   41.93
 -22379.892   407.219    -4.96   56.54
 -22007.822   406.472    -2.01   69.08
 -21635.824   407.196     1.94   78.81
 -21263.900   411.530    11.66   81.85
 -20892.050   414.100     6.91   79.65
 -20520.272   418.040    10.60   68.81
 -20148.567   410.159   -21.20   56.16
 -19776.936   386.017   -64.96   60.47
 -19405.377   353.336   -87.96   60.09
 -19033.891   332.152   -57.03   58.64
 -18662.479   337.093    13.30   74.65
 -18291.139   358.813    58.49   82.44
 -17919.872   364.467    15.23   71.85
 -17548.677   334.019   -82.03   88.96
 -17177.556   290.997  -115.93   93.14
 -16806.507   270.826   -54.36   77.75
 -16435.531   301.026    81.41  106.83
 -16064.627   365.140   172.86  102.60
 -15693.796   385.601    55.18   72.28
 -15323.038   374.011   -31.26   68.79
 -14952.352   358.364   -42.21   62.85
 -14581.739   351.856   -17.56   59.32
 -14211.198   364.108    33.07   49.68
 -13840.729   360.557    -9.59   49.92
 -13470.332   329.765   -83.13   64.70
 -13100.008   281.280  -130.93   60.42
 -12729.756   233.354  -129.44   46.44
 -12359.577   200.744   -88.09   29.84
 -11989.469   181.094   -53.09   24.65
 -11619.434   166.386   -39.75   21.14
 -11249.470   152.475   -37.60   26.47
 -10879.579   136.346   -43.61   29.66
 -10509.760   116.038   -54.91   35.80
 -10140.012    94.489   -58.28   37.09
  -9770.337    69.447   -67.74   33.98
  -9400.733    49.015   -55.28   28.82
  -9031.201    32.410   -44.93   20.23
  -8661.741    22.276   -27.43   14.46
  -8292.353    14.692   -20.53   10.16
  -7923.036    10.764   -10.64   11.75
  -7553.791     9.526    -3.35   15.54
  -7184.618     7.775    -4.74   18.31
  -6815.516     7.452    -0.88   21.43
  -6446.486     4.388    -8.30   22.07
  -6077.527    -0.419   -13.03   21.31
  -5708.640    -8.668   -22.36   16.73
  -5339.824   -14.455   -15.69   11.60
  -4971.079   -18.462   -10.87    7.68
  -4602.406   -17.712     2.04   11.03
  -4233.804   -15.151     6.95   15.60
  -3865.273   -10.201    13.43   21.39
  -3496.814    -3.949    16.97   28.29
  -3128.425     1.276    14.18   33.45
  -2760.108     6.594    14.44   32.83
  -2391.862     7.478     2.40   25.47
  -2023.687    12.950    14.86   25.69
  -1655.582    22.882    26.98   34.60
  -1287.549    32.955    27.37   41.71
   -919.587    35.606     7.20   45.75
   -551.696    30.341   -14.31   47.82
   -183.875    16.680   -37.14   44.42
    183.875    -2.159   -51.23   35.01
    551.554   -20.190   -49.04   26.01
    919.162   -36.362   -43.99   16.14
   1286.700   -46.859   -28.56    7.80
   1654.167   -50.837   -10.83    6.95
   2021.564   -54.903   -11.07    3.28
   2388.889   -55.930    -2.80    1.63
   2756.145   -55.321     1.66    2.37
   3123.330   -53.904     3.86    2.87
   3490.444   -51.459     6.66    2.42
   3857.489   -49.625     5.00    2.94
   4224.462   -47.924     4.64    2.95
   4591.366   -46.736     3.24    2.45
   4958.199   -44.602     5.82    3.86
   5324.962   -40.837    10.26    6.49
   5691.655   -37.590     8.86    6.44
   6058.278   -35.567     5.52    5.46
   6424.830   -35.884    -0.86    6.00
   6791.313   -34.413     4.01    8.84
   7157.725   -30.031    11.96   11.93
   7524.068   -20.666    25.56   13.47
   7890.340   -12.208    23.09   10.72
   8256.543    -6.162    16.51    9.47
   8622.676    -3.724     6.66   11.28
   8993.501    -2.793     2.51   12.90
   9374.134    -0.803     5.23   13.31
   9754.692     2.498     8.67   14.65
  10135.172     9.556    18.55   17.03
  10515.577    21.507    31.41   21.94
  10895.905    29.826    21.87   27.55
  11276.157    37.725    20.77   32.59
  11656.333    38.495     2.03   34.26
  12036.433    33.185   -13.97   30.27
  12416.456    25.140   -21.17   22.61
  12796.404    14.613   -27.71   18.34
  13176.275     8.288   -16.65   14.30
  13556.071     2.613   -14.94    9.82
  13935.791     1.357    -3.31    8.25
  14315.435     4.185     7.45    7.97
  14695.003     8.626    11.70    9.66
  15074.495    15.747    18.76   13.61
  15453.912    26.010    27.05   15.35
  15833.253    32.780    17.85   15.29
  16212.518    34.436     4.37   19.79
  16591.708    33.015    -3.75   26.75
  16970.822    26.329   -17.63   30.81
  17349.861    19.714   -17.45   28.85
  17728.824    13.780   -15.66   23.91
  18107.712     6.530   -19.14   15.96
  18486.524     4.557    -5.21    8.95
  18865.261     7.442     7.62    9.69
  19243.923    14.080    17.53    9.88
  19622.510    19.703    14.85   10.22
  20001.021    25.998    16.63   10.77
  20379.458    32.560    17.34   11.34
  20757.819    39.068    17.20   11.21
  21136.105    46.060    18.48   10.41
  21514.316    53.943    20.84   10.63
  21892.452    60.560    17.50   12.36
  22270.513    68.070    19.86   13.19
  22648.500    72.686    12.21   13.44
  23026.411    77.440    12.58   12.75
  23404.248    84.435    18.51   13.07
  23782.010    92.433    21.17   13.92
  24159.698   104.312    31.45   17.30
  24537.310   118.736    38.20   21.69
  24914.848   131.560    33.97   21.84
  25292.312   154.742    61.41   36.45
  25669.701   174.254    51.70   38.60
  26047.015   195.837    57.20   33.72
  26424.255   216.161    53.87   25.33
  26801.421   233.714    46.54   23.17
  27178.512   250.103    43.46   31.19
  27555.529   272.725    60.00   37.94
  27932.472   289.231    43.79   37.34
  28309.341   294.781    14.73   34.29
  28686.135   288.696   -16.15   40.07
  29062.855   269.288   -51.52   45.12
  29439.501   248.279   -55.78   40.25
  29816.073   241.038   -19.23   35.01
  30192.571   236.137   -13.02   36.64
  30568.996   224.083   -32.02   40.37
  30945.346   211.280   -34.02   40.44
  31321.622   198.253   -34.62   30.74
  31697.825   192.268   -15.91   15.16
  32073.953   201.599    24.81   23.53
  32450.008   221.780    53.67   35.44
  32825.990   245.674    63.55   37.36
  33201.897   271.000    67.37   31.86
  33577.731   308.219    99.03   51.49
  33953.492   354.576   123.37   66.71
  34329.179   405.408   135.30   67.64
  34704.792   441.124    95.08   46.18
  35080.332   439.628    -3.98   56.74
  35455.799   414.866   -65.95   67.79
  35831.192   399.242   -41.62   56.01
  36206.512   403.012    10.04   43.27
  36581.759   417.378    38.28   43.64
  36956.932   438.076    55.17   42.52
  37332.032   454.697    44.31   47.84
  37707.059   483.573    76.99   58.67
  38082.013   527.867   118.13   73.35
  38456.894   561.939    90.88   59.45
  38831.702   561.633    -0.82   56.91
  39206.437   536.207   -67.85   75.98
  39581.099   465.788  -187.95  100.50
  39955.688   381.725  -224.40   90.76
  40330.205   320.653  -163.07   72.37
  40704.648   273.963  -124.69   48.85
  41079.019   243.992   -80.05   38.34
  41453.317   221.402   -60.35   31.86
  41827.542   201.242   -53.87   21.97
  42201.695   187.073   -37.87   12.48
  42575.775   177.035   -26.83   11.13
  42949.782   171.762   -14.10   12.96
  43323.717   175.275     9.40   18.13
  43697.580   183.671    22.46   24.62
  44071.370   203.129    52.06   34.29
  44445.088   217.317    37.96   33.92
  44818.733   225.538    22.00   34.04
  45192.306   231.267    15.34   31.68
  45565.807   241.731    28.01   32.79
  45939.236   258.431    44.72   31.73
  46312.592   270.640    32.70   33.62
  46685.877   264.278   -17.04   46.81
  47059.089   232.943   -83.96   66.82
  47432.229   201.196   -85.08   59.53
  47805.297   176.538   -66.09   31.32
  48178.293   179.382     7.63   30.75
  48551.218   204.310    66.84   33.98
  48924.070   218.843    38.98   31.28
  49296.850   228.572    26.10   31.80
  49669.559   233.490    13.20   32.91
  50042.196   233.060    -1.15   40.74
  50414.761   236.219     8.48   50.33
  50787.255   228.068   -21.88   48.63
  51159.677   213.603   -38.84   39.15
  51532.027   204.966   -23.19   27.15
  51904.306   203.978    -2.66   17.49
  52276.513   216.731    34.26   25.21
  52648.649   234.455    47.63   28.85
  53020.713   260.492    69.98   33.20
  53392.706   282.399    58.89   33.87
  53764.628   305.545    62.23   31.61
  54136.478   319.799    38.33   29.26
  54508.257   333.081    35.73   23.78
  54879.965   340.254    19.30   21.27
  55251.602   351.661    30.69   18.86
  55623.167   361.447    26.33   18.90
  55994.661   368.984    20.29   19.76
  56366.085   365.150   -10.32   33.36
  56737.437   347.481   -47.58   48.89
  57108.718   327.679   -53.33   54.61
  57479.928   306.677   -56.57   49.79
  57851.068   294.415   -33.04   45.51
  58222.136   277.047   -46.80   41.86
  58593.134   251.856   -67.90   45.78
  58964.061   226.134   -69.34   38.06
  59334.917   215.118   -29.70   31.32
  59705.703   209.195   -15.97   27.23
  60076.418   210.645     3.91   22.78
  60447.062   203.386   -19.58   24.75
  60817.636   188.140   -41.14   26.43
  61188.139   177.148   -29.67   21.05
  61558.571   174.526    -7.08   20.30
  61928.933   184.906    28.03   29.36
  62299.225   201.344    44.39   34.47
  62669.446   210.564    24.90   35.59
  63039.597   208.812    -4.73   33.68
  63409.678   198.173   -28.75   30.47
  63779.688   182.208   -43.15   22.14
  64149.629   171.113   -29.99   22.78
  64519.499   154.277   -45.52   25.59
  64889.298   137.001   -46.72   27.24
  65259.028   121.507   -41.90   21.49
  65628.688   119.447    -5.57   16.46
  65998.278   125.707    16.94   19.05
  66367.797   138.754    35.31   19.57
  66737.247   150.280    31.19   11.44
  67106.627   151.150     2.36   10.27
  67475.937   145.590   -15.06   14.59
  67845.177   130.356   -41.26   24.08
  68214.347   110.183   -54.64   30.39
  68583.448    89.017   -57.34   33.10
  68952.479    72.364   -45.12   25.20
  69321.440    65.185   -19.46   23.64
  69690.332    65.871     1.86   26.98
  70059.154    63.663    -5.99   24.73
  70427.906    58.852   -13.05   19.98
  70796.589    50.646   -22.25    7.47
  71165.203    48.136    -6.81    5.03
  71533.747    49.288     3.12    9.60
  71902.221    51.856     6.97   11.42
  72270.627    57.207    14.53   11.20
  72638.963    63.913    18.20   12.45
  73007.229    70.984    19.20   12.94
  73375.427    79.875    24.14   12.73
  73743.555    89.981    27.45   16.73
  74111.614   100.058    27.38   19.93
  74479.604   111.812    31.94   20.30
  74847.525   125.765    37.92   19.48
  75215.377   136.878    30.21   15.81
  75583.160   144.878    21.75   14.27
  75950.874   152.588    20.97   15.45
  76318.519   160.094    20.42   18.75
  76686.095   170.708    28.87   24.43
  77053.602   180.447    26.50   23.70
  77421.041   182.124     4.57   21.53
  77788.410   170.231   -32.37   29.41
  78155.711   153.606   -45.26   32.72
  78522.943   145.768   -21.34   38.91
  78890.107   145.068    -1.91   51.07
  79257.202   138.171   -18.79   63.33
  79624.228   122.047   -43.93   72.05
  79991.186    94.553   -74.92   73.26
  80358.075    59.958   -94.29   58.15
  80724.896    36.293   -64.51   43.11
  81091.649    19.438   -45.96   20.62
  81458.333    16.874    -6.99    8.62
  81824.948    16.461    -1.13   10.42
  82191.496    13.533    -7.99   12.22
  82557.975    15.266     4.73   13.91
  82924.386    17.478     6.04   16.04
  83290.728    22.731    14.34   17.33
  83658.070    27.126    11.96   14.15
  84038.547    26.714    -1.08   11.88
  84418.949    26.810     0.25    9.43
  84799.277    28.719     5.02    9.12
  85179.530    32.622    10.26   10.61
  85559.710    41.093    22.28   13.91
  85939.815    50.398    24.48   15.07
  86319.846    59.208    23.18   10.40
  86699.803    64.231    13.22    5.81
  87079.685    65.817     4.17    5.09
  87459.494    65.512    -0.80    5.66
  87839.229    62.875    -6.95    6.69
  88218.890    59.049   -10.08    6.30
  88598.477    55.413    -9.58    6.73
  88977.990    50.948   -11.76    6.42
  89357.429    49.978    -2.56    6.95
  89736.795    52.388     6.35    8.86
  90116.086    58.487    16.08   10.28
  90495.305    64.629    16.20    7.20
  90874.449    66.394     4.65    6.24
  91253.520    63.871    -6.66    7.47
  91632.517    61.796    -5.47    6.65
  92011.441    63.104     3.45    7.39
  92390.291    68.909    15.32   11.72
  92769.068    79.672    28.41   14.91
  93147.771    91.882    32.24   14.17
  93526.402   102.638    28.41   11.56
  93904.958   106.448    10.06   10.36
  94283.442   106.094    -0.94   10.32
  94661.852   104.410    -4.45   11.45
  95040.190   110.645    16.48   20.00
  95418.454   124.386    36.32   26.30
  95796.644   137.587    34.90   25.40
  96174.762   143.503    15.65   24.86
  96552.807   138.300   -13.76   25.49
  96930.779   131.646   -17.60   22.96
  97308.678   124.066   -20.06   18.04
  97686.504   114.417   -25.54   15.91
  98064.258   102.921   -30.43   18.27
  98441.938    91.355   -30.62   12.23
  98819.546    85.464   -15.60   10.63
  99197.081    81.439   -10.66   14.67
  99574.543    81.633     0.51   18.34
  99951.933    85.624    10.57   25.57
 100329.250    86.955     3.53   30.82
 100706.494    87.683     1.93   33.74
 101083.666    86.875    -2.14   32.79
 101460.766    79.878   -18.55   26.71
 101837.793    79.090    -2.09   21.22
 102214.748    74.545   -12.06   15.97
 102591.630    71.184    -8.92   14.28
 102968.440    64.569   -17.56   11.71
 103345.178    59.731   -12.84    8.37
 103721.844    56.173    -9.44    7.15
 104098.437    55.219    -2.53    6.49
 104474.959    54.242    -2.60    6.72
 104851.408    55.737     3.97    5.95
 105227.785    58.088     6.25    8.04
 105604.090    65.057    18.52   13.74
 105980.324    76.475    30.35   20.78
 106356.485    84.677    21.80   22.82
 106732.574    89.426    12.63   24.79
 107108.592    84.313   -13.60   26.92
 107484.538    76.208   -21.56   21.64
 107860.412    72.045   -11.07   12.80
 108236.214    71.382    -1.76   10.45
 108611.944    75.195    10.15    9.76
 108987.603    80.278    13.53   13.48
 109363.191    90.731    27.83   18.19
 109738.706   115.150    65.02   31.17
 110114.151   139.870    65.84   32.32
 110489.524   160.836    55.85   26.64
 110864.825   171.639    28.78   20.19
 111240.055   165.545   -16.24   24.02
 111615.213   156.207   -24.89   30.40
 111990.301   139.346   -44.95   29.87
 112365.317   126.207   -35.03   20.24
 112740.261   118.173   -21.42   12.78
 113115.135   116.553    -4.32   13.98
 113489.937   121.541    13.31   17.81
 113864.669   122.009     1.25   19.59
 114239.329   123.708     4.53   19.74
 114613.918   123.707    -0.00   20.50
 114988.436   121.631    -5.54   18.34
 115362.883   122.819     3.17   17.02
 115737.260   123.952     3.02   14.63
 116111.565   126.719     7.39   10.61
 116485.800   127.461     1.98    8.05
 116859.963   129.182     4.60    6.30
 117234.057   132.010     7.56    8.86
 117608.079   139.557    20.18   13.36
 117982.031   150.266    28.63   21.16
 118355.912   164.935    39.23   24.76
 118729.722   183.015    48.36   27.15
 119103.462   198.676    41.90   16.44
 119477.131   205.231    17.54   15.76
 119850.730   204.009    -3.27   19.30
 120224.259   207.255     8.69   20.54
 120597.717   210.170     7.81   19.75
 120971.104   219.541    25.10   23.14
 121344.422   235.491    42.72   31.20
 121717.669   253.771    48.97   40.38
 122090.846   278.022    64.98   38.33
 122463.952   311.673    90.18   47.16
 122836.989   347.969    97.29   50.34
 123209.955   365.466    46.91   42.73
 123582.852   369.282    10.23   30.06
 123955.678   357.057   -32.79   27.11
 124328.434   335.034   -59.07   20.76
 124701.120   317.568   -46.86   20.37
 125073.737   309.256   -22.30   15.84
 125446.283   313.066    10.23   16.95
 125818.760   323.034    26.76   20.58
 126191.167   341.024    48.30   25.44
 126563.504   360.906    53.39   25.99
 126935.771   371.917    29.58   24.61
 127307.969   384.159    32.89   24.98
 127680.097   394.808    28.61   23.23
 128052.155   402.290    20.11   23.81
 128424.144   424.127    58.70   35.21
 128796.064   442.496    49.38   46.30
 129167.913   480.326   101.72   68.61
 129539.694   515.135    93.62   74.98
 129911.405   541.537    71.02   66.01
 130283.046   564.173    60.90   57.55
 130654.619   582.313    48.82   52.27
 131026.122   591.412    24.49   55.84
 131397.555   600.610    24.76   65.15
 131768.920   584.478   -43.44   78.18
 132140.215   544.448  -107.80   77.44
 132511.441   508.719   -96.24   62.66
 132882.598   480.405   -76.28   41.50
 133253.686   473.400   -18.88   35.79
 133624.705   473.277    -0.33   39.63
 133995.655   472.661    -1.66   38.64
 134366.536   472.906     0.66   30.69
 134737.348   475.066     5.83   23.43
 135108.091   488.336    35.79   30.00
 135478.766   526.678   103.43   61.50
 135849.371   589.688   170.00   88.34
 136219.908   654.303   174.36   92.81
 136590.376   706.122   139.86   75.16
 136960.775   742.587    98.44   76.87
 137331.106   779.677   100.14   85.12
 137701.368   807.987    76.45   79.93
 138071.562   823.119    40.87   63.95
 138441.687   800.103   -62.18   84.63
 138811.743   748.182  -140.29   84.68
 139181.731   697.466  -137.06   69.67
 139551.651   655.857  -112.47   55.88
 139921.502   616.017  -107.71   66.26
 140291.285   565.669  -136.14   68.84
 140661.000   510.557  -149.05   74.30
 141030.646   457.846  -142.58   56.84
 141400.225   423.429   -93.12   37.40
 141769.734   402.854   -55.68   17.63
 142139.176   393.148   -26.27    8.79
 142508.550   389.749    -9.20   11.30
 142877.856   387.772    -5.35   15.25
 143247.093   388.400     1.70   19.02
 143616.263   388.776     1.02   21.46
 143985.364   386.100    -7.25   21.93
 144354.398   383.990    -5.72   20.52
 144723.364   380.438    -9.63   19.17
 145092.262   381.484     2.84   18.76
 145461.092   389.078    20.59   24.96
 145829.854   402.584    36.62   30.98
 146198.549   411.707    24.74   28.23
 146567.176   405.689   -16.32   33.16
 146935.735   385.772   -54.03   46.23
 147304.226   357.096   -77.81   40.38
 147672.650   339.161   -48.67   23.96
 148041.007   330.832   -22.61   11.74
 148409.296   332.029     3.25   11.08
 148777.517   332.713     1.86   10.65
 149145.671   331.882    -2.26   10.00
 149513.758   332.171     0.78    8.89
 149881.777   335.326     8.57   14.79
 150249.729   343.658    22.64   25.67
 150617.613   367.784    65.57   49.77
 150985.431   387.882    54.64   56.30
 151353.181   404.624    45.52   52.14
 151720.864   416.316    31.79   44.03
 152088.479   434.498    49.46   45.23
 152456.028   465.981    85.65   65.06
 152823.510   512.762   127.28   70.42
 153190.924   550.208   101.91   67.70
 153558.272   580.207    81.66   58.08
 153925.552   586.438    16.96   53.59
 154292.766   581.232   -14.18   56.15
 154659.913   569.088   -33.07   68.69
 155026.993   550.219   -51.40   73.37
 155394.006   553.031     7.66   68.09
 155760.952   571.582    50.55   65.31
 156127.832   577.231    15.40   57.92
 156494.644   563.012   -38.76   62.79
 156861.391   531.361   -86.29   68.00
 157228.070   502.417   -78.92   56.99
 157594.683   495.267   -19.50   52.88
 157961.229   506.954    31.88   48.93
 158327.709   522.008    41.07   34.31
 158705.693   516.593   -14.32   32.33
 159085.944   500.424   -42.52   38.07
 159466.123   473.315   -71.30   45.49
 159846.229   441.946   -82.52   32.06
 160226.263   432.639   -24.49   28.36
 160606.224   443.184    27.75   37.79
 160986.114   472.119    76.16   36.49
 161365.931   485.772    35.94   25.41
 161745.676   480.027   -15.13   32.46
 162125.350   455.925   -63.47   37.61
 162504.951   430.769   -66.26   24.51
 162884.480   417.394   -35.24   16.34
 163263.937   411.306   -16.04    8.42
 163643.322   412.436     2.98    8.10
 164022.636   416.293    10.17    8.12
 164401.877   420.725    11.69    5.70
 164781.047   424.638    10.32    5.20
 165160.145   427.905     8.62    5.91
 165539.171   433.352    14.37    6.70
 165918.126   437.911    12.03    6.11
 166297.009   443.315    14.26    6.42
 166675.821   448.281    13.11    6.87
 167054.560   453.001    12.46    7.69
 167433.229   458.170    13.65    8.37
 167811.826   462.443    11.28    8.37
 168190.351   466.181     9.88    8.34
 168568.806   470.696    11.93    7.90
 168947.188   477.269    17.37    9.08
 169325.500   484.113    18.09    9.26
 169703.740   490.840    17.78    8.78
 170081.909   494.866    10.65    8.23
 170460.007   501.732    18.15   13.41
 170838.034   510.277    22.60   17.25
 171215.989   519.713    24.96   18.35
 171593.874   532.689    34.33   18.52
 171971.687   552.207    51.65   27.90
 172349.430   579.123    71.24   41.40
 172727.102   618.826   105.11   51.40
 173104.702   655.371    96.77   47.18
 173482.232   679.123    62.91   31.50
 173859.691   683.914    12.69   37.62
 174237.079   679.878   -10.69   47.32
 174614.397   678.061    -4.82   53.77
 174991.644   689.184    29.48   58.27
 175368.820   714.665    67.55   57.64
 175745.925   746.340    83.98   45.77
 176122.960   761.442    40.05   26.39
 176499.924   745.619   -41.97   40.21
 176876.818   715.732   -79.29   47.79
 177253.642   691.731   -63.68   38.53
 177630.395   683.040   -23.07   28.87
 178007.077   703.855    55.25   41.49
 178383.689   736.019    85.39   46.25
 178760.231   768.055    85.07   56.00
 179136.703   804.309    96.29   55.91
 179513.104   839.660    93.90   54.64
 179889.436   878.941   104.36   64.44
 180265.697   911.417    86.30   64.07
 180641.888   955.219   116.42   70.20
 181018.009  1012.097   151.20   81.72
 181394.059  1007.354   -12.61  106.18
 181770.040   966.265  -109.27  134.83
 182145.951   926.634  -105.41  118.40
 182521.792   927.015     1.01  115.36
 182897.563  1013.634   230.48  165.44
 183273.265  1123.878   293.39  163.14
 183648.896  1204.631   214.95  140.32
 184024.458  1248.338   116.36  124.11
 184399.950  1321.798   195.61  122.30
 184775.372  1388.617   177.96  122.41
 185150.725  1418.125    78.60  101.04
 185526.008  1404.533   -36.21  112.07
 185901.221  1371.087   -89.12  123.27
 186276.365  1311.051  -160.01  122.46
 186651.440  1228.666  -219.62  130.83
 187026.445  1154.829  -196.87  110.61
 187401.380  1076.159  -209.79   79.68
 187776.246  1027.372  -130.13   63.75
 188151.043   980.255  -125.70   58.24
 188525.771   947.701   -86.86   58.79
 188900.429   939.303   -22.41   61.70
 189275.018   953.161    36.99   73.75
 189649.538   965.565    33.11   74.86
 190023.989   945.627   -53.24   77.28
 190398.370   908.969   -97.90   74.68
 190772.683   892.478   -44.05   67.24
 191146.927   883.537   -23.89   66.24
 191521.101   881.219    -6.19   59.44
 191895.207   866.906   -38.25   48.19
 192269.243   836.732   -80.66   41.55
 192643.211   807.289   -78.72   39.96
 193017.110   788.528   -50.17   30.67
 193390.940   789.256     1.95   38.60
 193764.702   806.524    46.19   48.63
 194138.394   815.875    25.02   53.32
 194512.018   821.119    14.04   55.42
 194885.574   807.256   -37.11   49.67
 195259.060   786.919   -54.44   36.55
 195632.478   785.518    -3.75   30.06
 196005.828   782.516    -8.04   32.23
 196379.109   774.207   -22.25   33.92
 196752.322   763.482   -28.73   39.59
 197125.466   736.349   -72.70   43.97
 197498.542   706.874   -78.99   37.53
 197871.549   680.378   -71.02   34.36
 198244.488   663.294   -45.80   42.08
 198617.359   644.455   -50.52   45.89
 198990.162   625.651   -50.43   42.53
 199362.896   612.196   -36.09   38.34
 199735.563   605.894   -16.91   39.14
 200108.161   613.125    19.40   44.08
 200480.691   625.405    32.96   45.55
 200853.153   629.410    10.75   36.02
 201225.547   620.960   -22.69   35.57
 201597.873   602.362   -49.94   36.54
 201970.131   582.960   -52.11   37.00
 202342.321   568.031   -40.10   35.85
 202714.443   555.676   -33.20   31.49
 203086.498   545.677   -26.87   28.65
 203458.484   535.553   -27.21   25.11
 203830.403   524.371   -30.06   20.58
 204202.255   513.861   -28.26   15.06
 204574.038   505.412   -22.72   15.09
 204945.754   497.207   -22.07   16.65
 205317.402   491.080   -16.48   16.46
 205688.983   483.256   -21.05   16.17
 206060.496   474.183   -24.42   17.99
 206431.942   466.665   -20.24   16.35
 206803.320   460.619   -16.28   11.75
 207174.631   456.442   -11.25    9.40
 207545.874   452.280   -11.21    9.75
 207917.050   446.268   -16.19   11.33
 208288.159   441.918   -11.72   11.94
 208659.201   445.293     9.10   19.69
 209030.175   452.990    20.74   24.23
 209401.082   455.488     6.73   24.11
 209771.922   452.665    -7.61   26.50
 210142.694   442.207   -28.20   25.26
 210513.400   431.964   -27.63   18.25
 210884.039   432.280     0.85   21.28
 211254.610   441.316    24.38   25.05
 211625.115   441.147    -0.46   25.34
 211995.553   433.422   -20.85   27.48
 212365.923   427.410   -16.23   25.54
 212736.227   429.097     4.56   27.83
 213106.464   444.493    41.58   35.60
 213476.634   475.422    83.54   47.47
 213846.738   505.041    80.02   51.51
 214216.775   534.382    79.28   43.08
 214586.745   549.942    42.05   29.51
 214956.648   551.524     4.28   21.32
 215326.485   536.517   -40.57   27.31
 215696.255   509.019   -74.35   36.88
 216065.959   478.914   -81.42   40.74
 216435.596   446.700   -87.14   34.38
 216805.166   423.596   -62.51   26.11
 217174.670   409.232   -38.87   25.98
 217544.108   403.073   -16.67   32.47
 217913.480   398.104   -13.45   40.99
 218282.785   387.243   -29.40   44.14
 218652.023   375.912   -30.68   43.85
 219021.196   359.256   -45.11   36.60
 219390.302   346.796   -33.75   29.91
 219759.342   337.502   -25.18   23.28
 220128.316   329.954   -20.45   17.95
 220497.224   323.824   -16.61   11.30
 220866.066   321.305    -6.83   11.80
 221234.842   319.910    -3.78   11.83
 221603.551   316.157   -10.18   11.65
 221972.195   312.898    -8.84   11.37
 222340.773   309.496    -9.23   10.23
 222709.284   308.171    -3.60   11.19
 223077.730   309.671     4.07   14.79
 223446.111   310.774     2.99   17.31
 223814.425   308.231    -6.90   16.58
 224182.673   305.061    -8.61   15.63
 224550.856   299.027   -16.39   11.94
 224918.973   294.110   -13.35    8.94
 225287.025   290.726    -9.19    5.95
 225655.011   289.405    -3.59    6.15
 226022.931   289.301    -0.28    8.12
 226390.786   289.837     1.46   10.49
 226758.575   288.822    -2.76   10.77
 227126.299   287.604    -3.31    9.52
 227493.957   285.255    -6.39   10.08
 227861.550   283.091    -5.88   11.79
 228229.077   279.886    -8.72   14.11
 228596.539   276.771    -8.48   14.77
 228963.936   276.545    -0.61   14.20
 229331.268   280.394    10.48   17.86
 229698.534   289.110    23.73   21.50
 230065.735   297.317    22.35   20.13
 230432.871   303.870    17.85   17.97
 230799.942   312.787    24.29   23.65
 231166.948   336.963    65.86   37.03
 231533.888   363.354    71.91   41.29
 231900.764   397.378    92.72   41.85
 232267.575   434.350   100.78   46.74
 232634.320   476.737   115.55   50.65
 233001.001   498.990    60.68   36.92
 233375.700   494.182   -12.83   45.12
 233755.802   460.588   -88.36   61.53
 234135.833   413.146  -124.81   57.30
 234515.794   372.328  -107.41   52.29
 234895.684   333.719  -101.61   51.87
 235275.505   296.022   -99.23   36.74
 235655.254   266.392   -78.01   26.60
 236034.934   247.516   -49.71   19.13
 236414.544   232.902   -38.49   16.49
 236794.083   221.960   -28.82    8.83
 237173.552   217.268   -12.36    5.19
 237552.951   215.553    -4.52    3.31
 237932.280   213.172    -6.27    4.63
 238311.539   209.694    -9.17    4.54
 238690.728   205.622   -10.74    6.05
 239069.847   201.793   -10.10    4.89
 239448.897   199.255    -6.69    4.28
 239827.876   197.009    -5.92    3.45
 240206.786   195.951    -2.79    3.68
 240585.625   193.521    -6.41    4.43
 240964.395   190.380    -8.29    4.59
 241343.096   186.436   -10.41    5.05
 241721.726   183.466    -7.84    4.44
 242100.288   182.207    -3.33    4.48
 242478.779   181.651    -1.47    6.18
 242857.201   179.913    -4.59    6.53
 243235.553   176.414    -9.25    6.68
 243613.836   174.846    -4.15    6.10
 243992.050   173.181    -4.40    5.76
 244370.194   171.937    -3.29    5.60
 244748.269   170.553    -3.66    5.32
 245126.274   168.503    -5.42    6.83
 245504.210   167.332    -3.10    9.34
 245882.077   167.834     1.33    9.83
 246259.875   169.852     5.34   11.65
 246637.604   176.553    17.74   18.71
 247015.263   189.536    34.37   23.48
 247392.853   203.097    35.91   23.79
 247770.375   214.634    30.55   15.84
 248147.827   213.317    -3.49   19.73
 248525.210   196.602   -44.28   31.57
 248902.525   178.171   -48.84   31.88
 249279.770   161.743   -43.54   22.74
 249656.947   151.181   -28.00    8.95
 250034.055   147.466    -9.85    3.13
 250411.094   147.118    -0.92    4.20
 250788.064   147.424     0.81    4.48
 251164.965   150.194     7.35    6.99
 251541.798   154.343    11.01    8.17
 251918.562   159.917    14.79    6.69
 252295.258   165.122    13.81    5.13
 252671.885   169.323    11.15    6.48
 253048.444   172.338     8.01    6.76
 253424.934   174.827     6.61    5.93
 253801.355   175.775     2.52    4.97
 254177.709   176.519     1.98    4.23
 254553.993   179.593     8.17    6.11
 254930.210   186.195    17.55   12.51
 255306.358   197.417    29.83   18.95
 255682.438   214.972    46.67   22.23
 256058.450   228.316    35.48   20.89
 256434.393   237.280    23.84   17.19
 256810.268   240.256     7.92   19.35
 257186.076   235.963   -11.42   24.25
 257561.815   227.671   -22.07   27.49
 257937.486   213.707   -37.16   30.60
 258313.089   199.417   -38.04   29.40
 258688.624   183.158   -43.29   26.12
 259064.091   173.407   -25.96   19.83
 259439.491   166.031   -19.64   17.02
 259814.822   163.466    -6.83   21.42
 260190.086   160.738    -7.27   21.63
 260565.282   158.969    -4.71   22.19
 260940.410   153.513   -14.54   16.88
 261315.470   150.694    -7.52   10.44
 261690.463   151.890     3.19   10.68
 262065.388   154.566     7.13   15.76
 262440.245   153.427    -3.04   17.74
 262815.035   152.809    -1.65   18.01
 263189.758   150.775    -5.43   17.94
 263564.413   151.219     1.19   19.32
 263939.000   153.914     7.19   20.85
 264313.520   158.335    11.80   24.15
 264687.973   161.256     7.80   24.01
 265062.358   164.809     9.49   24.18
 265436.676   167.451     7.06   24.28
 265810.927   169.450     5.34   22.07
 266185.110   172.443     8.00   20.19
 266559.227   175.319     7.69   18.10
 266933.276   180.119    12.83   14.47
 267307.258   185.307    13.87   14.79
 267681.173   194.090    23.48   18.17
 268055.021   207.294    35.31   23.92
 268428.802   224.158    45.11   28.59
 268802.516   246.108    58.72   29.80
 269176.162   262.352    43.46   28.40
 269549.742   275.004    33.86   29.23
 269923.256   277.280     6.09   36.41
 270296.702   264.133   -35.20   44.69
 270670.081   249.244   -39.87   35.25
 271043.394   247.794    -3.88   32.89
 271416.640   270.402    60.56   46.94
 271789.820   317.269   125.56   65.46
 272162.932   367.232   133.88   76.59
 272535.978   436.664   186.08   83.83
 272908.958   479.939   116.00   68.69
 273281.871   486.084    16.47   57.43
 273654.717   456.898   -78.26   69.68
 274027.497   389.932  -179.60   76.51
 274400.210   326.634  -169.79   68.67
 274772.857   280.071  -124.92   50.09
 275145.438   258.071   -59.03   40.96
 275517.952   246.882   -30.03   35.29
 275890.400   248.034     3.09   32.22
 276262.782   260.232    32.75   46.10
 276635.098   278.439    48.89   66.55
 277007.347   308.194    79.92   84.63
 277379.530   318.695    28.21   87.54
 277751.647   323.524    12.97   81.33
 278123.698   310.145   -35.95   66.79
 278495.683   304.158   -16.09   52.38
 278867.602   305.911     4.71   51.62
 279239.455   312.282    17.13   53.94
 279611.242   318.695    17.25   51.31
 279982.963   324.948    16.82   43.31
 280354.618   325.207     0.70   39.67
 280726.208   340.644    41.53   42.27
 281097.731   360.429    53.24   43.21
 281469.189   374.890    38.92   42.41
 281840.581   383.256    22.52   44.49
 282211.907   391.269    21.58   41.37
 282583.168   396.332    13.63   44.55
 282954.363   413.392    45.95   51.59
 283325.492   427.524    38.07   49.71
 283696.556   443.923    44.18   48.77
 284067.555   457.960    37.83   53.95
 284438.488   469.244    30.41   57.05
 284809.355   476.317    19.07   61.91
 285180.157   485.532    24.85   55.50
 285550.893   500.798    41.17   61.38
 285921.565   529.119    76.39   66.11
 286292.171   570.639   112.01   69.82
 286662.711   604.607    91.65   58.75
 287033.187   601.617    -8.07   62.23
 287403.597   589.898   -31.63   70.94
 287773.942   551.507  -103.64   77.15
 288144.221   501.319  -135.51   66.87
 288514.436   466.207   -94.82   63.39
 288884.586   428.017  -103.15   55.64
 289254.670   407.590   -55.18   41.78
 289624.690   407.476    -0.31   47.51
 289994.645   426.392    51.12   55.83
 290364.534   453.732    73.90   51.17
 290734.359   465.326    31.34   47.53
 291104.119   471.860    17.67   47.01
 291473.814   486.382    39.27   53.09
 291843.444   516.088    80.35   73.67
 292213.010   552.922    99.64   75.95
 292582.510   581.765    78.04   56.69
 292951.946   569.024   -34.48   63.60
 293321.318   539.614   -79.60   70.84
 293690.625   504.824   -94.18   66.83
 294059.867   461.578  -117.09   63.99
 294429.044   431.405   -81.71   57.56
 294798.157   411.075   -55.06   47.82
 295167.206   391.019   -54.33   37.62
 295536.190   384.014   -18.98   33.36
 295905.110   390.171    16.69   40.63
 296273.965   402.194    32.59   53.93
 296642.756   420.935    50.81   62.06
 297011.483   445.630    66.96   65.65
 297380.145   471.488    70.12   64.21
 297748.743   482.004    28.52   54.55
 298117.277   482.424     1.14   52.27
 298485.746   471.807   -28.81   65.55
 298854.152   428.707  -116.96   77.85
 299222.493   384.256  -120.65   68.99
 299590.770   356.170   -76.24   52.50
 299958.984   353.768    -6.52   51.72
 300327.133   352.852    -2.49   60.35
 300695.218   347.169   -15.44   63.79
 301063.239   327.442   -53.59   58.18
 301431.197   298.417   -78.86   47.59
 301799.090   265.293   -90.01   34.05
 302166.920   244.034   -57.78   30.25
 302534.685   222.745   -57.87   18.71
 302902.387   214.849   -21.47    8.91
 303270.025   217.283     6.62    9.60
 303637.600   225.036    21.09   12.95
 304005.111   235.726    29.08   13.39
 304372.558   250.577    40.41   17.36
 304739.941   271.022    55.64   27.41
 305107.261   305.641    94.22   52.13
 305474.518   344.838   106.70   63.34
 305841.711   375.134    82.49   58.26
 306208.840   405.141    81.72   59.34
 306575.906   426.146    57.21   60.79
 306942.908   440.232    38.37   52.66
 307309.847   441.780     4.22   49.72
 307676.723   427.676   -38.43   54.62
 308048.420   401.282   -70.99   55.82
 308428.376   381.096   -53.11   47.03
 308808.263   368.378   -33.47   33.90
 309188.081   382.206    36.40   44.41
 309567.832   426.540   116.72   65.36
 309947.513   485.522   155.31   88.15
 310327.127   549.378   168.17   90.61
 310706.671   584.093    91.44   71.76
 311086.148   579.882   -11.09   72.84
 311465.556   561.932   -47.30   76.16
 311844.896   558.819    -8.20   67.64
 312224.168   549.540   -24.46   64.03
 312603.372   530.886   -49.18   66.61
 312982.507   517.133   -36.27   62.67
 313361.574   520.032     7.65   66.05
 313740.573   544.894    65.58   69.37
 314119.505   562.843    47.35   57.61
 314498.368   560.651    -5.78   60.90
 314877.163   536.386   -64.04   67.54
 315255.890   504.861   -83.22   54.25
 315634.549   488.086   -44.29   45.09
 316013.141   513.119    66.11   69.19
 316391.665   555.769   112.65   71.74
 316770.120   572.866    45.16   69.35
 317148.508   574.344     3.91   71.14
 317526.829   574.523     0.47   79.81
 317905.082   626.514   137.41  123.56
 318283.267   677.590   135.02  116.74
 318661.384   698.585    55.51   90.31
 319039.434   664.966   -88.90   98.23
 319417.416   578.540  -228.59   95.29
 319795.331   516.687  -163.63   74.41
 320173.178   486.121   -80.87   54.21
 320550.958   474.960   -29.54   43.56
 320928.671   485.975    29.16   44.31
 321306.316   500.733    39.07   43.92
 321683.894   526.627    68.56   48.31
 322061.404   552.993    69.82   48.97
 322438.848   585.085    85.00   54.54
 322816.224   633.207   127.48   64.33
 323193.533   687.318   143.38   80.29
 323570.774   751.966   171.33   99.54
 323947.949   796.644   118.42  110.31
 324325.057   868.157   189.58  123.12
 324702.097   966.232   260.05  141.70
 325079.071  1044.330   207.12  148.02
 325455.977  1093.144   129.48  130.66
 325832.817  1141.007   126.98   88.22
 326209.590  1131.069   -26.37   83.85
 326586.296  1096.577   -91.54   94.39
 326962.935  1038.485  -154.20  103.43
 327339.507   970.927  -179.36  109.71
 327716.013   902.833  -180.81  121.72
 328092.452   845.837  -151.37  125.77
 328468.824   800.075  -121.55  124.38
 328845.130   740.133  -159.25  114.56
 329221.369   699.778  -107.23  111.74
 329597.541   663.658   -95.99  108.59
 329973.647   627.155   -97.03  104.69
 330349.686   567.935  -157.44  106.97
 330725.659   463.523  -277.64  131.05
 331101.566   367.689  -254.87  122.48
 331477.406   306.827  -161.89   74.31
 331853.179   324.582    47.24   98.68
 332228.887   421.574   258.09  148.59
 332604.528   519.713   261.19  135.83
 332980.103   588.812   183.93  102.15
 333355.612   653.405   171.97   93.26
 333731.054   718.306   172.82  113.52
 334106.430   785.091   177.87  138.58
 334481.741   893.944   289.96  127.22
 334856.985   964.707   188.53   90.70
 335232.163   984.701    53.28   67.06
 335607.275   963.751   -55.83   84.89
 335982.321   891.307  -193.11   96.45
 336357.301   818.297  -194.65   70.35
 336732.216   750.442  -180.94   75.20
 337107.064   697.161  -142.10   78.96
 337481.847   655.803  -110.32   71.46
