# NaN NaN NaN ;Mean Elev.(m), Avg Gradient(m/km), RMS Gradient(m/km) - SRTM1     
#  -12.928  -0.242   6.379 ;Mean Elev.(m), Avg Gradient(m/km), RMS Gradient(m/km) - ASTER GDEM
#    8.549  -0.003   2.061 ;Mean Elev.(m), Avg Gradient(m/km), RMS Gradient(m/km) - GMTED2010 
  8 156.673763  67.918440     9.466     9.463  4 52486.04158336 23.299
  9 156.667671  67.918102     7.324     5.190  3 52521.04155068 23.597
 11 156.673990  67.919215     0.771     0.760  3 52591.04159244 35.565
 12 156.672646  67.917996     0.930     0.936  4 52626.04151530 27.277
 13 156.677358  67.917860     6.513     6.970  4 52661.04155720 23.685
 15 156.681759  67.916500     9.134     9.155  4 52731.04156398 21.585
 16 156.659777  67.920952     2.053     1.950  4 52766.04157352 21.116
 17 156.695679  67.915563    12.172    12.294  4 52801.04157132 21.122
 18 156.690928  67.915374    12.056    12.117  3 52836.04163838 14.217
 19 156.685610  67.917004     9.126    12.070  3 52871.04167920 15.151
 20 156.676463  67.918406     2.868     2.870  3 52906.04167653 40.821
 21 156.694704  67.913891     1.150     1.150  2 52941.04160806 34.991
 22 156.683899  67.915554     0.758     0.793  3 52976.04165669 28.483
 23 156.670870  67.917417     4.000     3.956  3 53011.04165996 22.108
 24 156.687244  67.916179     5.031     4.477  3 53046.04162364 20.863
 25 156.669742  67.918867     7.064     8.290  3 53081.04165807 19.336
 26 156.684116  67.916149     5.779     5.981  4 53116.04162853 17.444
 27 156.675666  67.916882     3.276     3.227  3 53151.04167629 33.142
 28 156.687803  67.915577    11.062    10.964  4 53186.04166367 30.550
 29 156.675551  67.918326     5.649     5.615  3 53221.04168977 36.931
 30 156.661615  67.919100     3.820     3.747  3 53256.04166658 27.537
 31 156.684989  67.917243     4.465     4.446  3 53291.04167888 45.574
 32 156.678967  67.916899     1.608     1.618  4 53326.04165385 20.099
 34 156.686094  67.915826     9.923     9.818  4 53396.04163144 15.317
 35 156.672243  67.918867    10.667    10.664  3 53431.04162362 14.356
 36 156.691967  67.916473    10.001     9.331  3 53466.04165392 12.101
 37 156.672970  67.918124     8.337    10.817  3 53501.04171212 18.855
 38 156.676847  67.918429    10.068    12.529  3 53536.04170145 21.926
 39 156.671009  67.919030    12.434    12.550  3 53571.04171000 16.279
 40 156.664950  67.919872     6.892     6.879  4 53606.04165796 44.954
 41 156.687634  67.915596     3.742     3.718  3 53641.04165792 52.087
 42 156.674262  67.917648     1.004     1.000  3 53676.04167750 33.997
 43 156.670414  67.918837     0.691     0.686  4 53711.04160708 26.309
 45 156.682298  67.917593     9.011    10.216  3 53781.04154853 15.908
 46 156.663244  67.920177     8.285     8.548  4 53816.04151698 15.661
 47 156.685412  67.916782     7.837     8.498  3 53851.04158462 16.145
 48 156.687310  67.915962    11.220    11.599  3 53886.04159347 27.884
 49 156.672496  67.919001    12.466    12.557  3 53921.04166303 18.182
 50 156.668369  67.918751     4.987     4.914  3 53956.04166052 29.746
 51 156.664847  67.918415    10.966    12.115  3 53991.04157984 22.030
 52 156.689965  67.915275     2.021     2.020  3 54026.04164528 39.663
 53 156.681889  67.915971     9.473     9.328  3 54061.04163886 18.861
 54 156.666437  67.919522     8.471     7.767  4 54096.04161216 15.244
 55 156.694291  67.916228     9.716    10.031  4 54131.04155910 15.455
 56 156.671319  67.918844     8.899     8.999  3 54166.04158421 15.010
 57 156.688892  67.916825     9.714     9.424  3 54201.04156235 13.841
 58 156.682003  67.915459     1.855     1.256  3 54236.04159910 38.111
 59 156.676694  67.916619    11.364    12.101  3 54271.04161982 22.933
 60 156.681371  67.918074    10.418    12.213  3 54306.04162216 20.837
 61 156.671428  67.917900     6.755     6.732  3 54341.04160422 50.774
 62 156.684207  67.916459    11.264    11.933  3 54376.04155693 15.564
 63 156.675082  67.916727     1.337     1.350  3 54411.04155103 31.392
 64 156.691930  67.915953     0.883     0.899  4 54446.04152082 23.052
 65 156.680005  67.917376     1.112     1.052  3 54481.04154226 20.001
 66 156.691281  67.915644     6.479     7.225  3 54516.04153515 18.596
 67 156.670942  67.918607     7.181     7.337  3 54551.04155524 16.395
 68 156.682006  67.916464     4.037     3.809  3 54586.04153076 15.290
 69 156.678507  67.917257    11.731    11.399  4 54621.04154985 31.721
 70 156.677581  67.918533    10.213    12.622  3 54656.04155987 23.556
 71 156.674150  67.918537     3.563     3.589  3 54691.04154491 40.810
 72 156.688953  67.915285     8.311     8.141  4 54726.04151118 37.076
 73 156.676609  67.918197     3.044     3.054  3 54761.04152187 36.432
 74 156.691079  67.915010     1.207     1.209  4 54796.04150462 31.238
 75 156.677375  67.917102     9.114     8.267  3 54831.04152225 19.210
 76 156.690514  67.916043     9.291     9.063  3 54866.04149952 18.235
 77 156.671221  67.918767     9.797    10.437  4 54901.04152123 15.546
 78 156.685623  67.916864     8.505     8.652  3 54936.04149027 15.639
 79 156.682481  67.917825     3.058     3.073  3 54971.04152262 32.289
 80 156.676292  67.918367    10.153    12.018  3 55006.04154239 22.369
 81 156.679515  67.917573     5.917     2.860  3 55041.04153042 22.374
 82 156.670932  67.917857     6.414     3.727  3 55076.04151200 22.168
 83 156.686592  67.916830     7.900    10.077  3 55111.04146300 28.358
 84 156.674807  67.917551     1.048     0.697  4 55146.04146561 26.175
 85 156.692592  67.915806     2.159     1.121  3 55181.04144054 20.355
 86 156.674780  67.917682     3.195     2.290  3 55216.04146006 20.834
 87 156.688399  67.915780     9.177     9.544  4 55251.04143762 15.259
 88 156.670144  67.918774     9.036     9.229  4 55286.04145364 15.197
 90 156.675674  67.917543    10.863    12.039  3 55356.04142790 22.374
 91 156.683885  67.915270     4.967     5.004  3 55391.04142878 51.551
 92 156.678891  67.917013     8.164     8.049  4 55426.04144455 26.864
 93 156.669741  67.917511     9.493     9.453  3 55461.04141234 42.678
