# NaN NaN NaN ;Mean Elev.(m), Avg Gradient(m/km), RMS Gradient(m/km) - SRTM1     
#   -5.500  -1.792  26.108 ;Mean Elev.(m), Avg Gradient(m/km), RMS Gradient(m/km) - ASTER GDEM
#    8.070  -2.804  22.199 ;Mean Elev.(m), Avg Gradient(m/km), RMS Gradient(m/km) - GMTED2010 
  8    28.940 52503.42873914  6.81 154.494244  67.525023  6.268
  8    28.635 52503.42873979 14.45 154.490654  67.528083  6.268
  9     9.426 52538.42872328 23.74 154.476084  67.521298 24.685
  9     9.853 52538.42872392 28.17 154.472494  67.524358 24.685
  9    10.006 52538.42872457 45.42 154.468904  67.527408 24.685
 10     7.608 52573.42876351 36.32 154.490160  67.519961 10.523
 10     7.212 52573.42876415 38.83 154.486570  67.523011 10.523
 10     6.951 52573.42876480 34.72 154.482990  67.526071 10.523
 11     8.319 52608.42872119 26.93 154.505391  67.518066  5.713
 11     9.265 52608.42872183 27.58 154.501801  67.521126  5.713
 11     9.290 52608.42872248 28.73 154.498221  67.524176  5.713
 11    10.866 52608.42872312 26.99 154.494641  67.527236  5.713
 12     8.784 52643.42871723 18.63 154.485876  67.519994  3.140
 12    10.101 52643.42871787 19.12 154.482286  67.523044  3.140
 12    10.952 52643.42871852 19.11 154.478696  67.526104  3.140
 13    11.436 52678.42869826 17.53 154.509330  67.518335  3.324
 13    10.567 52678.42869890 17.90 154.505750  67.521395  3.324
 13    11.117 52678.42869955 18.12 154.502170  67.524455  3.324
 13    11.375 52678.42870019 18.44 154.498580  67.527505  3.324
 15     9.748 52748.42876387 15.43 154.495485  67.520386  3.964
 15    10.432 52748.42876451 15.30 154.491895  67.523446  3.964
 15    11.387 52748.42876516 15.51 154.488315  67.526496  3.964
 18     8.500 52853.42883152 44.98 154.490304  67.518759 13.317
 18     7.975 52853.42883216 50.89 154.486714  67.521819 13.317
 18     7.902 52853.42883281 49.20 154.483124  67.524879 13.317
 18     8.491 52853.42883345 39.48 154.479544  67.527929 13.317
 20     7.434 52923.42881896 30.15 154.508992  67.518529 11.670
 20     7.503 52923.42881961 41.52 154.505402  67.521589 11.670
 20     7.242 52923.42882025 52.85 154.501822  67.524649 11.670
 20     7.133 52923.42882090 40.72 154.498242  67.527699 11.670
 21     7.057 52958.42878589 29.68 154.489530  67.519689  7.390
 21     6.709 52958.42878653 31.85 154.485940  67.522749  7.390
 21     6.562 52958.42878718 28.86 154.482360  67.525799  7.390
 22     7.200 52993.42881236 24.22 154.494820  67.518519  5.460
 22     7.019 52993.42881300 27.24 154.491237  67.521573  4.550
 22     6.879 52993.42881365 27.60 154.487657  67.524623  4.550
 22     9.032 52993.42881429 23.09 154.484067  67.527683  4.550
 23    10.011 53028.42877699 17.75 154.511831  67.520567  4.157
 23    10.422 53028.42877763 17.57 154.508251  67.523617  4.157
 23    11.079 53028.42877828 18.12 154.504671  67.526677  4.157
 24     8.937 53063.42878515 15.88 154.498527  67.518852  4.111
 24     9.717 53063.42878579 15.62 154.494937  67.521902  4.111
 24    10.153 53063.42878643 15.53 154.491357  67.524962  4.111
 24    16.759 53063.42878708 15.98 154.487769  67.528015  2.911
 25     9.463 53098.42880105 14.22 154.504092  67.518663  3.015
 25     9.749 53098.42880170 14.23 154.500512  67.521713  3.015
 25    10.125 53098.42880234 14.52 154.496922  67.524773  3.015
 25    16.814 53098.42880299 14.35 154.493342  67.527833  3.015
 26     8.466 53133.42878365  8.56 154.497898  67.519307  2.374
 26     8.140 53133.42878429  8.56 154.494308  67.522367  2.374
 26     9.188 53133.42878493  7.84 154.490728  67.525422  2.664
 26     9.069 53133.42878558  8.90 154.487138  67.528472  2.664
 28    16.698 53203.42885777 12.01 154.494230  67.518930  7.471
 28    16.765 53203.42885841 12.14 154.490650  67.521990  7.471
 28    17.601 53203.42885905 12.98 154.487060  67.525040  7.471
 28    17.883 53203.42885970 24.20 154.483470  67.528100  7.471
 31     8.167 53308.42884541 29.70 154.483607  67.521171  6.831
 31     8.011 53308.42884605 26.67 154.480027  67.524221  6.831
 31     7.618 53308.42884669 25.60 154.476437  67.527281  6.831
 33     7.869 53378.42875358 15.35 154.478738  67.519648  3.930
 33     9.462 53378.42875422 15.23 154.475150  67.522696  3.468
 33     9.180 53378.42875487 15.98 154.471560  67.525756  3.468
 33     9.761 53378.42875551 16.56 154.467970  67.528806  3.468
 34     9.238 53413.42878761 14.25 154.499776  67.520545  3.884
 34    10.388 53413.42878825 14.25 154.496186  67.523605  3.884
 34    10.744 53413.42878890 14.25 154.492606  67.526655  3.884
 36     8.453 53483.42886221 12.42 154.479574  67.521120  3.767
 36     8.775 53483.42886285 12.93 154.475994  67.524180  3.767
 36     9.317 53483.42886350 12.91 154.472401  67.527232  3.379
 38    11.401 53553.42888250 45.38 154.492067  67.518828  8.991
 38    11.358 53553.42888314 47.99 154.488487  67.521888  8.991
 38     9.988 53553.42888379 48.04 154.484897  67.524938  8.991
 38    11.379 53553.42888443 47.36 154.481317  67.527998  8.991
 39    10.441 53588.42883141 33.41 154.508926  67.520044 13.513
 39     9.930 53588.42883205 30.04 154.505346  67.523094 13.513
 39    10.803 53588.42883270 41.77 154.501766  67.526154 13.513
 41     6.847 53658.42883199 42.26 154.483712  67.520931  9.281
 41     7.054 53658.42883263 38.40 154.480122  67.523991  9.281
 41     6.759 53658.42883328 33.68 154.476532  67.527051  9.281
 42     9.060 53693.42881152 25.17 154.503035  67.518651  5.400
 42     6.730 53693.42881216 31.36 154.499445  67.521711  5.400
 42    10.459 53693.42881281 26.10 154.495865  67.524771  5.400
 42    11.438 53693.42881345 24.51 154.492275  67.527821  5.400
 43     6.869 53728.42873479 27.24 154.514928  67.520981  5.115
 43     6.868 53728.42873543 28.61 154.511348  67.524031  5.115
 43    10.914 53728.42873608 26.08 154.507758  67.527091  5.115
 44     7.686 53763.42869425 21.33 154.492766  67.518484  4.314
 44     8.143 53763.42869489 21.74 154.489186  67.521534  4.314
 44     9.795 53763.42869554 19.67 154.485596  67.524594  4.314
 44    16.211 53763.42869618 19.93 154.482006  67.527644  4.314
 45    10.644 53798.42870290 14.82 154.512456  67.519133  2.851
 45    10.401 53798.42870354 15.25 154.508876  67.522183  2.851
 45    11.186 53798.42870419 15.88 154.505286  67.525243  2.851
 45    11.696 53798.42870483 15.28 154.501706  67.528303  2.851
 47    10.473 53868.42876405  8.37 154.485577  67.521003 18.632
 47    12.223 53868.42876470 10.15 154.481997  67.524063 18.632
 47    13.479 53868.42876534 10.18 154.478407  67.527123 18.632
 48    17.610 53903.42879570 15.82 154.493855  67.518751  3.155
 48    16.934 53903.42879634 16.57 154.490275  67.521801  3.155
 48    17.428 53903.42879699 16.97 154.486685  67.524861  3.155
 48    17.677 53903.42879763 24.41 154.483103  67.527917 34.047
 49     9.596 53938.42883177 21.39 154.484159  67.519578 10.284
 49     9.914 53938.42883241 22.86 154.480569  67.522628 10.284
 49    10.168 53938.42883306 32.87 154.476989  67.525688 10.284
 49     9.668 53938.42883370 45.87 154.473399  67.528738 10.284
 51     9.009 54008.42878381 47.99 154.480080  67.520284 12.947
 51     7.668 54008.42878446 48.36 154.476500  67.523334 12.947
 51     7.927 54008.42878510 43.83 154.472910  67.526394 12.947
 52     7.599 54043.42880522 21.45 154.494389  67.519087  6.321
 52     7.233 54043.42880586 26.88 154.490799  67.522147  6.321
 52     7.397 54043.42880651 24.17 154.487219  67.525197  6.321
 52    11.477 54043.42880715 22.65 154.483629  67.528257  6.321
 53     9.561 54078.42879844 14.73 154.505676  67.518150  4.809
 53    10.441 54078.42879908 14.77 154.502086  67.521210  4.809
 53    10.537 54078.42879973 14.82 154.498506  67.524270  4.809
 53    12.265 54078.42880037 14.23 154.494916  67.527320  4.809
 54    12.321 54113.42873619 11.01 154.515044  67.519365  3.730
 54    10.934 54113.42873683 11.64 154.511464  67.522425  3.730
 54    11.452 54113.42873748 11.59 154.507874  67.525485  3.730
 54    11.830 54113.42873812 11.93 154.504294  67.528535  3.730
 56    12.258 54183.42872542 11.43 154.512847  67.519707  2.692
 56    11.876 54183.42872607 11.60 154.509267  67.522757  2.692
 56    11.801 54183.42872671 11.12 154.505677  67.525817  2.692
 57    18.108 54218.42875297  2.25 154.487065  67.519630  2.258
 57    17.972 54218.42875362  2.38 154.483485  67.522690  2.258
 57    17.800 54218.42875426  4.81 154.479895  67.525740  2.258
 57    18.098 54218.42875491  6.53 154.476305  67.528800  2.258
 58    15.418 54253.42877775 16.69 154.494729  67.519021 20.041
 58    15.780 54253.42877840 17.34 154.491139  67.522081 20.041
 58    17.502 54253.42877904 18.54 154.487559  67.525141 20.041
 58    18.355 54253.42877968 21.19 154.483969  67.528191 20.041
 59     9.800 54288.42878113 25.05 154.502492  67.518021 19.809
 59    10.433 54288.42878177 16.48 154.498912  67.521071 19.809
 59    17.292 54288.42878242 14.36 154.495322  67.524131 19.809
 59    10.923 54288.42878306 19.65 154.491742  67.527191 19.809
 61    10.031 54358.42873542 23.90 154.512835  67.520920 15.867
 61    10.051 54358.42873607 19.43 154.509255  67.523970 15.867
 61    16.258 54358.42873671 18.83 154.505675  67.527030 15.867
 62     7.987 54393.42871941 41.99 154.494184  67.520444 12.403
 62     7.700 54393.42872005 42.30 154.490594  67.523494 12.403
 62     7.540 54393.42872070 33.24 154.487014  67.526554 12.403
 63     7.407 54428.42868567 23.27 154.504693  67.520476  5.205
 63     7.474 54428.42868631 23.60 154.501113  67.523526  5.205
 63     9.896 54428.42868696 22.41 154.497523  67.526586  5.205
 64     7.960 54463.42869781 15.89 154.490959  67.519037  3.470
 64     8.880 54463.42869846 16.21 154.487379  67.522087  3.470
 64     8.956 54463.42869910 16.22 154.483789  67.525147  3.470
 64     9.042 54463.42869975 16.61 154.480199  67.528207  3.470
 65     9.394 54498.42869506 14.05 154.504113  67.519948  3.103
 65    10.339 54498.42869571 14.00 154.500533  67.523008  3.103
 65    10.261 54498.42869635 13.94 154.496943  67.526058  3.103
 66     8.729 54533.42871134 13.80 154.497245  67.518340  4.198
 66     9.145 54533.42871199 14.17 154.493665  67.521400  4.198
 66     9.483 54533.42871263 14.47 154.490075  67.524450  4.198
 66    10.780 54533.42871328 13.89 154.486485  67.527510  4.198
 67     9.406 54568.42869899 14.23 154.512579  67.519292  3.607
 67     9.944 54568.42869963 14.23 154.508999  67.522352  3.607
 67    11.168 54568.42870028 13.52 154.505409  67.525402  3.607
 68     9.051 54603.42870661 35.16 154.493493  67.519408  7.840
 68     9.527 54603.42870725 31.98 154.489903  67.522468  7.840
 68     9.710 54603.42870790 34.09 154.486323  67.525518  7.840
 68     9.326 54603.42870854 37.24 154.482733  67.528578  7.840
 70    10.905 54673.42872017 44.29 154.497911  67.519616 10.692
 70    10.532 54673.42872081 47.86 154.494332  67.522676 33.070
 70    10.411 54673.42872146 44.81 154.490742  67.525726 33.070
 70    10.438 54673.42872210 45.27 154.487152  67.528786 33.070
 71     8.619 54708.42867840 42.68 154.508824  67.519887 13.218
 71     8.183 54708.42867904 42.26 154.505244  67.522947 13.218
 71     8.557 54708.42867969 44.96 154.501664  67.525997 13.218
 72    10.102 54743.42868611 47.59 154.492819  67.519440 11.707
 72     9.723 54743.42868675 52.52 154.489229  67.522490 11.707
 72     9.988 54743.42868740 50.60 154.485639  67.525550 11.707
 72     9.667 54743.42868804 50.34 154.482059  67.528610 11.707
 73     7.818 54778.42866090 32.10 154.502645  67.520179  7.503
 73     7.602 54778.42866154 37.21 154.499065  67.523239  7.503
 73     7.496 54778.42866219 34.11 154.495475  67.526299  7.503
 74     7.333 54813.42868009 30.32 154.485826  67.521263  6.390
 74     7.277 54813.42868073 26.74 154.482236  67.524323  6.390
 74    17.047 54813.42868138 24.51 154.478646  67.527383  6.390
 75     9.538 54848.42866057 16.94 154.504294  67.520161  3.159
 75    10.193 54848.42866121 17.45 154.500714  67.523211  3.159
 75    10.682 54848.42866185 17.33 154.497134  67.526271  3.159
 76     7.484 54883.42868329 19.84 154.489318  67.521126  4.191
 76     9.201 54883.42868394 19.74 154.485738  67.524186  4.191
 76    10.943 54883.42868458 18.24 154.482148  67.527246  4.191
 77    10.091 54918.42866241 13.17 154.512266  67.518254  3.336
 77    10.181 54918.42866305 14.02 154.508686  67.521314  3.336
 77    10.820 54918.42866370 13.90 154.505106  67.524364  3.336
 77    11.261 54918.42866434 14.43 154.501516  67.527424  3.336
 78     9.669 54953.42867776 14.58 154.490253  67.520414  4.886
 78     9.908 54953.42867841 15.63 154.486673  67.523464  4.886
 78     9.738 54953.42867905 20.04 154.483083  67.526524  4.886
 80     8.846 55023.42869344 23.49 154.501479  67.520624  8.902
 80     9.010 55023.42869409 23.16 154.497899  67.523684  8.902
 80     9.515 55023.42869473 26.81 154.494309  67.526734  8.902
 81     8.747 55058.42868890 47.49 154.498841  67.520663 10.932
 81     8.599 55058.42868954 50.18 154.495251  67.523723 10.932
 81     8.780 55058.42869019 47.30 154.491671  67.526783 10.932
 82    12.550 55093.42864269 27.26 154.511948  67.518937 11.873
 82    11.224 55093.42864334 15.25 154.508368  67.521997 11.873
 82    12.267 55093.42864398 13.43 154.504778  67.525057 11.873
 82    17.196 55093.42864463 13.44 154.501198  67.528107 11.873
 83     7.004 55128.42862927 35.69 154.495131  67.519000 10.535
 83     6.835 55128.42862992 44.24 154.491551  67.522050 10.535
 83     6.960 55128.42863056 43.66 154.487961  67.525110 10.535
 83     6.618 55128.42863121 35.30 154.484371  67.528170 10.535
 84     6.825 55163.42860450 25.24 154.503099  67.519174  5.018
 84     6.828 55163.42860514 25.32 154.499519  67.522234  5.018
 84     6.781 55163.42860579 25.90 154.495939  67.525284  5.018
 84     9.834 55163.42860643 23.95 154.492349  67.528344  5.018
 85     8.001 55198.42862075 18.48 154.490745  67.518500  3.910
 85     8.906 55198.42862140 19.41 154.487165  67.521550  3.910
 85     9.390 55198.42862204 19.27 154.483575  67.524610  3.910
 85    16.946 55198.42862269 18.95 154.479995  67.527670  3.910
 86     9.918 55233.42860908 14.10 154.506655  67.520347  2.530
 86    10.253 55233.42860973 14.61 154.503065  67.523397  2.530
 86    16.171 55233.42861037 15.67 154.499485  67.526457  2.530
 87     8.905 55268.42861519 13.76 154.496663  67.518287  3.688
 87     9.589 55268.42861584 14.51 154.493083  67.521337  3.688
 87    15.921 55268.42861648 14.67 154.489493  67.524397  3.688
 87    16.677 55268.42861713 15.02 154.485913  67.527457  3.688
 88    10.490 55303.42858895 13.49 154.512661  67.520317  3.450
 88    10.719 55303.42858959 14.50 154.509081  67.523367  3.450
 88    11.311 55303.42859024 14.33 154.505497  67.526432  3.390
 89    15.798 55338.42858843 43.66 154.499740  67.518249 15.187
 89    15.910 55338.42858907 44.18 154.496160  67.521299 15.187
 89    15.559 55338.42858972 45.47 154.492570  67.524359 15.187
 89    15.780 55338.42859036 44.52 154.488990  67.527419 15.187
 91     8.201 55408.42860069 19.76 154.493034  67.520486  6.347
 91     8.268 55408.42860133 22.76 154.489444  67.523536  6.347
 91     8.247 55408.42860198 32.25 154.485854  67.526596  6.347
 92    13.299 55443.42859732 37.71 154.501626  67.519038 20.047
 92    13.024 55443.42859796 43.42 154.498046  67.522088 20.047
 92    12.523 55443.42859861 40.89 154.494456  67.525148 20.047
 92    13.004 55443.42859925 45.57 154.490876  67.528208 20.047
 93    10.834 55478.42853585 26.17 154.514100  67.521377 10.864
 93    11.422 55478.42853649 25.94 154.510520  67.524437 10.864
 93    11.861 55478.42853714 28.08 154.506930  67.527497 10.864
