# NaN NaN NaN ;Mean Elev.(m), Avg Gradient(m/km), RMS Gradient(m/km) - SRTM1     
#  -10.309  -3.002  17.609 ;Mean Elev.(m), Avg Gradient(m/km), RMS Gradient(m/km) - ASTER GDEM
#   14.129  -1.744  17.986 ;Mean Elev.(m), Avg Gradient(m/km), RMS Gradient(m/km) - GMTED2010 
  7    26.708 52473.04772858 10.17 153.711110  67.234883 16.593
  7    23.603 52473.04772923 15.49 153.707600  67.231823 16.593
  7    20.982 52473.04772987 19.85 153.704100  67.228763 16.593
  7    20.269 52473.04773052 21.18 153.700590  67.225693 16.593
  7    14.771 52473.04773116 19.10 153.697090  67.222633 16.593
  7    15.509 52473.04773181 20.05 153.693590  67.219573 16.593
  7    16.682 52473.04773245 20.31 153.690090  67.216503 16.593
  7    14.879 52473.04773310 21.59 153.686590  67.213443 16.593
  7    18.987 52473.04773374 24.08 153.683095  67.210381 15.210
  8    20.415 52508.04769949 15.31 153.710590  67.234640 16.564
  8    20.542 52508.04770014 15.33 153.707090  67.231580 16.564
  8    20.070 52508.04770078 17.63 153.703580  67.228510 16.564
  8    19.028 52508.04770142 19.66 153.700080  67.225450 16.564
  8    20.418 52508.04770207 14.14 153.696580  67.222390 16.564
  8    22.639 52508.04770271 14.18 153.693080  67.219320 16.564
  8    17.860 52508.04770400 21.24 153.686084  67.213197 20.121
 11     9.644 52613.04769804 30.48 153.710687  67.239890  7.916
 11     9.876 52613.04769868 31.74 153.707177  67.236830  7.916
 11     9.871 52613.04769933 31.22 153.703677  67.233770  7.916
 11     9.820 52613.04769997 30.45 153.700177  67.230700  7.916
 11     9.919 52613.04770062 29.13 153.696677  67.227640  7.916
 11    10.033 52613.04770126 28.04 153.693169  67.224582  9.626
 11    10.176 52613.04770191 27.23 153.689669  67.221512  9.626
 11    17.494 52613.04770255 25.33 153.686169  67.218452  9.626
 11    18.627 52613.04770320 24.74 153.682669  67.215382  9.626
 12    10.046 52648.04768282 24.98 153.716445  67.228304  6.574
 12     9.965 52648.04768347 25.75 153.712935  67.225244  6.574
 12     9.953 52648.04768411 25.68 153.709435  67.222174  6.574
 12    10.142 52648.04768476 25.64 153.705934  67.219109  9.018
 12    15.725 52648.04768540 25.34 153.702434  67.216049  9.018
 12    10.232 52648.04768605 26.01 153.698934  67.212989  9.018
 12    17.096 52648.04768669 25.63 153.695434  67.209919  9.018
 12    17.388 52648.04768734 26.09 153.691934  67.206859  9.018
 12    17.359 52648.04768798 26.12 153.688434  67.203799  9.018
 13    10.004 52683.04765679 22.66 153.714451  67.232897  4.379
 13     9.818 52683.04765743 23.32 153.710951  67.229837  4.379
 13     9.715 52683.04765808 24.34 153.707445  67.226780  6.132
 13     9.892 52683.04765872 22.86 153.703945  67.223710  6.132
 13    15.222 52683.04765937 22.00 153.700445  67.220650  6.132
 13    16.058 52683.04766001 22.44 153.696945  67.217580  6.132
 13    17.260 52683.04766066 20.81 153.693445  67.214520  6.132
 13    18.301 52683.04766130 20.49 153.689945  67.211460  6.132
 13    19.007 52683.04766194 20.40 153.686445  67.208390  6.132
 14    10.144 52718.04771364 21.05 153.715916  67.232304  4.457
 14    10.044 52718.04771429 22.40 153.712416  67.229244  4.457
 14     9.989 52718.04771493 21.74 153.708906  67.226184  4.457
 14    10.066 52718.04771558 22.04 153.705406  67.223114  4.457
 14    15.589 52718.04771622 21.01 153.701906  67.220054  4.457
 14    16.398 52718.04771687 20.89 153.698406  67.216994  4.457
 14    17.137 52718.04771751 20.42 153.694906  67.213924  4.457
 14    18.432 52718.04771816 20.06 153.691406  67.210864  4.457
 14    18.930 52718.04771880 19.81 153.687906  67.207794  4.457
 15     9.620 52753.04773723 21.69 153.702906  67.242286  5.337
 15     9.978 52753.04773787 21.18 153.699396  67.239226  5.337
 15     9.934 52753.04773852 21.84 153.695896  67.236166  5.337
 15     9.829 52753.04773916 23.70 153.692386  67.233096  5.337
 15     9.981 52753.04773981 21.97 153.688886  67.230036  5.337
 15    10.012 52753.04774045 22.76 153.685388  67.226977  6.488
 15     9.918 52753.04774110 21.00 153.681888  67.223907  6.488
 16    19.075 52788.04768888 36.61 153.704858  67.209127 24.924
 16    19.755 52788.04768953 37.32 153.701358  67.206067 24.924
 16    19.265 52788.04769017 37.22 153.697858  67.202997 24.924
 16    17.818 52788.04769082 35.01 153.694358  67.199937 24.924
 17    19.988 52823.04775712 15.14 153.719991  67.226449 15.626
 17    19.618 52823.04775776 11.81 153.716491  67.223379 15.626
 17    19.704 52823.04775841 11.65 153.712982  67.220318 14.938
 17    20.017 52823.04775905 11.59 153.709482  67.217258 14.938
 17    20.313 52823.04775970 11.90 153.705982  67.214198 14.938
 17    21.352 52823.04776034 12.97 153.702482  67.211128 14.938
 17    21.464 52823.04776099 13.13 153.698982  67.208068 14.938
 17    21.808 52823.04776163 14.68 153.695482  67.205008 14.938
 17    21.496 52823.04776228 15.86 153.691982  67.201938 14.938
 18    11.066 52858.04780386 40.65 153.719211  67.226291 15.535
 18    10.987 52858.04780450 42.86 153.715711  67.223221 15.535
 18    10.893 52858.04780515 50.29 153.712212  67.220158 45.268
 18    10.865 52858.04780579 55.13 153.708712  67.217098 45.268
 18    10.946 52858.04780644 51.81 153.705202  67.214038 45.268
 18    10.886 52858.04780708 53.53 153.701702  67.210968 45.268
 18    10.948 52858.04780773 52.20 153.698202  67.207908 45.268
 18    11.094 52858.04780837 50.63 153.694702  67.204848 45.268
 18    11.102 52858.04780902 49.89 153.691212  67.201778 45.268
 19    11.879 52893.04783447 37.33 153.712132  67.234064 21.867
 19    12.071 52893.04783511 42.42 153.708632  67.231004 21.867
 19    12.175 52893.04783576 46.40 153.705122  67.227934 21.867
 19    12.236 52893.04783640 45.89 153.701622  67.224874 21.867
 19    12.261 52893.04783704 43.36 153.698122  67.221817 29.038
 19    12.179 52893.04783769 36.75 153.694622  67.218747 29.038
 19    12.044 52893.04783833 24.37 153.691122  67.215687 29.038
 19    12.018 52893.04783898 23.25 153.687622  67.212617 29.038
 19    12.238 52893.04783962 28.91 153.684122  67.209557 29.038
 20    10.233 52928.04778462 36.48 153.704207  67.240714 13.095
 20    10.302 52928.04778526 36.38 153.700707  67.237654 13.095
 20    10.161 52928.04778590 33.00 153.697197  67.234584 13.095
 20    10.184 52928.04778655 32.13 153.693697  67.231524 13.095
 20     9.892 52928.04778719 30.70 153.690197  67.228464 13.095
 20     9.781 52928.04778784 27.78 153.686697  67.225394 13.095
 20     9.677 52928.04778848 26.79 153.683197  67.222334 13.095
 21     9.925 52963.04776777 28.13 153.701204  67.203745 13.423
 21     9.961 52963.04776841 29.09 153.697704  67.200685 13.423
 22    10.252 52998.04780118 26.21 153.713449  67.235640  5.993
 22    10.304 52998.04780183 25.38 153.709949  67.232570  5.993
 22    10.183 52998.04780247 25.46 153.706448  67.229509  8.377
 22    10.131 52998.04780312 24.49 153.702938  67.226449  8.377
 22    10.089 52998.04780376 24.66 153.699438  67.223389  8.377
 22    10.328 52998.04780441 23.17 153.695938  67.220319  8.377
 22    16.633 52998.04780505 22.28 153.692438  67.217259  8.377
 22    17.815 52998.04780570 21.64 153.688938  67.214199  8.377
 22    18.050 52998.04780634 21.23 153.685438  67.211129  8.377
 23     9.855 53033.04775576 21.30 153.707409  67.241119  4.911
 23     9.895 53033.04775640 22.48 153.703909  67.238059  4.911
 23    10.258 53033.04775705 22.57 153.700399  67.234999  4.911
 23    10.098 53033.04775769 22.91 153.696899  67.231929  4.911
 23     9.880 53033.04775834 22.77 153.693399  67.228869  4.911
 23    11.967 53033.04775898 21.38 153.689899  67.225808  5.826
 23    15.945 53033.04775963 20.94 153.686399  67.222738  5.826
 23    17.359 53033.04776027 21.15 153.682899  67.219678  5.826
 24    10.203 53068.04777044 20.99 153.716767  67.229704  3.878
 24    10.062 53068.04777109 21.05 153.713270  67.226643  8.033
 24     9.964 53068.04777173 21.97 153.709760  67.223583  8.033
 24     9.980 53068.04777238 22.49 153.706260  67.220523  8.033
 24    15.293 53068.04777302 22.26 153.702760  67.217453  8.033
 24    15.735 53068.04777366 22.45 153.699260  67.214393  8.033
 24    16.527 53068.04777431 22.03 153.695760  67.211333  8.033
 24    10.082 53068.04777495 22.98 153.692260  67.208263  8.033
 24    10.147 53068.04777560 22.38 153.688760  67.205203  8.033
 25    15.765 53103.04775765 15.94 153.705619  67.242886  4.014
 25    16.107 53103.04775830 16.95 153.702109  67.239826  4.014
 25    11.876 53103.04775894 18.03 153.698609  67.236756  4.014
 25    12.229 53103.04775959 18.18 153.695109  67.233696  4.014
 25    12.264 53103.04776023 18.13 153.691609  67.230636  4.014
 25    14.199 53103.04776088 17.88 153.688099  67.227566  4.014
 25    15.295 53103.04776152 17.54 153.684599  67.224506  4.014
 25    16.656 53103.04776216 17.01 153.681101  67.221442  4.299
 26    11.729 53138.04777456 28.65 153.717931  67.226501 22.951
 26    11.409 53138.04777521 33.97 153.714431  67.223441 22.951
 26    11.653 53138.04777585 28.32 153.710921  67.220381 22.951
 26    11.517 53138.04777650 23.82 153.707421  67.217311 22.951
 26    11.228 53138.04777714 21.36 153.703921  67.214251 22.951
 26    11.254 53138.04777779 20.45 153.700421  67.211191 22.951
 26    11.315 53138.04777843 21.24 153.696921  67.208121 22.951
 26    11.293 53138.04777908 21.27 153.693421  67.205061 22.951
 27    21.936 53173.04781750 19.28 153.716156  67.232076 15.617
 27    22.216 53173.04781815 11.36 153.712646  67.229016 15.617
 27    20.211 53173.04781879 11.17 153.709146  67.225946 15.617
 27    20.220 53173.04781944 11.31 153.705646  67.222886 15.617
 27    20.118 53173.04782008 12.48 153.702142  67.219830 18.776
 27    20.733 53173.04782073 12.59 153.698642  67.216760 18.776
 27    21.715 53173.04782137 12.76 153.695142  67.213700 18.776
 27    21.188 53173.04782201 16.34 153.691642  67.210630 18.776
 27    21.819 53173.04782266 17.83 153.688142  67.207570 18.776
 28    14.898 53208.04783244 41.40 153.713718  67.235783 16.817
 28    15.232 53208.04783308 43.14 153.710208  67.232723 16.817
 28    14.927 53208.04783373 40.71 153.706708  67.229663 16.817
 28    14.592 53208.04783437 37.59 153.703208  67.226593 16.817
 28    14.673 53208.04783502 40.59 153.699704  67.223537 35.179
 28    15.003 53208.04783566 41.89 153.696204  67.220467 35.179
 28    14.532 53208.04783631 41.47 153.692704  67.217407 35.179
 28    15.081 53208.04783695 44.86 153.689204  67.214347 35.179
 28    14.904 53208.04783760 44.14 153.685704  67.211277 35.179
 29    15.147 53243.04780047 44.30 153.711058  67.234086 23.619
 29    15.755 53243.04780112 44.54 153.707548  67.231016 23.619
 29    15.060 53243.04780176 40.73 153.704048  67.227956 23.619
 29    14.311 53243.04780241 43.44 153.700552  67.224897 30.159
 29    15.457 53243.04780305 45.22 153.697042  67.221827 30.159
 29    13.917 53243.04780370 43.64 153.693542  67.218767 30.159
 29    14.636 53243.04780434 44.23 153.690052  67.215707 30.159
 29    14.750 53243.04780499 45.96 153.686552  67.212637 30.159
 29    14.649 53243.04780563 44.61 153.683052  67.209577 30.159
 30    14.078 53278.04778081 34.01 153.703811  67.208539 15.085
 30    14.260 53278.04778145 29.14 153.700311  67.205479 15.085
 30    14.003 53278.04778210 31.72 153.696811  67.202409 15.085
 31    11.697 53313.04780738 22.93 153.713092  67.230950  8.900
 31    11.762 53313.04780802 22.10 153.709592  67.227890  8.900
 31    11.518 53313.04780867 21.69 153.706092  67.224830  8.900
 31    11.561 53313.04780931 22.02 153.702582  67.221760  8.900
 31    11.893 53313.04780996 21.82 153.699081  67.218695  6.948
 31    17.350 53313.04781060 22.30 153.695581  67.215635  6.948
 31    17.716 53313.04781125 22.12 153.692081  67.212575  6.948
 31    18.324 53313.04781189 21.14 153.688581  67.209505  6.948
 31    18.853 53313.04781254 22.58 153.685081  67.206445  6.948
 32    17.291 53348.04777261 19.28 153.713124  67.233915  6.552
 32    15.909 53348.04777325 18.86 153.709624  67.230855  6.552
 32    13.117 53348.04777390 19.23 153.706124  67.227795  6.552
 32    16.567 53348.04777454 19.10 153.702614  67.224725  6.552
 32    16.848 53348.04777519 18.12 153.699114  67.221665  6.552
 32    17.321 53348.04777583 17.24 153.695615  67.218606  4.395
 32    17.881 53348.04777648 17.31 153.692115  67.215536  4.395
 32    18.561 53348.04777712 16.95 153.688615  67.212476  4.395
 32    19.058 53348.04777777 17.55 153.685125  67.209416  4.395
 33    14.485 53383.04774190 15.68 153.719098  67.222881  4.605
 33    14.283 53383.04774254 16.06 153.715598  67.219821  4.605
 33    16.278 53383.04774448 17.54 153.705098  67.210621  4.605
 33    16.854 53383.04774512 17.21 153.701598  67.207561  4.605
 33    17.194 53383.04774577 17.40 153.698098  67.204501  4.605
 33    17.763 53383.04774641 16.29 153.694598  67.201441  4.605
 34    15.225 53418.04775284 15.07 153.715441  67.227903  3.931
 34    12.219 53418.04775349 16.53 153.711941  67.224833  3.931
 34    14.062 53418.04775413 16.22 153.708441  67.221773  3.931
 34    15.135 53418.04775478 16.78 153.704941  67.218716  4.300
 34    15.825 53418.04775542 16.99 153.701441  67.215646  4.300
 34    17.374 53418.04775606 16.03 153.697941  67.212586  4.300
 34    18.140 53418.04775671 15.43 153.694441  67.209516  4.300
 34    18.557 53418.04775735 15.41 153.690941  67.206456  4.300
 35    17.430 53453.04776070 13.42 153.700227  67.200826  4.178
 35    16.549 53453.04776134 13.29 153.696727  67.197766  4.178
 36    17.651 53488.04783945 11.62 153.711959  67.234932  3.659
 36    17.027 53488.04784010 11.35 153.708459  67.231872  3.659
 36    11.302 53488.04784074 12.88 153.704949  67.228802  3.659
 36    11.342 53488.04784139 12.62 153.701448  67.225738  3.587
 36    12.087 53488.04784203 12.46 153.697948  67.222678  3.587
 36    15.422 53488.04784268 12.09 153.694448  67.219618  3.587
 36    17.851 53488.04784332 10.80 153.690948  67.216548  3.587
 36    18.709 53488.04784397  9.60 153.687448  67.213488  3.587
 36    19.190 53488.04784461  9.47 153.683948  67.210428  3.587
 37    21.050 53523.04782941 19.05 153.714548  67.230574 13.617
 37    16.849 53523.04783006 19.99 153.711038  67.227514 13.617
 37    17.100 53523.04783070 18.99 153.707538  67.224444 13.617
 37    20.081 53523.04783134 14.86 153.704038  67.221384 13.617
 37    20.506 53523.04783199 14.52 153.700535  67.218325 19.149
 37    21.683 53523.04783263 14.29 153.697035  67.215255 19.149
 37    22.822 53523.04783328 14.60 153.693535  67.212195 19.149
 37    21.588 53523.04783392 18.91 153.690035  67.209135 19.149
 37    23.541 53523.04783457 18.44 153.686535  67.206065 19.149
 39   115.212 53593.04779150  2.80 153.714105  67.236243 28.484
 39    19.876 53593.04779473  8.20 153.696596  67.220922 14.842
 39    20.618 53593.04779537 10.86 153.693096  67.217862 14.842
 39    21.218 53593.04779602 12.80 153.689596  67.214802 14.842
 39    21.985 53593.04779666 12.64 153.686096  67.211732 14.842
 40    16.196 53628.04778428 39.15 153.720179  67.225820 11.640
 40    15.669 53628.04778492 42.29 153.716675  67.222753 32.118
 40    16.164 53628.04778557 46.88 153.713165  67.219693 32.118
 40    15.236 53628.04778621 45.64 153.709665  67.216633 32.118
 40    16.032 53628.04778686 44.97 153.706165  67.213563 32.118
 40    14.587 53628.04778750 44.80 153.702655  67.210503 32.118
 40    16.249 53628.04778814 43.08 153.699155  67.207443 32.118
 40    15.463 53628.04778879 44.72 153.695655  67.204373 32.118
 40    15.512 53628.04778943 44.19 153.692165  67.201313 32.118
 41    10.801 53663.04780787 38.15 153.716208  67.233745 14.485
 41    10.880 53663.04780851 42.17 153.712698  67.230685 14.485
 41    10.655 53663.04780916 40.74 153.709198  67.227615 14.485
 41    10.676 53663.04780980 36.61 153.705692  67.224553 36.968
 41    10.840 53663.04781044 39.55 153.702192  67.221493 36.968
 41    10.937 53663.04781109 44.71 153.698692  67.218433 36.968
 41    10.870 53663.04781173 48.84 153.695192  67.215363 36.968
 41    10.978 53663.04781238 53.48 153.691692  67.212303 36.968
 41    10.969 53663.04781302 46.18 153.688192  67.209243 36.968
 41    10.910 53663.04781367 45.58 153.684692  67.206173 36.968
 42    16.109 53698.04777003 30.06 153.713133  67.237648 12.172
 42    10.042 53698.04777068 32.87 153.709633  67.234578 12.172
 42     9.950 53698.04777132 29.09 153.706123  67.231518 12.172
 42     9.827 53698.04777197 29.74 153.702623  67.228458 12.172
 42     9.842 53698.04777261 30.09 153.699123  67.225388 12.172
 42     9.995 53698.04777325 29.69 153.695623  67.222328 12.172
 42     9.983 53698.04777390 29.86 153.692119  67.219268 12.085
 42    10.006 53698.04777454 28.56 153.688619  67.216198 12.085
 42    18.269 53698.04777519 26.04 153.685119  67.213138 12.085
 43     9.634 53733.04769271 26.52 153.707704  67.237383  8.961
 43     9.696 53733.04769335 26.61 153.704194  67.234313  8.961
 43     9.662 53733.04769400 26.59 153.700694  67.231253  8.961
 43     9.788 53733.04769464 26.87 153.697194  67.228193  8.961
 43     9.999 53733.04769529 26.65 153.693694  67.225123  8.961
 43     9.843 53733.04769593 26.02 153.690194  67.222063  8.961
 43    17.389 53733.04769658 25.45 153.686697  67.218998  7.703
 43    17.954 53733.04769722 24.44 153.683197  67.215928  7.703
 44    11.064 53768.04767313 21.65 153.718476  67.226172 14.289
 44     9.769 53768.04767377 23.26 153.714966  67.223112 14.289
 44     9.839 53768.04767442 23.32 153.711466  67.220052 14.289
 44     9.967 53768.04767506 25.21 153.707966  67.216982 14.289
 44     9.920 53768.04767571 30.41 153.704466  67.213922 14.289
 44    10.034 53768.04767635 31.10 153.700966  67.210862 14.289
 44     9.968 53768.04767700 31.45 153.697466  67.207792 14.289
 44     9.886 53768.04767764 31.65 153.693966  67.204732 14.289
 45    16.601 53803.04766966 19.51 153.712537  67.237506  4.197
 45    10.112 53803.04767030 20.65 153.709037  67.234446  4.197
 45    10.246 53803.04767095 21.64 153.705537  67.231386  4.197
 45    10.434 53803.04767159 21.96 153.702037  67.228316  4.197
 45    14.198 53803.04767224 22.16 153.698527  67.225256  4.197
 45    15.412 53803.04767288 22.00 153.695028  67.222195  5.881
 45    16.440 53803.04767353 22.15 153.691528  67.219125  5.881
 45    18.016 53803.04767417 21.91 153.688028  67.216065  5.881
 45    18.844 53803.04767482 21.93 153.684538  67.213005  5.881
 46     9.637 53838.04768657 20.64 153.717920  67.222960  4.487
 46     9.609 53838.04768722 22.01 153.714420  67.219900  4.487
 46     9.815 53838.04768786 22.49 153.710920  67.216830  4.487
 46     9.834 53838.04768851 23.97 153.707418  67.213767 11.007
 46     9.913 53838.04768915 27.52 153.703918  67.210707 11.007
 46     9.834 53838.04768980 27.54 153.700418  67.207647 11.007
 46     9.955 53838.04769044 27.99 153.696918  67.204577 11.007
 46    10.006 53838.04769109 26.75 153.693418  67.201517 11.007
 47    11.149 53873.04773542 28.34 153.716683  67.230882 10.913
 47    11.136 53873.04773606 35.47 153.713183  67.227822 10.913
 47    11.185 53873.04773671 34.53 153.709673  67.224752 10.913
 47    11.049 53873.04773735 35.47 153.706171  67.221687 34.362
 47    11.076 53873.04773800 33.25 153.702671  67.218627 34.362
 47    11.118 53873.04773864 28.37 153.699171  67.215567 34.362
 47    10.982 53873.04773929 28.88 153.695671  67.212497 34.362
 47    11.110 53873.04773993 29.69 153.692171  67.209437 34.362
 47    11.135 53873.04774058 29.26 153.688671  67.206377 34.362
 48    21.651 53908.04777710 15.99 153.714648  67.232895 19.098
 48    14.648 53908.04777775 20.15 153.711138  67.229825 19.098
 48    14.839 53908.04777839 21.35 153.707638  67.226765 19.098
 48    15.147 53908.04777904 20.83 153.704128  67.223705 19.098
 48    18.367 53908.04777968 16.38 153.700628  67.220635 19.098
 48    19.970 53908.04778097 12.89 153.693632  67.214515 18.808
 49    17.505 53943.04780158 26.55 153.709782  67.238112 20.386
 49    12.192 53943.04780222 21.43 153.706272  67.235042 20.386
 49    12.415 53943.04780287 20.22 153.702772  67.231982 20.386
 49    12.440 53943.04780351 23.17 153.699272  67.228922 20.386
 49    12.278 53943.04780416 23.86 153.695762  67.225852 20.386
 49    12.385 53943.04780480 23.08 153.692262  67.222792 20.386
 49    12.699 53943.04780545 21.92 153.688762  67.219732 20.386
 49    16.487 53943.04780609 22.49 153.685262  67.216662 20.386
 50    18.918 53978.04775340 21.38 153.707053  67.239172 13.499
 50    18.908 53978.04775405 24.18 153.703543  67.236102 13.499
 50    22.125 53978.04775469 30.36 153.700043  67.233042 13.499
 51    11.744 54013.04776874 40.29 153.701577  67.203902 16.406
 51    11.738 54013.04776938 40.00 153.698077  67.200832 16.406
 52    11.038 54048.04777306 23.44 153.718684  67.228587  7.704
 52    10.843 54048.04777371 24.52 153.715184  67.225527  7.704
 52    10.754 54048.04777435 23.07 153.711684  67.222457  7.704
 52    10.644 54048.04777500 23.58 153.708184  67.219397  7.704
 52    10.894 54048.04777564 24.49 153.704674  67.216337  7.704
 52    10.882 54048.04777629 25.79 153.701174  67.213267  7.704
 52    10.794 54048.04777693 30.14 153.697674  67.210207  7.704
 52    10.918 54048.04777758 33.21 153.694178  67.207147 17.678
 52    10.872 54048.04777822 34.02 153.690688  67.204077 17.678
 54    16.734 54118.04769424 15.04 153.704760  67.241191  4.101
 54    11.919 54118.04769488 16.42 153.701260  67.238131  4.101
 54    12.058 54118.04769552 17.08 153.697750  67.235061  4.101
 54    13.370 54118.04769617 16.15 153.694250  67.232001  4.101
 54    14.020 54118.04769681 16.56 153.690750  67.228941  4.101
 54    15.302 54118.04769746 16.25 153.687250  67.225871  4.101
 54    17.479 54118.04769810 14.79 153.683750  67.222811  4.101
 55    10.696 54153.04771869 16.06 153.713727  67.233074  3.809
 55    10.522 54153.04771933 17.10 153.710217  67.230014  3.809
 55    13.291 54153.04771998 17.00 153.706717  67.226944  3.809
 55    10.899 54153.04772062 16.50 153.703217  67.223884  3.809
 55    15.581 54153.04772127 15.69 153.699717  67.220824  3.809
 55    16.645 54153.04772191 15.05 153.696217  67.217754  3.809
 55    18.519 54153.04772256 13.51 153.692717  67.214694  3.809
 55    18.988 54153.04772320 12.96 153.689212  67.211634  4.815
 55    19.381 54153.04772385 13.27 153.685712  67.208564  4.815
 57    19.678 54223.04772875  3.41 153.717396  67.231296  2.285
 57    16.450 54223.04772939  4.42 153.713892  67.228234  4.905
 57    15.828 54223.04773004  4.38 153.710392  67.225174  4.905
 57    17.730 54223.04773068  4.94 153.706892  67.222114  4.905
 57    17.020 54223.04773133  4.17 153.703382  67.219044  4.905
 57    19.088 54223.04773197  3.49 153.699882  67.215984  4.905
 57    19.375 54223.04773262  4.07 153.696382  67.212924  4.905
 57    19.400 54223.04773326  4.02 153.692882  67.209854  4.905
 57    19.623 54223.04773391  4.22 153.689382  67.206794  4.905
 58    27.319 54258.04775011 15.51 153.715457  67.233940  6.085
 58    30.654 54258.04775076 23.53 153.711947  67.230870  6.085
 58    26.881 54258.04775140 35.26 153.708443  67.227814 27.146
 58    24.925 54258.04775205 40.78 153.704943  67.224744 27.146
 58    26.609 54258.04775269 36.89 153.701443  67.221684 27.146
 58    24.739 54258.04775334 37.15 153.697943  67.218614 27.146
 58    25.753 54258.04775398 38.84 153.694443  67.215554 27.146
 58    27.754 54258.04775463 37.72 153.690943  67.212494 27.146
 58    25.643 54258.04775527 39.11 153.687443  67.209424 27.146
 59    19.993 54293.04775311 18.69 153.716123  67.232746 20.977
 59    20.053 54293.04775375 11.03 153.712623  67.229676 20.977
 59    18.392 54293.04775440 11.10 153.709117  67.226613 15.504
 59    17.973 54293.04775504 11.59 153.705617  67.223553 15.504
 59    18.372 54293.04775568 12.37 153.702117  67.220493 15.504
 59    18.799 54293.04775633 11.19 153.698617  67.217423 15.504
 59    19.195 54293.04775697 12.29 153.695117  67.214363 15.504
 59    19.181 54293.04775762 17.03 153.691617  67.211303 15.504
 59    17.251 54293.04775826 25.41 153.688117  67.208233 15.504
 60    13.719 54328.04774860 51.96 153.711365  67.232926 20.897
 60    13.647 54328.04774924 51.23 153.707855  67.229866 20.897
 60    13.685 54328.04774989 46.96 153.704353  67.226809 42.439
 60    13.764 54328.04775053 50.48 153.700853  67.223739 42.439
 60    13.704 54328.04775118 55.40 153.697353  67.220679 42.439
 60    13.760 54328.04775182 51.40 153.693853  67.217609 42.439
 60    13.782 54328.04775247 53.71 153.690353  67.214549 42.439
 60    13.786 54328.04775311 52.69 153.686853  67.211489 42.439
 60    13.822 54328.04775376 51.83 153.683363  67.208419 42.439
 62    11.209 54398.04768858 32.00 153.717282  67.231052  8.346
 62    11.218 54398.04768922 31.33 153.713782  67.227992  8.346
 62    11.246 54398.04768987 30.46 153.710282  67.224922  8.346
 62    11.245 54398.04769051 29.44 153.706774  67.221858 21.600
 62    11.282 54398.04769116 29.35 153.703274  67.218798 21.600
 62    11.368 54398.04769180 30.29 153.699774  67.215738 21.600
 62    11.404 54398.04769245 29.89 153.696274  67.212668 21.600
 62    11.307 54398.04769309 31.84 153.692774  67.209608 21.600
 62    11.333 54398.04769374 34.34 153.689274  67.206548 21.600
 63    10.471 54433.04764608 24.43 153.708440  67.236679  6.187
 63    10.548 54433.04764673 24.17 153.704930  67.233619  6.187
 63    10.354 54433.04764737 24.92 153.701430  67.230559  6.187
 63    10.350 54433.04764802 24.14 153.697930  67.227489  6.187
 63    10.579 54433.04764866 22.05 153.694430  67.224429  6.187
 63    10.881 54433.04764931 20.45 153.690929  67.221367  6.626
 63    17.655 54433.04764995 19.92 153.687429  67.218297  6.626
 63    18.409 54433.04765060 19.60 153.683929  67.215237  6.626
 64    15.185 54468.04767181 13.64 153.717049  67.225618  3.295
 64    13.295 54468.04767245 14.30 153.713541  67.222556  5.528
 64    14.129 54468.04767310 14.37 153.710041  67.219496  5.528
 64    15.331 54468.04767374 14.17 153.706541  67.216436  5.528
 64    16.335 54468.04767439 13.62 153.703041  67.213366  5.528
 64    17.022 54468.04767503 12.56 153.699541  67.210306  5.528
 64    17.683 54468.04767568 12.14 153.696041  67.207246  5.528
 64    18.117 54468.04767632 11.77 153.692541  67.204176  5.528
 65    16.989 54503.04766163 15.05 153.712332  67.238227  3.762
 65    16.450 54503.04766228 15.79 153.708832  67.235167  3.762
 65    10.659 54503.04766292 15.72 153.705322  67.232107  3.762
 65    10.727 54503.04766357 16.42 153.701822  67.229037  3.762
 65    11.226 54503.04766421 15.61 153.698322  67.225977  3.762
 65    11.561 54503.04766486 15.27 153.694824  67.222918  4.942
 65    12.254 54503.04766550 14.69 153.691324  67.219848  4.942
 65    16.953 54503.04766615 13.35 153.687824  67.216788  4.942
 65    18.642 54503.04766679 12.26 153.684324  67.213728  4.942
 66    10.395 54538.04768601 15.87 153.715720  67.233700  3.086
 66    10.464 54538.04768665 16.26 153.712217  67.230637  6.012
 66    10.335 54538.04768730 16.44 153.708707  67.227577  6.012
 66    10.296 54538.04768794 17.35 153.705207  67.224517  6.012
 66    10.352 54538.04768859 17.97 153.701707  67.221447  6.012
 66    11.019 54538.04768923 17.11 153.698207  67.218387  6.012
 66    11.223 54538.04768988 17.19 153.694707  67.215327  6.012
 66    13.112 54538.04769052 14.51 153.691207  67.212257  6.012
 66    17.322 54538.04769117 13.23 153.687707  67.209197  6.012
 67    16.679 54573.04766265 13.60 153.709469  67.238717  3.458
 67    16.022 54573.04766329 14.20 153.705969  67.235657  3.458
 67    10.582 54573.04766394 15.45 153.702469  67.232587  3.458
 67    11.356 54573.04766458 15.39 153.698959  67.229527  3.458
 67    12.115 54573.04766523 14.65 153.695460  67.226465  3.735
 67    12.105 54573.04766587 14.24 153.691960  67.223395  3.735
 67    15.810 54573.04766652 12.98 153.688460  67.220335  3.735
 67    18.348 54573.04766716 11.97 153.684960  67.217275  3.735
 68    20.855 54608.04767903 33.54 153.716396  67.233859 18.888
 68    20.783 54608.04767968 36.27 153.712886  67.230789 18.888
 68    20.850 54608.04768032 42.73 153.709381  67.227725 32.107
 68    20.817 54608.04768097 43.24 153.705881  67.224665 32.107
 68    20.736 54608.04768161 41.52 153.702381  67.221605 32.107
 68    20.515 54608.04768483 51.08 153.684881  67.206285 32.107
 69    20.423 54643.04768748 21.21 153.713747  67.235241 13.229
 69    16.056 54643.04768813 26.91 153.710247  67.232171 13.229
 69    15.454 54643.04768877 36.06 153.706737  67.229107 29.813
 69    15.021 54643.04768942 36.47 153.703237  67.226047 29.813
 69    16.234 54643.04769006 29.80 153.699737  67.222987 29.813
 69    15.430 54643.04769071 33.86 153.696237  67.219917 29.813
 69    15.052 54643.04769135 35.02 153.692737  67.216857 29.813
 69    15.242 54643.04769199 28.59 153.689237  67.213797 29.813
 69    14.871 54643.04769264 35.02 153.685737  67.210727 29.813
 70    11.501 54678.04768946 24.35 153.713898  67.233733 17.867
 70    11.350 54678.04769010 26.27 153.710388  67.230663 17.867
 70    11.393 54678.04769075 34.95 153.706888  67.227598 21.933
 70    11.449 54678.04769139 34.14 153.703388  67.224538 21.933
 70    11.390 54678.04769203 27.06 153.699888  67.221478 21.933
 70    11.443 54678.04769268 26.39 153.696388  67.218408 21.933
 70    11.301 54678.04769332 25.01 153.692888  67.215348 21.933
 70    11.231 54678.04769397 20.31 153.689388  67.212288 21.933
 70    17.224 54678.04769461 26.08 153.685888  67.209218 21.933
 71    10.909 54713.04764213 37.08 153.706743  67.237719 20.287
 71    10.858 54713.04764278 38.63 153.703233  67.234659 20.287
 71    10.937 54713.04764342 33.73 153.699733  67.231589 20.287
 71    10.839 54713.04764407 26.80 153.696233  67.228529 20.287
 71    10.763 54713.04764471 29.28 153.692738  67.225466 25.770
 71    10.721 54713.04764536 23.79 153.689238  67.222396 25.770
 71    15.496 54713.04764600 21.55 153.685738  67.219336 25.770
 71    10.924 54713.04764665 31.09 153.682238  67.216276 25.770
 72    18.989 54748.04765876 21.99 153.717529  67.232262 17.719
 72    12.120 54748.04765941 21.90 153.714029  67.229202 17.719
 72    11.787 54748.04766005 30.13 153.710519  67.226132 17.719
 72    11.798 54748.04766070 23.18 153.707019  67.223072 17.719
 72    11.774 54748.04766134 23.39 153.703519  67.220012 17.719
 72    16.697 54748.04766199 21.71 153.700009  67.216942 17.719
 72    17.873 54748.04766263 19.75 153.696509  67.213882 17.719
 72    18.527 54748.04766328 20.39 153.693019  67.210822 17.719
 72    18.935 54748.04766392 22.81 153.689519  67.207752 17.719
 73    17.442 54783.04762920 33.04 153.713913  67.236492  7.971
 73    10.808 54783.04762985 34.51 153.710413  67.233422  7.971
 73    10.645 54783.04763049 35.55 153.706906  67.230358 19.981
 73    10.249 54783.04763114 31.46 153.703406  67.227298 19.981
 73    10.645 54783.04763178 30.57 153.699906  67.224238 19.981
 73    10.785 54783.04763243 40.82 153.696396  67.221168 19.981
 73    10.669 54783.04763307 30.27 153.692906  67.218108 19.981
 73    10.779 54783.04763372 28.90 153.689406  67.215048 19.981
 73    10.697 54783.04763436 29.55 153.685906  67.211978 19.981
 74    10.647 54818.04765156 22.47 153.717686  67.230844  4.314
 74    10.738 54818.04765221 23.44 153.714179  67.227783  7.771
 74    10.291 54818.04765285 23.08 153.710679  67.224723  7.771
 74    14.391 54818.04765350 23.09 153.707169  67.221663  7.771
 74    15.783 54818.04765414 22.68 153.703669  67.218593  7.771
 74    16.596 54818.04765479 22.51 153.700169  67.215533  7.771
 74    17.444 54818.04765543 22.18 153.696669  67.212473  7.771
 74    18.021 54818.04765607 23.31 153.693169  67.209403  7.771
 74    18.288 54818.04765672 22.00 153.689669  67.206343  7.771
 75    17.191 54853.04762635 19.98 153.712580  67.236428  4.478
 75    10.642 54853.04762699 20.71 153.709080  67.233368  4.478
 75    11.017 54853.04762764 22.19 153.705580  67.230298  4.478
 75    10.575 54853.04762828 21.62 153.702072  67.227231  5.675
 75    10.914 54853.04762893 21.52 153.698572  67.224171  5.675
 75    16.575 54853.04762957 20.85 153.695072  67.221111  5.675
 75    17.368 54853.04763022 19.52 153.691572  67.218041  5.675
 75    18.195 54853.04763086 19.54 153.688072  67.214981  5.675
 75    19.001 54853.04763151 18.61 153.684572  67.211921  5.675
 76    16.052 54888.04765574 18.48 153.715000  67.234199  3.348
 76    10.573 54888.04765638 19.40 153.711491  67.231129  5.766
 76    10.052 54888.04765703 20.28 153.707991  67.228069  5.766
 76    10.189 54888.04765767 20.25 153.704481  67.225009  5.766
 76    10.698 54888.04765832 19.68 153.700981  67.221939  5.766
 76    16.229 54888.04765896 20.25 153.697481  67.218879  5.766
 76    17.391 54888.04765961 19.31 153.693981  67.215809  5.766
 76    18.472 54888.04766025 18.75 153.690481  67.212749  5.766
 76    18.840 54888.04766090 17.97 153.686981  67.209689  5.766
 77    15.785 54923.04762576 17.74 153.705279  67.241893  4.784
 77    10.288 54923.04762641 18.34 153.701779  67.238833  4.784
 77    12.147 54923.04762705 18.55 153.698279  67.235763  4.784
 77    10.321 54923.04762770 20.32 153.694769  67.232703  4.784
 77    11.032 54923.04762834 19.81 153.691269  67.229642  5.692
 77    13.513 54923.04762899 18.15 153.687769  67.226572  5.692
 77    17.260 54923.04762963 16.62 153.684269  67.223512  5.692
 77    18.471 54923.04763028 15.72 153.680769  67.220452  5.692
 78    10.751 54958.04765282  4.82 153.716952  67.230683  9.033
 78    10.906 54958.04765347 10.23 153.713440  67.227620 21.107
 78    10.776 54958.04765411 15.35 153.709940  67.224560 21.107
 78    11.347 54958.04765475 12.70 153.706440  67.221500 21.107
 78    11.300 54958.04765540 17.08 153.702930  67.218430 21.107
 78    11.205 54958.04765604 15.13 153.699430  67.215370 21.107
 78    11.598 54958.04765669 10.55 153.695930  67.212310 21.107
 78    11.816 54958.04765733 14.52 153.692430  67.209240 21.107
 78    11.822 54958.04765798 15.92 153.688930  67.206180 21.107
 79    17.932 54993.04767475 40.74 153.714575  67.235540 13.835
 79    16.618 54993.04767539 42.06 153.711075  67.232470 13.835
 79    16.759 54993.04767603 29.26 153.707575  67.229407 17.619
 79    17.359 54993.04767668 29.85 153.704065  67.226347 17.619
 79    15.536 54993.04767732 35.85 153.700565  67.223287 17.619
 79    15.619 54993.04767797 31.06 153.697065  67.220217 17.619
 79    17.478 54993.04767861 23.02 153.693565  67.217157 17.619
 79    16.053 54993.04767926 20.01 153.690065  67.214097 17.619
 79    20.295 54993.04767990 20.10 153.686565  67.211027 17.619
 80    17.702 55028.04766506 41.13 153.714344  67.236084 18.550
 80    11.613 55028.04766570 50.11 153.710844  67.233014 18.550
 80    11.721 55028.04766634 48.02 153.707333  67.229950 35.061
 80    11.772 55028.04766699 46.64 153.703833  67.226890 35.061
 80    11.664 55028.04766763 50.66 153.700333  67.223830 35.061
 80    11.772 55028.04766828 54.54 153.696833  67.220760 35.061
 80    11.812 55028.04766892 45.57 153.693333  67.217700 35.061
 80    11.752 55028.04766957 47.50 153.689833  67.214640 35.061
 80    11.824 55028.04767021 41.97 153.686333  67.211570 35.061
 82    11.684 55098.04760319 47.05 153.705612  67.242374 21.165
 82    11.639 55098.04760383 41.91 153.702112  67.239314 21.165
 82    11.740 55098.04760448 39.00 153.698612  67.236254 21.165
 82    11.572 55098.04760512 32.44 153.695102  67.233184 21.165
 82    11.599 55098.04760577 31.92 153.691602  67.230124 21.165
 82    11.666 55098.04760641 29.49 153.688099  67.227061 27.339
 82    11.784 55098.04760705 36.32 153.684599  67.223991 27.339
 82    11.773 55098.04760770 39.40 153.681109  67.220931 27.339
 83    10.435 55133.04760217 26.42 153.714925  67.230139 25.463
 83    10.385 55133.04760281 28.28 153.711425  67.227079 25.463
 83    10.052 55133.04760346 29.69 153.707925  67.224019 25.463
 83    10.339 55133.04760410 36.24 153.704415  67.220949 25.463
 83    10.426 55133.04760475 40.93 153.700915  67.217889 25.463
 83    10.434 55133.04760539 48.11 153.697415  67.214829 25.463
 83    10.197 55133.04760604 43.35 153.693915  67.211759 25.463
 83    10.281 55133.04760668 42.54 153.690415  67.208699 25.463
 83    10.236 55133.04760732 38.04 153.686925  67.205639 25.463
 84    10.277 55168.04756659 21.71 153.711200  67.235675  3.569
 84    10.410 55168.04756723 21.86 153.707690  67.232605  3.569
 84    10.163 55168.04756788 23.05 153.704190  67.229545  3.569
 84    10.174 55168.04756852 23.39 153.700690  67.226487 11.772
 84    10.211 55168.04756917 24.20 153.697190  67.223417 11.772
 84    10.205 55168.04756981 25.50 153.693690  67.220357 11.772
 84    10.019 55168.04757046 25.26 153.690190  67.217287 11.772
 84     9.957 55168.04757110 26.21 153.686690  67.214227 11.772
 84    18.099 55168.04757175 25.62 153.683190  67.211167 11.772
 85     9.828 55203.04759442 20.96 153.715482  67.230736  3.500
 85     9.478 55203.04759506 22.53 153.711979  67.227674  9.402
 85     9.588 55203.04759571 22.58 153.708469  67.224614  9.402
 85     9.747 55203.04759635 23.29 153.704969  67.221554  9.402
 85     9.844 55203.04759700 23.52 153.701469  67.218484  9.402
 85     9.873 55203.04759764 24.37 153.697969  67.215424  9.402
 85     9.921 55203.04759829 25.41 153.694469  67.212364  9.402
 85     9.864 55203.04759893 25.66 153.690969  67.209294  9.402
 85     9.769 55203.04759958 26.06 153.687469  67.206234  9.402
 86    10.084 55238.04757388 18.82 153.709393  67.238645  4.013
 86    10.666 55238.04757452 19.39 153.705893  67.235585  4.013
 86    11.051 55238.04757517 20.56 153.702393  67.232515  4.013
 86    12.720 55238.04757581 19.09 153.698887  67.229458  4.941
 86    14.277 55238.04757646 19.71 153.695387  67.226388  4.941
 86    15.393 55238.04757710 19.36 153.691887  67.223328  4.941
 86    16.869 55238.04757775 19.01 153.688387  67.220268  4.941
 86    17.259 55238.04757839 19.05 153.684887  67.217198  4.941
 87    10.010 55273.04758747 20.07 153.714273  67.235118  3.451
 87     9.931 55273.04758812 20.12 153.710773  67.232048  3.451
 87     9.927 55273.04758876 20.44 153.707262  67.228983  5.959
 87     9.875 55273.04758940 20.47 153.703762  67.225923  5.959
 87    10.335 55273.04759005 20.78 153.700262  67.222863  5.959
 87    15.732 55273.04759069 20.06 153.696762  67.219793  5.959
 87    16.534 55273.04759134 19.90 153.693262  67.216733  5.959
 87    17.136 55273.04759198 20.28 153.689762  67.213673  5.959
 87    18.684 55273.04759263 19.53 153.686262  67.210603  5.959
 88    10.400 55308.04755599 17.82 153.708442  67.240033  3.988
 88    10.560 55308.04755664 18.16 153.704942  67.236973  3.988
 88    10.561 55308.04755728 19.79 153.701442  67.233903  3.988
 88    10.138 55308.04755792 20.52 153.697942  67.230843  3.988
 88    10.268 55308.04755857 20.71 153.694433  67.227780  5.952
 88    10.285 55308.04755921 19.46 153.690933  67.224720  5.952
 88    12.407 55308.04755986 19.91 153.687433  67.221650  5.952
 88    16.795 55308.04756050 19.19 153.683933  67.218590  5.952
 89    23.082 55343.04755698 16.59 153.716132  67.233319 14.996
 89    22.539 55343.04755762 13.18 153.712632  67.230259 14.996
 89    20.486 55343.04755827 13.94 153.709122  67.227189 14.996
 89    20.150 55343.04755891 14.51 153.705619  67.224123 19.706
 89    20.214 55343.04755956 15.05 153.702119  67.221063 19.706
 89    20.993 55343.04756020 14.51 153.698619  67.218003 19.706
 89    21.516 55343.04756085 14.67 153.695119  67.214933 19.706
 89    22.010 55343.04756149 15.83 153.691619  67.211873 19.706
 89    21.042 55343.04756214 21.19 153.688119  67.208813 19.706
 91    11.031 55413.04757632 25.69 153.715465  67.228422 19.525
 91    10.977 55413.04757696 27.29 153.711965  67.225362 19.525
 91    11.156 55413.04757761 25.67 153.708465  67.222302 19.525
 91    10.905 55413.04757825 24.17 153.704955  67.219232 19.525
 91    10.729 55413.04757890 24.13 153.701455  67.216172 19.525
 91    10.850 55413.04757954 22.15 153.697955  67.213112 19.525
 91    16.602 55413.04758019 23.94 153.694455  67.210042 19.525
 91    11.963 55413.04758083 24.99 153.690955  67.206982 19.525
 92    37.685 55448.04756922 12.29 153.689223  67.214413 17.417
 92    21.385 55448.04756987 14.11 153.685733  67.211353 17.417
 93    11.060 55483.04749280 32.92 153.705312  67.241419 13.694
 93    11.056 55483.04749344 37.16 153.701802  67.238359 13.694
 93    11.180 55483.04749409 38.16 153.698302  67.235299 13.694
 93    11.150 55483.04749473 40.84 153.694802  67.232229 13.694
 93    11.305 55483.04749538 41.98 153.691302  67.229169 13.694
 93    11.238 55483.04749602 48.24 153.687799  67.226106 27.062
 93    11.235 55483.04749667 52.05 153.684299  67.223036 27.062
 93    11.288 55483.04749731 39.73 153.680799  67.219976 27.062
