-115380.722   413.891     0.00   60.45
-115000.981   450.243    95.72   54.19
-114621.160   472.923    59.71   50.15
-114241.259   492.251    50.87   53.06
-113861.278   509.968    46.62   48.13
-113481.217   516.909    18.26   36.84
-113101.075   515.815    -2.88   27.35
-112720.852   496.759   -50.11   36.97
-112340.549   469.478   -71.73   38.96
-111960.166   440.497   -76.18   43.06
-111579.702   418.047   -59.00   48.17
-111199.157   416.103    -5.11   68.03
-110818.531   415.394    -1.86   82.53
-110437.825   398.195   -45.17   76.81
-110057.038   369.258   -75.99   75.44
-109676.170   321.910  -124.30   65.63
-109305.994   285.624   -98.02   44.05
-108940.431   267.791   -48.78   24.68
-108574.795   262.611   -14.16   23.09
-108209.086   269.716    19.42   31.59
-107843.303   278.187    23.16   37.94
-107477.446   281.769     9.79   33.61
-107111.516   282.947     3.22   27.20
-106745.512   287.586    12.68   21.33
-106379.434   292.482    13.37   22.78
-106013.282   302.218    26.59   24.36
-105647.057   314.599    33.80   24.07
-105280.758   328.723    38.56   26.60
-104914.384   349.610    57.00   32.68
-104547.937   373.615    65.50   36.42
-104181.416   403.440    81.37   40.76
-103814.821   430.417    73.58   41.91
-103448.152   463.984    91.54   44.62
-103081.408   498.737    94.75   54.81
-102714.591   535.901   101.31   60.90
-102347.699   560.801    67.86   51.98
-101980.733   565.929    13.97   55.07
-101613.693   548.963   -46.22   69.54
-101246.578   511.319  -102.53   77.95
-100879.389   472.425  -105.92   79.37
-100512.125   439.237   -90.36   82.75
-100144.787   395.886  -118.00   81.48
 -99777.375   361.171   -94.48   72.34
 -99409.887   334.748   -71.90   51.08
 -99042.326   328.170   -17.90   40.13
 -98674.689   339.038    29.56   39.38
 -98306.978   353.974    40.61   39.60
 -97939.192   373.286    52.51   37.47
 -97571.331   393.546    55.07   37.61
 -97203.395   410.099    44.98   27.04
 -96835.385   411.248     3.12   20.72
 -96467.299   398.483   -34.68   26.78
 -96099.139   370.844   -75.07   34.87
 -95730.903   340.586   -82.16   38.18
 -95362.593   304.673   -97.50   36.89
 -94994.207   280.422   -65.82   33.59
 -94625.746   255.892   -66.57   25.62
 -94257.210   238.652   -46.78   23.69
 -93888.599   222.644   -43.43   21.87
 -93519.912   209.184   -36.50   21.11
 -93151.150   195.313   -37.61   21.95
 -92782.313   179.674   -42.40   19.67
 -92413.400   168.236   -31.00   11.71
 -92044.411   161.191   -19.09    7.41
 -91675.347   159.943    -3.38    6.26
 -91306.208   164.046    11.11   11.71
 -90936.993   173.802    26.42   21.21
 -90567.702   188.769    40.53   31.85
 -90198.335   206.454    47.88   43.19
 -89828.893   221.162    39.81   48.31
 -89459.375   228.811    20.70   50.49
 -89089.781   232.185     9.13   46.57
 -88720.111   225.296   -18.63   38.93
 -88350.365   219.980   -14.38   28.72
 -87980.543   231.003    29.81   33.48
 -87610.645   250.823    53.58   42.98
 -87240.671   280.344    79.79   44.47
 -86870.621   295.280    40.36   37.75
 -86500.495   295.813     1.44   36.62
 -86130.292   275.461   -54.97   44.46
 -85760.013   249.003   -71.45   38.85
 -85389.658   239.033   -26.92   27.54
 -85019.227   247.036    21.60   34.36
 -84648.719   274.770    74.85   46.07
 -84278.134   315.587   110.14   52.40
 -83907.473   373.812   157.08   76.06
 -83536.736   442.769   185.99   88.22
 -83165.922   524.843   221.32   96.85
 -82795.031   601.890   207.72   87.14
 -82424.063   676.802   201.92   78.64
 -82053.019   719.855   116.03   65.29
 -81681.898   747.769    75.21   57.88
 -81310.700   760.897    35.36   50.78
 -80939.426   761.206     0.83   46.97
 -80568.074   758.248    -7.96   41.58
 -80196.645   754.395   -10.37   56.99
 -79825.140   747.343   -18.98   72.54
 -79453.557   728.848   -49.77   78.12
 -79081.897   688.589  -108.32   87.07
 -78710.160   623.053  -176.29  100.53
 -78338.345   533.159  -241.76  119.31
 -77966.454   428.613  -281.10  102.66
 -77594.485   344.538  -226.02   89.90
 -77222.439   282.617  -166.42   58.64
 -76850.315   271.685   -29.37   47.99
 -76478.114   313.313   111.83   84.89
 -76105.835   382.301   185.30   97.76
 -75733.479   467.418   228.58   96.08
 -75361.045   551.886   226.79   94.62
 -74988.533   627.391   202.68   96.10
 -74615.944   677.991   135.80   64.34
 -74243.277   670.940   -18.92   70.98
 -73870.533   603.932  -179.76  107.82
 -73497.710   517.146  -232.77  108.86
 -73124.810   429.187  -235.87   80.16
 -72751.831   366.535  -167.97   68.09
 -72378.775   323.929  -114.20   48.76
 -72005.640   328.631    12.60   54.92
 -71632.428   368.562   106.99   84.72
 -71259.137   446.629   209.12  102.00
 -70885.768   520.769   198.56   73.71
 -70512.321   553.201    86.84   51.24
 -70138.796   556.943    10.02   48.35
 -69765.192   520.548   -97.41   62.16
 -69391.510   478.408  -112.77   52.64
 -69017.749   442.131   -97.05   46.49
 -68643.910   417.533   -65.80   47.07
 -68269.993   383.099   -92.08   65.50
 -67895.997   352.493   -81.83   73.80
 -67521.922   319.984   -86.90   68.80
 -67147.769   298.338   -57.85   63.83
 -66773.536   285.972   -33.04   58.63
 -66399.226   288.769     7.47   64.14
 -66024.836   309.120    54.36   82.71
 -65650.367   336.003    71.79   86.93
 -65275.820   355.554    52.20   68.63
 -64901.193   344.561   -29.34   60.46
 -64526.488   319.209   -67.66   61.25
 -64151.703   285.370   -90.29   51.74
 -63776.839   252.647   -87.29   28.78
 -63401.897   236.009   -44.37   22.85
 -63026.875   223.802   -32.55   23.47
 -62651.773   212.048   -31.33   23.76
 -62276.593   201.280   -28.70   23.87
 -61901.333   191.955   -24.85   22.54
 -61525.993   182.569   -25.01   20.56
 -61150.574   172.038   -28.05   14.35
 -60775.076   166.412   -14.98   10.79
 -60399.498   164.046    -6.30   11.22
 -60023.840   162.895    -3.06   11.52
 -59648.103   161.801    -2.91   11.12
 -59272.286   159.491    -6.15   11.99
 -58896.389   155.103   -11.67   13.02
 -58520.413   150.178   -13.10   12.10
 -58144.356   141.664   -22.64   10.29
 -57768.220   133.834   -20.82    8.98
 -57392.004   131.397    -6.48    8.99
 -57015.708   132.135     1.96   12.66
 -56639.331   138.493    16.89   18.61
 -56262.875   142.629    10.99   20.23
 -55886.338   144.376     4.64   19.14
 -55509.721   142.120    -5.99   17.19
 -55133.024   136.376   -15.25   14.49
 -54756.247   131.099   -14.00   13.20
 -54379.389   122.926   -21.69   11.60
 -54002.450   115.285   -20.27    9.29
 -53625.432   108.748   -17.34    8.33
 -53248.333   102.931   -15.43    7.89
 -52871.153    98.259   -12.39    7.33
 -52493.892    94.801    -9.16    7.07
 -52116.551    93.003    -4.76    6.89
 -51739.129    92.184    -2.17    5.95
 -51361.627    93.791     4.26    5.54
 -50984.043    96.727     7.78    6.48
 -50606.379   103.035    16.70    8.01
 -50228.634   110.865    20.73   11.11
 -49850.807   121.233    27.44   12.72
 -49472.900   130.885    25.54   12.53
 -49094.912   138.450    20.01    9.42
 -48716.842   140.706     5.97    8.16
 -48338.692   135.506   -13.75   13.26
 -47960.460   125.131   -27.43   16.89
 -47582.146   108.152   -44.88   18.68
 -47203.752    93.472   -38.80   17.75
 -46825.276    77.674   -41.74   15.71
 -46446.719    65.885   -31.14   14.19
 -46068.080    55.548   -27.30   10.90
 -45689.359    50.457   -13.44    6.40
 -45310.557    48.557    -5.02    3.86
 -44931.673    47.206    -3.57    4.28
 -44552.708    47.938     1.93    4.49
 -44173.661    48.625     1.81    5.17
 -43794.532    62.454    36.47   29.94
 -43415.321    90.259    73.32   50.70
 -43036.028   131.493   108.71   58.96
 -42656.653   171.936   106.60   49.65
 -42277.197   211.117   103.25   36.73
 -41897.658   224.127    34.28   33.28
 -41518.037   228.206    10.74   35.12
 -41138.334   219.222   -23.66   40.87
 -40758.548   211.155   -21.24   42.68
 -40378.681   202.085   -23.88   42.84
 -39998.731   188.948   -34.57   40.56
 -39618.698   177.493   -30.14   36.64
 -39238.584   166.264   -29.54   28.99
 -38858.386   156.603   -25.41   25.56
 -38478.106   140.718   -41.77   28.81
 -38097.744   120.525   -53.09   30.37
 -37717.299   106.110   -37.89   20.02
 -37336.771   104.003    -5.54   14.56
 -36956.161   112.110    21.30   18.44
 -36575.467   123.174    29.06   17.00
 -36194.691   137.436    37.46   17.55
 -35813.832   146.823    24.65   18.61
 -35432.890   161.148    37.60   23.75
 -35051.864   175.517    37.71   26.52
 -34676.276   191.811    43.38   28.99
 -34310.945   210.206    50.35   29.86
 -33945.539   230.780    56.30   28.74
 -33580.057   251.212    55.90   30.02
 -33214.500   275.674    66.92   31.75
 -32848.868   298.040    61.17   30.71
 -32483.160   315.241    47.03   23.91
 -32117.377   329.218    38.21   17.48
 -31751.518   342.856    37.28   21.32
 -31385.584   366.138    63.62   32.52
 -31019.574   382.801    45.53   30.67
 -30653.489   391.429    23.57   18.13
 -30287.328   390.968    -1.26   14.35
 -29921.091   379.905   -30.21   21.53
 -29554.778   361.543   -50.13   33.09
 -29188.390   337.318   -66.12   46.86
 -28821.926   304.759   -88.85   49.20
 -28455.386   271.610   -90.44   41.12
 -28088.770   242.599   -79.13   29.14
 -27722.078   219.624   -62.65   22.61
 -27355.310   201.540   -49.30   19.72
 -26988.465   187.343   -38.70   16.95
 -26621.545   174.036   -36.27   14.18
 -26254.549   163.110   -29.77   12.44
 -25887.476   153.510   -26.15    8.88
 -25520.327   145.759   -21.11    7.78
 -25153.101   139.918   -15.91    7.76
 -24785.800   133.927   -16.31    7.88
 -24418.422   128.468   -14.86    7.30
 -24050.967   124.285   -11.38    6.37
 -23683.436   120.883    -9.26    6.07
 -23315.828   117.480    -9.26    5.43
 -22948.144   113.618   -10.50    5.82
 -22580.383   110.296    -9.03    4.96
 -22212.545   106.978    -9.02    6.09
 -21844.631   103.500    -9.45    6.74
 -21476.640    99.238   -11.58    7.39
 -21108.571    96.165    -8.35    6.71
 -20740.427    95.035    -3.07    6.17
 -20372.205    94.924    -0.30    6.41
 -20003.906    94.302    -1.69    6.37
 -19635.530    92.780    -4.13    5.88
 -19267.077    90.724    -5.58    4.02
 -18898.547    89.368    -3.68    3.97
 -18529.939    88.186    -3.20    4.55
 -18161.255    86.624    -4.24    4.78
 -17792.493    85.180    -3.92    3.79
 -17423.654    83.947    -3.34    2.90
 -17054.737    84.395     1.21    2.71
 -16685.743    85.259     2.34    2.76
 -16316.671    86.295     2.81    3.41
 -15947.522    86.947     1.76    3.08
 -15578.296    85.078    -5.06    6.02
 -15208.992    83.387    -4.58    8.08
 -14839.610    81.168    -6.01    9.17
 -14470.150    78.359    -7.60    9.44
 -14100.613    74.254   -11.11   10.29
 -13730.998    69.412   -13.10   11.88
 -13361.305    60.184   -24.96   13.21
 -12991.534    49.822   -28.02   13.62
 -12621.685    40.624   -24.87   10.59
 -12251.758    35.997   -12.51    7.44
 -11881.753    34.447    -4.19    7.43
 -11511.670    35.631     3.20    7.09
 -11141.509    36.553     2.49    6.53
 -10771.270    37.275     1.95    6.87
 -10400.952    38.222     2.56    6.74
 -10030.556    39.332     3.00    6.33
  -9660.082    40.079     2.02    6.97
  -9289.529    39.222    -2.31    8.77
  -8918.898    38.151    -2.89    9.04
  -8548.188    38.572     1.13    9.82
  -8177.400    37.718    -2.30   11.87
  -7806.533    33.918   -10.24   17.09
  -7435.588    27.155   -18.23   19.43
  -7064.564    15.960   -30.17   13.48
  -6693.461    10.522   -14.65    5.14
  -6322.279     9.063    -3.93    2.67
  -5951.019     8.970    -0.25    2.33
  -5579.679    10.311     3.61    4.12
  -5208.261    11.841     4.12    4.67
  -4836.764    12.654     2.19    4.42
  -4465.187    12.117    -1.45    4.89
  -4093.532     9.243    -7.73    5.15
  -3721.797     5.610    -9.77    4.21
  -3349.983     3.481    -5.73    3.06
  -2978.090     1.900    -4.25    2.44
  -2606.118     1.117    -2.10    2.34
  -2234.066     0.715    -1.08    2.34
  -1861.935     0.770     0.15    1.96
  -1489.725     1.008     0.64    1.53
  -1117.435     0.997    -0.03    1.01
   -745.065     0.921    -0.20    0.59
   -372.616     0.481    -1.18    0.62
     -0.087     0.099    -1.03    0.92
    372.521    -0.439    -1.44    0.93
    745.210    -0.271     0.45    3.12
   1117.978     5.665    15.93   13.24
   1490.826    17.228    31.01   20.19
   1863.754    33.964    44.88   24.45
   2236.761    54.326    54.59   25.95
   2609.849    76.997    60.77   25.67
   2983.017    92.491    41.52   24.58
   3356.265   104.247    31.49   17.89
   3729.593   107.440     8.55   14.40
   4103.001   103.247   -11.23   14.93
   4476.490    93.851   -25.16   17.62
   4850.058    82.302   -30.92   18.97
   5223.708    68.955   -35.72   16.71
   5597.437    57.371   -31.00   13.30
   5971.247    46.974   -27.82   12.09
   6345.138    39.948   -18.79    7.71
   6719.109    35.646   -11.50    5.16
   7093.161    33.553    -5.59    3.30
   7467.293    32.412    -3.05    3.15
   7841.506    30.332    -5.56    4.20
   8215.800    27.351    -7.96    7.14
   8590.175    22.617   -12.65    8.67
   8964.631    15.643   -18.62    6.72
   9339.167    11.607   -10.78    5.17
   9713.785     8.258    -8.94    4.35
  10088.483     5.986    -6.06    3.34
  10463.263     4.642    -3.59    2.28
  10838.123     5.110     1.25    3.13
  11213.065     7.180     5.52    4.25
  11588.088     9.716     6.76    4.93
  11963.193    10.291     1.53    5.22
  12338.379     9.270    -2.72    5.54
  12713.646     7.280    -5.30    5.11
  13088.995     4.986    -6.11    3.95
  13464.425     3.148    -4.90    3.09
  13839.936     2.100    -2.79    2.45
  14215.530     1.586    -1.37    1.74
  14591.205     1.484    -0.27    1.57
  14966.961     1.270    -0.57    1.69
  15342.800     1.027    -0.64    1.63
  15718.720     1.264     0.63    1.86
  16094.722     2.491     3.26    2.96
  16470.806     3.927     3.82    3.56
  16846.972     5.301     3.65    3.28
  17223.220     5.357     0.15    2.77
  17599.550     6.833     3.92    6.93
  17975.962    11.617    12.71   11.81
  18352.456    19.040    19.72   15.14
  18729.033    27.999    23.79   15.25
  19105.692    36.359    22.20   13.69
  19482.433    40.872    11.98   10.59
  19859.257    43.027     5.72    8.79
  20236.163    43.033     0.01    9.14
  20613.151    41.089    -5.16    9.10
  20990.223    37.543    -9.40    7.64
  21367.376    33.963    -9.49    5.09
  21744.613    30.914    -8.08    5.61
  22121.932    29.569    -3.57    4.68
  22499.334    31.076     3.99    4.66
  22876.819    32.530     3.85    4.31
  23254.386    34.204     4.43    3.15
  23632.037    35.041     2.22    2.37
  24009.770    34.947    -0.25    2.22
  24387.587    34.846    -0.27    1.60
  24765.486    34.811    -0.09    1.45
  25143.469    34.921     0.29    1.40
  25521.535    34.952     0.08    1.81
  25899.684    35.106     0.41    2.27
  26277.917    34.760    -0.92    2.17
  26656.233    33.965    -2.10    0.86
  27034.632    33.821    -0.38    0.85
  27413.115    33.259    -1.49    1.67
  27791.681    32.382    -2.32    2.20
  28170.331    31.780    -1.59    2.31
  28549.065    31.331    -1.19    2.11
  28927.882    31.578     0.65    2.29
  29306.783    31.605     0.07    2.30
  29685.768    30.863    -1.96    2.55
  30064.837    29.637    -3.23    2.44
  30443.989    29.802     0.43    2.71
  30823.226    30.144     0.90    2.88
  31202.546    30.285     0.37    2.60
  31581.951    31.082     2.10    2.42
  31961.440    31.388     0.81    2.41
  32341.013    31.902     1.35    2.39
  32720.670    32.275     0.98    2.25
  33100.411    31.598    -1.78    2.52
  33480.237    30.966    -1.67    2.65
  33860.147    29.412    -4.09    2.71
  34240.142    27.821    -4.19    1.91
  34620.221    27.275    -1.44    1.26
  35000.385    27.877     1.58    2.12
  35380.633    29.056     3.10    2.65
  35760.966    30.347     3.40    2.75
  36141.384    32.066     4.52    2.47
  36521.887    32.980     2.40    2.17
  36902.474    33.558     1.52    2.02
  37283.147    32.948    -1.60    3.85
  37663.904    29.749    -8.40    6.38
  38044.746    25.770   -10.45    6.66
  38425.674    22.249    -9.24    4.77
  38806.686    20.855    -3.66    2.53
  39187.784    22.130     3.34    4.43
  39568.967    23.134     2.63    5.22
  39950.236    24.522     3.64    5.65
  40315.503    25.020     1.36    5.26
  40680.674    25.249     0.63    4.06
  41045.921    25.842     1.62    2.91
  41411.246    26.259     1.14    2.57
  41776.648    25.718    -1.48    2.76
  42142.127    24.934    -2.15    2.80
  42507.683    23.147    -4.89    3.21
  42873.317    21.290    -5.08    3.49
  43239.028    19.316    -5.40    3.19
  43604.816    17.647    -4.56    1.90
  43970.681    17.357    -0.79    1.55
  44336.624    18.249     2.44    2.36
  44702.645    19.226     2.67    2.59
  45068.743    19.366     0.38    2.56
  45434.918    19.357    -0.02    2.78
  45801.171    18.306    -2.87    2.83
  46167.502    16.617    -4.61    3.68
  46533.911    15.862    -2.06    4.93
  46900.398    14.491    -3.74    5.77
  47266.962    13.511    -2.67    6.23
  47633.604    11.035    -6.75    5.15
  48000.324     9.022    -5.49    2.98
  48367.122     8.596    -1.16    1.32
  48733.998     9.497     2.46    2.37
  49100.953    11.170     4.56    3.43
  49467.985    12.306     3.09    3.16
  49835.096    13.280     2.65    2.50
  50202.284    13.821     1.47    2.35
  50569.551    15.187     3.72    2.88
  50936.897    15.800     1.67    3.30
  51304.321    16.392     1.61    3.25
  51671.823    17.679     3.50    3.34
  52039.404    18.873     3.25    3.33
  52407.063    19.362     1.33    2.92
  52774.801    19.548     0.51    2.39
  53142.617    19.074    -1.29    2.70
  53510.512    18.639    -1.18    2.52
  53878.486    18.356    -0.77    2.06
  54246.539    19.280     2.51    2.48
  54614.670    20.368     2.95    2.24
  54982.880    21.586     3.31    2.27
  55351.170    23.224     4.45    2.79
  55719.538    25.514     6.22    3.35
  56087.985    26.960     3.92    3.83
  56456.512    27.900     2.55    3.81
  56825.117    27.800    -0.27    4.73
  57193.802    27.106    -1.88    5.48
  57562.566    26.430    -1.83    4.73
  57931.409    26.468     0.10    3.80
  58300.332    26.863     1.07    2.65
  58669.334    27.780     2.49    2.60
  59038.415    29.594     4.92    2.93
  59407.576    30.904     3.55    2.74
  59776.816    32.060     3.13    2.47
  60146.136    33.083     2.77    2.15
  60515.536    33.888     2.18    2.02
  60885.015    34.578     1.87    1.50
  61254.574    35.066     1.32    1.27
  61624.213    35.406     0.92    1.63
  61993.932    35.388    -0.05    2.27
  62363.730    35.729     0.92    2.76
  62733.609    36.690     2.60    3.49
  63103.567    38.117     3.86    3.44
  63473.606    39.430     3.55    3.36
  63843.725    39.910     1.30    3.17
  64213.924    39.576    -0.90    3.04
  64584.203    38.995    -1.57    2.69
  64954.562    38.002    -2.68    1.92
  65325.001    37.790    -0.57    1.76
  65695.521    37.677    -0.31    1.43
  66066.122    37.396    -0.76    1.35
  66436.803    36.260    -3.07    2.22
  66807.564    35.497    -2.06    2.58
  67178.406    34.429    -2.88    2.97
  67549.329    33.890    -1.45    2.95
  67920.332    33.943     0.14    2.65
  68291.416    34.730     2.12    2.24
  68662.580    35.433     1.89    1.47
  69033.826    35.760     0.88    0.93
  69405.152    35.639    -0.33    1.31
  69776.560    34.686    -2.56    2.46
  70148.048    33.113    -4.23    3.13
  70519.617    30.902    -5.95    3.23
  70891.268    29.800    -2.97    2.45
  71262.999    30.003     0.55    2.43
  71634.812    31.144     3.07    3.05
  72006.706    31.878     1.97    2.89
  72378.682    31.120    -2.04    2.99
  72750.738    30.502    -1.66    2.87
  73122.876    30.127    -1.01    3.14
  73495.096    29.260    -2.33    3.90
  73867.397    26.790    -6.63    5.00
  74239.780    24.810    -5.32    4.40
  74612.244    22.630    -5.85    3.37
  74984.790    21.821    -2.17    2.97
  75357.417    21.812    -0.02    2.92
  75730.127    22.210     1.07    2.76
  76102.918    22.382     0.46    2.78
  76475.791    23.320     2.52    3.02
  76848.746    24.135     2.18    2.66
  77221.783    24.190     0.15    2.59
  77594.902    24.363     0.46    2.31
  77968.103    25.184     2.20    3.17
  78341.387    26.759     4.22    3.42
  78714.752    28.921     5.79    2.49
  79088.200    30.331     3.77    1.88
  79461.730    30.624     0.78    1.90
  79835.343    30.480    -0.38    2.54
  80209.037    29.770    -1.90    3.59
  80582.815    28.083    -4.51    4.16
  80956.675    25.698    -6.38    3.82
  81330.617    23.849    -4.94    2.83
  81704.642    22.563    -3.44    1.70
  82078.750    22.493    -0.19    1.94
  82452.940    22.845     0.94    2.39
  82827.214    23.107     0.70    2.27
  83201.570    22.873    -0.62    1.95
  83576.009    22.380    -1.32    1.71
  83950.531    22.219    -0.43    1.57
  84325.136    22.568     0.93    2.00
  84699.824    23.617     2.80    2.98
  85074.595    25.759     5.72    3.51
  85449.450    27.190     3.82    3.33
  85824.387    27.285     0.25    2.58
  86199.408    26.596    -1.84    2.29
  86574.512    26.223    -0.99    2.38
  86949.700    26.380     0.42    2.92
  87324.971    26.675     0.79    3.89
  87700.326    25.390    -3.42    5.06
  88075.764    22.908    -6.61    4.86
  88451.286    21.880    -2.74    3.73
  88826.891    22.084     0.54    3.97
  89202.580    23.970     5.02    3.62
  89578.353    25.085     2.97    2.35
  89954.210    24.325    -2.02    2.57
  90330.151    23.086    -3.29    2.78
  90706.175    21.909    -3.13    2.54
  91082.284    20.851    -2.81    1.92
  91458.476    20.043    -2.15    2.00
  91834.753    19.426    -1.64    2.12
  92211.114    18.952    -1.26    2.36
  92587.559    18.930    -0.06    2.78
  92964.089    19.020     0.24    3.04
  93340.703    19.245     0.60    2.80
  93717.401    18.924    -0.85    2.11
  94094.183    18.376    -1.46    1.82
  94471.051    17.892    -1.28    1.84
  94848.002    17.570    -0.85    1.77
  95225.039    17.667     0.26    2.04
  95602.160    18.620     2.53    3.08
  95979.365    19.932     3.48    3.66
  96356.656    20.780     2.25    3.47
  96734.031    21.697     2.43    3.04
  97111.491    21.990     0.78    2.52
  97489.037    21.476    -1.36    1.91
  97866.667    21.364    -0.30    2.18
  98244.382    19.999    -3.62    3.52
  98622.182    18.669    -3.52    3.86
  99000.068    17.633    -2.74    3.01
  99378.039    17.230    -1.07    1.79
  99756.095    17.637     1.08    1.82
 100134.236    18.980     3.55    1.65
 100512.463    19.974     2.63    1.86
 100890.776    20.871     2.37    1.86
 101269.174    21.709     2.22    1.94
 101647.657    22.580     2.30    2.06
 102026.226    23.330     1.98    2.16
 102404.881    23.406     0.20    2.54
 102783.621    23.275    -0.35    2.45
 103162.448    22.580    -1.83    2.93
 103541.360    21.780    -2.11    3.15
 103920.358    20.250    -4.04    2.38
 104299.442    20.396     0.39    2.44
 104678.612    21.760     3.60    3.02
 105057.868    23.120     3.59    3.07
 105437.211    23.493     0.98    4.12
 105816.639    22.320    -3.09    5.86
 106196.154    19.841    -6.53    7.03
 106575.756    17.980    -4.90    7.58
 106955.443    15.300    -7.06    7.43
 107335.217    12.426    -7.57    6.57
 107715.078     9.331    -8.15    3.71
 108095.025     8.154    -3.10    1.45
 108475.058     7.780    -0.98    0.00
 108855.179     7.780     0.00    0.00
 109235.386     7.780     0.00    0.00
 109615.680     7.780     0.00    0.00
 109996.061     7.780     0.00    0.00
 110376.528     7.780     0.00    0.00
 110757.083     7.832     0.14    0.30
 111137.725     8.285     1.19    1.47
 111518.453    10.079     4.71    3.51
 111899.269    12.800     7.14    4.49
 112280.172    15.698     7.61    4.00
 112661.163    17.550     4.86    2.57
 113042.240    18.182     1.66    1.93
 113423.406    18.506     0.85    2.17
 113804.658    19.124     1.62    2.27
 114185.998    19.909     2.06    2.32
 114567.426    19.905    -0.01    2.31
 114938.558    19.503    -1.08    2.42
 115303.490    18.726    -2.13    2.47
 115668.500    17.680    -2.87    2.46
 116033.589    16.043    -4.49    2.85
 116398.757    13.680    -6.47    3.11
 116764.004    11.839    -5.04    2.77
 117129.330    10.306    -4.20    1.97
 117494.734    10.493     0.51    2.28
 117860.218    11.186     1.90    2.74
 118225.781    11.496     0.85    2.53
 118591.424    11.360    -0.37    2.46
 118957.145    10.629    -2.00    1.94
 119322.946    10.018    -1.67    1.43
 119688.826     9.457    -1.53    1.06
 120054.785     9.523     0.18    1.33
 120420.824     9.790     0.73    1.85
 120786.943     9.948     0.43    1.95
 121153.141     9.770    -0.49    1.70
 121519.418     9.669    -0.28    1.14
 121885.776    10.344     1.84    1.70
 122252.213    11.561     3.32    2.19
 122618.729    12.602     2.84    2.21
 122985.326    12.966     0.99    2.15
 123352.002    12.602    -0.99    2.77
 123718.758    12.200    -1.10    3.00
 124085.594    11.963    -0.65    3.10
