# NaN NaN NaN ;Mean Elev.(m), Avg Gradient(m/km), RMS Gradient(m/km) - SRTM1     
#    8.392  -0.170   8.563 ;Mean Elev.(m), Avg Gradient(m/km), RMS Gradient(m/km) - ASTER GDEM
#    1.223  -0.513   9.571 ;Mean Elev.(m), Avg Gradient(m/km), RMS Gradient(m/km) - GMTED2010 
  7 161.445779  68.839904     1.334     1.086 29 52461.03139116 36.806
  8 161.434561  68.837623     0.475     0.429 28 52496.03139168 47.770
  9 161.464860  68.845207     1.912     1.885 16 52531.03137516 25.184
 10 161.490493  68.866630     0.173     0.005 15 52566.03139122 36.021
 11 161.422426  68.837128    -0.023    -0.057 26 52601.03141507 34.463
 12 161.428890  68.824310     0.760     1.025 18 52636.03137910 25.294
 13 161.432033  68.837532    -0.195    -0.234 28 52671.03138324 22.263
 14 161.432293  68.824773     0.740     0.955 17 52706.03138045 18.108
 15 161.427082  68.836741     0.000    -0.039 27 52741.03141217 18.215
 16 161.422271  68.837513     0.429     0.138 25 52776.03135699 24.384
 17 161.456344  68.843726     2.458     2.459 16 52811.03143129 46.525
 18 161.432174  68.824496     1.442     2.429 17 52846.03149082 26.391
 19 161.435558  68.837604     0.037    -0.120 29 52881.03152565 33.745
 20 161.427678  68.837416     0.715     0.537 27 52916.03148324 23.110
 21 161.515607  68.878993     0.083     0.072  7 52951.03143382 33.314
 22 161.452265  68.842214     0.129     0.082 18 52986.03146228 24.099
 23 161.430599  68.836981    -0.346    -0.376 28 53021.03145372 18.197
 24 161.460159  68.844198     0.179     0.043 14 53056.03144043 17.393
 25 161.416470  68.838696    -0.282    -0.307 24 53091.03148039 15.799
 26 161.459029  68.843998     1.385     1.114 16 53126.03144863 11.576
 27 161.433495  68.837617     3.740     3.753 28 53161.03151228 27.262
 28 161.423612  68.825848     3.505     3.231 21 53196.03151228 25.171
 29 161.439723  68.838474     2.332     2.082 29 53231.03149382 24.895
 30 161.414904  68.838021     0.271    -0.162 23 53266.03146467 22.866
 31 161.439784  68.839384     0.531     0.421 29 53301.03151348 23.166
 32 161.433158  68.837378     0.019    -0.144 29 53336.03148476 14.242
 33 161.419076  68.836956    -0.315    -0.388 25 53371.03142272 13.667
 35 161.421708  68.838705    -0.184    -0.238 25 53441.03144389 13.581
 36 161.442127  68.839771     0.026    -0.144 29 53476.03150946 11.034
 38 161.425961  68.836741     1.389     1.180 27 53546.03154176 19.081
 39 161.427722  68.837098    -0.080    -0.174 28 53581.03151568 25.361
 40 161.417956  68.838810     1.345     1.061 24 53616.03147049 17.323
 41 161.450494  68.841611     0.954     0.923 20 53651.03148241 49.822
 42 161.428033  68.836077    -0.209    -0.212 28 53686.03149150 32.361
 43 161.425005  68.838819    -0.075    -0.095 26 53721.03141711 27.014
 44 161.501224  68.870800     0.468     0.079 14 53756.03133727 19.871
 45 161.437675  68.838312     0.124    -0.060 29 53791.03137230 14.415
 46 161.513395  68.877134     0.609     0.296  7 53826.03132303 16.048
 47 161.442946  68.839217     0.316     0.096 29 53861.03142294 14.701
 48 161.448079  68.841054     6.103     6.298 29 53896.03144198 22.662
 49 161.424334  68.837088     2.289     2.041 26 53931.03149481 14.730
 50 161.423100  68.837526     1.348     1.624 27 53966.03147153 21.671
 52 161.428469  68.824852     0.017    -0.061 19 54036.03147500 35.961
 53 161.437362  68.838222    -0.084    -0.146 28 54071.03146676 23.785
 54 161.416672  68.837593    -0.095    -0.106 25 54106.03141984 17.461
 55 161.450818  68.842159     0.663     0.482 20 54141.03139849 16.748
 56 161.424927  68.837124    -0.087    -0.146 26 54176.03140060 14.146
 57 161.445885  68.840322     0.916     0.276 29 54211.03140585 13.533
 58 161.441822  68.839853     3.198     3.107 29 54246.03143586 35.926
 60 161.435217  68.838270     1.262     0.753 29 54316.03144598 23.869
 61 161.425453  68.838013     1.663     1.525 26 54351.03141385 16.991
 62 161.444846  68.839525     0.276     0.285 29 54386.03138446 49.469
 63 161.425979  68.837257    -0.243    -0.267 27 54421.03136378 26.583
 64 161.491499  68.866994     0.804     0.675 15 54456.03135086 19.262
 65 161.430645  68.837254     0.084     0.010 28 54491.03136480 17.334
 66 161.450134  68.841239     0.815     0.629 18 54526.03136943 15.272
 67 161.426487  68.838137     0.091    -0.046 27 54561.03137327 14.356
 68 161.437623  68.838363     0.690     0.136 29 54596.03136600 12.389
 69 161.421997  68.827351     2.281     2.275 21 54631.03138230 42.313
 70 161.434052  68.837039     0.726     0.625 28 54666.03138653 29.880
 71 161.425082  68.837595    -0.356    -0.411 26 54701.03135556 22.234
 72 161.428246  68.822868     0.869     0.177 15 54736.03134873 31.583
 73 161.431565  68.837448     0.179     0.183 28 54771.03133616 24.223
 74 161.452602  68.842516     0.482     0.425 18 54806.03133839 21.604
 75 161.435309  68.837579     0.075     0.053 29 54841.03133143 16.811
 76 161.441813  68.838594     0.816     0.275 29 54876.03134055 15.857
 77 161.423643  68.838703    -0.291    -0.294 26 54911.03133711 13.261
 78 161.443882  68.838683     0.530     0.325 29 54946.03133297 13.824
 79 161.434675  68.837663     2.805     2.552 28 54981.03135965 44.975
 80 161.436443  68.837983     0.593     0.081 29 55016.03136115 32.825
 81 161.435725  68.837557     1.001     0.691 29 55051.03135566 27.001
 82 161.421173  68.838253     0.866     0.859 25 55086.03132143 21.563
 83 161.430641  68.825300     0.329     0.060 17 55121.03129185 36.020
 84 161.426038  68.836451     0.051     0.025 27 55156.03128175 26.276
 85 161.428430  68.823570     0.633     1.033 17 55191.03128155 21.272
 86 161.428601  68.837117    -0.175    -0.265 27 55226.03128200 18.695
 87 161.440920  68.839020     0.095     0.029 28 55261.03127429 17.019
 88 161.425516  68.838019    -0.203    -0.253 27 55296.03126710 16.713
 89 161.434012  68.837815     0.992     0.686 28 55331.03125523 21.740
 90 161.420609  68.829939     0.811     0.844 23 55366.03125034 49.535
 91 161.428569  68.823838     0.693     0.303 17 55401.03126381 30.186
 92 161.435109  68.838278     2.270     2.290 28 55436.03126547 24.794
 93 161.419525  68.837143     1.405     1.248 25 55471.03121835 21.704
