# NaN NaN NaN ;Mean Elev.(m), Avg Gradient(m/km), RMS Gradient(m/km) - SRTM1     
#  -10.854     NaN     NaN ;Mean Elev.(m), Avg Gradient(m/km), RMS Gradient(m/km) - ASTER GDEM
#    2.902  -1.194   6.922 ;Mean Elev.(m), Avg Gradient(m/km), RMS Gradient(m/km) - GMTED2010 
  7 159.676842  68.565509     7.233     7.778  7 52472.41101406 15.088
  8 159.684777  68.565605     1.068     1.161  7 52507.41098792 30.121
  9 159.668108  68.567312     1.404     1.391  8 52542.41097108 47.561
 10 159.670591  68.566411     0.405     0.411  7 52577.41102131 32.678
 11 159.685362  68.565391     4.649     3.043  8 52612.41098461 25.298
 12 159.672670  68.566465     9.217     9.109  7 52647.41096950 20.194
 15 159.679662  68.564910    10.957    11.997  8 52752.41102418 14.787
 16 159.665603  68.558938     5.296     2.296  3 52787.41096879 32.157
 17 159.662009  68.567683     7.349     7.448  8 52822.41104281 13.656
 18 159.670628  68.566577     1.037     1.082  8 52857.41108934 49.288
 19 159.673703  68.566375     1.374     1.424  7 52892.41112127 30.526
 20 159.695082  68.564543     0.157     0.129  8 52927.41107197 44.058
 21 159.670449  68.565926     0.222     0.260  8 52962.41104429 30.315
 22 159.673103  68.566323     3.554     0.191  7 52997.41108563 23.226
 23 159.693531  68.564926     8.187     8.295  7 53032.41104252 18.890
 24 159.677417  68.565216    10.357    11.192  8 53067.41105405 17.569
 25 159.695334  68.564111     5.452     4.723  8 53102.41104604 17.446
 26 159.675870  68.565244     2.132     1.454  7 53137.41105718 12.838
 27 159.671043  68.566240     8.227     7.945  7 53172.41110420 17.386
 28 159.679123  68.565484     3.038     2.998  7 53207.41111849 21.107
 29 159.692315  68.563992     2.252     2.241  7 53242.41108549 48.118
 30 159.659744  68.565169     5.912     5.116  6 53277.41106019 16.094
 31 159.672497  68.566065     1.936     2.933  7 53312.41109458 17.602
 32 159.686419  68.564807     7.988     8.036  7 53347.41105973 13.421
 33 159.660350  68.567460    13.203    13.003  7 53382.41102499 11.819
 34 159.688276  68.564646    10.838    11.526  7 53417.41103845 11.510
 35 159.661451  68.563259    17.485    17.576  5 53452.41103967 10.041
 36 159.665338  68.566973    11.855    11.433  8 53487.41112553  9.734
 37 159.683026  68.564709     4.042     3.993  8 53522.41111541 38.531
 38 159.672625  68.566804     1.624     1.587  8 53557.41114118 43.420
 39 159.701898  68.563268     5.762     6.839  7 53592.41107665 19.527
 41 159.669602  68.566783     1.025     1.040  8 53662.41109380 38.091
 42 159.688214  68.565198     0.248     0.284  7 53697.41105811 28.191
 43 159.702337  68.564263     2.415     3.658  7 53732.41098015 25.338
 45 159.697860  68.563824    12.469    11.868  7 53802.41095605 15.484
 46 159.657688  68.568571     8.313     9.080  8 53837.41096986 14.883
 47 159.674346  68.565757    11.757    12.434  7 53872.41102127  9.168
 48 159.668671  68.566604     6.756     6.784  7 53907.41106235 20.093
 49 159.669486  68.565770     2.001     1.974  8 53942.41108882 47.793
 50 159.690504  68.565303     4.935     4.697  7 53977.41104126 20.457
 51 159.658977  68.566548     1.784     0.632  8 54012.41104881 24.461
 52 159.682175  68.565915     6.088     5.836  8 54047.41105886 19.034
 54 159.703450  68.562939    12.568    13.449  7 54117.41098199 13.951
 55 159.678338  68.564929    14.663    14.387  8 54152.41100406 13.589
 56 159.697419  68.564813    11.314    10.691  7 54187.41097587 12.301
 57 159.669402  68.566795    12.257    11.930  8 54222.41101451 11.297
 58 159.680715  68.564760     5.830     5.157  7 54257.41103616 22.349
 59 159.679992  68.565768     6.144     4.132  8 54292.41103855 19.271
 60 159.686317  68.565576     2.258     2.279  7 54327.41103451 30.814
 61 159.701421  68.563656     1.671     1.630  7 54362.41098330 27.115
 62 159.677673  68.565312     0.431     0.449  7 54397.41097449 35.538
 63 159.694972  68.564998     5.481     5.264  7 54432.41093339 23.334
 64 159.672541  68.565642    15.063    14.744  8 54467.41095634 15.395
 65 159.691877  68.563967    17.469    19.050  7 54502.41094829 13.697
 66 159.683001  68.565228    17.359    18.648  7 54537.41097146 13.125
 67 159.697542  68.563532    12.976    12.606  7 54572.41094970 12.972
 68 159.678318  68.565496     2.218     1.017  8 54607.41096518 24.601
 69 159.682366  68.565932     3.538     2.646  7 54642.41097383 28.616
 70 159.678123  68.565981     1.605     1.583  7 54677.41097591 26.650
 71 159.698842  68.564584     1.706     0.673  7 54712.41092907 30.462
 72 159.673684  68.566044     5.334     6.222  7 54747.41094461 23.977
 73 159.688416  68.564015     1.420     0.326  7 54782.41091536 27.992
 74 159.672885  68.566458     7.543     5.651  7 54817.41093754 20.538
 75 159.690125  68.563987     7.273     5.585  7 54852.41091293 16.837
 76 159.676825  68.565651     8.231     9.469  7 54887.41094158 14.931
 77 159.701019  68.562924     7.124     6.534  7 54922.41091294 14.275
 78 159.672179  68.565310     6.848     5.529  8 54957.41093830  3.833
 79 159.676397  68.566088     5.458     5.765  7 54992.41096107 19.228
 80 159.686098  68.564898     1.765     1.589  7 55027.41095107 19.447
 81 159.682455  68.565509     2.783     1.591  8 55062.41094403 29.049
 82 159.701448  68.563799     2.957     2.231  7 55097.41089098 22.987
 83 159.674159  68.566385     3.855     3.437  7 55132.41088758 25.259
 84 159.691432  68.563914     9.076     9.206  7 55167.41085351 19.691
 85 159.674245  68.565888    12.636    12.287  7 55202.41087992 16.402
 86 159.691892  68.564907    13.346    14.057  7 55237.41086083 15.606
 87 159.682481  68.564761    14.141    13.957  8 55272.41087361 14.209
 88 159.699498  68.564184    11.460    11.925  7 55307.41084292 14.351
 89 159.681525  68.564686     5.163     5.238  7 55342.41084333 38.181
 90 159.687809  68.565323     7.400     7.184  7 55377.41083696 14.486
 91 159.673597  68.566710     1.083     1.070  8 55412.41086144 47.503
 92 159.686366  68.564960     2.885     2.499  8 55447.41085148 35.798
 93 159.705132  68.564110     1.057     1.058  7 55482.41078075 45.715
