-150520.756    -1.285     0.00    0.00
-150147.210    -1.285     0.00    0.00
-149773.754    -1.285     0.00    0.00
-149400.389    -1.285     0.00    0.00
-149027.113    -1.285     0.00    0.00
-148653.928    -1.285     0.00    0.00
-148280.833    -1.285     0.00    0.00
-147907.828    -1.285     0.00    0.00
-147534.913    -1.285     0.00    0.00
-147162.088    -1.285     0.00    0.00
-146789.353    -1.285     0.00    0.00
-146416.707    -1.285     0.00    0.00
-146044.152    -1.285     0.00    0.00
-145671.686    -1.285     0.00    0.00
-145299.309    -1.285     0.00    0.00
-144927.022    -1.285     0.00    0.00
-144554.825    -1.285     0.00    0.00
-144182.717    -1.285     0.00    0.00
-143810.698    -1.285     0.00    0.00
-143438.769    -1.285     0.00    0.00
-143066.928    -1.285     0.00    0.00
-142695.177    -1.285     0.00    0.00
-142323.515    -1.285     0.00    0.00
-141951.942    -1.285     0.00    0.00
-141580.458    -1.285     0.00    0.00
-141209.063    -1.285     0.00    0.00
-140837.757    -1.285     0.00    0.00
-140466.540    -1.285     0.00    0.00
-140095.411    -1.285     0.00    0.00
-139724.371    -1.285     0.00    0.00
-139353.419    -1.285     0.00    0.00
-138982.556    -1.285     0.00    0.00
-138611.782    -1.285     0.00    0.00
-138241.096    -1.285     0.00    0.00
-137870.498    -1.285     0.00    0.00
-137499.988    -1.285     0.00    0.00
-137129.567    -1.285     0.00    0.00
-136759.234    -1.285     0.00    0.00
-136388.989    -1.285     0.00    0.00
-136018.832    -1.285     0.00    0.00
-135648.762    -1.285     0.00    0.00
-135278.781    -1.285     0.00    0.00
-134908.888    -1.285     0.00    0.00
-134539.082    -1.285     0.00    0.00
-134169.364    -1.285     0.00    0.00
-133799.734    -1.285     0.00    0.00
-133430.191    -1.285     0.00    0.00
-133060.736    -1.285     0.00    0.00
-132691.369    -1.285     0.00    0.00
-132322.088    -1.285     0.00    0.00
-131952.895    -1.285     0.00    0.00
-131583.790    -1.285     0.00    0.00
-131214.771    -1.285     0.00    0.00
-130845.840    -1.285     0.00    0.00
-130476.996    -1.285     0.00    0.00
-130108.238    -1.285     0.00    0.00
-129739.568    -1.285     0.00    0.00
-129370.985    -1.285     0.00    0.00
-129002.489    -1.285     0.00    0.00
-128634.079    -1.285     0.00    0.00
-128265.756    -1.285     0.00    0.00
-127897.520    -1.285     0.00    0.00
-127529.370    -1.285     0.00    0.00
-127161.307    -1.285     0.00    0.00
-126793.330    -1.285     0.00    0.00
-126425.440    -1.285     0.00    0.00
-126057.636    -1.285     0.00    0.00
-125689.919    -1.285     0.00    0.00
-125322.288    -1.285     0.00    0.00
-124954.743    -1.285     0.00    0.00
-124587.284    -1.285     0.00    0.00
-124219.911    -1.285     0.00    0.00
-123852.624    -1.285     0.00    0.00
-123485.423    -1.285     0.00    0.00
-123118.308    -1.285     0.00    0.00
-122751.279    -1.285     0.00    0.00
-122384.335    -1.285     0.00    0.00
-122017.477    -1.285     0.00    0.00
-121650.705    -1.285     0.00    0.00
-121284.019    -1.285     0.00    0.00
-120917.418    -1.285     0.00    0.00
-120550.902    -1.285     0.00    0.00
-120184.472    -1.285     0.00    0.00
-119818.127    -1.285     0.00    0.00
-119451.868    -1.285     0.00    0.00
-119085.693    -1.285     0.00    0.00
-118719.604    -1.285     0.00    0.00
-118353.600    -1.285     0.00    0.00
-117987.681    -1.285     0.00    0.00
-117621.847    -1.285     0.00    0.00
-117256.098    -1.285     0.00    0.00
-116890.434    -1.285     0.00    0.00
-116524.855    -1.285     0.00    0.00
-116159.360    -1.285     0.00    0.00
-115793.950    -1.285     0.00    0.00
-115428.625    -1.285     0.00    0.00
-115063.384    -1.285     0.00    0.00
-114698.228    -1.285     0.00    0.00
-114333.157    -1.285     0.00    0.00
-113968.169    -0.979     0.84    1.08
-113603.266     3.498    12.27   11.86
-113238.448    14.697    30.70   26.14
-112873.713    27.292    34.54   36.78
-112509.063    42.110    40.64   45.62
-112144.497    48.660    17.97   47.30
-111780.015    49.877     3.34   46.06
-111415.617    45.605   -11.72   40.59
-111051.303    39.010   -18.11   33.36
-110669.787    29.743   -24.29   27.42
-110287.806    21.954   -20.39   21.41
-109905.919    14.376   -19.84   13.27
-109524.127     9.893   -11.74    6.31
-109142.429     9.229    -1.74    3.96
-108760.825    12.772     9.28    7.80
-108379.314    18.624    15.34   10.02
-107997.898    22.206     9.39    9.15
-107616.576    23.772     4.11    7.21
-107235.348    22.197    -4.13    5.26
-106854.213    22.201     0.01    4.70
-106473.172    22.614     1.08    4.97
-106092.225    24.508     4.97    5.81
-105711.371    27.178     7.01    5.63
-105330.611    28.877     4.46    3.92
-104949.944    29.587     1.86    2.83
-104569.371    31.927     6.15    5.04
-104188.890    38.652    17.68   11.09
-103808.504    48.288    25.33   13.40
-103428.210    58.853    27.78   11.24
-103048.009    68.395    25.10    9.00
-102667.901    80.997    33.16   17.19
-102287.887    93.885    33.92   20.52
-101907.965   110.669    44.18   18.19
-101528.136   128.800    47.74   20.71
-101148.400   147.790    50.01   25.18
-100768.756   165.725    47.24   23.28
-100389.205   182.790    44.96   14.70
-100009.747   191.547    23.08   12.31
 -99630.381   198.744    18.97   12.80
 -99251.108   205.070    16.68   14.61
 -98871.927   213.480    22.18   14.60
 -98492.838   219.275    15.29   14.41
 -98113.841   217.774    -3.96   20.45
 -97734.937   203.297   -38.21   28.38
 -97356.124   180.900   -59.13   31.05
 -96977.404   157.575   -61.59   28.15
 -96598.776   142.593   -39.57   21.05
 -96220.239   130.808   -31.13   10.28
 -95841.795   126.993   -10.08    8.51
 -95463.442   121.379   -14.84   12.09
 -95085.181   115.357   -15.92   12.60
 -94707.011   109.173   -16.35   13.63
 -94328.933   104.077   -13.48   13.17
 -93950.947    97.593   -17.15   11.11
 -93573.051    92.734   -12.86    8.67
 -93195.248    88.677   -10.74    6.79
 -92817.535    86.361    -6.13    5.44
 -92439.914    81.706   -12.33    6.05
 -92062.384    75.495   -16.45    9.74
 -91684.945    68.822   -17.68   10.47
 -91307.598    61.642   -19.03    8.06
 -90930.341    55.325   -16.75    8.03
 -90553.175    52.220    -8.23    9.47
 -90176.100    55.314     8.20   14.34
 -89799.115    68.849    35.91   23.66
 -89422.222    81.567    33.75   20.95
 -89045.419    89.220    20.31   12.88
 -88668.706    89.046    -0.46   10.23
 -88292.085    85.511    -9.38    6.37
 -87915.553    92.838    19.46   14.81
 -87539.112   103.463    28.23   18.86
 -87162.761   108.660    13.81   16.65
 -86786.501   114.828    16.39   13.09
 -86410.331   120.136    14.11   14.00
 -86034.251   124.585    11.83   12.91
 -85658.261   134.291    25.82    9.15
 -85282.361   147.407    34.89   21.85
 -84906.551   174.987    73.39   45.71
 -84530.831   214.928   106.31   57.91
 -84155.200   256.868   111.66   48.76
 -83779.660   275.901    50.68   31.09
 -83404.209   273.088    -7.49   29.68
 -83028.848   251.651   -57.11   35.21
 -82653.576   227.401   -64.62   29.66
 -82278.394   205.744   -57.73   20.62
 -81903.301   190.659   -40.22   15.71
 -81528.298   180.554   -26.95   11.87
 -81153.384   177.419    -8.36   10.01
 -80778.559   175.912    -4.02    9.80
 -80403.823   173.202    -7.23   12.20
 -80029.177   166.845   -16.97   15.18
 -79654.619   155.293   -30.84   16.14
 -79280.151   144.831   -27.94   13.77
 -78905.771   136.687   -21.75   11.50
 -78531.481   128.866   -20.90   11.18
 -78157.279   119.961   -23.80   11.39
 -77783.166   113.099   -18.34    9.28
 -77409.141   110.929    -5.80    7.01
 -77035.205   112.073     3.06    7.00
 -76661.358   113.488     3.78    6.41
 -76287.599   114.862     3.68    6.47
 -75913.929   116.100     3.31    7.27
 -75540.347   117.827     4.62    6.89
 -75166.854   119.099     3.41    6.13
 -74793.448   119.149     0.14    6.89
 -74420.131   118.575    -1.54    8.06
 -74046.902   122.677    10.99   10.44
 -73673.761   126.679    10.73   11.84
 -73300.708   131.102    11.86   12.51
 -72927.743   132.132     2.76   12.05
 -72554.866   130.919    -3.25   11.01
 -72182.077   132.848     5.17    9.76
 -71809.375   138.332    14.72   13.85
 -71436.761   147.696    25.13   14.60
 -71064.235   150.763     8.23   12.73
 -70691.796   147.225    -9.50   14.72
 -70319.445   139.151   -21.69   13.03
 -69947.182   131.567   -20.37    7.58
 -69575.005   128.008    -9.56    7.32
 -69202.916   127.030    -2.63    8.96
 -68830.915   127.697     1.79   10.55
 -68459.000   126.574    -3.02   10.87
 -68087.173   121.803   -12.83   13.10
 -67715.433   113.005   -23.67   13.63
 -67343.779   104.562   -22.72    9.84
 -66972.213    97.828   -18.13    8.13
 -66600.734    92.812   -13.50    8.56
 -66229.341    90.659    -5.80    7.63
 -65858.035    91.876     3.28    9.10
 -65486.816   100.112    22.19   13.67
 -65115.684   112.192    32.55   16.95
 -64744.638   127.297    40.71   17.02
 -64373.679   140.912    36.70   16.45
 -64002.806   153.412    33.71   13.63
 -63632.020   163.678    27.69   11.90
 -63261.320   172.276    23.20   10.81
 -62890.707   176.992    12.72    8.65
 -62520.179   176.981    -0.03   11.04
 -62149.738   174.532    -6.61   13.36
 -61779.383   168.895   -15.22   14.45
 -61409.114   165.421    -9.38   14.72
 -61038.931   164.734    -1.86   15.74
 -60668.834   165.621     2.40   15.09
 -60298.823   167.839     6.00   14.65
 -59928.898   171.781    10.66   12.96
 -59559.058   173.817     5.51   10.09
 -59189.304   172.456    -3.68   12.93
 -58819.636   168.842    -9.78   17.08
 -58450.054   165.668    -8.59   19.55
 -58080.557   163.187    -6.72   18.70
 -57711.145   160.119    -8.31   16.62
 -57341.819   150.631   -25.69   20.49
 -56972.578   133.349   -46.80   29.29
 -56603.423   109.557   -64.45   31.65
 -56234.352    91.754   -48.24   20.90
 -55865.367    85.192   -17.78   10.80
 -55496.467    87.196     5.43   11.81
 -55127.653    95.860    23.49   12.70
 -54758.923   103.555    20.87   14.00
 -54390.278   107.571    10.89   15.49
 -54021.718   105.253    -6.29   18.76
 -53653.243    96.254   -24.42   23.65
 -53284.852    83.163   -35.54   21.08
 -52916.547    75.323   -21.29   13.63
 -52548.326    71.502   -10.38    7.04
 -52180.189    72.102     1.63    6.11
 -51812.137    77.085    13.54    7.21
 -51444.170    84.470    20.07   12.82
 -51076.287    96.102    31.62   21.39
 -50708.488   113.792    48.10   32.53
 -50340.774   142.033    76.81   52.49
 -49973.144   181.817   108.22   71.38
 -49605.598   230.272   131.84   79.88
 -49238.136   267.098   100.22   69.90
 -48870.759   280.257    35.82   54.19
 -48503.465   275.744   -12.29   41.48
 -48136.256   257.862   -48.70   28.38
 -47769.130   240.743   -46.63   25.19
 -47402.088   223.124   -48.01   24.96
 -47035.130   204.989   -49.42   26.22
 -46668.256   186.801   -49.58   24.26
 -46301.465   169.334   -47.62   20.71
 -45934.758   158.071   -30.72   19.63
 -45568.135   149.111   -24.44   21.75
 -45201.595   150.902     4.89   20.93
 -44835.139   158.196    19.90   21.26
 -44468.766   172.821    39.92   24.37
 -44102.476   188.036    41.54   26.56
 -43736.269   209.884    59.66   28.79
 -43370.146   234.715    67.83   36.90
 -43004.106   261.117    72.13   35.47
 -42638.149   279.197    49.40   30.38
 -42272.276   279.772     1.57   36.60
 -41906.485   256.269   -64.25   52.68
 -41540.777   221.622   -94.74   55.15
 -41175.152   182.522  -106.94   39.60
 -40809.610   154.502   -76.65   32.24
 -40444.151   132.143   -61.18   22.78
 -40078.774   115.235   -46.28   17.90
 -39713.480   103.095   -33.23   14.53
 -39348.269    91.695   -31.22   12.49
 -38983.140    79.300   -33.95   16.11
 -38618.094    65.331   -38.27   18.91
 -38253.130    51.020   -39.21   19.62
 -37888.249    41.898   -25.00   16.42
 -37523.450    38.875    -8.29   14.78
 -37158.733    44.986    16.76   18.10
 -36794.098    51.500    17.86   16.04
 -36429.546    56.235    12.99    9.19
 -36053.905    59.525     8.76    8.71
 -35672.094    61.468     5.09   10.38
 -35290.374    65.601    10.83   13.39
 -34908.745    71.196    14.66   17.59
 -34527.209    72.963     4.63   20.49
 -34145.765    71.908    -2.77   19.57
 -33764.412    69.790    -5.55   14.90
 -33383.151    70.141     0.92    9.96
 -33001.981    72.215     5.44    9.22
 -32620.903    77.765    14.56    8.75
 -32239.917    85.555    20.45   10.72
 -31859.022    94.420    23.27   11.44
 -31478.218    98.876    11.70   10.02
 -31097.505    97.825    -2.76   13.27
 -30716.884    91.252   -17.27   17.34
 -30336.353    78.598   -33.26   18.63
 -29955.914    65.290   -34.98   17.19
 -29575.566    56.725   -22.52   12.66
 -29195.308    51.715   -13.18    7.57
 -28815.142    49.872    -4.85    7.61
 -28435.066    46.411    -9.11    7.57
 -28055.081    39.890   -17.16    9.73
 -27675.187    30.677   -24.25   12.69
 -27295.383    22.163   -22.42   14.11
 -26915.670    12.131   -26.42   11.18
 -26536.048     5.638   -17.10    7.05
 -26156.515     2.206    -9.04    2.06
 -25777.074     2.062    -0.38    1.86
 -25397.722     3.125     2.80    3.57
 -25018.461     4.821     4.47    6.64
 -24639.289     6.171     3.56    8.06
 -24260.208     6.096    -0.20    8.32
 -23881.217     4.657    -3.80    7.55
 -23502.316     2.023    -6.95    3.03
 -23123.505     1.695    -0.87    2.96
 -22744.784     1.154    -1.43    2.93
 -22366.152     0.777    -1.00    2.75
 -21987.610    -0.227    -2.65    0.30
 -21609.158    -0.162     0.17    0.54
 -21230.796     0.121     0.75    1.08
 -20852.523     0.616     1.31    1.69
 -20474.339     1.074     1.21    2.05
 -20096.245     1.618     1.44    2.34
 -19718.240     2.715     2.90    3.10
 -19340.325     3.541     2.18    3.41
 -18962.498     4.764     3.24    3.87
 -18584.761     5.482     1.90    3.63
 -18207.113     7.014     4.05    4.80
 -17829.554     9.096     5.52    5.53
 -17452.084     9.990     2.37    5.20
 -17074.703     9.510    -1.27    4.69
 -16697.411     8.301    -3.20    3.57
 -16320.207     6.573    -4.58    3.37
 -15943.093     6.113    -1.22    4.20
 -15566.066     5.563    -1.46    5.33
 -15189.129     4.655    -2.41    5.99
 -14812.280     3.042    -4.28    5.42
 -14435.519     1.305    -4.61    3.88
 -14058.847    -0.025    -3.53    1.19
 -13682.264    -0.285    -0.69    0.00
 -13305.768    -0.285     0.00    0.00
 -12929.361    -0.285     0.00    0.00
 -12553.042    -0.285     0.00    0.00
 -12176.811    -0.275     0.03    0.10
 -11800.668    -0.285    -0.03    0.00
 -11424.614    -0.285     0.00    0.00
 -11048.647    -0.285     0.00    0.00
 -10672.768    -0.275     0.03    0.10
 -10296.976    -0.285    -0.03    0.00
  -9921.273    -0.285     0.00    0.00
  -9545.657    -0.285     0.00    0.00
  -9170.129    -0.285     0.00    0.00
  -8794.688    -0.285     0.00    0.00
  -8419.335    -0.285     0.00    0.00
  -8044.070    -0.266     0.05    0.14
  -7668.891    -0.120     0.39    0.51
  -7293.800     0.030     0.40    0.64
  -6918.797     0.260     0.61    0.83
  -6543.880     0.494     0.62    0.96
  -6169.051     0.655     0.43    0.98
  -5794.308     0.996     0.91    1.13
  -5419.653     1.261     0.71    1.20
  -5045.085     2.225     2.57    3.28
  -4670.604     4.578     6.28    7.65
  -4296.209     6.801     5.94   10.10
  -3921.901     6.230    -1.53    9.96
  -3547.680     4.133    -5.60    8.34
  -3173.546     1.315    -7.53    4.64
  -2799.498    -0.217    -4.10    0.45
  -2425.537    -0.285    -0.18    0.00
  -2051.662    -0.285     0.00    0.00
  -1677.874    -0.060     0.60    1.64
  -1304.172     0.815     2.34    4.52
   -930.556     2.225     3.77    7.42
   -557.027     4.473     6.02   11.18
   -183.584     5.563     2.92   11.99
    189.773     4.925    -1.71   10.84
    563.044     2.978    -5.22    7.66
    936.229     1.011    -5.27    3.96
   1309.328     0.075    -2.51    1.02
   1682.341    -0.015    -0.24    0.71
   2055.269     0.028     0.12    0.82
   2428.110    -0.056    -0.23    0.74
   2800.866    -0.106    -0.14    0.67
   3173.536    -0.237    -0.35    0.25
   3546.120    -0.275    -0.10    0.10
   3918.619    -0.285    -0.03    0.00
   4291.033    -0.275     0.03    0.10
   4663.361    -0.069     0.55    0.74
   5035.603     0.096     0.44    0.93
   5407.761     0.909     2.18    2.79
   5779.833     3.287     6.39    6.29
   6151.820     5.105     4.89    7.58
   6523.721     6.639     4.12    8.42
   6895.538     6.725     0.23    8.53
   7267.270     5.812    -2.46    7.58
   7638.916     4.475    -3.60    6.20
   8010.478     4.362    -0.30    5.79
   8381.955     5.427     2.87    6.98
   8753.347     6.344     2.47    7.33
   9124.654     7.763     3.82    7.31
   9495.877     9.445     4.53    6.65
   9867.015    11.258     4.88    5.18
  10238.069    12.113     2.30    4.04
  10609.038    11.327    -2.12    3.99
  10979.922     9.600    -4.66    4.02
  11350.722     7.615    -5.35    3.55
  11721.438     6.350    -3.41    2.75
  12092.070     5.247    -2.98    2.30
  12462.617     3.965    -3.46    1.97
  12833.080     3.215    -2.02    1.70
  13203.459     3.206    -0.03    2.08
  13573.754     3.506     0.81    2.51
  13943.965     4.832     3.58    3.77
  14314.092     5.927     2.96    3.79
  14684.135     6.893     2.61    3.84
  15054.094     6.876    -0.05    3.44
  15423.970     6.473    -1.09    3.04
  15793.762     5.582    -2.41    3.12
  16163.470     5.068    -1.39    3.05
  16533.094     5.589     1.41    3.99
  16902.635     6.354     2.07    4.36
  17272.093     7.715     3.69    4.38
  17641.467     8.961     3.37    4.34
  18010.758     9.413     1.23    4.28
  18379.965     9.042    -1.00    4.48
  18749.089     7.871    -3.17    4.29
  19118.130     5.821    -5.55    3.62
  19487.088     5.115    -1.91    3.19
  19855.962     5.319     0.55    3.58
  20224.754     5.106    -0.58    3.27
  20593.463     5.028    -0.21    3.42
  20962.088     5.880     2.31    3.41
  21330.631     7.399     4.12    3.57
  21699.091     7.249    -0.40    4.09
  22067.468     6.975    -0.74    3.99
  22435.763     5.608    -3.71    3.84
  22803.975     4.283    -3.60    3.12
  23172.104     4.399     0.32    3.12
  23540.151     3.609    -2.15    2.69
  23908.115     2.505    -3.00    1.75
  24275.996     2.900     1.07    2.26
  24643.796     3.152     0.69    2.64
  25011.513     3.382     0.62    3.00
  25379.148     4.408     2.79    3.81
  25746.700     6.379     5.36    4.43
  26114.171     8.552     5.91    4.22
  26481.559     9.575     2.79    3.32
  26848.865     8.764    -2.21    3.49
  27216.089     6.735    -5.53    3.76
  27583.232     4.201    -6.90    3.21
  27950.292     2.580    -4.42    3.20
  28317.271     1.205    -3.74    2.55
  28684.167     0.283    -2.51    1.16
  29050.982     0.059    -0.61    0.62
  29417.716     0.078     0.05    0.48
  29784.367     0.201     0.34    0.50
  30150.938     0.315     0.31    0.49
  30517.426     0.463     0.40    0.48
  30883.834     0.945     1.32    1.11
  31250.159     1.373     1.17    1.30
  31616.404     1.755     1.04    1.62
  31982.567     1.666    -0.24    1.81
  32348.649     1.302    -0.99    1.65
  32714.650     1.195    -0.29    1.62
  33080.569     1.453     0.71    1.67
  33446.408     1.943     1.34    1.80
  33812.165     1.813    -0.35    1.83
  34177.842     1.616    -0.54    1.62
  34543.437     1.564    -0.14    1.48
  34908.952     1.376    -0.52    1.35
  35274.386     1.215    -0.44    1.09
  35639.739     1.143    -0.20    0.91
  36005.011     1.359     0.59    1.01
  36370.203     1.686     0.89    1.03
  36735.314     2.480     2.18    1.62
  37100.345     3.273     2.17    1.65
  37465.295     3.514     0.66    1.66
  37830.165     3.539     0.07    1.54
  38194.954     3.379    -0.44    1.54
  38565.153     2.755    -1.69    0.73
  38946.793     2.617    -0.36    0.57
  39328.344     2.615    -0.01    0.52
  39709.806     2.615     0.00    0.50
  40091.178     2.910     0.77    1.56
  40472.460     3.943     2.71    2.88
  40853.654     4.463     1.36    3.09
  41234.757     4.535     0.19    2.71
  41615.772     3.843    -1.82    1.88
  41996.697     2.865    -2.57    1.27
  42377.534     2.254    -1.61    1.24
  42758.281     2.275     0.06    2.18
  43138.939     2.424     0.39    2.65
  43519.508     2.584     0.42    2.68
  43899.988     3.036     1.19    2.59
  44280.380     4.447     3.71    3.02
  44660.682     4.042    -1.07    2.90
  45040.896     3.301    -1.95    2.87
  45421.022     2.913    -1.02    3.17
  45801.058     2.420    -1.30    3.13
  46181.007     1.869    -1.45    2.05
  46560.866     1.596    -0.72    1.62
  46940.638     1.274    -0.85    1.31
  47320.321     1.828     1.46    2.12
  47699.915     2.339     1.35    2.44
  48079.422     2.654     0.83    2.29
  48458.840     2.744     0.24    2.20
  48838.170     2.520    -0.59    1.90
  49217.412     3.046     1.39    2.41
  49596.567     3.685     1.69    2.58
  49975.633     3.666    -0.05    2.62
  50354.611     3.230    -1.15    2.13
  50733.502     2.882    -0.92    1.67
  51112.305     3.587     1.86    2.75
  51491.020     3.529    -0.15    2.61
  51869.647     2.923    -1.60    2.24
  52248.187     2.812    -0.30    2.12
  52626.640     3.191     1.00    2.77
  53005.005     4.983     4.74    3.44
  53383.283     6.305     3.50    3.22
  53761.473     6.815     1.35    3.37
  54139.576     5.774    -2.76    3.50
  54517.592     4.230    -4.08    3.03
  54895.521     4.235     0.01    3.57
  55273.362     5.262     2.72    5.21
  55651.117     7.225     5.20    5.62
  56028.784     8.811     4.20    5.22
  56406.365     9.541     1.93    4.38
  56783.859     8.838    -1.86    4.23
  57161.266     6.609    -5.91    5.00
  57538.587     4.439    -5.75    4.48
  57915.820     2.402    -5.40    3.47
  58292.967     1.143    -3.34    1.70
  58670.028     1.147     0.01    1.62
  59047.002     0.735    -1.09    0.84
  59423.889     0.754     0.05    0.68
  59800.691     0.925     0.45    0.86
  60177.406     1.121     0.52    0.89
  60554.034     1.445     0.86    0.78
  60930.577     1.845     1.06    1.01
  61307.033     3.686     4.89    4.13
  61683.403     6.575     7.68    6.48
  62059.687     9.333     7.33    7.52
  62435.885    10.256     2.45    7.25
  62811.998     9.327    -2.47    6.91
  63188.024     7.256    -5.51    5.50
  63563.965     8.123     2.31    5.43
  63939.820    10.147     5.38    6.64
  64315.589    10.803     1.75    6.83
  64691.272     9.924    -2.34    6.57
  65066.871     8.147    -4.73    5.94
  65442.383     6.547    -4.26    5.51
  65817.810     5.402    -3.05    4.85
  66193.152     4.872    -1.41    3.88
  66568.408     4.022    -2.26    2.83
  66943.579     4.092     0.18    2.94
  67318.665     3.042    -2.80    3.04
  67693.666     2.046    -2.66    2.20
  68068.581     2.433     1.03    2.66
  68443.412     3.000     1.51    2.97
  68818.157     5.715     7.25    4.60
  69192.818     7.646     5.15    4.78
  69567.394     8.062     1.11    5.05
  69941.885     6.421    -4.38    4.44
  70316.291     4.007    -6.45    1.69
  70690.612     3.598    -1.09    0.69
  71064.849     4.099     1.34    1.69
  71439.001     6.353     6.02    4.70
  71813.069     9.785     9.18    6.58
  72187.052    13.323     9.46    6.81
  72560.951    14.508     3.17    6.34
  72934.765    12.301    -5.90    6.84
  73308.495    10.435    -4.99    7.53
  73682.141    10.028    -1.09    7.68
  74055.703    12.186     5.78    8.11
  74429.180    15.900     9.94    7.11
  74802.573    18.137     5.99    5.52
  75175.883    15.597    -6.80    6.95
  75549.108    10.329   -14.11    8.58
  75922.250     6.155   -11.19    7.72
  76295.307     2.309   -10.31    3.32
  76668.281     1.065    -3.34    0.96
  77041.171     0.864    -0.54    0.48
  77413.977     0.844    -0.05    0.48
  77786.700     0.838    -0.02    0.50
  78159.339     1.206     0.99    1.51
  78531.895     2.820     4.33    3.93
  78904.367     5.399     6.92    5.09
  79276.756     7.592     5.89    4.78
  79649.061    10.431     7.63    6.43
  80021.283    13.089     7.14    8.28
  80393.422    17.250    11.18    9.26
  80765.477    19.458     5.93    8.68
  81137.450    22.185     7.33    7.63
  81509.339    22.862     1.82    7.29
  81881.146    20.994    -5.03    7.74
  82252.869    16.617   -11.77    9.48
  82624.509    10.277   -17.06    9.22
  82996.067     4.617   -15.23    6.72
  83367.542     1.654    -7.98    3.24
  83738.934     1.010    -1.74    1.00
  84110.243     1.301     0.79    1.29
  84481.470     1.495     0.52    1.51
  84852.614     1.854     0.97    1.82
  85223.675     1.806    -0.13    1.77
  85594.654     2.853     2.82    3.27
  85965.551     4.184     3.59    3.75
  86336.365     5.102     2.47    3.69
  86707.097     5.769     1.80    3.48
  87077.747     6.735     2.61    4.46
  87448.314     8.443     4.61    5.82
  87818.799    11.537     8.35    7.58
  88189.202    14.577     8.21    7.39
  88559.523    16.525     5.26    6.52
  88929.763    16.941     1.12    5.79
  89299.920    15.684    -3.40    5.22
  89669.995    15.379    -0.82    4.38
  90039.988    15.424     0.12    3.16
  90409.900    16.039     1.66    4.03
  90779.730    18.321     6.17    5.65
  91149.478    19.171     2.30    7.36
  91519.145    19.125    -0.12    7.28
  91888.730    17.352    -4.80    6.91
  92258.233    15.127    -6.02    5.33
  92627.656    14.887    -0.65    5.04
  92996.996    13.379    -4.08    4.40
  93366.256    12.471    -2.46    3.27
  93735.434    13.943     3.99    4.04
  94104.530    16.928     8.09    5.74
  94473.546    21.535    12.49    6.23
  94842.480    24.844     8.97    4.24
  95211.334    25.736     2.42    3.26
  95580.106    23.706    -5.50    4.76
  95948.797    20.346    -9.11    4.78
  96317.408    17.379    -8.05    4.23
  96685.937    16.443    -2.54    3.59
  97054.386    16.825     1.04    3.47
  97422.754    18.392     4.25    3.24
  97791.041    20.301     5.18    3.94
  98159.247    23.022     7.39    5.34
  98527.373    27.673    12.63    7.00
  98895.419    35.255    20.60   10.86
  99263.384    44.350    24.72   11.48
  99631.268    52.191    21.31    9.72
  99999.072    57.776    15.18    5.87
 100366.795    60.685     7.91    4.81
 100734.439    60.735     0.14    6.12
 101102.002    58.880    -5.05    7.25
 101469.485    55.923    -8.05    7.73
 101836.887    52.132   -10.32    7.22
 102204.210    50.225    -5.19    6.19
 102571.453    50.423     0.54    5.65
 102938.615    54.587    11.34    9.58
 103305.698    60.775    16.86   11.34
 103672.701    68.756    21.75    9.71
 104039.624    73.706    13.49    6.30
 104406.467    77.538    10.45    2.74
 104773.230    80.765     8.80    4.67
 105139.914    83.991     8.80    5.86
 105506.518    88.285    11.71    5.55
 105873.042    91.755     9.47    3.77
 106239.487    92.917     3.17    3.48
 106605.853    92.395    -1.42    4.10
 106972.139    90.878    -4.14    4.36
 107338.346    87.131   -10.23    7.02
 107704.473    83.042   -11.17    7.88
 108070.521    81.795    -3.41    8.24
 108436.490    86.615    13.17   14.09
 108802.380    98.807    33.32   19.16
 109168.191   111.235    33.97   16.08
 109533.922   120.476    25.26    8.52
 109899.575   122.438     5.37    8.55
 110265.148   121.644    -2.17    9.51
 110630.643   118.255    -9.27   11.19
 110996.059   113.923   -11.85   13.55
 111361.396   107.561   -17.41   13.05
 111726.654   104.527    -8.30    9.98
 112091.834   105.479     2.61    9.75
 112456.934   115.165    26.53   15.95
 112821.957   128.164    35.61   19.56
 113187.121   148.305    55.15   24.04
 113568.591   170.185    57.35   28.35
 113949.975   191.358    55.51   24.40
 114331.270   198.544    18.84   18.48
 114712.479   192.425   -16.05   24.05
 115093.601   179.905   -32.85   22.81
 115474.635   171.705   -21.52   11.58
 115855.582   176.317    12.11   14.65
 116236.443   192.395    42.21   20.94
 116617.216   214.955    59.24   30.40
 116997.903   250.595    93.61   42.92
 117378.503   279.515    75.98   42.71
 117759.016   296.935    45.78   34.28
 118139.442   290.079   -18.02   38.76
 118519.782   269.848   -53.19   35.60
 118900.035   262.135   -20.28   25.70
 119280.201   268.847    17.65   25.74
 119660.282   292.119    61.23   33.89
 120040.275   331.879   104.62   46.85
 120420.183   375.045   113.62   56.26
 120800.004   416.604   109.41   43.20
 121179.739   436.646    52.77   31.31
 121559.388   426.664   -26.29   42.22
 121938.950   387.448  -103.31   59.51
 122318.427   333.226  -142.88   65.83
 122697.818   299.941   -87.72   51.57
 123077.122   297.991    -5.14   48.75
 123456.341   338.465   106.72   75.53
 123835.474   395.571   150.61   75.78
 124214.521   424.343    75.90   72.56
 124593.483   424.458     0.30   94.32
 124972.358   394.255   -79.71  100.97
 125351.149   348.347  -121.19   81.52
 125729.853   322.092   -69.32   59.06
 126108.473   301.386   -54.68   33.15
 126487.006   293.646   -20.44   19.95
 126865.455   293.368    -0.74   19.07
 127243.818   313.948    54.39   49.54
 127622.096   335.958    58.18   64.36
 128000.288   360.915    65.99   69.65
 128378.396   387.302    69.78   68.98
 128756.418   412.607    66.93   75.29
 129134.356   462.588   132.24   93.87
 129512.208   498.079    93.92   98.03
 129889.976   524.105    68.89   87.14
 130267.659   522.635    -3.89   76.81
 130645.257   493.038   -78.38   89.56
 131022.770   459.379   -89.15   86.71
 131400.198   431.899   -72.80   76.51
 131777.542   413.907   -47.68   62.67
 132154.801   407.465   -17.07   51.92
 132531.976   415.935    22.45   51.27
 132909.066   424.735    23.33   50.02
 133286.072   438.475    36.44   52.15
 133662.994   451.342    34.13   56.00
 134039.831   460.205    23.52   57.40
 134416.584   464.726    12.00   49.38
 134793.253   473.236    22.59   52.18
 135169.837   496.938    62.93   74.12
 135546.338   530.971    90.38   93.68
 135922.755   558.963    74.36   96.69
 136299.087   567.746    23.34   91.67
 136675.336   563.473   -11.36   72.51
 137051.501   552.500   -29.17   58.88
 137427.582   545.362   -18.98   48.57
 137803.579   547.663     6.12   47.52
 138179.493   566.875    51.10   57.78
 138555.323   593.509    70.86   54.41
 138931.069   608.073    38.76   47.62
 139306.732   590.200   -47.57   55.39
 139682.312   561.099   -77.47   64.03
 140057.808   526.552   -92.00   68.80
 140433.220   494.450   -85.50   65.20
 140808.550   470.007   -65.12   61.98
 141183.796   448.786   -56.55   55.68
 141558.959   425.755   -61.38   45.84
 141934.039   401.252   -65.32   38.43
 142309.035   376.857   -65.05   36.55
 142683.949   361.797   -40.16   30.02
 143058.780   356.150   -15.06   32.92
 143433.527   366.311    27.11   48.49
 143808.192   386.271    53.27   54.18
 144182.774   405.035    50.09   46.94
 144557.274   411.445    17.12   39.01
 144931.690   412.109     1.77   33.39
 145306.025   395.664   -43.93   34.38
 145680.276   373.118   -60.24   40.69
 146054.445   345.443   -73.96   41.34
 146428.531   317.746   -74.03   31.99
 146802.535   292.409   -67.74   29.80
 147176.457   273.256   -51.21   26.10
 147550.296   259.042   -38.02   20.04
 147924.053   252.135   -18.48   19.59
 148297.728   247.170   -13.29   21.47
 148671.320   242.665   -12.06   21.31
 149044.831   236.540   -16.40   18.33
 149418.259   231.045   -14.71   13.42
 149791.606   228.421    -7.03   13.22
 150164.870   227.595    -2.21   15.28
 150538.053   227.726     0.35   17.31
 150911.153   227.594    -0.35   18.32
 151284.172   223.737   -10.34   15.67
 151657.109   219.443   -11.51   11.90
 152029.965   215.499   -10.58    9.04
 152402.739   209.473   -16.16    8.93
 152775.431   204.455   -13.46    8.21
 153148.042   202.089    -6.35    6.41
 153520.571   200.981    -2.98    5.82
 153893.019   205.368    11.78   10.05
 154265.386   212.613    19.45   14.98
 154637.671   222.768    27.27   20.00
 155009.875   234.423    31.31   21.13
 155381.997   249.769    41.24   25.70
 155754.039   271.425    58.20   36.93
 156125.999   300.574    78.36   53.06
 156497.879   339.113   103.62   58.27
 156869.677   366.863    74.63   50.10
 157241.395   371.917    13.60   51.66
 157613.031   353.109   -50.60   60.77
 157984.587   317.705   -95.28   55.28
 158356.062   308.035   -26.03   47.77
 158727.456   330.338    60.05   68.71
 159098.769   374.511   118.95   75.68
 159470.002   417.526   115.86   51.98
 159841.155   430.307    34.43   50.36
 160212.226   429.465    -2.27   60.72
 160583.218   405.241   -65.29   63.48
 160954.128   383.705   -58.06   50.88
 161324.959   371.515   -32.87   37.25
 161695.709   372.632     3.01   40.60
 162066.379   385.909    35.82   41.08
 162436.968   397.124    30.26   30.86
 162807.478   397.175     0.14   24.13
 163177.907   388.685   -22.92   30.69
 163548.256   369.884   -50.76   39.29
 163918.526   348.093   -58.84   40.61
 164288.715   326.045   -59.55   37.66
 164658.824   313.399   -34.16   32.19
 165028.854   305.540   -21.24   30.88
 165398.804   299.195   -17.15   29.84
 165768.673   290.195   -24.33   31.18
 166138.464   275.562   -39.56   32.32
 166508.174   254.981   -55.66   33.63
 166877.805   231.629   -63.17   28.58
 167247.357   216.180   -41.80   20.74
 167616.828   206.955   -24.97   13.36
 167986.221   203.756    -8.66   11.63
 168355.534   205.981     6.03   11.96
 168724.768   214.425    22.87   16.20
 169093.922   224.893    28.35   19.48
 169462.997   240.313    41.78   20.45
 169831.993   253.175    34.85   16.98
 170200.910   262.338    24.84   13.95
 170569.747   268.159    15.78   15.19
 170938.506   276.038    21.36   19.03
 171307.186   289.103    35.43   21.81
 171675.786   303.944    40.26   23.83
 172044.308   321.342    47.20   22.76
 172412.751   336.334    40.69   23.94
 172781.115   355.654    52.44   30.36
 173149.401   368.613    35.18   27.52
 173517.607   371.277     7.23   27.50
 173885.735   356.797   -39.33   37.50
 174253.785   329.683   -73.66   40.96
 174621.755   301.799   -75.77   32.44
 174989.648   282.275   -53.06   28.29
 175357.462   268.486   -37.48   27.49
 175725.197   257.872   -28.86   27.70
 176092.854   257.787    -0.23   29.95
 176460.433   262.705    13.38   34.86
 176827.934   270.184    20.35   36.56
 177195.356   277.875    20.93   32.84
 177562.700   283.858    16.28   26.11
 177929.967   290.736    18.72   26.82
 178297.155   307.120    44.61   30.46
 178664.265   332.093    68.02   37.26
 179031.297   359.111    73.60   38.54
 179398.251   384.868    70.18   31.10
 179765.127   397.266    33.79   18.48
 180131.926   395.855    -3.85   20.96
 180498.647   381.437   -39.31   33.61
 180865.290   360.596   -56.84   36.32
 181231.855   360.231    -1.00   37.39
 181598.343   371.468    30.66   47.36
 181964.753   392.427    57.19   55.49
 182331.086   410.654    49.75   55.99
 182697.341   405.893   -13.00   64.56
 183063.519   407.816     5.25   61.69
 183429.620   430.671    62.42   73.45
 183795.643   469.868   107.08   78.26
 184161.589   507.284   102.23   57.37
 184527.457   503.313   -10.85   57.15
 184893.249   474.148   -79.72   60.12
 185258.963   442.766   -85.80   46.89
 185624.600   435.307   -20.40   47.18
 185990.161   451.474    44.22   53.31
 186355.644   491.231   108.77   56.13
 186721.050   517.279    71.28   47.28
 187086.380   523.022    15.72   39.04
 187451.632   522.766    -0.70   45.79
 187816.808   514.872   -21.62   57.26
 188193.417   499.963   -39.58   56.01
 188574.632   497.001    -7.77   54.17
 188955.761   488.375   -22.63   46.57
 189336.806   473.621   -38.72   38.62
 189717.766   451.175   -58.91   36.84
 190098.641   423.090   -73.73   42.28
 190479.431   390.375   -85.90   49.66
 190860.137   351.321  -102.57   51.79
 191240.758   329.674   -56.87   52.59
 191621.294   327.726    -5.12   58.88
 192001.745   324.643    -8.10   64.60
 192382.112   294.509   -79.21   96.28
 192762.395   233.389  -160.70  114.89
 193142.593   155.819  -204.00   85.93
 193522.707   111.757  -115.90   38.00
 193902.737    96.684   -39.66   11.07
 194282.682    95.839    -2.22   10.03
 194662.543    95.468    -0.98    9.86
 195042.320    92.652    -7.41    9.36
 195422.013    88.767   -10.23    6.91
 195801.622    86.581    -5.76    7.09
 196181.147    84.621    -5.17    7.91
 196560.588    81.808    -7.41    7.23
 196939.945    79.236    -6.78    4.77
 197319.219    78.010    -3.23    0.80
 197698.409    78.476     1.23    0.50
 198077.515    78.623     0.39    0.29
 198456.537    78.642     0.05    0.42
 198835.476    78.851     0.55    0.61
 199214.331    79.150     0.79    0.66
 199593.103    79.344     0.51    0.55
 199971.791    79.294    -0.13    0.50
 200350.396    79.090    -0.54    0.60
 200728.918    81.105     5.32    4.56
 201107.356    84.611     9.26    6.63
 201485.711    89.798    13.71    7.52
 201863.984    95.375    14.74    6.64
 202242.173    99.736    11.53    4.04
 202620.279   101.633     5.02    3.06
 202998.302   101.568    -0.17    3.92
 203376.242    99.427    -5.66    4.86
 203754.099    96.403    -8.00    5.10
 204131.873    94.010    -6.33    3.95
 204509.565    92.602    -3.73    2.17
 204887.174    91.847    -2.00    0.47
 205264.700    91.758    -0.23    0.20
 205642.143    91.787     0.08    0.30
 206019.504    91.811     0.06    0.33
 206396.783    91.809    -0.01    0.33
 206773.979    91.779    -0.08    0.29
 207151.093    91.828     0.13    0.38
 207528.124    92.049     0.59    0.67
 207905.073    92.288     0.64    0.97
 208281.940    92.404     0.31    1.00
 208658.725    93.180     2.06    2.16
 209035.427    93.998     2.17    2.94
 209412.048    94.614     1.64    2.86
 209788.586    94.771     0.42    2.95
 210165.042    93.705    -2.83    2.77
 210541.417    92.965    -1.96    1.81
 210917.710    93.226     0.69    2.12
 211293.921    94.322     2.91    2.44
 211670.050    95.320     2.65    2.37
 212046.097    96.866     4.11    3.50
 212422.063   101.767    13.03   10.67
 212797.947   114.115    32.85   26.51
 213173.749   144.236    80.14   48.07
 213549.470   176.107    84.81   51.99
 213925.110   213.303    99.01   47.63
 214300.668   231.403    48.19   43.27
 214676.145   238.163    18.00   45.17
 215051.541   237.643    -1.39   42.34
 215426.855   240.674     8.08   34.80
 215802.088   248.403    20.59   31.57
 216177.240   268.400    53.29   28.86
 216552.311   282.571    37.78   23.15
 216927.301   287.328    12.68   17.39
 217302.210   283.070   -11.36   21.11
 217677.038   267.098   -42.60   30.21
 218051.786   243.695   -62.44   34.72
 218426.452   221.849   -58.30   32.39
 218801.037   203.407   -49.23   33.01
 219175.542   194.704   -23.23   30.47
 219549.967   199.035    11.56   26.56
 219924.310   215.042    42.75   33.17
 220298.573   247.991    88.02   43.79
 220672.756   280.715    87.44   35.44
 221046.858   299.635    50.56   22.25
 221420.879   301.866     5.96   20.62
 221794.821   283.396   -49.39   33.33
 222168.681   259.109   -64.95   37.08
 222542.462   226.200   -88.03   34.17
 222916.163   202.736   -62.78   29.07
 223289.783   182.705   -53.60   22.67
 223663.323   166.913   -42.27   17.16
 224036.783   155.955   -29.34   13.62
 224410.164   150.452   -14.74   10.52
 224783.464   148.896    -4.17   10.14
 225156.684   148.530    -0.98   10.22
 225529.825   148.322    -0.56    9.94
 225902.885   145.932    -6.41   10.12
 226275.866   142.760    -8.50    8.46
 226648.767   143.079     0.86    7.71
 227021.589   148.009    13.22   11.28
 227394.331   159.540    30.93   16.37
 227766.993   172.607    35.06   17.62
 228139.576   189.386    45.03   19.50
 228512.080   199.547    27.27   15.53
 228884.504   207.758    22.04   10.85
 229256.849   211.894    11.11    8.42
 229629.114   212.884     2.66    7.28
 230001.300   210.059    -7.59   10.29
 230373.407   201.038   -24.24   15.53
 230745.435   190.021   -29.61   15.67
 231117.384   181.949   -21.70   10.15
 231489.254   185.901    10.62   16.73
 231861.044   199.515    36.61   25.35
 232232.756   220.758    57.14   26.74
 232604.389   239.363    50.06   20.10
 232975.943   245.424    16.31   18.39
 233347.418   243.290    -5.74   22.17
 233718.815   233.179   -27.22   24.90
 234090.132   220.135   -35.12   22.60
 234461.372   209.014   -29.95   17.59
 234832.532   204.792   -11.37   13.76
 235203.614   206.744     5.26   13.96
 235574.617   215.319    23.11   15.53
