# NaN NaN NaN ;Mean Elev.(m), Avg Gradient(m/km), RMS Gradient(m/km) - SRTM1     
# NaN NaN NaN ;Mean Elev.(m), Avg Gradient(m/km), RMS Gradient(m/km) - ASTER GDEM
#    2.197   0.432   3.468 ;Mean Elev.(m), Avg Gradient(m/km), RMS Gradient(m/km) - GMTED2010 
  8 159.642253  68.570016     3.928     3.756  6 52499.03544792 18.156
 10 159.653960  68.567278     0.245     0.274  6 52569.03546390 34.548
 11 159.638870  68.570638     1.104     0.225  6 52604.03545048 26.252
 12 159.658426  68.567939    11.149    10.948  6 52639.03542935 20.186
 13 159.640535  68.568198    13.485    13.647  6 52674.03542680 17.678
 14 159.656015  68.567321    11.936    11.448  6 52709.03543957 16.769
 15 159.638174  68.570150    11.741    12.104  5 52744.03546905 14.892
 17 159.659111  68.566960     5.126     4.971  7 52814.03548864 36.950
 18 159.656916  68.566057     0.700     0.678  6 52849.03554196 27.753
 19 159.643311  68.568039     0.494     0.488  6 52884.03557769 50.836
 20 159.640013  68.569624     3.137     3.356  5 52919.03553397 26.668
 21 159.665700  68.565989     0.276     0.275  6 52954.03549688 33.069
 22 159.659677  68.568256     0.980     0.313  6 52989.03550447 26.065
 23 159.645972  68.568192     9.763    10.494  6 53024.03549051 19.081
 24 159.660145  68.567258     8.965     9.868  6 53059.03548662 17.903
 25 159.630966  68.570886     3.319     0.228  6 53094.03552471 17.925
 26 159.661393  68.566610     2.967     2.779  6 53129.03549612 13.334
 28 159.650067  68.568191     4.679     4.710  6 53199.03556471 21.137
 29 159.648460  68.566888     4.529     4.667  6 53234.03553550 22.660
 30 159.629712  68.571466     5.511     5.640  6 53269.03550237 18.098
 31 159.649256  68.567555     0.046     0.038  6 53304.03556275 21.132
 32 159.641352  68.568493     9.186    11.957  6 53339.03553184 13.745
 33 159.634354  68.569873    13.198    13.889  6 53374.03546410 12.086
 34 159.654548  68.567116    14.133    14.236  6 53409.03550536 11.227
 35 159.630856  68.569898    14.400    14.984  6 53444.03548935 11.263
 36 159.648560  68.566973    15.468    16.062  6 53479.03556650  9.850
 37 159.648473  68.568992     0.721     0.697  6 53514.03557439 34.961
 38 159.639244  68.569628     5.412     5.246  5 53549.03559321 16.053
 39 159.643108  68.568777     3.529     2.503  5 53584.03555746 19.893
 40 159.627209  68.570288     1.659     1.525  5 53619.03551412 28.733
 41 159.654923  68.568624     0.297     0.338  6 53654.03553793 30.778
 42 159.643011  68.568989     0.022     0.018  5 53689.03553515 29.938
 43 159.633286  68.569567    -0.271    -0.278  5 53724.03545997 25.234
 44 159.667287  68.567110     0.159     0.120  6 53759.03539983 22.232
 45 159.645893  68.569409     9.890     9.761  6 53794.03542026 15.318
 46 159.667426  68.566932    12.215    10.725  6 53829.03539357 15.161
 47 159.651289  68.566483    11.422    12.461  6 53864.03547521 14.098
 48 159.652215  68.569203     5.660     5.811  6 53899.03549940 21.091
 49 159.639095  68.570059     3.995     3.578  6 53934.03554421 18.994
 50 159.638612  68.570667     5.430     5.653  6 53969.03551526 16.825
 51 159.666932  68.565986     5.085     4.894  6 54004.03548728 18.958
 52 159.656284  68.566864     0.763     0.056  6 54039.03552103 21.423
 53 159.645876  68.568711     1.463     0.702  5 54074.03551559 19.219
 54 159.628421  68.570196    13.366    12.247  5 54109.03546176 13.735
 55 159.654896  68.566992    14.238    13.547  6 54144.03545273 13.173
 56 159.636224  68.570734    13.510    13.415  6 54179.03544580 12.532
 57 159.654267  68.568826    11.848    11.055  6 54214.03546013 11.520
 58 159.651111  68.568651     6.530     6.534  6 54249.03548810 52.959
 59 159.647132  68.568546     9.951    11.281  5 54284.03549635 13.000
 60 159.647781  68.569170     0.847     0.897  6 54319.03549382 45.147
 61 159.637855  68.570133     5.544     5.662  6 54354.03545767 18.656
 62 159.651586  68.569156     0.244     0.249  6 54389.03543388 44.149
 63 159.641681  68.569390    10.285    10.702  5 54424.03540764 21.929
 64 159.657303  68.565961    16.303    16.523  6 54459.03540940 15.222
 65 159.643379  68.569949    14.674    15.228  6 54494.03541185 14.449
 66 159.655703  68.567414    14.526    14.592  6 54529.03542201 13.893
 67 159.634972  68.569222    13.867    15.003  6 54564.03541922 13.391
 68 159.649690  68.568646     4.854     5.249  6 54599.03541739  8.718
 69 159.648070  68.569267     5.342     5.619  6 54634.03543019 27.102
 70 159.645640  68.569744     3.812     4.066  6 54669.03543505 16.563
 71 159.639544  68.569375     1.931     1.283  6 54704.03539937 20.943
 72 159.653892  68.566250     1.178     1.101  6 54739.03539761 22.932
 73 159.643104  68.569542     1.220     0.465  6 54774.03538056 29.498
 74 159.657654  68.566740    11.733    12.309  6 54809.03539095 20.595
 75 159.642538  68.568776    11.189    10.598  6 54844.03537859 16.500
 76 159.652538  68.569499     8.090     8.606  6 54879.03539387 16.239
 77 159.635132  68.569796    11.007    12.412  6 54914.03538280 13.204
 78 159.650625  68.568247     9.107    10.057  6 54949.03538624 14.009
 79 159.645797  68.567012     4.752     4.953  6 54984.03541180 31.112
 80 159.647716  68.568610     0.671     0.725  6 55019.03540809 23.201
 81 159.644543  68.568313     2.286     0.845  6 55054.03540416 20.037
 82 159.636300  68.570449     2.696     2.652  6 55089.03536499 31.649
 83 159.653789  68.568017     1.940     2.439  6 55124.03534098 29.669
 84 159.639690  68.569203     5.747     3.187  5 55159.03532614 21.537
 85 159.659581  68.568540    10.980    11.362  6 55194.03533062 17.177
 86 159.638546  68.570482    14.306    14.646  6 55229.03532800 15.472
 87 159.651145  68.568643    13.383    13.200  6 55264.03532624 15.216
 88 159.638471  68.570089    14.189    14.633  6 55299.03531102 14.270
 89 159.643262  68.568175     1.335     0.314  6 55334.03530417 28.338
 90 159.645904  68.569170     4.107     4.203  6 55369.03529535 23.864
 91 159.656149  68.567935     0.287     0.351  6 55404.03531177 32.769
 92 159.642417  68.567659     4.296     5.004  6 55439.03531385 17.725
 93 159.636268  68.570291     3.709     3.644  5 55474.03526047 24.021
