# NaN NaN NaN ;Mean Elev.(m), Avg Gradient(m/km), RMS Gradient(m/km) - SRTM1     
#    6.709   0.938   5.275 ;Mean Elev.(m), Avg Gradient(m/km), RMS Gradient(m/km) - ASTER GDEM
#    1.463  -0.277   3.121 ;Mean Elev.(m), Avg Gradient(m/km), RMS Gradient(m/km) - GMTED2010 
  7 161.024287  68.515953     1.232     1.261  7 52461.03146014 34.709
  8 161.015210  68.515169     0.712     0.743  7 52496.03146033 40.885
  9 161.035074  68.515268     1.422     1.042  8 52531.03144543 20.296
 10 161.034855  68.517024    -0.080    -0.058  8 52566.03146568 39.839
 11 161.003143  68.514672    -0.096    -0.052  7 52601.03148373 33.483
 12 161.027194  68.515514     0.232    -0.043  8 52636.03144486 25.050
 13 161.012646  68.515089    -0.390    -0.437  7 52671.03145190 23.921
 14 161.030607  68.515968    -0.042    -0.189  7 52706.03144620 22.443
 15 161.009708  68.515806    -0.033    -0.044  7 52741.03148051 21.699
 16 161.005063  68.516539     0.562     0.477  7 52776.03142533 28.949
 17 161.028644  68.515282     3.487     3.481  8 52811.03150123 53.508
 18 161.032394  68.517213     2.330     1.747  8 52846.03155626 18.592
 19 161.018032  68.516685    -0.046    -0.043  7 52881.03159399 46.318
 20 161.010376  68.516464     1.551     1.918  7 52916.03155157 22.446
 21 161.043775  68.517327     0.183     0.182  8 52951.03151085 31.012
 22 161.028714  68.516769    -0.016     0.006  8 52986.03153159 25.399
 23 161.013257  68.516035    -0.441    -0.444  8 53021.03152205 19.418
 24 161.034488  68.517260    -0.145    -0.179  8 53056.03151005 18.235
 25 160.997215  68.516230    -0.402    -0.397  7 53091.03154905 16.095
 26 161.031363  68.515542     0.173     0.194  8 53126.03151858 12.754
 27 161.013998  68.515183     4.581     4.591  7 53161.03158094 41.019
 28 161.020128  68.515505     3.116     2.885  8 53196.03157836 18.058
 29 161.020313  68.516028     3.508     3.172  8 53231.03156248 15.959
 30 160.995785  68.515528     3.307     4.063  6 53266.03153333 18.879
 31 161.018179  68.515464     0.523     0.529  7 53301.03158246 22.206
 32 161.015712  68.516451    -0.150    -0.166  7 53336.03155309 14.635
 33 161.001912  68.515989    -0.068    -0.070  7 53371.03149106 13.784
 35 161.000562  68.514713    -0.001    -0.074  7 53441.03151287 12.579
 36 161.020543  68.515846    -0.244    -0.277  7 53476.03157844 10.324
 38 161.008567  68.515799     3.464     3.371  7 53546.03161010 19.049
 39 161.008425  68.514638     1.359     1.813  7 53581.03158434 28.818
 40 160.998753  68.516329     3.187     3.242  7 53616.03153915 24.002
 41 161.026890  68.516177     0.201     0.202  8 53651.03155171 51.396
 42 161.012567  68.516666    -0.171    -0.228  7 53686.03155952 25.359
 43 161.005792  68.516347    -0.039    -0.103  7 53721.03148577 23.939
 44 161.039521  68.516669     0.087    -0.012  8 53756.03141270 19.783
 45 161.018280  68.515868    -0.108    -0.124  8 53791.03144096 14.653
 46 161.043574  68.516971     0.112    -0.019  9 53826.03139975 15.477
 47 161.023322  68.516798     0.215    -0.017  8 53861.03149160 13.931
 48 161.024535  68.515605     2.837     3.259  8 53896.03151129 26.261
 49 161.004929  68.514634     3.059     3.031  7 53931.03156347 23.025
 50 161.005720  68.516583     4.083     4.359  7 53966.03153987 16.058
 51 161.045655  68.517425     3.222     3.442  9 54001.03149851 23.995
 52 161.026855  68.516035    -0.117    -0.100  7 54036.03154075 32.755
 53 161.017931  68.515787     0.170     0.052  7 54071.03153542 18.941
 54 160.999484  68.516621    -0.067    -0.126  7 54106.03148818 17.533
 55 161.027167  68.516723     0.229    -0.023  8 54141.03146780 16.445
 56 161.005677  68.514665    -0.351    -0.360  7 54176.03146926 14.985
 57 161.024288  68.516391     0.251     0.064  7 54211.03147483 14.574
 58 161.020306  68.515901     3.879     3.876  7 54246.03150484 51.379
 60 161.015822  68.515824     1.313     0.915  8 54316.03151464 20.995
 61 161.006193  68.515542     3.379     3.256  7 54351.03148251 17.712
 62 161.023326  68.515591     0.359     0.358  7 54386.03145345 50.385
 63 161.008650  68.516309    -0.248    -0.249  7 54421.03143211 27.426
 64 161.035731  68.517400     0.469     0.530  8 54456.03142532 15.449
 65 161.011329  68.514803     0.200     0.205  7 54491.03143346 15.432
 66 161.026561  68.515804     0.551     0.387  7 54526.03143874 13.699
 67 161.007198  68.515669     0.576     0.251  8 54561.03144193 12.696
 68 161.018142  68.515921     1.161     0.204  8 54596.03143466 10.641
 69 161.016526  68.515498     2.971     3.000  7 54631.03144870 41.016
 70 161.016578  68.516115     1.153     1.224  8 54666.03145487 47.516
 71 161.005854  68.515118     1.717     2.729  7 54701.03142422 17.212
 72 161.028573  68.515578     0.814     0.363  8 54736.03141417 24.161
 73 161.012238  68.515005     0.243     0.241  7 54771.03140482 28.048
 74 161.028911  68.517090     0.182    -0.130  8 54806.03140770 21.457
 75 161.017847  68.516655    -0.057    -0.144  7 54841.03139976 17.401
 76 161.022270  68.516181     0.213    -0.168  8 54876.03140920 16.542
 77 161.004378  68.516238    -0.215    -0.122  7 54911.03140577 13.128
 78 161.024275  68.516257     0.584     0.064  8 54946.03140163 13.748
 79 161.015239  68.515220     2.904     2.875  7 54981.03142831 49.350
 80 161.017000  68.515548     0.747     0.323  8 55016.03142980 27.418
 81 161.018254  68.516627     1.865     2.221  7 55051.03142399 17.008
 82 161.001968  68.515772     1.994     2.000  6 55086.03139008 51.758
 83 161.027035  68.514986    -0.014    -0.036  8 55121.03135793 35.544
 84 161.008712  68.515509     0.122     0.108  7 55156.03135009 22.674
 85 161.028728  68.516279    -0.045    -0.117  8 55191.03134698 19.680
 86 161.011236  68.516185    -0.013    -0.321  7 55226.03135033 16.216
 87 161.019469  68.515080     0.113    -0.147  8 55261.03134327 17.027
 88 161.008186  68.517062     0.179     0.014  7 55296.03133544 16.909
 89 161.014577  68.515369     1.767     1.793  7 55331.03132389 20.085
 90 161.011261  68.515044     1.189     1.171  7 55366.03131739 42.395
 91 161.028867  68.516544     0.817     0.060  8 55401.03132925 25.553
 92 161.015708  68.515825     0.819     0.831  7 55436.03133412 43.258
 93 161.002332  68.516179     3.017     3.056  7 55471.03128669 19.948
