# NaN NaN NaN ;Mean Elev.(m), Avg Gradient(m/km), RMS Gradient(m/km) - SRTM1     
#   -5.500  -1.792  26.108 ;Mean Elev.(m), Avg Gradient(m/km), RMS Gradient(m/km) - ASTER GDEM
#    8.070  -2.804  22.199 ;Mean Elev.(m), Avg Gradient(m/km), RMS Gradient(m/km) - GMTED2010 
  8 154.492449  67.526553    28.787    28.787  2 52503.42873947 12.130
  9 154.472494  67.524355     9.762     9.853  3 52538.42872392 40.759
 10 154.486573  67.523014     7.257     7.212  3 52573.42876415 36.957
 11 154.500014  67.522651     9.435     9.278  4 52608.42872216 27.620
 12 154.482286  67.523047     9.945    10.101  3 52643.42871787 18.959
 13 154.503958  67.522923    11.123    11.246  4 52678.42869923 18.010
 15 154.491898  67.523443    10.522    10.432  3 52748.42876451 15.414
 18 154.484921  67.523347     8.217     8.233  4 52853.42883248 47.894
 20 154.503615  67.523116     7.328     7.338  4 52923.42881993 47.399
 21 154.485943  67.522746     6.776     6.709  3 52958.42878653 30.320
 22 154.489445  67.523100     7.533     7.110  4 52993.42881333 25.947
 23 154.508251  67.523620    10.504    10.422  3 53028.42877763 17.819
 24 154.493147  67.523433    11.392     9.935  4 53063.42878611 15.756
 25 154.498717  67.523246    11.538     9.937  4 53098.42880202 14.332
 26 154.492518  67.523892     8.716     8.767  4 53133.42878461  8.482
 28 154.488852  67.523515    17.237    17.183  4 53203.42885873 18.964
 31 154.480024  67.524224     7.932     8.011  3 53308.42884605 27.686
 33 154.473354  67.524226     9.068     9.321  4 53378.42875455 15.813
 34 154.496189  67.523602    10.123    10.388  3 53413.42878825 14.250
 36 154.475990  67.524177     8.848     8.775  3 53483.42886285 12.760
 38 154.486692  67.523413    11.032    11.368  4 53553.42888347 47.316
 39 154.505346  67.523097    10.391    10.441  3 53588.42883205 37.837
 41 154.480122  67.523991     6.887     6.847  3 53658.42883263 39.392
 42 154.497655  67.523239     9.422     9.760  4 53693.42881248 27.757
 43 154.511345  67.524034     8.217     6.869  3 53728.42873543 27.433
 44 154.487388  67.523064    10.459     8.969  4 53763.42869521 20.757
 45 154.507081  67.523715    10.982    10.915  4 53798.42870386 15.324
 47 154.481994  67.524063    12.058    12.223  3 53868.42876470  9.645
 48 154.488480  67.523332    17.412    17.519  4 53903.42879666 20.101
 49 154.478779  67.524158     9.837     9.791  4 53938.42883274 40.097
 51 154.476497  67.523337     8.201     7.927  3 54008.42878446 47.150
 52 154.489009  67.523672     8.426     7.498  4 54043.42880618 24.283
 53 154.500296  67.522738    10.701    10.489  4 54078.42879941 14.644
 54 154.509669  67.523953    11.634    11.641  4 54113.42873715 11.555
 56 154.509264  67.522760    11.978    11.876  3 54183.42872607 11.388
 57 154.481687  67.524215    17.995    18.035  4 54218.42875394  4.367
 58 154.489349  67.523608    16.764    16.641  4 54253.42877872 18.806
 59 154.497117  67.522604    12.112    10.678  4 54288.42878210 20.827
 61 154.509255  67.523973    12.113    10.051  3 54358.42873607 21.352
 62 154.490597  67.523497     7.742     7.700  3 54393.42872005 40.657
 63 154.501110  67.523529     8.259     7.474  3 54428.42868631 23.122
 64 154.485581  67.523619     8.709     8.918  4 54463.42869878 16.240
 65 154.500530  67.523005     9.998    10.261  3 54498.42869571 13.997
 66 154.491867  67.522925     9.534     9.314  4 54533.42871231 14.090
 67 154.508996  67.522349    10.173     9.944  3 54568.42869963 14.006
 68 154.488113  67.523993     9.403     9.426  4 54603.42870758 35.024
 70 154.492534  67.524201    10.572    10.485  4 54673.42872114 45.794
 71 154.505244  67.522944     8.453     8.557  3 54708.42867904 43.470
 72 154.487437  67.524023     9.870     9.855  4 54743.42868707 50.598
 73 154.499062  67.523239     7.639     7.602  3 54778.42866154 34.987
 74 154.482236  67.524323    10.553     7.333  3 54813.42868073 27.856
 75 154.500714  67.523214    10.138    10.193  3 54848.42866121 17.245
 76 154.485735  67.524186     9.209     9.201  3 54883.42868394 19.332
 77 154.506893  67.522839    10.588    10.501  4 54918.42866337 13.903
 78 154.486670  67.523467     9.772     9.738  3 54953.42867841 17.435
 80 154.497896  67.523681     9.123     9.010  3 55023.42869409 24.820
 81 154.495254  67.523723     8.709     8.747  3 55058.42868954 48.534
 82 154.506573  67.523525    13.309    12.408  4 55093.42864366 21.831
 83 154.489753  67.523582     6.854     6.897  4 55128.42863024 41.528
 84 154.497726  67.523759     7.567     6.826  4 55163.42860546 25.159
 85 154.485370  67.523082    10.811     9.148  4 55198.42862172 19.042
 86 154.503068  67.523400    12.114    10.253  3 55233.42860973 14.843
 87 154.491288  67.522870    12.773    12.755  4 55268.42861616 14.514
 88 154.509080  67.523372    10.840    10.719  3 55303.42858959 14.129
 89 154.494365  67.522831    15.762    15.789  4 55338.42858940 44.509
 91 154.489444  67.523539     8.239     8.247  3 55408.42860133 28.156
 92 154.496251  67.523620    12.962    13.014  4 55443.42859828 42.800
 93 154.510517  67.524437    11.373    11.422  3 55478.42853649 26.840
