# NaN NaN NaN ;Mean Elev.(m), Avg Gradient(m/km), RMS Gradient(m/km) - SRTM1     
#   12.841   0.574   8.799 ;Mean Elev.(m), Avg Gradient(m/km), RMS Gradient(m/km) - ASTER GDEM
#   30.233  -0.121   1.281 ;Mean Elev.(m), Avg Gradient(m/km), RMS Gradient(m/km) - GMTED2010 
 13 152.269973  66.582225    23.756    23.453  6 52667.04982651 18.574
 15 152.270121  66.583517    23.857    24.321  7 52737.04983874 17.455
 16 152.254301  66.576340    20.036    18.302  5 52772.04980959 17.639
 19 152.279286  66.585112    17.238    17.216  4 52877.04995906 42.118
 20 152.270622  66.583454    22.716    21.756  7 52912.04991810 28.549
 23 152.261694  66.581119    23.374    23.784  7 53017.04990871 19.107
 25 152.244081  66.572478    24.587    24.688  4 53087.04992653 16.448
 27 152.272548  66.583615    24.978    25.019  6 53157.04994946 44.234
 28 152.282799  66.588076    26.218    26.218  2 53192.04994093 19.157
 29 152.271517  66.582146    22.885    21.191  6 53227.04994388 34.441
 30 152.245991  66.573655    20.425    20.424  4 53262.04991956 48.892
 31 152.270030  66.581979    18.477    18.478  6 53297.04995299 45.274
 32 152.273345  66.583210    17.555    17.583  6 53332.04992471 28.220
 35 152.262947  66.581482    18.167    18.159  7 53437.04988794 19.224
 36 152.282712  66.587984    20.589    20.589  2 53472.04993848 17.260
 37 152.269140  66.582128    21.125    19.051  7 53507.04997043 37.404
 38 152.268489  66.582966    23.900    24.262  7 53542.04997689 34.178
 39 152.256876  66.577635    19.904    19.876  6 53577.04996590 49.895
 40 152.245569  66.573096    20.445    20.444  4 53612.04991916 49.704
 42 152.259800  66.579565    16.941    16.769  6 53682.04993813 36.741
 43 152.266647  66.583990    18.095    18.168  8 53717.04986460 27.512
 45 152.272674  66.582572    23.819    24.026  6 53787.04981404 17.029
 46 152.243792  66.571904    24.606    24.681  4 53822.04977153 17.982
 47 152.274941  66.582709    25.964    25.939  5 53857.04985949  4.820
 49 152.263801  66.582322    22.623    23.307  7 53927.04993345 29.336
 50 152.250274  66.575514    25.127    26.614  4 53962.04991970 22.455
 53 152.269902  66.581235    23.519    23.274  6 54067.04990743 19.976
 54 152.254288  66.577368    23.492    23.403  5 54102.04986928 17.521
 56 152.260488  66.580256    25.115    25.098  6 54172.04984553 14.673
 58 152.272202  66.581327    25.054    25.078  5 54242.04987290 51.930
 59 152.273500  66.582522    25.405    26.374  5 54277.04988697 20.375
 60 152.272591  66.581802    18.056    18.061  5 54312.04988796 44.009
 61 152.255900  66.577879    25.141    25.602  5 54347.04986193 31.422
 63 152.267072  66.584101    17.337    16.701  9 54417.04980971 33.344
 65 152.272965  66.582346    22.536    22.369  6 54487.04980689 16.495
 67 152.264070  66.582562    22.074    22.035  8 54557.04981735 17.442
 68 152.273333  66.581054    16.623    16.680  5 54592.04980350 20.718
 69 152.269642  66.582219    20.826    20.828  7 54627.04981912 42.283
 70 152.272348  66.582859    20.907    19.944  6 54662.04982663 36.186
 71 152.265580  66.583171    21.554    21.919  8 54697.04980240 28.789
 73 152.271811  66.582574    16.745    16.784  6 54767.04978163 38.690
 75 152.270445  66.581381    24.464    24.557  6 54837.04977418 19.220
 77 152.251521  66.575537    24.616    24.450  4 54907.04978362 18.531
 79 152.272810  66.582940    21.802    21.856  6 54977.04979601 47.895
 80 152.271045  66.584010    19.109    19.192  7 55012.04980433 47.067
 81 152.275325  66.583328    21.546    21.873  5 55047.04979624 21.833
 82 152.252968  66.575861    23.475    23.534  5 55082.04977024 52.476
 84 152.270148  66.584094    16.481    16.520  7 55152.04972627 29.736
 86 152.268799  66.582842    23.641    23.621  8 55222.04972508 18.472
 88 152.254750  66.576968    23.202    23.710  5 55292.04971463 17.636
 89 152.270075  66.581189    17.738    17.734  6 55327.04969563 26.768
 90 152.267458  66.582878    23.107    23.296  8 55362.04969177 31.824
 92 152.274905  66.582926    20.564    19.001  5 55432.04970658 18.874
 93 152.250647  66.575084    21.647    21.644  4 55467.04966832 51.480
