-148637.420   196.349     0.00   18.21
-148257.670   179.793   -43.59   27.68
-147877.835   154.352   -66.97   33.11
-147497.916   130.405   -63.03   31.23
-147117.912   108.502   -57.63   19.67
-146737.824   102.351   -16.18   12.35
-146357.651   105.386     7.98   14.87
-145977.394   115.724    27.18   17.65
-145597.051   128.432    33.41   15.42
-145216.624   137.532    23.92   13.22
-144836.112   147.475    26.13   10.88
-144455.515   156.779    24.44   12.84
-144074.834   167.592    28.40   13.76
-143694.067   179.167    30.40   13.77
-143313.215   193.006    36.33   15.25
-142932.278   206.752    36.08   17.97
-142551.255   221.766    39.40   18.02
-142170.148   231.871    26.51   15.09
-141788.955   234.644     7.27   13.56
-141417.786   226.871   -20.94   19.59
-141052.692   209.251   -48.26   28.18
-140687.521   185.077   -66.19   33.81
-140322.273   156.400   -78.50   31.94
-139956.948   130.592   -70.64   27.86
-139591.546   110.682   -54.48   19.63
-139226.067   100.437   -28.03   10.57
-138860.510   101.953     4.14   11.28
-138494.876   110.783    24.15   15.83
-138129.165   123.085    33.64   16.32
-137763.376   133.836    29.39   15.12
-137397.510   143.942    27.62   19.38
-137031.566   153.075    24.95   21.90
-136665.545   166.162    35.75   24.30
-136299.446   176.963    29.50   23.80
-135933.269   187.932    29.95   19.89
-135567.015   195.355    20.26   19.10
-135200.683   201.508    16.80   18.23
-134834.273   208.276    18.47   17.67
-134467.786   213.146    13.29   14.25
-134101.220   210.361    -7.60   14.30
-133734.577   197.840   -34.15   21.94
-133367.855   178.582   -52.51   27.47
-133001.056   158.094   -55.85   26.20
-132634.178   139.728   -50.06   19.52
-132267.222   124.289   -42.07   15.65
-131900.188   112.713   -31.54   12.40
-131533.076   105.245   -20.34    8.91
-131165.886   104.370    -2.38    9.15
-130798.617   110.367    16.33   13.72
-130431.270   121.187    29.45   16.14
-130063.844   132.526    30.86   14.35
-129696.340   138.004    14.90   11.05
-129328.757   136.650    -3.68   13.32
-128961.096   127.685   -24.38   16.01
-128593.356   117.870   -26.69   13.53
-128225.537   106.468   -31.00   13.17
-127857.640    94.716   -31.94   17.40
-127489.664    81.613   -35.61   16.87
-127121.609    73.892   -20.97   11.62
-126753.475    70.610    -8.92    5.95
-126385.262    73.402     7.58    6.64
-126016.970    78.052    12.62    5.22
-125648.599    82.266    11.44    4.88
-125280.149    86.101    10.41    5.55
-124911.620    91.367    14.29    6.52
-124543.012    96.483    13.88    7.77
-124174.324   100.468    10.81    8.96
-123805.558   102.087     4.39   10.97
-123436.711   101.541    -1.48   13.70
-123067.786    96.902   -12.57   14.57
-122698.781    90.549   -17.22   12.91
-122329.696    84.306   -16.91   10.60
-121960.532    80.432   -10.49    7.53
-121591.289    81.225     2.15    9.19
-121221.965    83.973     7.44   11.89
-120852.562    83.218    -2.05   13.48
-120483.080    79.276   -10.67   14.73
-120113.517    74.291   -13.49   11.77
-119743.875    75.126     2.26   10.05
-119374.152    79.737    12.47    9.88
-119004.350    86.912    19.40    7.48
-118634.468    92.172    14.22    5.02
-118264.505    95.742     9.65    4.09
-117894.463    97.592     5.00    3.69
-117524.340    97.216    -1.02    4.22
-117154.137    94.902    -6.25    4.95
-116783.854    90.674   -11.42    6.75
-116413.491    86.437   -11.44    7.77
-116043.047    80.663   -15.59    6.82
-115672.523    74.882   -15.60    6.08
-115301.918    69.209   -15.31    5.99
-114931.233    64.177   -13.57    8.16
-114560.467    60.685    -9.42    8.62
-114189.621    58.932    -4.73    8.47
-113818.694    59.437     1.36    7.23
-113447.686    60.328     2.40    4.51
-113076.597    60.592     0.71    4.38
-112705.428    60.588    -0.01    4.86
-112334.177    60.262    -0.88    4.70
-111962.846    58.771    -4.02    4.52
-111591.434    57.498    -3.43    4.69
-111219.940    56.188    -3.53    4.16
-110848.366    54.667    -4.09    3.75
-110476.710    53.025    -4.42    3.41
-110104.974    50.262    -7.43    4.14
-109733.156    47.505    -7.41    4.81
-109361.256    43.932    -9.61    4.15
-108989.275    40.387    -9.53    3.84
-108617.213    36.708    -9.89    4.14
-108245.070    33.821    -7.76    4.19
-107872.845    30.879    -7.90    3.49
-107500.538    28.982    -5.09    2.51
-107128.150    28.749    -0.63    2.70
-106755.680    31.342     6.96    5.65
-106383.128    35.216    10.40    6.64
-106010.494    40.522    14.24    6.36
-105637.779    44.839    11.58    5.60
-105264.982    48.245     9.14    5.04
-104892.103    50.457     5.93    5.64
-104519.141    51.082     1.67    5.85
-104146.098    50.589    -1.32    5.59
-103772.973    48.136    -6.57    5.19
-103399.765    46.266    -5.01    4.30
-103026.475    45.193    -2.87    2.35
-102653.103    44.586    -1.63    1.81
-102279.649    43.573    -2.71    2.52
-101906.112    42.397    -3.15    3.98
-101532.493    41.743    -1.75    4.09
-101158.792    41.589    -0.41    3.77
-100785.008    42.685     2.93    3.54
-100411.141    43.642     2.56    3.36
-100037.192    44.005     0.97    4.50
 -99663.159    42.055    -5.21    6.65
 -99289.045    39.447    -6.97    7.02
 -98914.847    36.670    -7.42    5.10
 -98540.567    35.652    -2.72    3.44
 -98166.203    35.116    -1.43    3.60
 -97791.757    34.795    -0.86    4.93
 -97417.227    33.661    -3.03    5.79
 -97042.615    31.447    -5.91    5.26
 -96667.919    28.631    -7.51    2.58
 -96293.140    27.728    -2.41    1.27
 -95918.278    27.771     0.11    1.48
 -95543.333    28.576     2.15    1.76
 -95168.304    29.132     1.48    1.70
 -94793.192    28.383    -2.00    2.41
 -94417.997    27.458    -2.47    3.30
 -94042.718    26.619    -2.24    5.12
 -93667.355    26.821     0.54    6.86
 -93291.909    26.266    -1.48    7.14
 -92916.379    25.043    -3.25    6.62
 -92540.765    23.328    -4.57    4.31
 -92165.068    23.508     0.48    3.77
 -91789.286    24.595     2.89    4.20
 -91413.421    26.177     4.21    3.79
 -91037.472    28.489     6.15    3.15
 -90661.439    30.392     5.06    3.29
 -90285.321    31.785     3.70    3.03
 -89909.120    32.792     2.68    2.14
 -89532.834    33.532     1.97    1.57
 -89156.464    33.457    -0.20    1.47
 -88780.010    33.041    -1.11    1.14
 -88403.472    32.922    -0.32    0.81
 -88026.849    32.964     0.11    0.73
 -87650.142    32.823    -0.37    0.72
 -87273.350    32.911     0.23    0.75
 -86896.473    32.872    -0.11    0.91
 -86519.512    32.912     0.11    0.96
 -86142.467    32.209    -1.86    1.64
 -85765.336    30.558    -4.38    2.90
 -85388.121    28.538    -5.36    3.04
 -85010.821    27.463    -2.85    2.40
 -84633.436    27.962     1.32    2.99
 -84255.966    29.262     3.44    3.32
 -83878.411    29.778     1.36    3.15
 -83500.771    28.579    -3.17    3.92
 -83123.045    26.372    -5.84    3.71
 -82745.235    24.612    -4.66    2.96
 -82367.339    23.157    -3.85    2.30
 -81989.358    21.892    -3.35    1.75
 -81611.292    20.779    -2.94    1.33
 -81233.140    20.236    -1.44    1.57
 -80854.903    19.602    -1.68    1.65
 -80476.580    19.382    -0.58    1.86
 -80098.172    19.574     0.51    2.11
 -79719.678    19.774     0.53    2.17
 -79341.098    19.815     0.11    1.85
 -78962.432    19.893     0.20    1.88
 -78583.681    20.255     0.96    2.49
 -78204.844    21.542     3.40    3.68
 -77825.921    22.485     2.49    4.43
 -77446.911    23.992     3.97    5.25
 -77067.816    25.115     2.96    5.60
 -76688.635    25.602     1.28    6.17
 -76309.367    25.997     1.04    6.33
 -75930.014    26.566     1.50    5.87
 -75550.574    26.805     0.63    5.20
 -75171.048    25.586    -3.21    5.28
 -74791.435    24.132    -3.83    5.76
 -74411.736    23.372    -2.00    5.21
 -74031.950    22.713    -1.73    4.39
 -73652.078    22.011    -1.85    3.02
 -73272.119    22.290     0.73    3.16
 -72892.073    24.312     5.32    4.26
 -72511.941    26.882     6.76    3.90
 -72131.722    28.152     3.34    2.87
 -71751.416    27.044    -2.91    4.67
 -71371.023    25.362    -4.42    5.42
 -70990.543    24.870    -1.29    4.97
 -70609.976    25.508     1.68    3.82
 -70229.322    26.973     3.85    3.18
 -69848.581    29.289     6.08    3.54
 -69467.752    31.504     5.82    2.87
 -69086.837    32.942     3.78    1.65
 -68705.833    32.942     0.00    1.54
 -68324.743    31.040    -4.99    3.38
 -67943.565    27.870    -8.32    5.33
 -67562.300    23.883   -10.46    6.03
 -67180.947    21.759    -5.57    6.34
 -66803.734    21.784     0.07    7.61
 -66438.881    23.322     4.22    7.93
 -66073.948    25.084     4.83    6.24
 -65708.937    25.398     0.86    4.40
 -65343.846    23.563    -5.03    4.01
 -64978.677    19.982    -9.81    5.92
 -64613.429    16.664    -9.08    5.39
 -64248.102    14.526    -5.85    3.27
 -63882.695    14.417    -0.30    3.19
 -63517.210    15.361     2.58    3.98
 -63151.645    15.081    -0.77    4.52
 -62786.001    13.514    -4.29    5.18
 -62420.278    10.635    -7.87    4.96
 -62054.476     8.457    -5.95    3.75
 -61688.594     7.392    -2.91    3.26
 -61322.632     7.487     0.26    3.28
 -60956.591     7.710     0.61    2.78
 -60590.471     7.805     0.26    2.69
 -60224.271     7.421    -1.05    2.02
 -59857.991     7.282    -0.38    1.36
 -59491.632     7.659     1.03    1.58
 -59125.193     8.402     2.03    1.73
 -58758.674     8.589     0.51    1.58
 -58392.075     8.437    -0.41    1.75
 -58025.396     7.596    -2.30    2.24
 -57658.637     6.412    -3.23    2.76
 -57291.799     5.102    -3.57    2.74
 -56924.880     4.605    -1.35    2.92
 -56557.881     4.122    -1.32    2.90
 -56190.802     3.815    -0.84    2.88
 -55823.643     3.508    -0.84    2.96
 -55456.403     2.579    -2.53    2.88
 -55089.083     1.454    -3.06    2.30
 -54721.683     1.467     0.04    2.47
 -54354.202     1.851     1.05    3.01
 -53986.641     2.120     0.73    2.71
 -53618.999     2.388     0.73    2.47
 -53251.277     2.629     0.66    2.20
 -52883.474     2.315    -0.86    1.95
 -52515.590     2.789     1.29    2.27
 -52147.626     2.447    -0.93    2.36
 -51779.580     1.962    -1.32    2.33
 -51411.454     1.714    -0.67    2.15
 -51043.247     1.364    -0.95    1.74
 -50674.959     1.362    -0.00    1.55
 -50306.591     1.596     0.63    1.89
 -49938.141     1.671     0.21    1.82
 -49569.609     1.413    -0.70    1.58
 -49200.997     1.589     0.48    1.65
 -48832.304     2.216     1.70    2.57
 -48463.529     2.882     1.80    2.95
 -48094.673     3.560     1.84    3.58
 -47725.735     5.202     4.45    5.47
 -47356.716     6.619     3.84    6.54
 -46987.616     7.427     2.19    6.35
 -46618.434     8.400     2.64    6.15
 -46249.170     9.716     3.56    5.43
 -45879.825    10.953     3.35    4.81
 -45510.398    12.001     2.84    4.01
 -45140.889    12.724     1.96    4.23
 -44771.299    11.672    -2.85    5.33
 -44401.626    10.285    -3.75    6.17
 -44031.872     8.995    -3.49    6.28
 -43662.036     6.457    -6.86    5.63
 -43292.117     5.075    -3.74    5.58
 -42922.117     4.089    -2.66    5.29
 -42552.035     2.811    -3.45    4.00
 -42181.870     2.120    -1.87    2.30
 -41811.623     2.393     0.74    2.23
 -41441.294     3.629     3.34    3.03
 -41070.882     4.913     3.46    3.79
 -40700.388     4.328    -1.58    3.96
 -40329.812     3.922    -1.09    4.02
 -39959.153     2.953    -2.62    3.78
 -39588.411     1.844    -2.99    2.68
 -39217.587     1.973     0.35    2.69
 -38846.680     3.422     3.91    4.47
 -38475.690     3.922     1.35    4.53
 -38104.618     4.932     2.72    5.43
 -37733.463     6.011     2.91    5.64
 -37362.225     6.891     2.37    6.29
 -36990.904     8.418     4.11    6.66
 -36619.500     7.481    -2.52    6.42
 -36248.012     8.825     3.62    6.93
 -35876.442    11.101     6.12    7.06
 -35504.789    13.330     6.00    7.12
 -35133.052    14.843     4.07    6.42
 -34761.232    16.256     3.80    6.47
 -34389.329    17.275     2.74    7.05
 -34017.342    17.292     0.05    7.29
 -33645.272    17.167    -0.34    6.91
 -33273.118    16.730    -1.18    5.85
 -32900.881    17.555     2.22    8.84
 -32528.560    17.198    -0.96   10.39
 -32156.156    18.815     4.34   11.37
 -31783.668    17.457    -3.64   11.37
 -31411.096    13.109   -11.67   11.50
 -31038.440     8.305   -12.89   10.47
 -30665.700     2.794   -14.79    5.93
 -30292.876     0.383    -6.47    1.56
 -29919.969     0.165    -0.59    0.67
 -29546.977     0.128    -0.10    0.65
 -29173.901     0.315     0.50    0.96
 -28800.741     0.376     0.16    1.22
 -28427.497     0.880     1.35    1.67
 -28054.168     0.738    -0.38    1.56
 -27680.755     0.632    -0.28    1.53
 -27307.258     0.334    -0.80    1.50
 -26933.676    -0.117    -1.21    0.74
 -26560.010    -0.137    -0.05    0.64
 -26186.259     0.050     0.50    0.66
 -25812.424     0.794     1.99    2.32
 -25438.503     2.756     5.25    5.69
 -25064.498     3.932     3.15    6.16
 -24690.409     4.677     1.99    6.11
 -24316.234     5.141     1.24    6.18
 -23941.975     3.350    -4.78    4.46
 -23567.630     2.882    -1.25    3.84
 -23193.201     3.185     0.81    3.34
 -22818.686     4.356     3.13    3.37
 -22444.086     5.471     2.98    3.03
 -22069.402     5.862     1.04    2.75
 -21694.631     5.200    -1.77    3.29
 -21319.776     4.291    -2.42    4.05
 -20944.835     3.982    -0.83    4.75
 -20569.809     4.040     0.16    4.50
 -20194.697     4.677     1.70    4.06
 -19819.500     6.563     5.03    3.56
 -19444.217     9.197     7.02    5.07
 -19068.848    11.305     5.61    5.35
 -18693.394    11.432     0.34    5.75
 -18317.854     9.835    -4.25    6.54
 -17942.228     7.149    -7.15    5.29
 -17566.516     5.769    -3.67    3.60
 -17190.718     5.932     0.43    3.49
 -16814.835     5.340    -1.58    3.91
 -16438.865     3.477    -4.96    3.08
 -16062.809     2.069    -3.74    2.25
 -15686.667     2.289     0.58    2.52
 -15310.438     3.209     2.45    2.99
 -14934.124     4.413     3.20    3.24
 -14557.723     5.882     3.90    3.14
 -14181.235     6.192     0.82    2.74
 -13804.661     6.262     0.19    2.82
 -13428.001     6.622     0.95    2.36
 -13051.254     6.693     0.19    2.23
 -12674.420     7.418     1.92    2.81
 -12297.500     8.197     2.07    2.79
 -11920.493     7.548    -1.72    3.18
 -11543.399     6.520    -2.73    3.72
 -11166.218     5.158    -3.61    3.30
 -10788.950     4.043    -2.95    3.02
 -10411.595     2.757    -3.41    2.87
 -10034.153     1.318    -3.81    1.91
  -9656.624     1.001    -0.84    1.78
  -9279.008     1.467     1.23    2.27
  -8901.305     2.364     2.37    2.89
  -8523.514     3.216     2.26    2.83
  -8145.636     3.863     1.71    2.51
  -7767.670     4.359     1.31    2.83
  -7389.617     5.190     2.20    3.79
  -7011.476     6.548     3.59    3.78
  -6633.248     7.870     3.50    3.06
  -6254.932     7.641    -0.61    2.70
  -5876.529     6.829    -2.15    2.58
  -5498.038     5.262    -4.14    3.11
  -5119.458     5.218    -0.12    3.99
  -4740.791     4.709    -1.34    4.15
  -4362.036     4.724     0.04    4.16
  -3983.193     4.624    -0.26    4.39
  -3604.262     3.102    -4.02    3.44
  -3225.243     3.660     1.47    3.65
  -2846.135     4.437     2.05    4.30
  -2466.939     5.689     3.30    4.56
  -2087.655     7.120     3.77    4.36
  -1708.283     8.364     3.28    4.06
  -1328.822     7.782    -1.53    3.85
   -949.272     5.612    -5.72    4.98
   -569.634     3.001    -6.88    4.60
   -189.908     0.807    -5.78    2.07
    189.908     1.579     2.03    2.78
    569.812     3.364     4.70    3.15
    949.805     4.922     4.10    2.72
   1329.887     6.462     4.05    1.84
   1710.057     7.427     2.54    2.54
   2090.317     8.497     2.81    2.40
   2470.666     8.807     0.82    2.01
   2851.104     8.466    -0.90    1.70
   3231.631     8.326    -0.37    1.47
   3612.247     7.972    -0.93    1.79
   3992.953     6.677    -3.40    2.72
   4373.748     4.642    -5.34    3.11
   4754.632     3.256    -3.64    2.76
   5135.606     1.774    -3.89    1.98
   5516.670     1.476    -0.78    1.94
   5897.823     2.562     2.85    2.98
   6279.066     4.028     3.85    3.36
   6660.398     5.463     3.76    4.00
   7041.821     6.548     2.84    5.16
   7423.333     8.104     4.08    6.59
   7804.935     8.680     1.51    8.11
   8171.669     7.432    -3.40    8.11
   8536.360     6.048    -3.80    6.68
   8901.133     4.795    -3.43    5.45
   9265.986     4.315    -1.32    4.44
   9630.920     4.699     1.05    4.05
   9995.934     4.555    -0.40    4.04
  10361.030     3.738    -2.24    3.74
  10726.206     4.101     0.99    5.16
  11091.464     5.105     2.75    6.85
  11456.802     5.359     0.70    6.85
  11822.221     6.122     2.09    6.61
  12187.721     5.403    -1.97    5.71
  12553.303     6.025     1.70    4.64
  12918.966     6.471     1.22    4.59
  13284.710     6.628     0.43    4.61
  13650.535     5.746    -2.41    3.96
  14016.442     4.256    -4.07    3.69
  14382.430     3.014    -3.39    2.91
  14748.499     4.075     2.90    3.08
  15114.650     4.662     1.60    3.32
  15480.883     4.855     0.53    3.36
  15847.197     5.532     1.85    3.49
  16213.593     5.873     0.93    3.88
  16580.071     5.134    -2.02    3.94
  16946.630     5.259     0.34    3.78
  17313.271     4.288    -2.65    3.84
  17679.995     3.302    -2.69    3.53
  18046.800     3.452     0.41    3.75
  18413.687     3.618     0.45    3.57
  18780.656     5.506     5.15    4.40
  19147.708     6.825     3.59    4.00
  19514.841     7.538     1.94    4.11
  19882.057     7.561     0.06    3.87
  20249.355     7.272    -0.79    4.13
  20616.735     6.777    -1.35    4.20
  20984.198     6.109    -1.82    4.50
  21351.744     5.520    -1.60    4.77
  21719.371     6.136     1.68    5.66
  22087.082     6.358     0.60    6.43
  22454.874     4.403    -5.31    5.37
  22822.750     1.999    -6.53    2.91
  23190.708     0.787    -3.30    1.31
  23558.749     1.076     0.79    1.81
  23926.873     1.526     1.22    2.46
  24295.080     2.159     1.72    2.45
  24663.370     3.249     2.96    2.68
  25031.743     4.875     4.41    3.22
  25400.199     6.227     3.67    3.52
  25768.737     8.511     6.20    4.14
  26137.360    10.894     6.47    4.15
  26506.065    13.085     5.94    2.52
  26874.854    13.819     1.99    2.23
  27243.725    13.851     0.09    2.39
  27612.681    12.942    -2.46    2.99
  27981.720    13.398     1.24    3.36
  28350.842    14.107     1.92    3.54
  28720.048    13.932    -0.47    4.85
  29089.337    13.063    -2.35    5.55
  29458.710    11.058    -5.43    5.32
  29828.167     8.972    -5.65    3.53
  30197.708     8.298    -1.83    1.70
  30567.332     8.736     1.19    1.44
  30937.041     9.855     3.03    1.56
  31306.833    10.837     2.66    1.46
  31676.709    11.556     1.94    1.40
  32046.670    11.576     0.06    2.20
  32416.714    11.340    -0.64    3.04
  32786.843    11.300    -0.11    3.54
  33157.056    10.680    -1.68    3.76
  33527.353     9.971    -1.91    3.73
  33897.735     8.844    -3.04    3.24
  34268.201     8.592    -0.68    3.34
  34638.751     9.605     2.73    4.31
  35009.386    10.514     2.45    4.69
  35380.106     9.855    -1.78    4.45
  35750.910     8.239    -4.36    3.30
  36121.799     7.624    -1.66    2.32
  36492.773     9.011     3.74    3.89
  36863.831    11.275     6.10    4.88
  37234.975    13.751     6.67    4.77
  37606.203    14.662     2.45    4.59
  37977.516    13.104    -4.20    5.19
  38348.915    10.585    -6.78    4.94
  38720.398     8.509    -5.59    3.51
  39091.967     7.197    -3.53    1.30
  39463.620     6.932    -0.71    0.00
  39835.360     6.932     0.00    0.00
  40207.184     7.344     1.11    1.78
  40579.094     8.574     3.31    3.78
  40951.089     9.552     2.63    4.49
  41323.170     9.819     0.72    4.66
  41695.336     9.154    -1.79    4.27
  42067.588     8.189    -2.59    3.10
  42439.925    10.350     5.80    5.01
  42812.349    13.894     9.52    5.44
  43184.858    16.646     7.39    4.01
  43557.453    18.359     4.60    1.10
  43930.134    17.894    -1.25    1.90
  44302.901    16.605    -3.46    2.67
  44675.754    15.180    -3.82    2.68
  45048.693    13.810    -3.67    1.87
  45421.718    13.140    -1.80    0.92
  45794.829    13.447     0.82    1.45
  46168.027    14.952     4.03    2.75
  46541.311    16.612     4.45    3.25
  46914.681    17.903     3.46    3.50
  47288.138    17.189    -1.91    4.63
  47661.681    15.049    -5.73    5.50
  48035.311    13.185    -4.99    5.55
  48409.028    11.493    -4.53    4.88
  48782.831    10.740    -2.02    4.32
  49156.721    11.473     1.96    4.91
  49530.697    13.403     5.16    5.49
  49904.761    15.180     4.75    5.09
  50278.911    16.970     4.79    3.69
  50653.149    17.767     2.13    1.86
  51027.473    17.903     0.36    0.99
  51401.885    17.761    -0.38    0.91
  51776.384    17.844     0.22    0.98
  52150.970    17.706    -0.37    1.29
  52525.643    17.310    -1.06    1.68
  52900.404    16.580    -1.95    1.86
  53275.252    15.789    -2.11    1.59
  53650.187    15.170    -1.65    0.75
  54025.210    14.932    -0.63    0.00
  54400.321    15.326     1.05    1.07
  54775.519    15.757     1.15    1.44
  55150.805    16.038     0.75    1.54
  55526.179    16.086     0.13    1.58
  55901.641    16.107     0.06    1.62
  56277.190    16.778     1.79    2.09
  56652.827    17.589     2.16    2.14
  57028.553    18.201     1.63    1.84
  57404.366    18.014    -0.50    1.71
  57780.268    17.189    -2.19    1.62
  58156.258    16.388    -2.13    1.03
  58532.336    15.979    -1.09    0.32
  58908.502    15.932    -0.13    0.00
  59284.757    15.932     0.00    0.00
  59661.100    15.932     0.00    0.00
  60037.532    15.942     0.03    0.10
  60414.052    16.551     1.62    1.44
  60790.661    16.952     1.06    1.84
  61167.359    17.105     0.41    1.98
  61544.145    17.069    -0.10    1.99
  61921.020    16.389    -1.80    1.53
  62297.984    15.963    -1.13    0.22
  62675.037    16.151     0.50    0.95
  63052.179    17.498     3.57    2.80
  63429.410    19.278     4.72    3.36
  63806.730    20.364     2.88    2.85
  64184.139    21.342     2.59    1.74
  64561.638    21.105    -0.63    1.46
  64939.226    21.075    -0.08    1.57
  65316.903    21.365     0.77    1.99
  65694.669    21.423     0.15    2.29
  66072.525    21.561     0.37    2.41
  66450.471    21.971     1.09    2.38
  66828.506    21.508    -1.23    2.31
  67206.631    21.101    -1.08    2.18
  67584.846    20.319    -2.07    1.73
  67963.151    19.861    -1.21    1.19
  68341.545    19.989     0.34    1.21
  68720.030    20.432     1.17    1.20
  69098.604    20.820     1.02    0.98
  69477.268    20.832     0.03    0.94
  69856.023    20.666    -0.44    0.94
  70234.868    20.214    -1.19    0.93
  70613.802    19.742    -1.25    0.80
  70992.828    19.384    -0.94    0.65
  71371.943    19.208    -0.46    0.49
  71751.150    19.266     0.15    0.57
  72130.446    19.403     0.36    0.62
  72509.833    19.456     0.14    0.61
  72889.311    19.586     0.34    0.59
  73268.880    19.730     0.38    0.61
  73648.539    19.903     0.46    0.58
  74028.289    19.989     0.23    0.55
  74408.130    19.795    -0.51    0.65
  74788.062    19.509    -0.75    0.62
  75168.085    19.212    -0.78    0.45
  75548.199    19.149    -0.17    0.44
  75928.404    19.136    -0.03    0.52
  76308.701    19.151     0.04    0.54
  76689.088    19.146    -0.01    0.52
  77069.567    19.018    -0.34    0.34
  77450.138    18.952    -0.17    0.14
  77830.800    19.164     0.56    0.59
  78211.553    19.628     1.22    0.91
  78592.398    20.187     1.47    0.97
  78973.335    20.394     0.54    0.86
  79354.363    20.272    -0.32    0.87
  79735.484    19.874    -1.04    0.89
  80116.696    19.456    -1.10    0.74
  80498.000    19.304    -0.40    0.67
  80879.396    19.196    -0.28    0.61
  81260.884    19.057    -0.36    0.43
  81642.464    19.134     0.20    0.55
  82024.136    19.403     0.71    0.84
  82405.901    19.608     0.54    0.88
  82779.189    19.923     0.84    1.31
  83143.635    20.364     1.21    1.85
  83508.164    20.696     0.91    2.05
  83872.775    20.942     0.67    1.92
  84237.468    20.960     0.05    1.63
  84602.244    20.857    -0.28    1.17
  84967.103    20.835    -0.06    0.86
  85332.045    21.278     1.21    1.15
  85697.069    21.903     1.71    1.09
  86062.176    21.753    -0.41    1.65
  86427.365    21.465    -0.79    2.16
  86792.638    20.844    -1.70    2.44
  87157.993    20.504    -0.93    2.34
  87523.432    20.579     0.21    2.05
  87888.954    20.857     0.76    1.76
  88254.558    21.234     1.03    1.52
  88620.246    21.761     1.44    1.38
  88986.017    22.549     2.16    1.72
  89351.872    23.524     2.67    1.69
  89717.809    23.734     0.57    1.70
  90083.830    23.694    -0.11    1.78
  90449.935    23.513    -0.49    1.74
  90816.123    23.151    -0.99    1.34
  91182.395    22.833    -0.87    1.32
  91548.750    21.717    -3.05    2.00
  91915.189    20.471    -3.40    1.73
  92281.712    19.446    -2.79    0.90
  92648.318    19.083    -0.99    0.39
  93015.008    18.942    -0.39    0.10
  93381.783    18.932    -0.03    0.00
  93748.641    18.932     0.00    0.00
  94115.583    19.297     0.99    0.78
  94482.609    19.656     0.98    0.98
  94849.720    19.923     0.73    0.95
  95216.914    20.017     0.26    0.91
  95584.193    19.922    -0.26    0.90
  95951.556    19.479    -1.21    0.65
  96319.004    19.246    -0.63    0.47
  96686.536    19.159    -0.24    0.46
  97054.152    19.259     0.27    0.61
  97421.853    19.305     0.12    0.63
  97789.639    19.409     0.28    0.69
  98157.509    19.515     0.29    0.73
  98525.464    19.602     0.24    0.73
  98893.504    19.521    -0.22    0.74
  99261.628    19.624     0.28    0.86
  99629.837    19.708     0.23    0.93
  99998.132    19.769     0.17    0.93
 100366.511    19.876     0.29    0.99
 100734.976    20.075     0.54    1.11
 101103.525    19.555    -1.41    2.36
 101472.160    18.885    -1.82    4.14
 101840.880    18.583    -0.82    5.26
 102209.685    19.185     1.63    5.38
 102578.576    20.789     4.35    4.50
 102947.552    21.414     1.69    3.33
 103316.613    20.227    -3.21    3.80
 103685.760    18.376    -5.02    4.84
 104054.993    15.803    -6.97    4.57
 104424.311    13.346    -6.65    2.96
 104793.715    12.104    -3.36    1.79
 105163.205    11.972    -0.36    1.61
 105532.780    12.558     1.59    1.93
 105902.442    13.689     3.06    2.41
 106272.189    15.649     5.30    3.04
 106642.022    17.061     3.82    3.27
 107011.942    18.575     4.09    3.38
 107381.947    18.640     0.17    3.69
 107752.039    16.805    -4.96    5.19
 108122.217    13.932    -7.76    5.49
 108492.481    11.456    -6.69    3.92
 108862.832    10.334    -3.03    3.06
 109233.269    10.428     0.25    2.44
 109603.793    11.218     2.13    1.99
 109974.403    11.334     0.31    2.32
 110345.099    11.764     1.16    2.29
 110715.883    12.334     1.54    2.24
 111086.753    13.110     2.09    3.06
 111457.710    14.755     4.43    3.58
 111828.753    16.244     4.01    2.95
 112199.884    16.738     1.33    2.86
 112571.102    15.675    -2.86    2.74
 112942.406    14.863    -2.19    1.92
 113313.798    15.100     0.64    1.84
 113685.277    15.847     2.01    1.44
 114056.843    16.007     0.43    1.97
 114428.496    15.297    -1.91    2.76
 114800.237    14.069    -3.30    3.13
 115172.065    12.904    -3.13    2.75
 115543.980    11.657    -3.35    1.88
 115915.983    11.024    -1.70    2.10
 116288.073    10.394    -1.69    2.20
 116660.252     9.474    -2.47    1.97
 117032.518     8.755    -1.93    1.43
 117404.871     8.404    -0.94    1.24
 117777.313     7.602    -2.15    1.93
 118149.842     6.463    -3.06    2.28
 118522.459     5.367    -2.94    2.04
 118895.164     5.010    -0.96    1.93
 119267.958     5.633     1.67    2.18
 119640.839     6.338     1.89    2.16
 120013.809     7.187     2.28    2.20
 120386.867     7.803     1.65    1.98
 120760.013     8.291     1.31    1.59
 121133.247     8.217    -0.20    2.35
 121506.570     7.724    -1.32    2.67
 121879.982     8.281     1.49    2.41
 122253.482     9.304     2.74    1.90
 122627.071    10.213     2.43    1.66
 123000.748    11.278     2.85    2.18
 123374.514    11.866     1.57    2.41
 123748.369    12.303     1.17    2.20
 124122.313    12.694     1.05    1.90
 124496.345    11.299    -3.73    2.52
 124870.467     8.673    -7.02    3.57
 125244.678     5.671    -8.02    4.24
 125618.978     2.913    -7.37    3.59
 125993.367     2.196    -1.92    3.14
 126367.845     3.460     3.38    4.22
 126742.413     6.478     8.06    4.75
 127117.070     8.580     5.61    3.61
 127491.816     8.885     0.81    3.11
 127866.652     7.740    -3.06    3.20
 128241.578     6.548    -3.18    2.94
 128616.593     5.767    -2.08    2.42
 128991.698     4.313    -3.88    2.61
 129366.892     3.099    -3.24    2.44
 129742.177     2.932    -0.44    2.58
 130117.551     3.082     0.40    2.66
 130493.015     3.784     1.87    2.26
 130868.570     4.355     1.52    2.44
 131244.214     5.162     2.15    2.96
 131619.949     6.266     2.94    2.52
 131995.773     5.932    -0.89    3.08
 132371.688     5.282    -1.73    3.30
 132747.693     5.740     1.22    3.23
 133123.789     6.428     1.83    3.16
 133499.975     6.829     1.07    2.88
 133876.252     7.321     1.31    2.35
 134252.619     7.932     1.62    1.95
 134629.077     7.673    -0.69    1.76
 135005.626     7.340    -0.88    1.90
 135382.265     7.611     0.72    1.92
 135758.995     7.442    -0.45    2.22
 136135.816     7.796     0.94    2.49
 136512.729     8.253     1.21    2.48
 136889.732     8.773     1.38    2.83
 137266.826     8.979     0.55    2.72
 137644.011     8.505    -1.26    3.05
 138021.288     8.191    -0.83    3.78
 138398.656     7.080    -2.94    4.09
 138776.116     6.841    -0.63    4.42
 139153.666     6.942     0.27    5.26
 139531.309     8.680     4.60    7.37
 139909.042    12.519    10.16   10.32
 140286.868    17.519    13.24   10.85
 140664.785    20.605     8.17    9.38
 141042.794    21.712     2.93    6.92
 141420.895    21.136    -1.52    5.39
 141799.088    19.473    -4.40    2.84
 142177.372    20.044     1.51    4.87
 142555.749    22.699     7.02    7.95
 142934.218    25.201     6.61    8.57
 143312.779    28.418     8.50    7.85
 143691.432    30.960     6.71    7.06
 144070.177    32.325     3.60    7.92
 144449.015    35.296     7.84    9.94
 144827.945    39.942    12.26   10.73
 145206.968    41.483     4.07   10.47
 145586.083    39.749    -4.57   11.42
 145965.291    32.087   -20.21   12.43
 146344.592    24.826   -19.14    8.53
 146723.985    23.362    -3.86    8.71
 147103.471    25.007     4.33   11.97
 147483.051    27.639     6.93   14.69
 147862.723    29.847     5.82   16.08
 148242.488    30.850     2.64   16.14
 148622.346    30.571    -0.73   14.45
 149002.297    25.942   -12.19    8.56
 149382.342    23.596    -6.17    2.33
 149762.480    23.446    -0.39    1.31
 150142.711    23.006    -1.16    1.34
 150523.036    22.721    -0.75    1.16
 150903.454    22.752     0.08    1.11
 151283.966    23.107     0.93    1.09
 151664.571    23.519     1.08    1.35
 152045.270    24.134     1.61    1.47
 152426.063    25.041     2.38    1.67
 152806.950    25.846     2.11    1.17
 153187.930    25.775    -0.19    1.14
 153569.005    25.394    -1.00    1.11
 153950.174    25.051    -0.90    0.88
 154331.436    25.083     0.08    1.20
 154712.793    25.437     0.93    1.78
 155094.245    25.451     0.04    1.80
 155475.790    25.259    -0.50    1.82
 155857.430    25.016    -0.64    1.02
 156239.164    24.516    -1.31    1.54
 156620.993    24.025    -1.29    1.93
 157002.917    25.358     3.49    5.70
 157383.281    28.492     8.24    9.28
 157747.480    32.146    10.03   10.94
 158111.763    36.785    12.74   13.12
 158476.130    40.970    11.49   14.14
 158840.582    46.859    16.16   13.38
 159205.118    50.455     9.87    9.38
 159569.738    50.634     0.49    8.77
 159934.443    44.950   -15.59   10.85
 160299.233    39.173   -15.84    8.74
 160664.106    31.253   -21.71    8.79
 161029.065    26.207   -13.83   10.46
 161394.108    19.555   -18.23    8.46
 161759.236    14.941   -12.64    3.54
 162124.449    13.932    -2.76    0.00
 162489.746    14.016     0.23    0.55
 162855.128    15.602     4.34    5.85
 163220.596    22.346    18.45   13.95
 163586.148    32.256    27.11   16.67
 163951.786    40.510    22.58   13.50
 164317.508    42.996     6.80    9.42
 164683.316    34.869   -22.22   15.60
 165049.209    24.126   -29.36   15.82
 165415.188    15.523   -23.51   10.81
 165781.251    10.988   -12.39    3.75
 166147.401    11.960     2.65    2.53
 166513.635    13.130     3.20    1.48
 166879.956    13.240     0.30    1.29
 167246.361    13.496     0.70    1.59
 167612.853    13.620     0.34    1.81
 167979.430    14.090     1.28    1.71
 168346.093    13.840    -0.68    1.94
 168712.842    13.413    -1.17    2.01
 169079.677    13.193    -0.60    1.86
 169446.598    12.840    -0.96    1.73
 169813.605    12.684    -0.42    1.85
 170180.698    12.015    -1.82    1.61
 170547.877    11.071    -2.57    2.44
 170915.142    10.536    -1.46    3.89
 171282.494    11.189     1.78    5.35
 171649.932    13.071     5.12    7.36
 172017.456    16.464     9.23   10.05
 172385.067    20.687    11.49    9.87
 172752.765    24.159     9.45    7.98
 173120.548    26.044     5.13    6.61
 173488.419    23.134    -7.91    8.00
 173856.376    17.941   -14.11    9.30
 174224.420    12.085   -15.92    8.63
 174592.551     7.716   -11.87    5.85
 174960.769     4.874    -7.72    2.82
 175329.073     4.887     0.03    3.23
 175697.465     6.710     4.95    6.57
 176065.944     6.904     0.53    6.63
 176434.510     6.987     0.22    6.21
 176803.163     6.894    -0.25    5.68
 177171.903     5.995    -2.44    4.07
 177540.731     5.238    -2.05    3.41
 177909.646     4.105    -3.07    1.21
 178278.648     3.932    -0.47    0.00
 178647.738     3.932     0.00    0.00
 179016.916     3.932     0.00    0.00
 179386.181     3.932     0.00    0.00
 179755.534     3.932     0.00    0.00
 180124.974     3.932     0.00    0.00
 180494.502     3.932     0.00    0.00
 180864.119     3.932     0.00    0.00
 181233.823     3.932     0.00    0.00
 181603.615     3.932     0.00    0.00
 181973.495     3.932     0.00    0.00
 182343.464     4.117     0.50    1.38
 182713.520     4.987     2.35    3.33
 183083.665     7.355     6.40    5.01
 183453.898    10.263     7.85    5.42
 183824.219    12.381     5.72    4.32
 184194.629    13.727     3.63    2.38
 184565.128    13.758     0.08    1.48
 184935.714    12.886    -2.35    1.58
 185306.390    11.932    -2.57    2.17
 185677.154    11.298    -1.71    2.42
 186048.007    10.184    -3.00    2.32
 186418.949     9.553    -1.70    2.07
 186789.980     8.896    -1.77    1.60
 187161.099     8.182    -1.92    1.25
 187532.308     7.781    -1.08    1.41
 187903.605     7.732    -0.13    1.77
 188274.992     7.980     0.67    2.09
 188646.468     8.912     2.51    2.40
 189018.033     9.870     2.58    2.24
