# NaN NaN NaN ;Mean Elev.(m), Avg Gradient(m/km), RMS Gradient(m/km) - SRTM1     
#    3.011  -0.389   5.893 ;Mean Elev.(m), Avg Gradient(m/km), RMS Gradient(m/km) - ASTER GDEM
#    7.593   0.376   4.240 ;Mean Elev.(m), Avg Gradient(m/km), RMS Gradient(m/km) - GMTED2010 
  6    15.479 52438.04766410 52.89 154.063655  67.540381 37.575
  6    15.594 52438.04766474 52.11 154.060069  67.537328 43.201
  6    15.485 52438.04766539 52.11 154.056479  67.534268 43.201
  6    15.552 52438.04766603 49.75 154.052889  67.531218 43.201
  6    15.499 52438.04766668 44.10 154.049309  67.528158 43.201
  6    15.441 52438.04766732 45.44 154.045719  67.525098 43.201
  7    10.300 52473.04766412 42.09 154.065818  67.540854 31.581
  7    10.060 52473.04766476 41.81 154.062228  67.537794 31.581
  7    10.046 52473.04766541 24.66 154.058648  67.534744 31.581
  7    10.066 52473.04766605 24.32 154.055058  67.531684 31.581
  7    10.056 52473.04766669 28.76 154.051468  67.528624 31.581
  7    10.150 52473.04766734 23.55 154.047878  67.525574 31.581
  8     9.561 52508.04763502 32.31 154.065223  67.540616 32.766
  8    16.913 52508.04763567 21.23 154.061633  67.537566 32.766
  8     9.573 52508.04763631 18.54 154.058053  67.534506 32.766
  8     9.381 52508.04763696 23.37 154.054463  67.531446 32.766
  8     9.434 52508.04763760 32.77 154.050873  67.528396 32.766
  8     9.328 52508.04763825 33.37 154.047293  67.525336 32.766
 11    13.535 52613.04763551 23.43 154.054658  67.536688  6.197
 11     7.705 52613.04763615 24.41 154.051068  67.533638  6.197
 11     7.663 52613.04763680 25.62 154.047475  67.530578  7.787
 11     7.604 52613.04763744 25.72 154.043895  67.527518  7.787
 11     7.571 52613.04763808 25.40 154.040315  67.524468  7.787
 12    17.724 52648.04761642 21.09 154.081842  67.543433  4.275
 12    17.039 52648.04761707 21.42 154.078252  67.540373  4.275
 12    15.660 52648.04761771 21.31 154.074662  67.537323  4.275
 12    15.103 52648.04761835 21.56 154.071072  67.534263  4.275
 12     7.491 52648.04761964 22.20 154.063892  67.528153  4.275
 12    12.869 52648.04762029 21.45 154.060305  67.525097  4.854
 13    17.670 52683.04759168 18.91 154.072611  67.541940  3.597
 13    17.077 52683.04759232 18.87 154.069021  67.538880  3.597
 13    15.204 52683.04759296 18.91 154.065431  67.535830  3.597
 13    14.664 52683.04759361 19.66 154.061839  67.532771  4.750
 13    12.187 52683.04759425 19.81 154.058259  67.529711  4.750
 13    13.006 52683.04759490 19.68 154.054669  67.526661  4.750
 13     7.747 52683.04759554 19.54 154.051089  67.523601  4.750
 14    17.584 52718.04764853 17.62 154.074227  67.541310  3.200
 14    17.100 52718.04764918 17.34 154.070637  67.538260  3.200
 14    10.702 52718.04764982 18.34 154.067047  67.535200  3.200
 14     8.610 52718.04765047 18.66 154.063467  67.532150  3.200
 14    12.783 52718.04765111 18.45 154.059877  67.529090  3.200
 14    12.971 52718.04765176 18.54 154.056287  67.526030  3.200
 14     7.794 52718.04765240 17.91 154.052707  67.522980  3.200
 15    12.246 52753.04767598 16.81 154.039743  67.532975  5.446
 15     8.069 52753.04767663 17.73 154.036163  67.529915  5.446
 15     7.870 52753.04767727 18.17 154.032573  67.526865  5.446
 15     7.688 52753.04767792 18.45 154.028993  67.523805  5.446
 15     7.807 52753.04767856 18.39 154.025403  67.520745  5.446
 17    13.954 52823.04769072 31.95 154.085450  67.541564 40.755
 17    13.803 52823.04769136 24.73 154.081860  67.538514 40.755
 17    13.948 52823.04769201 27.28 154.078270  67.535454 40.755
 18     8.364 52858.04773746 41.75 154.084618  67.541414 34.887
 18     8.398 52858.04773810 42.24 154.081028  67.538364 34.887
 18     8.310 52858.04773875 47.28 154.077438  67.535304 34.887
 19    10.039 52893.04777000 42.54 154.066842  67.540035 35.519
 19     9.989 52893.04777064 25.31 154.063252  67.536975 35.519
 19     9.878 52893.04777129 23.53 154.059662  67.533915 35.519
 19    10.077 52893.04777193 28.52 154.056072  67.530865 35.519
 19    10.106 52893.04777258 34.32 154.052487  67.527806 12.986
 19    10.061 52893.04777322 30.83 154.048907  67.524746 12.986
 20    15.103 52928.04772273 21.68 154.044505  67.534477  8.348
 20    12.589 52928.04772337 22.24 154.040925  67.531417  8.348
 20     8.024 52928.04772402 24.75 154.037335  67.528357  8.348
 20     7.970 52928.04772466 33.41 154.033753  67.525301 29.084
 20     8.118 52928.04772531 29.46 154.030173  67.522251 29.084
 22    17.288 52998.04773672 15.13 154.068201  67.541594  2.943
 22    16.837 52998.04773736 14.85 154.064611  67.538534  2.943
 22    15.782 52998.04773801 14.99 154.061022  67.535481  4.460
 22    14.810 52998.04773865 15.46 154.057432  67.532421  4.460
 22    14.089 52998.04773929 15.61 154.053852  67.529371  4.460
 22    12.431 52998.04773994 15.91 154.050262  67.526311  4.460
 22    11.604 52998.04774058 15.84 154.046672  67.523251  4.460
 23    15.140 53033.04769387 14.39 154.047747  67.534880  2.471
 23    13.395 53033.04769452 14.97 154.044163  67.531818  3.835
 23    12.067 53033.04769516 15.35 154.040583  67.528768  3.835
 23    10.511 53033.04769580 16.01 154.036993  67.525708  3.835
 23    11.128 53033.04769645 15.73 154.033413  67.522648  3.835
 24    17.769 53068.04770468 14.15 154.078593  67.541776  2.712
 24    17.303 53068.04770533 15.01 154.074993  67.538726  2.712
 24    16.179 53068.04770597 15.60 154.071413  67.535666  2.712
 24    15.818 53068.04770662 14.41 154.067820  67.532614  4.622
 24    15.057 53068.04770726 14.66 154.064230  67.529554  4.622
 24    14.316 53068.04770791 14.78 154.060640  67.526494  4.622
 24     8.069 53068.04770855 14.82 154.057060  67.523444  4.622
 25    13.702 53103.04769641 13.24 154.042376  67.533584  2.478
 25    13.250 53103.04769705 13.82 154.038796  67.530524  2.478
 25    11.446 53103.04769770 13.74 154.035214  67.527468  3.586
 25    11.067 53103.04769834 13.68 154.031624  67.524418  3.586
 25    11.094 53103.04769899 13.50 154.028044  67.521358  3.586
 26     8.833 53138.04770816 26.18 154.083314  67.541637  9.982
 26     8.670 53138.04770881 23.53 154.079724  67.538587  9.982
 26     8.862 53138.04770945 27.27 154.076134  67.535527  9.982
 27    17.791 53173.04775239 26.53 154.074469  67.541091 34.089
 27    17.328 53173.04775303 20.45 154.070879  67.538041 34.089
 27    13.764 53173.04775368 24.96 154.067289  67.534981 34.089
 27    13.943 53173.04775432 22.93 154.063699  67.531921 34.089
 27    13.915 53173.04775497 21.43 154.060109  67.528871 34.089
 27    13.937 53173.04775561 18.09 154.056521  67.525814  8.489
 27    15.013 53173.04775626 15.19 154.052941  67.522754  8.489
 28    17.765 53208.04776797 27.22 154.068446  67.541752 35.137
 28    17.444 53208.04776861 17.82 154.064856  67.538692 35.137
 28    16.568 53208.04776926 19.34 154.061266  67.535632 35.137
 28    11.700 53208.04776990 23.27 154.057676  67.532582 35.137
 28    11.690 53208.04777055 25.59 154.054087  67.529524  6.580
 28    11.836 53208.04777119 17.88 154.050507  67.526464  6.580
 28    11.424 53208.04777184 18.18 154.046917  67.523414  6.580
 29    10.412 53243.04773601 49.89 154.065659  67.540065 38.841
 29    10.494 53243.04773665 49.90 154.062069  67.537005 38.841
 29    10.535 53243.04773730 51.41 154.058479  67.533955 38.841
 29    10.579 53243.04773794 50.79 154.054897  67.530895 18.791
 29    10.568 53243.04773859 46.70 154.051307  67.527835 18.791
 29    10.520 53243.04773923 49.78 154.047727  67.524785 18.791
 31     8.170 53313.04774162 24.30 154.074937  67.543026  5.565
 31     8.373 53313.04774227 25.18 154.071347  67.539966  5.565
 31     8.372 53313.04774291 25.27 154.067757  67.536916  5.565
 31     8.439 53313.04774356 24.90 154.064167  67.533856  5.565
 31     8.303 53313.04774420 24.50 154.060577  67.530796  5.565
 31     8.138 53313.04774485 24.12 154.056997  67.527746  5.565
 31     8.100 53313.04774549 23.68 154.053411  67.524689 11.153
 32    16.919 53348.04770814 17.89 154.067765  67.539887  3.406
 32     9.249 53348.04770879 18.79 154.064175  67.536837  3.406
 32    13.850 53348.04770943 18.72 154.060585  67.533777  3.406
 32     8.373 53348.04771007 19.02 154.056995  67.530717  3.406
 32     8.609 53348.04771072 17.38 154.053415  67.527667  3.406
 32     8.530 53348.04771136 18.76 154.049832  67.524606  5.314
 33    17.305 53383.04767485 15.57 154.088082  67.541049  2.713
 33    15.848 53383.04767550 15.64 154.084492  67.537999  2.713
 33    16.126 53383.04767614 16.58 154.080902  67.534939  2.713
 34    17.658 53418.04768644 13.79 154.080728  67.543047  2.624
 34    17.499 53418.04768708 13.77 154.077138  67.539987  2.624
 34    16.900 53418.04768773 13.91 154.073558  67.536937  2.624
 34    16.034 53418.04768837 14.79 154.069968  67.533877  2.624
 34    15.678 53418.04768902 14.35 154.066378  67.530817  2.624
 34    14.284 53418.04768966 14.08 154.062788  67.527767  2.624
 34     7.933 53418.04769031 14.38 154.059203  67.524708  4.576
 36    17.254 53488.04777498 12.40 154.066750  67.540888  2.666
 36    11.436 53488.04777563 13.54 154.063160  67.537828  2.666
 36    10.435 53488.04777627 12.50 154.059570  67.534778  2.666
 36    10.026 53488.04777692 12.76 154.055982  67.531723  4.679
 36     8.938 53488.04777756 13.36 154.052392  67.528663  4.679
 36     8.478 53488.04777821 13.55 154.048802  67.525613  4.679
 36     8.549 53488.04777885 13.41 154.045222  67.522553  4.679
 37    17.913 53523.04776365 30.95 154.076341  67.542668 35.092
 37    17.738 53523.04776430 22.15 154.072751  67.539608 35.092
 37    17.143 53523.04776494 21.97 154.069161  67.536558 35.092
 37    16.402 53523.04776559 22.52 154.065571  67.533498 35.092
 37    12.708 53523.04776623 24.88 154.061991  67.530438 35.092
 37    11.737 53523.04776688 28.24 154.058401  67.527388 35.092
 37    12.015 53523.04776752 21.96 154.054813  67.524327  8.974
 38    17.261 53558.04779075 25.40 154.058542  67.538418 37.082
 38    10.865 53558.04779139 22.96 154.054952  67.535358 37.082
 38    16.934 53558.04779204 23.21 154.051362  67.532308 37.082
 38    16.519 53558.04779268 21.22 154.047777  67.529250  6.867
 38    16.065 53558.04779333 19.88 154.044187  67.526190  6.867
 38    16.209 53558.04779397 17.14 154.040607  67.523140  6.867
 39    10.926 53593.04772768 37.17 154.065117  67.539172 40.278
 39    10.716 53593.04772833 27.48 154.061527  67.536112 40.278
 39    10.774 53593.04772897 25.70 154.057937  67.533062 40.278
 39    10.790 53593.04772961 30.34 154.054353  67.530000  9.023
 39    10.732 53593.04773026 24.79 154.050773  67.526950  9.023
 39    10.659 53593.04773090 21.09 154.047183  67.523890  9.023
 40    17.604 53628.04771787 19.80 154.085734  67.540920 34.797
 40    17.240 53628.04771852 19.46 154.082134  67.537860 34.797
 40    17.056 53628.04771916 19.91 154.078544  67.534810 34.797
 41    17.410 53663.04774275 31.11 154.074548  67.542755 16.479
 41     7.789 53663.04774340 39.34 154.070958  67.539695 16.479
 41     7.814 53663.04774404 46.46 154.067368  67.536635 16.479
 41     7.824 53663.04774469 44.69 154.063778  67.533585 16.479
 41     7.620 53663.04774533 31.96 154.060186  67.530531 21.548
 41     7.483 53663.04774598 30.41 154.056606  67.527471 21.548
 41     7.449 53663.04774662 31.09 154.053016  67.524411 21.548
 42     7.342 53698.04770621 26.49 154.064239  67.540556  7.493
 42     7.461 53698.04770685 27.10 154.060649  67.537496  7.493
 42     7.540 53698.04770750 27.00 154.057059  67.534446  7.493
 42     7.426 53698.04770814 25.96 154.053479  67.531386  7.493
 42     7.443 53698.04770879 25.18 154.049889  67.528336  7.493
 42     7.316 53698.04770943 23.58 154.046301  67.525274 12.409
 43    15.494 53733.04762953 17.66 154.055083  67.537253  3.514
 43    14.631 53733.04763018 17.52 154.051493  67.534203  3.514
 43    13.732 53733.04763082 17.78 154.047913  67.531143  3.514
 43    12.248 53733.04763147 18.75 154.044323  67.528083  3.514
 43    11.266 53733.04763211 18.50 154.040743  67.525026  7.161
 44    17.811 53768.04760673 15.28 154.083811  67.541306  3.276
 44    17.482 53768.04760737 14.80 154.080221  67.538256  3.276
 44    16.583 53768.04760801 15.15 154.076631  67.535196  3.276
 45    17.362 53803.04760584 13.10 154.063589  67.540428  2.521
 45    16.356 53803.04760648 13.32 154.059999  67.537378  2.521
 45    15.533 53803.04760712 13.80 154.056409  67.534318  2.521
 45    15.003 53803.04760777 13.92 154.052829  67.531268  2.521
 45    15.173 53803.04760841 14.05 154.049246  67.528205  4.647
 45    15.226 53803.04760906 14.63 154.045656  67.525155  4.647
 46    17.661 53838.04761953 14.05 154.086916  67.541143  3.313
 46    17.251 53838.04762017 14.94 154.083326  67.538083  3.313
 46    16.734 53838.04762082 14.46 154.079736  67.535023  3.313
 47     8.319 53873.04766966 29.17 154.078541  67.542953 13.158
 47     8.547 53873.04767031 32.74 154.074951  67.539903 13.158
 47     8.355 53873.04767095 30.51 154.071361  67.536843 13.158
 47     8.552 53873.04767160 31.58 154.067771  67.533783 13.158
 47     8.414 53873.04767224 27.81 154.064191  67.530733 13.158
 47     8.371 53873.04767288 28.01 154.060604  67.527677 20.184
 47     8.351 53873.04767353 26.99 154.057014  67.524617 20.184
 48    17.849 53908.04771199 28.24 154.072994  67.541906 31.882
 48    17.645 53908.04771263 20.88 154.069394  67.538856 31.882
 48    17.056 53908.04771328 21.04 154.065804  67.535796 31.882
 48    11.282 53908.04771392 27.71 154.062224  67.532746 31.882
 48    11.387 53908.04771457 30.07 154.058634  67.529686 31.882
 48    11.352 53908.04771521 28.47 154.055044  67.526626 31.882
 48    11.196 53908.04771586 23.18 154.051454  67.523576 31.882
 49    10.040 53943.04773840 37.52 154.057409  67.537955 34.967
 49     9.853 53943.04773905 24.27 154.053829  67.534905 34.967
 49     9.986 53943.04773969 23.63 154.050239  67.531845 34.967
 49    10.024 53943.04774033 23.07 154.046649  67.528785 34.967
 49    10.105 53943.04774098 19.51 154.043059  67.525735 34.967
 50    17.620 53978.04769087 20.78 154.050952  67.535979 32.511
 50    17.617 53978.04769151 17.94 154.047362  67.532929 32.511
 50    17.468 53978.04769216 16.50 154.043782  67.529869 32.511
 50    17.424 53978.04769280 14.89 154.040192  67.526809 32.511
 50    17.881 53978.04769345 14.11 154.036612  67.523759 32.511
 52     7.795 54048.04770731 30.78 154.080445  67.540668  6.631
 52     7.831 54048.04770795 25.33 154.076855  67.537608  6.631
 52    15.727 54048.04770860 19.68 154.073265  67.534548  6.631
 52     7.380 54048.04771053 19.93 154.062505  67.525378  6.631
 54    15.482 54118.04763235 12.32 154.045030  67.534961  2.641
 54    13.478 54118.04763299 12.92 154.041450  67.531901  2.641
 54    13.744 54118.04763364 13.10 154.037870  67.528851  2.641
 54    11.228 54118.04763428 14.11 154.034280  67.525791  2.641
 54    11.942 54118.04763492 13.78 154.030700  67.522731  2.641
 55    17.946 54153.04765358 11.62 154.071996  67.542094  2.517
 55    17.611 54153.04765422 11.53 154.068406  67.539034  2.517
 55    16.875 54153.04765487 11.44 154.064816  67.535984  2.517
 55    16.151 54153.04765551 11.84 154.061226  67.532924  2.517
 55    14.966 54153.04765615 12.32 154.057646  67.529864  2.517
 55    14.539 54153.04765680 12.33 154.054056  67.526814  2.517
 55    13.349 54153.04765744 12.83 154.050466  67.523754  2.517
 57    18.068 54223.04766299  6.67 154.079310  67.543373  2.371
 57    17.696 54223.04766364  6.88 154.075720  67.540323  2.371
 57    17.166 54223.04766428  7.83 154.072130  67.537263  2.371
 57    16.844 54223.04766492  7.09 154.068539  67.534209  4.449
 57    15.647 54223.04766557  7.60 154.064949  67.531149  4.449
 57    15.072 54223.04766621  7.26 154.061359  67.528099  4.449
 57    14.794 54223.04766686  6.89 154.057769  67.525039  4.449
 58    15.651 54258.04768565 50.03 154.070166  67.539903 39.027
 58    15.518 54258.04768629 49.26 154.066576  67.536853 39.027
 58    15.582 54258.04768693 47.91 154.062986  67.533796 17.535
 58    15.570 54258.04768758 48.68 154.059396  67.530736 17.535
 58    15.494 54258.04768822 47.23 154.055806  67.527686 17.535
 58    15.645 54258.04768887 45.16 154.052226  67.524626 17.535
 59    18.085 54293.04768799 28.30 154.074390  67.541759 35.050
 59    17.395 54293.04768864 18.73 154.070800  67.538709 35.050
 59    16.812 54293.04768928 19.88 154.067210  67.535649 35.050
 59    13.204 54293.04768993 20.27 154.063617  67.532595  5.581
 59    15.107 54293.04769057 17.20 154.060037  67.529535  5.581
 59    14.369 54293.04769122 15.39 154.056447  67.526485  5.581
 59    14.269 54293.04769186 14.49 154.052867  67.523425  5.581
 60    17.873 54328.04768349 26.89 154.069545  67.541966 36.451
 60    17.460 54328.04768413 20.76 154.065955  67.538906 36.451
 60    17.072 54328.04768478 15.58 154.062375  67.535856 36.451
 60    16.285 54328.04768542 17.42 154.058787  67.532798 10.352
 60    14.691 54328.04768607 18.32 154.055197  67.529738 10.352
 60    11.694 54328.04768671 19.63 154.051617  67.526688 10.352
 60    15.217 54328.04768736 15.17 154.048027  67.523628 10.352
 61    17.627 54363.04763358 18.99 154.048161  67.535809 38.398
 61    17.432 54363.04763423 19.56 154.044580  67.532744  8.907
 61    17.392 54363.04763487 17.70 154.040990  67.529694  8.907
 61    17.268 54363.04763552 17.81 154.037410  67.526634  8.907
 61    17.822 54363.04763616 15.21 154.033830  67.523574  8.907
 62    17.463 54398.04762282 26.28 154.079132  67.543121  8.617
 62     8.199 54398.04762347 32.87 154.075542  67.540071  8.617
 62     8.410 54398.04762411 39.67 154.071952  67.537011  8.617
 62     8.420 54398.04762476 37.68 154.068362  67.533961  8.617
 62     8.083 54398.04762540 36.29 154.064772  67.530901  8.617
 62     8.049 54398.04762605 32.97 154.061189  67.527845 19.747
 62     8.368 54398.04762669 35.03 154.057599  67.524785 19.747
 63     7.683 54433.04758226 27.94 154.059443  67.539606  5.998
 63     7.817 54433.04758290 32.34 154.055853  67.536556  5.998
 63     7.761 54433.04758355 27.21 154.052273  67.533496  5.998
 63     7.831 54433.04758419 26.31 154.048683  67.530446  5.998
 63     7.765 54433.04758484 25.86 154.045098  67.527383 10.597
 63     7.581 54433.04758548 25.61 154.041518  67.524333 10.597
 64    16.485 54468.04760541 13.87 154.082410  67.540753  2.677
 64    16.849 54468.04760605 13.52 154.078820  67.537693  2.677
 64    16.178 54468.04760670 14.28 154.075230  67.534643  2.677
 64    14.162 54468.04760863 14.51 154.064466  67.525470  3.410
 65    15.070 54503.04759846 12.68 154.059839  67.538090  2.521
 65    14.621 54503.04759910 13.20 154.056249  67.535030  2.521
 65    14.841 54503.04759975 13.60 154.052659  67.531980  2.521
 65    12.415 54503.04760039 14.10 154.049077  67.528919  4.106
 65     9.514 54503.04760104 14.85 154.045497  67.525859  4.106
 65    10.482 54503.04760168 14.66 154.041907  67.522809  4.106
 66    17.527 54538.04762090 13.41 154.073981  67.542730  2.465
 66    17.032 54538.04762154 14.02 154.070391  67.539670  2.465
 66    16.573 54538.04762219 13.26 154.066801  67.536616  3.935
 66    15.437 54538.04762283 13.48 154.063211  67.533556  3.935
 66    14.478 54538.04762347 14.61 154.059631  67.530506  3.935
 66    13.086 54538.04762412 14.05 154.056041  67.527446  3.935
 66     7.923 54538.04762476 14.59 154.052461  67.524386  3.935
 67    16.105 54573.04759947 11.34 154.056942  67.538592  2.219
 67    14.968 54573.04760011 11.88 154.053362  67.535532  2.219
 67    13.485 54573.04760076 12.21 154.049778  67.532479  3.916
 67    12.872 54573.04760140 12.28 154.046188  67.529419  3.916
 67     8.774 54573.04760205 13.09 154.042608  67.526369  3.916
 67    10.734 54573.04760269 12.93 154.039018  67.523309  3.916
 68    17.715 54608.04761392 33.61 154.074703  67.542876 35.407
 68    14.518 54608.04761456 35.31 154.071103  67.539826 35.407
 68    14.653 54608.04761521 36.37 154.067523  67.536766 35.407
 68    14.706 54608.04761585 45.02 154.063932  67.533711 28.327
 68    14.508 54608.04761650 35.06 154.060342  67.530651 28.327
 68    14.512 54608.04761714 32.91 154.056752  67.527601 28.327
 68    14.643 54608.04761779 46.71 154.053172  67.524541 28.327
 69    10.257 54643.04762301 45.75 154.068439  67.541207 39.276
 69    10.326 54643.04762366 29.54 154.064849  67.538147 39.276
 69    10.273 54643.04762430 23.45 154.061263  67.535092  9.553
 69    10.265 54643.04762495 26.89 154.057673  67.532032  9.553
 69    10.389 54643.04762559 31.93 154.054083  67.528982  9.553
 69    10.257 54643.04762624 31.74 154.050503  67.525922  9.553
 69    10.193 54643.04762688 22.98 154.046913  67.522862  9.553
 70     9.596 54678.04762499 28.18 154.068593  67.539693 32.322
 70     9.749 54678.04762563 22.23 154.065003  67.536643 32.322
 70     9.718 54678.04762628 22.61 154.061416  67.533587 10.414
 70     9.922 54678.04762692 25.47 154.057826  67.530527 10.414
 70     9.890 54678.04762757 28.56 154.054236  67.527477 10.414
 70     9.449 54678.04762821 29.06 154.050656  67.524417 10.414
 71    17.138 54713.04757896 14.86 154.054151  67.537600 30.382
 71    17.140 54713.04757960 17.20 154.050561  67.534540 30.382
 71     8.380 54713.04758025 21.78 154.046980  67.531485 10.770
 71     8.531 54713.04758089 22.80 154.043400  67.528435 10.770
 71     8.599 54713.04758153 26.28 154.039810  67.525375 10.770
 71     8.483 54713.04758218 22.56 154.036230  67.522315 10.770
 72     9.592 54748.04759365 39.82 154.075828  67.541270 19.869
 72     9.562 54748.04759430 33.21 154.072238  67.538210 19.869
 72    16.521 54748.04759494 23.50 154.068648  67.535160 19.869
 72    15.653 54748.04759559 21.92 154.065058  67.532100 19.869
 72    14.529 54748.04759623 24.00 154.061478  67.529040 19.869
 72     9.680 54748.04759688 35.82 154.057888  67.525990 19.869
 72     9.522 54748.04759752 41.11 154.054298  67.522930 19.869
 73    17.160 54783.04756538 20.59 154.065000  67.539397  8.910
 73    15.701 54783.04756603 24.15 154.061407  67.536342 15.806
 73     8.170 54783.04756667 24.85 154.057827  67.533282 15.806
 73     7.981 54783.04756732 24.68 154.054237  67.530232 15.806
 73     7.874 54783.04756796 25.89 154.050647  67.527172 15.806
 73     7.924 54783.04756860 25.62 154.047067  67.524112 15.806
 74    17.698 54818.04758580 17.27 154.079556  67.542919  3.001
 74    17.382 54818.04758645 16.14 154.075966  67.539869  3.001
 74    16.610 54818.04758709 16.23 154.072376  67.536809  3.001
 74    15.801 54818.04758774 16.72 154.068782  67.533756  4.894
 74    15.058 54818.04758838 16.74 154.065202  67.530696  4.894
 74    13.802 54818.04758903 17.61 154.061612  67.527646  4.894
 74    13.481 54818.04758967 16.70 154.058022  67.524586  4.894
 75    17.082 54853.04756253 13.99 154.063660  67.539338  2.681
 75    16.462 54853.04756317 14.03 154.060070  67.536288  2.681
 75    14.997 54853.04756382 14.66 154.056476  67.533230  4.816
 75    14.556 54853.04756446 14.78 154.052896  67.530170  4.816
 75    12.937 54853.04756511 15.42 154.049306  67.527120  4.816
 75    11.872 54853.04756575 15.39 154.045726  67.524060  4.816
 76    17.453 54888.04759127 13.68 154.069702  67.540145  2.920
 76    16.896 54888.04759192 13.48 154.066115  67.537094  5.208
 76    16.138 54888.04759256 13.61 154.062525  67.534034  5.208
 76    14.847 54888.04759321 13.95 154.058935  67.530974  5.208
 76    14.374 54888.04759385 13.98 154.055345  67.527924  5.208
 76    13.175 54888.04759449 14.54 154.051765  67.524864  5.208
 77    15.915 54923.04756388 12.93 154.045597  67.535656  4.084
 77    15.585 54923.04756452 13.46 154.042007  67.532606  4.084
 77    13.531 54923.04756517 13.38 154.038427  67.529546  4.084
 77    14.581 54923.04756581 13.50 154.034837  67.526486  4.084
 77    14.899 54923.04756645 12.99 154.031257  67.523436  4.084
 78     8.961 54958.04758706 12.53 154.078841  67.542764 23.224
 78     8.998 54958.04758771 14.82 154.075251  67.539714 23.224
 78    13.590 54958.04758835 15.53 154.071661  67.536654 23.224
 78    13.880 54958.04758900 17.17 154.068073  67.533600 13.888
 78    14.429 54958.04758964 12.21 154.064483  67.530540 13.888
 78    13.890 54958.04759029  9.08 154.060893  67.527490 13.888
 78    12.099 54958.04759093 13.31 154.057303  67.524430 13.888
 79    17.952 54993.04761028 29.30 154.069317  67.541502 37.526
 79    17.553 54993.04761092 19.75 154.065727  67.538442 37.526
 79    17.219 54993.04761157 15.77 154.062141  67.535388  4.940
 79    17.059 54993.04761221 15.29 154.058551  67.532328  4.940
 79    16.840 54993.04761286 13.79 154.054971  67.529278  4.940
 79    16.931 54993.04761350 14.31 154.051381  67.526218  4.940
 79    17.675 54993.04761415 12.36 154.047791  67.523158  4.940
 80     9.529 55028.04760123 30.92 154.065455  67.538994 34.549
 80     9.217 55028.04760188 23.37 154.061867  67.535938 13.764
 80     9.397 55028.04760252 22.39 154.058277  67.532878 13.764
 80     9.391 55028.04760317 25.32 154.054687  67.529828 13.764
 80     9.450 55028.04760381 37.63 154.051107  67.526768 13.764
 80     9.304 55028.04760446 38.47 154.047517  67.523708 13.764
 82    15.834 55098.04754194 19.21 154.042336  67.533080 11.136
 82     9.641 55098.04754259 19.34 154.038746  67.530020 11.136
 82     9.675 55098.04754323 18.33 154.035166  67.526970 11.136
 82    16.334 55098.04754388 17.58 154.031586  67.523910 11.136
 83     7.556 55133.04753641 35.78 154.076755  67.542210  9.002
 83     7.880 55133.04753705 40.97 154.073165  67.539150  9.002
 83     7.858 55133.04753770 42.06 154.069574  67.536100 12.072
 83     7.708 55133.04753834 37.00 154.065984  67.533040 12.072
 83     7.497 55133.04753899 35.20 154.062394  67.529980 12.072
 83     7.581 55133.04753963 32.19 154.058804  67.526930 12.072
 83     7.819 55133.04754028 30.54 154.055224  67.523870 12.072
 84    16.868 55168.04750277 16.35 154.062233  67.538592  2.490
 84    16.390 55168.04750341 16.18 154.058643  67.535542  2.490
 84    14.845 55168.04750406 16.54 154.055057  67.532483  3.945
 84    14.225 55168.04750470 17.57 154.051467  67.529423  3.945
 84    12.380 55168.04750535 17.62 154.047887  67.526373  3.945
 84    11.275 55168.04750599 18.33 154.044307  67.523313  3.945
 85    17.626 55203.04752866 14.92 154.077327  67.542810  2.536
 85    17.312 55203.04752931 15.29 154.073737  67.539760  2.536
 85    16.936 55203.04752995 14.99 154.070147  67.536700  2.536
 85    15.953 55203.04753060 14.94 154.066558  67.533647  4.228
 85    15.038 55203.04753124 15.32 154.062968  67.530587  4.228
 85    13.989 55203.04753189 15.51 154.059388  67.527527  4.228
 85    13.298 55203.04753253 16.13 154.055798  67.524477  4.228
 86    16.262 55238.04751070 14.22 154.056876  67.538503  2.449
 86    14.978 55238.04751134 14.44 154.053284  67.535445  2.991
 86    14.747 55238.04751199 14.64 154.049704  67.532385  2.991
 86    13.845 55238.04751263 15.48 154.046114  67.529335  2.991
 86    11.317 55238.04751328 15.72 154.042534  67.526275  2.991
 86    14.437 55238.04751392 15.38 154.038944  67.523215  2.991
 87    17.474 55273.04752300 13.76 154.068969  67.541075  2.576
 87    17.006 55273.04752365 13.84 154.065379  67.538025  2.576
 87    16.083 55273.04752429 13.81 154.061792  67.534970  2.715
 87    15.201 55273.04752494 13.91 154.058202  67.531910  2.715
 87    14.757 55273.04752558 14.84 154.054612  67.528860  2.715
 87    13.601 55273.04752623 14.82 154.051032  67.525800  2.715
 87    10.447 55273.04752687 14.99 154.047442  67.522740  2.715
 88    15.900 55308.04749346 12.95 154.052340  67.536854  2.615
 88    15.175 55308.04749410 13.26 154.048755  67.533800  3.649
 88    14.662 55308.04749475 13.09 154.045165  67.530750  3.649
 88    11.767 55308.04749539 14.02 154.041585  67.527690  3.649
 88    11.367 55308.04749604 14.18 154.037995  67.524630  3.649
 89    17.861 55343.04749187 31.97 154.074405  67.542344 37.619
 89    17.600 55343.04749251 23.47 154.070815  67.539284 37.619
 89    16.562 55343.04749315 24.92 154.067225  67.536224 37.619
 89    15.373 55343.04749380 26.27 154.063645  67.533174 37.619
 89    15.409 55343.04749444 25.72 154.060057  67.530117  9.915
 89    15.320 55343.04749509 23.51 154.056467  67.527057  9.915
 89    14.823 55343.04749573 20.80 154.052877  67.524007  9.915
 90    10.622 55378.04748713 46.95 154.062748  67.538817 37.330
 90    10.434 55378.04748777 30.13 154.059160  67.535760  9.888
 90    10.395 55378.04748842 24.33 154.055580  67.532700  9.888
 90    10.524 55378.04748906 22.61 154.051990  67.529650  9.888
 90    10.559 55378.04748971 21.96 154.048400  67.526590  9.888
 90    10.823 55378.04749035 17.57 154.044820  67.523530  9.888
 91     9.331 55413.04751056 30.40 154.077283  67.540511 34.054
 91     8.724 55413.04751121 23.06 154.073693  67.537451 34.054
 91    15.719 55413.04751185 21.15 154.070104  67.534397 11.778
 91     9.740 55413.04751249 22.04 154.066514  67.531337 11.778
 91     9.588 55413.04751314 23.93 154.062924  67.528277 11.778
 91     8.423 55413.04751378 40.71 154.059334  67.525227 11.778
 92    17.298 55448.04750089 20.34 154.064828  67.538782 33.846
 92    16.722 55448.04750153 19.10 154.061238  67.535722 33.846
 92    11.251 55448.04750217 23.43 154.057658  67.532672 33.846
 92    11.394 55448.04750282 20.66 154.054069  67.529612  6.951
 92    11.064 55448.04750346 20.52 154.050479  67.526552  6.951
 92    11.018 55448.04750411 17.83 154.046899  67.523502  6.951
 93     9.264 55483.04743091 49.31 154.045560  67.535190 13.593
 93     9.122 55483.04743156 49.39 154.041974  67.532126 30.980
 93     9.132 55483.04743220 43.95 154.038394  67.529076 30.980
 93     9.108 55483.04743284 42.77 154.034814  67.526016 30.980
 93     9.182 55483.04743349 37.15 154.031224  67.522956 30.980
