# NaN NaN NaN ;Mean Elev.(m), Avg Gradient(m/km), RMS Gradient(m/km) - SRTM1     
#   -1.117  -1.238   7.318 ;Mean Elev.(m), Avg Gradient(m/km), RMS Gradient(m/km) - ASTER GDEM
#   34.919  -0.986   3.962 ;Mean Elev.(m), Avg Gradient(m/km), RMS Gradient(m/km) - GMTED2010 
  7    32.643 52476.05194598 21.04 151.109063  66.170955 13.374
  7    32.313 52476.05194663 19.69 151.105833  66.167865 13.374
  7    33.328 52476.05194727 17.09 151.102593  66.164785 13.374
  7    33.073 52476.05194792 14.58 151.099363  66.161695 13.374
  7    31.953 52476.05194856 16.60 151.096133  66.158615 13.374
  7    32.185 52476.05194921 15.94 151.092903  66.155525 13.374
  7    32.557 52476.05194985 15.05 151.089663  66.152445 13.374
  7    32.708 52476.05195049 15.72 151.086433  66.149355 13.374
  7    24.324 52476.05195178 28.41 151.079973  66.143185 13.374
  7    24.398 52476.05195243 23.40 151.076753  66.140095 13.374
  7    32.969 52476.05195307 16.61 151.073523  66.137015 13.374
  7    32.721 52476.05195372 15.63 151.070297  66.133929 22.132
  7    29.378 52476.05195436 24.30 151.067067  66.130839 22.132
  7    29.391 52476.05195501 29.88 151.063847  66.127759 22.132
  8    32.743 52511.05189959 22.08 151.106819  66.167141 12.671
  8    33.117 52511.05190024 18.82 151.103589  66.164051 12.671
  8    31.414 52511.05190088 18.96 151.100349  66.160971 12.671
  8    31.289 52511.05190153 19.25 151.097119  66.157881 12.671
  8    31.786 52511.05190217 17.11 151.093889  66.154791 12.671
  8    31.938 52511.05190282 16.44 151.090659  66.151711 12.671
  8    32.178 52511.05190346 17.42 151.087429  66.148621 12.671
  8    24.125 52511.05190540 24.28 151.077749  66.139361 12.671
  8    31.631 52511.05190604 18.55 151.074529  66.136281 12.671
  8    32.138 52511.05190669 15.28 151.071299  66.133191 12.671
  8    29.547 52511.05190733 23.11 151.068079  66.130111 12.671
  8    29.489 52511.05190798 30.67 151.064849  66.127021 12.671
  9    23.018 52546.05192425 45.94 151.097004  66.141806 38.886
  9    22.833 52546.05192747 39.09 151.080859  66.126377 20.743
  9    22.873 52546.05192811 36.17 151.077639  66.123287 20.743
  9    28.695 52546.05192876 25.07 151.074409  66.120207 20.743
  9    28.873 52546.05192940 21.81 151.071189  66.117117 20.743
 10    31.029 52581.05194375 31.46 151.104747  66.159614 15.106
 10    30.243 52581.05194439 34.07 151.101517  66.156524 15.106
 10    21.221 52581.05194504 33.55 151.098277  66.153444 15.106
 10    21.243 52581.05194568 33.27 151.095047  66.150354 15.106
 10    21.570 52581.05194890 32.14 151.078907  66.134924 15.106
 10    21.690 52581.05194955 40.04 151.075677  66.131844 15.106
 10    21.747 52581.05195019 51.25 151.072457  66.128754 15.106
 10    21.724 52581.05195084 42.50 151.069227  66.125674 15.106
 10    21.778 52581.05195148 35.29 151.066007  66.122586 14.261
 11    29.025 52616.05190909 20.41 151.111158  66.183208  4.133
 11    29.531 52616.05190973 20.68 151.107928  66.180118  4.133
 11    29.849 52616.05191038 20.63 151.104688  66.177038  4.133
 11    30.056 52616.05191102 20.49 151.101458  66.173948  4.133
 11    30.479 52616.05191167 20.62 151.098218  66.170868  4.133
 11    30.780 52616.05191231 20.81 151.094988  66.167778  4.133
 11    30.897 52616.05191360 19.96 151.088528  66.161608  4.133
 11    31.280 52616.05191425 20.21 151.085298  66.158528  4.133
 11    31.502 52616.05191489 20.63 151.082068  66.155438  4.133
 11    28.205 52616.05191554 21.14 151.078838  66.152358  4.133
 11    30.571 52616.05191618 21.51 151.075608  66.149268  4.133
 12    31.407 52651.05189345 19.17 151.097919  66.144607  3.954
 12    28.534 52651.05189732 22.19 151.078559  66.126087  3.954
 12    29.154 52651.05189796 18.62 151.075329  66.123007  3.954
 12    28.721 52651.05189860 19.96 151.072104  66.119919  3.636
 12    28.753 52651.05189925 19.28 151.068884  66.116829  3.636
 13    30.863 52686.05187795 18.17 151.110210  66.172358  3.543
 13    31.133 52686.05187859 18.97 151.106970  66.169278  3.543
 13    30.063 52686.05187923 19.40 151.103740  66.166188  3.543
 13    30.057 52686.05187988 18.49 151.100510  66.163108  3.543
 13    30.801 52686.05188052 17.92 151.097280  66.160018  3.543
 13    30.851 52686.05188117 17.73 151.094040  66.156938  3.543
 13    30.546 52686.05188181 18.20 151.090810  66.153848  3.543
 13    29.928 52686.05188246 18.82 151.087590  66.150768  3.543
 13    28.787 52686.05188439 18.37 151.077900  66.141508  3.543
 13    28.301 52686.05188504 18.26 151.074670  66.138418  3.543
 13    28.460 52686.05188568 18.69 151.071450  66.135338  3.543
 13    28.910 52686.05188633 18.31 151.068220  66.132248  3.543
 13    29.264 52686.05188697 18.33 151.065000  66.129158  3.543
 14    31.057 52721.05192999 17.32 151.104515  66.161292  2.732
 14    31.040 52721.05193063 17.15 151.101275  66.158212  2.732
 14    31.278 52721.05193127 16.96 151.098045  66.155122  2.732
 14    31.296 52721.05193192 17.09 151.094815  66.152042  2.732
 14    31.108 52721.05193256 18.08 151.091585  66.148952  2.732
 14    28.413 52721.05193514 17.37 151.078675  66.136612  2.732
 14    28.859 52721.05193579 17.86 151.075445  66.133522  2.732
 14    29.565 52721.05193643 17.30 151.072215  66.130442  2.732
 14    29.646 52721.05193708 15.81 151.068998  66.127356  2.475
 14    29.575 52721.05193772 16.75 151.065768  66.124266  2.475
 15    28.073 52756.05194839 15.76 151.111109  66.188569  3.761
 15    28.481 52756.05194904 15.56 151.107869  66.185489  3.761
 15    29.202 52756.05194968 15.70 151.104629  66.182399  3.761
 15    29.789 52756.05195032 15.76 151.101399  66.179319  3.761
 16    28.245 52791.05190972 33.98 151.083877  66.126131 25.671
 16    28.252 52791.05191036 32.71 151.080649  66.123048 31.005
 16    28.273 52791.05191101 40.07 151.077429  66.119958 31.005
 16    28.349 52791.05191165 48.45 151.074199  66.116868 31.005
 17    25.562 52826.05197872 28.87 151.082949  66.127721 29.115
 17    32.589 52826.05197937 16.70 151.079717  66.124637 23.682
 17    33.122 52826.05198001 17.26 151.076497  66.121547 23.682
 17    33.152 52826.05198066 17.85 151.073267  66.118457 23.682
 17    33.117 52826.05198130 17.45 151.070047  66.115377 23.682
 18    22.974 52861.05202127 34.46 151.098729  66.142572 32.591
 18    28.629 52861.05202449 18.64 151.082589  66.127142 32.591
 18    28.670 52861.05202514 19.75 151.079364  66.124056 19.857
 18    29.068 52861.05202578 18.07 151.076134  66.120966 19.857
 18    29.179 52861.05202642 15.98 151.072914  66.117886 19.857
 19    22.809 52896.05204599 29.56 151.109550  66.172275  9.091
 19    22.864 52896.05204663 34.89 151.106310  66.169195  9.091
 19    22.979 52896.05204728 26.26 151.103080  66.166105  9.091
 19    22.746 52896.05204792 24.61 151.099850  66.163025  9.091
 19    22.900 52896.05204857 23.64 151.096610  66.159935  9.091
 19    22.636 52896.05204921 22.52 151.093380  66.156855  9.091
 19    24.504 52896.05204986 21.05 151.090150  66.153765  9.091
 19    24.150 52896.05205050 19.57 151.086920  66.150685  9.091
 19    23.347 52896.05205179 20.60 151.080470  66.144505  9.091
 19    27.494 52896.05205243 18.31 151.077240  66.141425  9.091
 19    28.724 52896.05205308 16.80 151.074010  66.138335  9.091
 19    31.795 52896.05205372 14.87 151.070780  66.135255  9.091
 19    30.234 52896.05205437 16.17 151.067560  66.132165  9.091
 19    29.292 52896.05205501 27.91 151.064330  66.129085  9.091
 20    21.269 52931.05199178 40.60 151.110201  66.185125 27.419
 20    21.367 52931.05199243 45.35 151.106971  66.182035 27.419
 20    21.409 52931.05199307 53.19 151.103731  66.178955 27.419
 20    21.329 52931.05199372 48.80 151.100501  66.175865 27.419
 20    21.387 52931.05199758 36.21 151.081111  66.157355 27.419
 21    21.678 52966.05199973 26.79 151.080437  66.124282  5.976
 21    27.392 52966.05200038 23.66 151.077217  66.121202  5.976
 21    28.030 52966.05200102 21.58 151.073993  66.118118  3.980
 22    30.263 53001.05202048 16.13 151.110300  66.176096  4.151
 22    30.508 53001.05202113 15.96 151.107060  66.173006  4.151
 22    30.990 53001.05202177 16.30 151.103830  66.169926  4.151
 22    30.685 53001.05202242 16.64 151.100590  66.166836  4.151
 22    30.916 53001.05202306 16.12 151.097360  66.163756  4.151
 22    30.753 53001.05202371 15.55 151.094130  66.160666  4.151
 22    30.619 53001.05202435 15.37 151.090900  66.157586  4.151
 22    30.475 53001.05202500 16.48 151.087660  66.154496  4.151
 22    30.877 53001.05202564 16.30 151.084430  66.151416  4.151
 22    29.448 53001.05202693 17.01 151.077980  66.145246  4.151
 22    28.739 53001.05202758 17.19 151.074750  66.142156  4.151
 22    28.041 53001.05202822 17.36 151.071520  66.139066  4.151
 22    28.401 53001.05202887 17.30 151.068290  66.135986  4.151
 22    28.523 53001.05202951 19.37 151.065070  66.132896  4.151
 23    29.224 53036.05196812 16.84 151.111451  66.184043  3.731
 23    29.182 53036.05196876 17.13 151.108221  66.180963  3.731
 23    29.761 53036.05196941 16.88 151.104981  66.177873  3.731
 23    30.256 53036.05197005 16.64 151.101751  66.174793  3.731
 23    30.308 53036.05197070 16.76 151.098511  66.171703  3.731
 23    30.707 53036.05197134 16.55 151.095281  66.168613  3.731
 23    30.784 53036.05197263 16.59 151.088821  66.162443  3.731
 23    31.414 53036.05197328 16.00 151.085591  66.159363  3.731
 23    31.436 53036.05197392 16.57 151.082361  66.156273  3.731
 23    31.143 53036.05197457 17.20 151.079131  66.153193  3.731
 23    30.177 53036.05197521 17.60 151.075901  66.150103  3.731
 24    31.669 53071.05199329 17.82 151.106739  66.163677  4.021
 24    31.377 53071.05199394 17.00 151.103509  66.160587  4.021
 24    30.959 53071.05199458 16.65 151.100279  66.157507  4.021
 24    31.044 53071.05199523 16.86 151.097049  66.154417  4.021
 24    31.285 53071.05199587 17.98 151.093819  66.151337  4.021
 24    27.962 53071.05199845 20.22 151.080899  66.138987  4.021
 24    25.862 53071.05199909 20.91 151.077669  66.135907  4.021
 24    27.579 53071.05199974 19.94 151.074450  66.132822  3.901
 24    29.124 53071.05200038 17.74 151.071220  66.129732  3.901
 24    29.488 53071.05200103 18.16 151.067990  66.126652  3.901
 24    29.968 53071.05200167 17.25 151.064770  66.123562  3.901
 25    28.872 53106.05196921 13.33 151.108031  66.185383  2.731
 25    29.160 53106.05196986 13.94 151.104791  66.182303  2.731
 25    29.337 53106.05197050 13.75 151.101561  66.179213  2.731
 26    22.876 53141.05200356 31.02 151.097304  66.147056 27.417
 26    22.641 53141.05200420 24.96 151.094074  66.143976 27.417
 26    23.127 53141.05200743 45.85 151.077939  66.128542 22.106
 26    23.167 53141.05200807 31.42 151.074709  66.125462 22.106
 26    23.191 53141.05200872 28.98 151.071489  66.122372 22.106
 26    23.212 53141.05200936 26.41 151.068259  66.119282 22.106
 27    27.358 53176.05203097 46.78 151.106769  66.161729 34.388
 27    27.340 53176.05203162 52.39 151.103539  66.158639 34.388
 27    27.430 53176.05203226 51.31 151.100299  66.155559 34.388
 27    27.378 53176.05203290 52.65 151.097069  66.152469 34.388
 27    27.334 53176.05203355 52.63 151.093839  66.149389 34.388
 27    27.598 53176.05203677 52.89 151.077699  66.133959 34.388
 27    27.573 53176.05203742 53.46 151.074469  66.130869 34.388
 27    27.547 53176.05203806 53.15 151.071249  66.127789 34.388
 27    27.555 53176.05203871 52.90 151.068023  66.124701 34.631
 28    31.991 53211.05204815 15.76 151.109886  66.170876 10.904
 28    31.563 53211.05204879 18.99 151.106646  66.167786 10.904
 28    31.706 53211.05204944 17.89 151.103416  66.164706 10.904
 28    32.455 53211.05205008 13.69 151.100186  66.161616 10.904
 28    31.526 53211.05205072 13.81 151.096946  66.158536 10.904
 28    31.341 53211.05205137 15.47 151.093716  66.155446 10.904
 28    31.177 53211.05205201 15.47 151.090486  66.152366 10.904
 28    31.222 53211.05205266 14.34 151.087256  66.149276 10.904
 28    25.365 53211.05205395 20.12 151.080796  66.143106 10.904
 28    25.597 53211.05205459 20.54 151.077576  66.140016 10.904
 28    28.295 53211.05205524 19.29 151.074346  66.136936 10.904
 28    31.872 53211.05205588 16.95 151.071116  66.133846 10.904
 28    29.416 53211.05205653 24.18 151.067896  66.130766 10.904
 28    29.363 53211.05205717 31.50 151.064667  66.127677 23.552
 29    32.273 53246.05201610 16.36 151.109300  66.172146 11.076
 29    31.093 53246.05201675 21.44 151.106060  66.169056 11.076
 29    31.570 53246.05201739 19.38 151.102830  66.165976 11.076
 29    30.879 53246.05201804 22.01 151.099600  66.162886 11.076
 29    23.296 53246.05201868 22.87 151.096360  66.159806 11.076
 29    31.102 53246.05201933 19.52 151.093130  66.156716 11.076
 29    31.718 53246.05201997 16.78 151.089900  66.153636 11.076
 29    23.708 53246.05202062 19.99 151.086670  66.150546 11.076
 29    23.429 53246.05202190 25.46 151.080220  66.144376 11.076
 29    25.251 53246.05202255 21.37 151.076990  66.141286 11.076
 29    30.265 53246.05202319 18.58 151.073760  66.138206 11.076
 29    31.970 53246.05202384 18.12 151.070540  66.135116 11.076
 29    29.191 53246.05202448 21.47 151.067310  66.132036 11.076
 29    29.327 53246.05202513 32.43 151.064090  66.128946 24.196
 30    27.272 53281.05200621 23.40 151.097961  66.144937 33.031
 30    28.777 53281.05201008 25.55 151.078596  66.126417 12.551
 30    29.081 53281.05201072 25.27 151.075366  66.123337 12.551
 30    29.150 53281.05201137 23.64 151.072146  66.120247 12.551
 30    28.930 53281.05201201 24.28 151.068916  66.117167 12.551
 31    21.541 53316.05201636 30.64 151.103583  66.156595 13.007
 31    21.702 53316.05201701 30.84 151.100353  66.153515 13.007
 31    21.788 53316.05201765 30.73 151.097113  66.150425 13.007
 31    21.979 53316.05201830 31.02 151.093883  66.147345 13.007
 31    21.945 53316.05202152 31.43 151.077743  66.131915 13.007
 31    22.043 53316.05202217 37.15 151.074523  66.128825 13.007
 31    21.970 53316.05202281 37.94 151.071293  66.125745 13.007
 31    21.945 53316.05202345 32.04 151.068073  66.122658 12.237
 32    21.469 53351.05198018 31.53 151.107008  66.166530 15.517
 32    21.561 53351.05198082 32.08 151.103778  66.163440 15.517
 32    21.492 53351.05198146 32.54 151.100548  66.160360 15.517
 32    21.492 53351.05198211 32.23 151.097308  66.157270 15.517
 32    21.626 53351.05198275 30.87 151.094078  66.154190 15.517
 32    21.526 53351.05198340 28.54 151.090848  66.151100 15.517
 32    21.707 53351.05198598 33.29 151.077938  66.138760 15.517
 32    21.729 53351.05198662 35.77 151.074718  66.135670 15.517
 32    21.694 53351.05198727 36.34 151.071488  66.132590 15.517
 32    21.643 53351.05198791 34.29 151.068268  66.129500 15.517
 32    21.766 53351.05198856 30.11 151.065038  66.126420 15.517
 33    21.784 53386.05196881 25.53 151.097471  66.143199  7.311
 33    21.775 53386.05197203 27.00 151.081325  66.127768  8.218
 33    21.901 53386.05197267 26.08 151.078105  66.124678  8.218
 33    21.892 53386.05197332 27.32 151.074875  66.121598  8.218
 33    22.001 53386.05197396 29.88 151.071645  66.118508  8.218
 34    29.138 53421.05197142 24.60 151.097499  66.148885  7.923
 34    21.630 53421.05197207 24.16 151.094269  66.145805  7.923
 34    21.740 53421.05197529 25.97 151.078139  66.130375  7.923
 34    21.992 53421.05197593 26.90 151.074910  66.127288  8.171
 34    22.034 53421.05197658 27.94 151.071690  66.124198  8.171
 34    21.932 53421.05197722 29.03 151.068460  66.121118  8.171
 37    24.010 53526.05204328 45.64 151.103563  66.156783 30.425
 37    23.936 53526.05204393 50.86 151.100323  66.153703 30.425
 37    24.074 53526.05204457 52.44 151.097093  66.150613 30.425
 37    24.069 53526.05204522 52.23 151.093863  66.147533 30.425
 37    24.135 53526.05204844 51.08 151.077723  66.132103 30.425
 37    24.252 53526.05204908 53.63 151.074503  66.129013 30.425
 37    24.166 53526.05204973 51.07 151.071273  66.125933 30.425
 37    24.199 53526.05205037 49.73 151.068049  66.122843 40.337
 38    23.832 53561.05206713 50.40 151.112167  66.180308 46.409
 38    24.393 53561.05206777 51.80 151.108937  66.177228 46.409
 38    23.891 53561.05206842 52.63 151.105697  66.174138 46.409
 38    23.971 53561.05206906 52.02 151.102467  66.171058 46.409
 38    23.935 53561.05206970 53.57 151.099227  66.167968 46.409
 38    23.830 53561.05207035 53.59 151.095997  66.164888 46.409
 38    23.902 53561.05207099 53.42 151.092767  66.161798 46.409
 38    23.998 53561.05207164 52.94 151.089527  66.158718 46.409
 38    24.035 53561.05207228 53.57 151.086297  66.155628 46.409
 38    23.934 53561.05207293 53.20 151.083067  66.152548 46.409
 38    23.910 53561.05207357 53.03 151.079837  66.149458 46.409
 38    23.937 53561.05207422 52.28 151.076607  66.146368 46.409
 38    23.961 53561.05207486 52.14 151.073387  66.143288 46.409
 38    23.996 53561.05207551 54.81 151.070157  66.140198 46.409
 38    24.037 53561.05207615 53.32 151.066927  66.137118 46.409
 39    32.729 53596.05200740 19.43 151.110157  66.172031 13.865
 39    32.656 53596.05200805 18.54 151.106927  66.168941 13.865
 39    33.153 53596.05200869 18.78 151.103697  66.165861 13.865
 39    32.905 53596.05200934 16.90 151.100467  66.162771 13.865
 39    31.634 53596.05200998 17.31 151.097227  66.159691 13.865
 39    31.908 53596.05201063 17.47 151.093997  66.156601 13.865
 39    32.040 53596.05201127 16.66 151.090767  66.153521 13.865
 39    32.482 53596.05201192 15.96 151.087537  66.150431 13.865
 39    25.421 53596.05201385 26.04 151.077857  66.141171 13.865
 39    31.507 53596.05201450 19.99 151.074627  66.138091 13.865
 39    32.595 53596.05201514 17.16 151.071407  66.135001 13.865
 39    32.162 53596.05201578 18.69 151.068187  66.131921 13.865
 39    29.450 53596.05201643 31.04 151.064956  66.128829 23.826
 40    23.211 53631.05200695 34.36 151.097540  66.143511 34.280
 40    28.931 53631.05201017 20.04 151.081395  66.128091 29.404
 40    32.495 53631.05201082 20.49 151.078165  66.125001 29.404
 40    32.929 53631.05201146 20.35 151.074935  66.121911 29.404
 40    32.921 53631.05201211 24.73 151.071715  66.118831 29.404
 41    21.288 53666.05202553 36.02 151.107608  66.167262 25.518
 41    21.214 53666.05202617 39.22 151.104378  66.164182 25.518
 41    21.203 53666.05202682 39.21 151.101148  66.161092 25.518
 41    21.302 53666.05202746 42.71 151.097908  66.158012 25.518
 41    21.149 53666.05202811 41.90 151.094678  66.154922 25.518
 41    21.288 53666.05202875 40.34 151.091448  66.151842 25.518
 41    21.167 53666.05202940 37.01 151.088218  66.148752 25.518
 41    21.276 53666.05203133 36.99 151.078528  66.139492 25.518
 41    21.425 53666.05203198 37.10 151.075308  66.136412 25.518
 41    21.387 53666.05203262 46.69 151.072078  66.133322 25.518
 41    21.451 53666.05203327 48.82 151.068848  66.130242 25.518
 41    21.380 53666.05203391 39.24 151.065622  66.127155 14.839
 42    28.292 53701.05197700 30.83 151.106896  66.166871 11.438
 42    21.327 53701.05197765 34.83 151.103666  66.163781 11.438
 42    21.287 53701.05197829 36.13 151.100436  66.160701 11.438
 42    21.432 53701.05197894 30.36 151.097196  66.157611 11.438
 42    24.340 53701.05197958 29.98 151.093966  66.154531 11.438
 42    24.446 53701.05198023 29.71 151.090736  66.151441 11.438
 42    25.648 53701.05198280 27.49 151.077826  66.139101 11.438
 42    21.536 53701.05198345 32.06 151.074606  66.136011 11.438
 42    21.709 53701.05198409 37.45 151.071376  66.132931 11.438
 42    21.825 53701.05198474 35.53 151.068156  66.129841 11.438
 42    28.575 53701.05198538 32.07 151.064926  66.126761 11.438
 43    29.000 53736.05188501 26.48 151.109158  66.179176  7.049
 43    28.907 53736.05188565 28.08 151.105918  66.176096  7.049
 43    21.356 53736.05188630 30.17 151.102688  66.173006  7.049
 43    28.614 53736.05188694 26.71 151.099458  66.169926  7.049
 43    28.199 53736.05188759 27.10 151.096218  66.166836  7.049
 43    29.509 53736.05188823 27.63 151.092988  66.163746  7.049
 43    29.798 53736.05188888 26.70 151.089758  66.160666  7.049
 43    28.215 53736.05188952 27.60 151.086528  66.157576  7.049
 43    28.639 53736.05189016 25.22 151.083308  66.154496  7.049
 43    31.148 53736.05189081 25.09 151.080078  66.151406  7.049
 43    27.981 53736.05189145 24.29 151.076848  66.148316  7.049
 43    27.887 53736.05189210 24.46 151.073618  66.145236  7.049
 43    28.185 53736.05189274 23.44 151.070398  66.142146  7.049
 43    27.492 53736.05189339 24.61 151.067168  66.139066  7.049
 44    30.826 53771.05189455 20.88 151.099743  66.147085  5.392
 44    30.352 53771.05189520 22.65 151.096513  66.143995  5.392
 44    21.827 53771.05189842 25.08 151.080373  66.128565  5.392
 44    29.326 53771.05189906 22.33 151.077143  66.125485  5.392
 44    29.000 53771.05189971 22.75 151.073923  66.122395  5.392
 44    28.496 53771.05190035 22.88 151.070693  66.119315  5.392
 45    29.712 53806.05188122 22.32 151.109253  66.173609  4.239
 45    31.068 53806.05188187 22.09 151.106013  66.170529  4.239
 45    31.087 53806.05188251 21.88 151.102783  66.167439  4.239
 45    30.011 53806.05188316 21.92 151.099553  66.164359  4.239
 45    30.567 53806.05188380 21.19 151.096323  66.161269  4.239
 45    30.459 53806.05188445 21.13 151.093093  66.158189  4.239
 45    29.790 53806.05188509 22.14 151.089863  66.155099  4.239
 45    29.651 53806.05188574 22.34 151.086633  66.152019  4.239
 45    29.407 53806.05188638 22.96 151.083403  66.148929  4.239
 45    27.133 53806.05188702 22.76 151.080173  66.145839  4.239
 45    27.445 53806.05188767 21.48 151.076943  66.142759  4.239
 45    27.851 53806.05188831 21.28 151.073723  66.139669  4.239
 45    30.824 53806.05188896 21.85 151.070493  66.136589  4.239
 45    28.525 53806.05188960 21.80 151.067273  66.133499  4.239
 45    30.486 53806.05189025 20.61 151.064043  66.130409  4.239
 47    25.439 53876.05195307 30.17 151.099531  66.150492 22.736
 47    25.202 53876.05195371 36.46 151.096301  66.147402 22.736
 47    25.474 53876.05195758 29.14 151.076931  66.128892 22.736
 47    32.362 53876.05195822 22.70 151.073702  66.125805 24.668
 47    33.134 53876.05195887 21.35 151.070482  66.122715 24.668
 47    33.109 53876.05195951 21.79 151.067262  66.119635 24.668
 48    32.879 53911.05199881 20.18 151.105522  66.164527 10.187
 48    33.169 53911.05199945 15.39 151.102282  66.161447 10.187
 48    32.429 53911.05200010 15.13 151.099052  66.158357 10.187
 48    31.925 53911.05200074 17.56 151.095822  66.155277 10.187
 48    32.201 53911.05200139 16.49 151.092592  66.152187 10.187
 48    32.045 53911.05200203 18.16 151.089362  66.149107 10.187
 48    25.775 53911.05200397 25.82 151.079672  66.139847 10.187
 48    31.440 53911.05200461 18.61 151.076442  66.136757 10.187
 48    32.268 53911.05200525 17.11 151.073212  66.133677 10.187
 48    31.643 53911.05200590 19.57 151.069992  66.130587 10.187
 48    29.546 53911.05200654 27.74 151.066762  66.127507 10.187
 49    28.031 53946.05201440 25.09 151.111265  66.179939 18.897
 49    29.986 53946.05201504 18.31 151.108027  66.176848 16.124
 49    29.625 53946.05201569 21.41 151.104787  66.173768 16.124
 49    24.390 53946.05201633 26.35 151.101557  66.170678 16.124
 49    24.370 53946.05201698 27.47 151.098317  66.167588 16.124
 49    24.417 53946.05201762 22.51 151.095087  66.164508 16.124
 49    24.392 53946.05201827 23.14 151.091857  66.161428 16.124
 49    31.491 53946.05201891 18.19 151.088627  66.158338 16.124
 49    32.036 53946.05201956 16.33 151.085387  66.155248 16.124
 49    32.108 53946.05202020 18.33 151.082157  66.152168 16.124
 49    32.406 53946.05202085 17.57 151.078927  66.149078 16.124
 49    24.437 53946.05202149 21.98 151.075707  66.145998 16.124
 49    24.577 53946.05202213 23.41 151.072477  66.142908 16.124
 49    28.180 53946.05202278 19.57 151.069247  66.139828 16.124
 49    32.635 53946.05202342 16.07 151.066017  66.136738 16.124
 50    29.689 53981.05195979 30.19 151.112263  66.180952 19.204
 50    30.054 53981.05196044 18.82 151.109023  66.177862 19.204
 50    30.214 53981.05196108 20.21 151.105787  66.174778 14.905
 50    30.294 53981.05196173 22.06 151.102557  66.171698 14.905
 50    27.309 53981.05196237 25.71 151.099327  66.168608 14.905
 50    27.139 53981.05196302 24.57 151.096087  66.165528 14.905
 50    31.306 53981.05196366 19.54 151.092857  66.162438 14.905
 50    31.665 53981.05196431 20.36 151.089627  66.159358 14.905
 50    32.166 53981.05196495 19.01 151.086397  66.156268 14.905
 50    32.540 53981.05196559 18.52 151.083167  66.153178 14.905
 50    32.915 53981.05196624 17.42 151.079937  66.150098 14.905
 50    33.170 53981.05196688 17.36 151.076707  66.147008 14.905
 50    33.189 53981.05196753 19.31 151.073487  66.143928 14.905
 50    33.158 53981.05196817 20.97 151.070257  66.140838 14.905
 50    33.084 53981.05196882 19.45 151.067027  66.137758 14.905
 51    22.847 54016.05199205 50.73 151.081820  66.124288 27.252
 51    22.645 54016.05199270 55.69 151.078600  66.121198 27.252
 51    22.532 54016.05199334 40.14 151.075370  66.118118 27.252
 52    22.085 54051.05198788 24.00 151.096952  66.145674 13.112
 52    22.282 54051.05199175 27.21 151.077592  66.127164 13.112
 52    22.051 54051.05199239 35.53 151.074372  66.124074 13.112
 52    22.041 54051.05199304 39.32 151.071142  66.120994 13.112
 52    22.199 54051.05199368 33.11 151.067922  66.117904 13.112
 53    29.943 54086.05197473 13.28 151.111363  66.172971  3.818
 53    31.017 54086.05197537 13.50 151.108123  66.169891  3.818
 53    31.026 54086.05197602 13.95 151.104893  66.166801  3.818
 53    29.864 54086.05197666 14.00 151.101663  66.163721  3.818
 53    30.638 54086.05197730 13.88 151.098423  66.160631  3.818
 53    30.666 54086.05197795 13.96 151.095193  66.157551  3.818
 53    31.081 54086.05197859 14.37 151.091963  66.154461  3.818
 53    30.691 54086.05197924 15.78 151.088733  66.151381  3.818
 53    28.032 54086.05198117 14.95 151.079053  66.142121  3.818
 53    28.466 54086.05198182 14.55 151.075823  66.139031  3.818
 53    28.769 54086.05198246 14.21 151.072603  66.135951  3.818
 53    29.058 54086.05198311 14.64 151.069373  66.132861  3.818
 53    29.259 54086.05198375 16.60 151.066143  66.129781  3.818
 54    28.858 54121.05189810 10.79 151.108675  66.186790  2.234
 54    28.903 54121.05189874 11.11 151.105445  66.183700  2.234
 54    29.490 54121.05189938 10.70 151.102205  66.180620  2.234
 55    30.166 54156.05193577 12.29 151.104645  66.162465  2.691
 55    30.963 54156.05193641 11.95 151.101415  66.159385  2.691
 55    31.495 54156.05193705 11.47 151.098185  66.156295  2.691
 55    31.581 54156.05193770 12.53 151.094955  66.153215  2.691
 55    30.993 54156.05193834 12.66 151.091715  66.150125  2.691
 55    29.020 54156.05194092 11.68 151.078805  66.137785  2.691
 55    29.618 54156.05194157 11.57 151.075575  66.134695  2.691
 55    29.774 54156.05194221 11.94 151.072355  66.131615  2.691
 55    29.840 54156.05194286 12.71 151.069125  66.128525  2.691
 55    30.467 54156.05194350 12.02 151.065905  66.125445  2.691
 56    29.518 54191.05189641 11.11 151.111486  66.183279  2.548
 56    29.777 54191.05189705 10.91 151.108246  66.180189  2.548
 56    30.125 54191.05189770 11.16 151.105016  66.177109  2.548
 56    30.648 54191.05189834 10.97 151.101776  66.174019  2.548
 56    30.849 54191.05189899 11.57 151.098546  66.170939  2.548
 56    30.739 54191.05189963 11.83 151.095316  66.167849  2.548
 56    30.877 54191.05190027 11.38 151.092086  66.164769  2.548
 56    30.831 54191.05190092 11.62 151.088856  66.161679  2.548
 56    30.301 54191.05190156 11.95 151.085626  66.158599  2.548
 56    29.960 54191.05190221 12.61 151.082396  66.155509  2.548
 56    29.121 54191.05190285 12.60 151.079166  66.152429  2.548
 56    29.415 54191.05190350 12.54 151.075936  66.149339  2.548
 57    31.364 54226.05194759  7.33 151.104071  66.158832  4.822
 57    31.861 54226.05194823 10.43 151.100841  66.155742  4.822
 57    31.998 54226.05194888 12.15 151.097611  66.152662  4.822
 57    32.051 54226.05194952  9.80 151.094381  66.149572  4.822
 57    31.991 54226.05195274  3.12 151.078231  66.134142  4.822
 57    31.779 54226.05195339  4.58 151.075011  66.131062  4.822
 57    32.264 54226.05195403  3.62 151.071785  66.127974  3.374
 57    32.219 54226.05195468  3.65 151.068555  66.124884  3.374
 57    31.883 54226.05195532  4.14 151.065335  66.121804  3.374
 58    30.017 54261.05196733 30.35 151.104119  66.159612 17.148
 58    30.327 54261.05196797 28.69 151.100879  66.156532 17.148
 58    32.383 54261.05196862 21.42 151.097649  66.153442 17.148
 58    32.069 54261.05196926 19.36 151.094419  66.150362 17.148
 58    30.978 54261.05197248 22.03 151.078279  66.134932 17.148
 58    31.624 54261.05197313 21.75 151.075049  66.131842 17.148
 58    31.577 54261.05197377 24.95 151.071829  66.128762 17.148
 58    29.827 54261.05197442 28.29 151.068600  66.125673 21.234
 58    32.527 54261.05197506 27.32 151.065380  66.122583 21.234
 59    32.839 54296.05197115 18.11 151.105186  66.162494 15.832
 59    26.869 54296.05197180 22.49 151.101946  66.159414 15.832
 59    31.300 54296.05197244 18.93 151.098716  66.156324 15.832
 59    31.541 54296.05197309 18.13 151.095486  66.153244 15.832
 59    31.472 54296.05197373 17.00 151.092256  66.150154 15.832
 59    30.725 54296.05197631 23.18 151.079346  66.137814 15.832
 59    28.752 54296.05197695 19.51 151.076116  66.134724 15.832
 59    31.367 54296.05197760 18.36 151.072886  66.131644 15.832
 59    29.557 54296.05197824 25.11 151.069662  66.128557 22.331
 59    29.448 54296.05197889 28.27 151.066442  66.125467 22.331
 60    31.675 54331.05196147 19.06 151.108643  66.170335 11.708
 60    29.489 54331.05196211 21.30 151.105413  66.167245 11.708
 60    31.621 54331.05196276 18.58 151.102183  66.164165 11.708
 60    31.072 54331.05196340 17.72 151.098953  66.161075 11.708
 60    31.160 54331.05196405 18.68 151.095723  66.157995 11.708
 60    31.574 54331.05196469 18.37 151.092483  66.154905 11.708
 60    32.089 54331.05196534 17.10 151.089253  66.151825 11.708
 60    27.559 54331.05196598 23.19 151.086033  66.148735 11.708
 60    26.252 54331.05196727 27.00 151.079573  66.142565 11.708
 60    26.007 54331.05196792 23.26 151.076343  66.139475 11.708
 60    32.016 54331.05196856 18.73 151.073123  66.136395 11.708
 60    32.081 54331.05196921 17.28 151.069893  66.133305 11.708
 60    29.313 54331.05196985 26.68 151.066673  66.130225 11.708
 60    29.367 54331.05197049 34.79 151.063441  66.127134 26.503
 61    24.211 54366.05190244 43.39 151.111996  66.183368 50.279
 61    24.267 54366.05190309 49.66 151.108756  66.180278 50.279
 61    24.135 54366.05190373 52.49 151.105526  66.177198 50.279
 61    24.230 54366.05190438 51.61 151.102286  66.174108 50.279
 61    24.258 54366.05190502 51.26 151.099056  66.171018 50.279
 61    24.230 54366.05190567 50.03 151.095826  66.167938 50.279
 61    24.231 54366.05190631 51.50 151.092596  66.164848 50.279
 61    24.359 54366.05190696 50.73 151.089366  66.161768 50.279
 61    24.343 54366.05190760 52.70 151.086136  66.158678 50.279
 61    24.307 54366.05190825 53.25 151.082906  66.155598 50.279
 61    24.300 54366.05190889 51.18 151.079676  66.152508 50.279
 61    24.297 54366.05190954 52.58 151.076446  66.149418 50.279
 61    24.311 54366.05191018 53.21 151.073216  66.146338 50.279
 62    21.300 54401.05190522 39.25 151.104762  66.161512 28.892
 62    21.491 54401.05190587 39.37 151.101532  66.158432 28.892
 62    21.347 54401.05190651 40.41 151.098302  66.155342 28.892
 62    21.459 54401.05190716 36.36 151.095072  66.152262 28.892
 62    21.295 54401.05190780 35.39 151.091842  66.149172 28.892
 62    21.693 54401.05191038 29.05 151.078922  66.136832 28.892
 62    21.901 54401.05191102 46.95 151.075702  66.133742 28.892
 62    21.806 54401.05191167 53.09 151.072472  66.130662 28.892
 62    21.793 54401.05191231 53.60 151.069252  66.127572 28.892
 62    21.799 54401.05191296 41.66 151.066022  66.124492 28.892
 63    29.323 54436.05185923 16.13 151.111462  66.178987  8.190
 63    29.490 54436.05185988 15.92 151.108232  66.175907  8.190
 63    29.792 54436.05186052 16.51 151.104992  66.172817  8.190
 63    29.129 54436.05186117 16.92 151.101762  66.169737  8.190
 63    29.935 54436.05186181 16.77 151.098532  66.166647  8.190
 63    30.119 54436.05186246 16.80 151.095292  66.163567  8.190
 63    30.485 54436.05186310 16.88 151.092062  66.160477  8.190
 63    30.862 54436.05186375 16.86 151.088832  66.157387  8.190
 63    30.963 54436.05186439 17.32 151.085602  66.154307  8.190
 63    30.961 54436.05186504 17.41 151.082372  66.151217  8.190
 63    30.493 54436.05186568 17.34 151.079152  66.148137  8.190
 63    30.067 54436.05186632 18.31 151.075922  66.145047  8.190
 63    21.696 54436.05186697 22.71 151.072692  66.141967  8.190
 63    21.741 54436.05186761 26.41 151.069472  66.138877  8.190
 63    22.032 54436.05186826 33.48 151.066242  66.135787  8.190
 64    30.539 54471.05189238 15.62 151.097944  66.145986  7.542
 64    30.072 54471.05189303 15.34 151.094714  66.142896  7.542
 64    22.069 54471.05189625 28.50 151.078574  66.127466  7.542
 64    22.106 54471.05189690 27.00 151.075344  66.124386  7.542
 64    21.911 54471.05189754 22.21 151.072124  66.121296  7.542
 64    21.146 54471.05189819 22.88 151.068894  66.118216  7.542
 65    29.224 54506.05187188 12.15 151.112205  66.180565  4.370
 65    29.243 54506.05187253 12.33 151.108965  66.177485  4.370
 65    29.253 54506.05187317 13.04 151.105735  66.174395  4.370
 65    29.321 54506.05187382 12.76 151.102495  66.171315  4.370
 65    29.421 54506.05187446 12.70 151.099265  66.168225  4.370
 65    29.544 54506.05187511 12.93 151.096035  66.165145  4.370
 65    30.242 54506.05187575 12.90 151.092805  66.162055  4.370
 65    30.353 54506.05187640 13.40 151.089565  66.158975  4.370
 65    29.737 54506.05187704 13.97 151.086345  66.155885  4.370
 65    30.638 54506.05187769 14.06 151.083115  66.152805  4.370
 65    29.348 54506.05187833 14.22 151.079885  66.149715  4.370
 65    28.974 54506.05187897 14.80 151.076655  66.146625  4.370
 65    28.590 54506.05187962 14.24 151.073425  66.143545  4.370
 65    27.381 54506.05188026 15.44 151.070205  66.140455  4.370
 65    27.941 54506.05188091 15.48 151.066975  66.137375  4.370
 66    29.984 54541.05190388 13.93 151.106768  66.163145  2.897
 66    30.780 54541.05190452 13.93 151.103538  66.160065  2.897
 66    30.907 54541.05190517 13.84 151.100308  66.156975  2.897
 66    31.383 54541.05190581 14.13 151.097068  66.153895  2.897
 66    30.189 54541.05190646 14.13 151.093838  66.150805  2.897
 66    27.152 54541.05190968 18.01 151.077701  66.135380  3.777
 66    26.390 54541.05191032 18.53 151.074471  66.132290  3.777
 66    28.682 54541.05191097 18.30 151.071251  66.129210  3.777
 66    29.090 54541.05191161 17.19 151.068021  66.126120  3.777
 66    29.194 54541.05191226 16.39 151.064801  66.123030  3.777
 67    29.669 54576.05187354 11.13 151.109731  66.179209  3.581
 67    30.000 54576.05187419 11.12 151.106501  66.176119  3.581
 67    29.431 54576.05187483 11.23 151.103261  66.173029  3.581
 67    29.412 54576.05187548 12.11 151.100031  66.169949  3.581
 67    29.523 54576.05187612 11.99 151.096801  66.166859  3.581
 67    30.414 54576.05187677 12.74 151.093561  66.163779  3.581
 67    30.789 54576.05187741 12.13 151.090331  66.160689  3.581
 67    30.722 54576.05187806 13.05 151.087101  66.157609  3.581
 67    30.612 54576.05187870 13.56 151.083871  66.154519  3.581
 67    29.068 54576.05187935 14.91 151.080651  66.151429  3.581
 67    29.012 54576.05187999 14.86 151.077421  66.148349  3.581
 67    26.170 54576.05188063 15.52 151.074191  66.145259  3.581
 67    27.481 54576.05188128 14.98 151.070961  66.142179  3.581
 67    27.304 54576.05188192 16.14 151.067741  66.139089  3.581
 68    30.053 54611.05189549 31.60 151.106160  66.163578 22.615
 68    30.372 54611.05189613 30.63 151.102930  66.160488 22.615
 68    30.149 54611.05189677 30.64 151.099700  66.157408 22.615
 68    30.181 54611.05189742 30.61 151.096470  66.154318 22.615
 68    30.185 54611.05189806 29.11 151.093240  66.151238 22.615
 68    30.279 54611.05190064 38.14 151.080320  66.138888 22.615
 68    30.217 54611.05190129 29.81 151.077090  66.135808 22.615
 68    30.094 54611.05190193 25.81 151.073865  66.132722 21.017
 68    30.139 54611.05190258 27.73 151.070645  66.129632 21.017
 68    30.334 54611.05190322 29.59 151.067415  66.126552 21.017
 69    23.551 54646.05190270 44.89 151.106718  66.165119 35.951
 69    23.513 54646.05190334 53.76 151.103488  66.162029 35.951
 69    23.502 54646.05190399 51.52 151.100258  66.158949 35.951
 69    23.568 54646.05190463 50.11 151.097028  66.155859 35.951
 69    23.580 54646.05190528 51.68 151.093798  66.152779 35.951
 69    23.426 54646.05190592 51.42 151.090558  66.149689 35.951
 69    23.561 54646.05190786 45.48 151.080878  66.140429 35.951
 69    23.679 54646.05190850 52.45 151.077648  66.137349 35.951
 69    23.666 54646.05190915 50.46 151.074426  66.134264 34.244
 69    23.635 54646.05190979 52.19 151.071196  66.131174 34.244
 69    23.630 54646.05191043 50.94 151.067976  66.128094 34.244
 69    23.647 54646.05191108 50.45 151.064746  66.125004 34.244
 70    22.615 54681.05190277 34.28 151.109591  66.169983 19.171
 70    22.514 54681.05190342 23.38 151.106361  66.166893 19.171
 70    22.621 54681.05190406 24.52 151.103121  66.163813 19.171
 70    22.540 54681.05190471 25.09 151.099891  66.160723 19.171
 70    22.588 54681.05190535 25.78 151.096661  66.157643 19.171
 70    30.643 54681.05190600 22.17 151.093431  66.154553 19.171
 70    22.771 54681.05190664 22.06 151.090201  66.151463 19.171
 70    23.808 54681.05190857 24.34 151.080511  66.142213 19.171
 70    22.748 54681.05190922 28.63 151.077281  66.139123 19.171
 70    22.759 54681.05190986 28.20 151.074061  66.136043 19.171
 70    22.749 54681.05191051 25.34 151.070831  66.132955 22.833
 70    29.381 54681.05191115 25.41 151.067601  66.129865 22.833
 70    29.353 54681.05191180 30.29 151.064381  66.126785 22.833
 71    29.426 54716.05185033 25.96 151.110912  66.181166 13.799
 71    29.770 54716.05185098 18.24 151.107682  66.178076 13.799
 71    30.323 54716.05185162 16.36 151.104442  66.174996 13.799
 71    30.300 54716.05185227 18.53 151.101212  66.171906 13.799
 71    29.953 54716.05185291 22.94 151.097982  66.168826 13.799
 71    28.166 54716.05185356 21.45 151.094752  66.165736 13.799
 71    22.752 54716.05185420 24.62 151.091512  66.162656 13.799
 71    22.751 54716.05185485 29.48 151.088282  66.159566 13.799
 71    22.916 54716.05185549 26.73 151.085052  66.156486 13.799
 71    22.884 54716.05185614 23.64 151.081832  66.153396 13.799
 71    32.540 54716.05185678 18.26 151.078602  66.150306 13.799
 71    22.885 54716.05185742 20.61 151.075372  66.147226 13.799
 71    32.840 54716.05185807 17.69 151.072142  66.144136 13.799
 71    33.012 54716.05185871 16.68 151.068922  66.141056 13.799
 72    30.716 54751.05187674 27.03 151.103141  66.156141 22.522
 72    22.570 54751.05187738 35.52 151.099911  66.153061 22.522
 72    22.562 54751.05187803 45.78 151.096681  66.149971 22.522
 72    22.598 54751.05187867 48.51 151.093451  66.146891 22.522
 72    22.633 54751.05188190 37.18 151.077313  66.131460 24.144
 72    22.605 54751.05188254 34.97 151.074083  66.128370 24.144
 72    29.004 54751.05188318 29.43 151.070863  66.125290 24.144
 72    23.003 54751.05188383 34.38 151.067633  66.122200 24.144
 73    29.226 54786.05184081 28.90 151.110347  66.175923 11.185
 73    28.171 54786.05184145 30.86 151.107107  66.172843 11.185
 73    28.004 54786.05184210 31.54 151.103877  66.169753 11.185
 73    21.457 54786.05184274 33.83 151.100637  66.166673 11.185
 73    21.540 54786.05184339 33.39 151.097407  66.163583 11.185
 73    21.578 54786.05184403 34.45 151.094177  66.160503 11.185
 73    29.736 54786.05184468 29.87 151.090947  66.157413 11.185
 73    30.367 54786.05184532 29.51 151.087717  66.154323 11.185
 73    25.378 54786.05184597 29.63 151.084487  66.151243 11.185
 73    21.602 54786.05184726 31.28 151.078027  66.145073 11.185
 73    26.483 54786.05184790 28.14 151.074807  66.141983 11.185
 73    26.229 54786.05184855 27.73 151.071577  66.138903 11.185
 73    21.838 54786.05184919 29.70 151.068353  66.135815  8.140
 73    21.794 54786.05184983 29.56 151.065123  66.132725  8.140
 74    31.420 54821.05187134 21.65 151.098427  66.149797  4.020
 74    30.537 54821.05187198 22.18 151.095197  66.146717  4.020
 74    28.499 54821.05187520 22.91 151.079056  66.131284  9.159
 74    22.063 54821.05187585 39.89 151.075826  66.128194  9.159
 74    21.764 54821.05187649 44.28 151.072606  66.125114  9.159
 74    28.229 54821.05187714 25.68 151.069376  66.122024  9.159
 75    29.864 54856.05183687 22.15 151.112298  66.176099  3.504
 75    30.286 54856.05183751 22.51 151.109058  66.173009  3.504
 75    29.823 54856.05183816 22.57 151.105828  66.169929  3.504
 75    30.665 54856.05183880 22.63 151.102598  66.166839  3.504
 75    29.850 54856.05183945 22.42 151.099358  66.163759  3.504
 75    30.507 54856.05184009 21.31 151.096128  66.160669  3.504
 75    30.063 54856.05184074 21.28 151.092898  66.157589  3.504
 75    29.838 54856.05184138 21.65 151.089668  66.154499  3.504
 75    29.906 54856.05184203 21.68 151.086438  66.151419  3.504
 75    29.109 54856.05184332 21.67 151.079988  66.145239  3.504
 75    27.217 54856.05184396 21.13 151.076758  66.142159  3.504
 75    27.955 54856.05184461 20.62 151.073528  66.139069  3.504
 75    28.219 54856.05184525 20.72 151.070298  66.135989  3.504
 75    28.329 54856.05184590 20.46 151.067075  66.132900  4.708
 75    29.216 54856.05184654 20.11 151.063855  66.129810  4.708
 76    30.812 54891.05187109 19.61 151.109749  66.170883  3.194
 76    29.862 54891.05187173 19.56 151.106509  66.167803  3.194
 76    30.962 54891.05187238 19.77 151.103279  66.164713  3.194
 76    30.779 54891.05187302 18.92 151.100049  66.161633  3.194
 76    30.599 54891.05187367 18.85 151.096819  66.158543  3.194
 76    30.814 54891.05187431 19.08 151.093579  66.155463  3.194
 76    30.751 54891.05187496 19.42 151.090349  66.152373  3.194
 76    28.676 54891.05187560 19.42 151.087119  66.149293  3.194
 76    27.397 54891.05187689 19.04 151.080669  66.143123  3.194
 76    27.726 54891.05187753 19.18 151.077439  66.140033  3.194
 76    27.971 54891.05187818 18.49 151.074212  66.136950  3.535
 76    28.204 54891.05187882 19.11 151.070982  66.133860  3.535
 76    29.108 54891.05187947 18.21 151.067762  66.130770  3.535
 76    29.130 54891.05188011 17.76 151.064532  66.127690  3.535
 77    28.220 54926.05183415 15.99 151.110577  66.184139  2.813
 77    28.631 54926.05183480 16.06 151.107337  66.181059  2.813
 77    29.213 54926.05183544 16.18 151.104107  66.177969  2.813
 77    29.730 54926.05183609 16.35 151.100867  66.174879  2.813
 77    30.079 54926.05183673 16.58 151.097637  66.171799  2.813
 77    29.858 54926.05183931 17.10 151.084707  66.159459  2.813
 77    29.729 54926.05183995 16.87 151.081477  66.156369  2.813
 77    31.250 54926.05184060 17.05 151.078247  66.153279  2.813
 78    23.110 54961.05187132 33.12 151.105544  66.159910 22.177
 78    23.143 54961.05187197 38.18 151.102314  66.156830 22.177
 78    23.166 54961.05187261 30.37 151.099084  66.153740 22.177
 78    23.238 54961.05187326 36.96 151.095844  66.150660 22.177
 78    23.117 54961.05187390 36.90 151.092614  66.147570 22.177
 78    23.394 54961.05187648 31.98 151.079704  66.135230 22.177
 78    23.476 54961.05187713 33.23 151.076476  66.132144 23.382
 78    23.352 54961.05187777 31.05 151.073246  66.129054 23.382
 78    23.489 54961.05187842 26.66 151.070026  66.125974 23.382
 78    23.495 54961.05187906 31.33 151.066796  66.122884 23.382
 79    31.931 54996.05189133 17.77 151.107589  66.168260 14.274
 79    32.165 54996.05189198 16.14 151.104349  66.165180 14.274
 79    32.060 54996.05189262 16.54 151.101119  66.162090 14.274
 79    31.738 54996.05189327 15.85 151.097889  66.159010 14.274
 79    31.563 54996.05189391 17.04 151.094659  66.155920 14.274
 79    31.858 54996.05189456 15.65 151.091429  66.152840 14.274
 79    31.200 54996.05189520 16.42 151.088189  66.149750 14.274
 79    25.200 54996.05189713 25.55 151.078509  66.140490 14.274
 79    31.132 54996.05189778 20.79 151.075279  66.137410 14.274
 79    31.819 54996.05189842 17.81 151.072058  66.134324 16.234
 79    29.437 54996.05189907 22.04 151.068828  66.131234 16.234
 79    29.350 54996.05189971 30.37 151.065598  66.128154 16.234
 80    31.567 55031.05188152 21.04 151.106305  66.166073 20.111
 80    22.753 55031.05188217 28.35 151.103075  66.162983 20.111
 80    22.704 55031.05188281 29.82 151.099845  66.159903 20.111
 80    22.841 55031.05188346 24.53 151.096615  66.156813 20.111
 80    24.836 55031.05188410 22.06 151.093385  66.153733 20.111
 80    22.730 55031.05188475 22.61 151.090145  66.150643 20.111
 80    25.330 55031.05188668 23.10 151.080465  66.141383 20.111
 80    23.750 55031.05188732 21.02 151.077235  66.138303 20.111
 80    23.378 55031.05188797 19.05 151.074012  66.135218 17.512
 80    23.007 55031.05188861 22.20 151.070782  66.132128 17.512
 80    29.291 55031.05188926 27.49 151.067562  66.129048 17.512
 80    23.074 55031.05188990 39.08 151.064332  66.125958 17.512
 81    22.305 55066.05187008 29.26 151.110560  66.172497 29.013
 81    22.267 55066.05187072 37.66 151.107330  66.169417 29.013
 81    21.938 55066.05187137 28.94 151.104100  66.166327 29.013
 81    22.324 55066.05187201 29.47 151.100860  66.163247 29.013
 81    22.489 55066.05187266 41.31 151.097630  66.160157 29.013
 81    22.381 55066.05187330 47.41 151.094400  66.157077 29.013
 81    22.311 55066.05187395 47.82 151.091170  66.153987 29.013
 81    22.347 55066.05187459 35.43 151.087940  66.150897 29.013
 81    26.621 55066.05187653 21.21 151.078250  66.141647 29.013
 81    26.463 55066.05187717 21.96 151.075030  66.138557 29.013
 81    22.575 55066.05187781 27.34 151.071800  66.135477 29.013
 81    22.566 55066.05187846 25.20 151.068580  66.132387 15.713
 81    29.176 55066.05187910 33.96 151.065350  66.129297 15.713
 82    22.774 55101.05180971 51.13 151.110035  66.185104 39.863
 82    22.607 55101.05181036 52.83 151.106795  66.182024 39.863
 82    22.656 55101.05181100 51.60 151.103565  66.178934 39.863
 82    22.768 55101.05181165 52.70 151.100325  66.175854 39.863
 83    20.744 55136.05181835 25.82 151.105917  66.159637  8.385
 83    30.080 55136.05181899 24.54 151.102677  66.156547  8.385
 83    29.889 55136.05181964 24.39 151.099447  66.153467  8.385
 83    20.952 55136.05182028 25.78 151.096217  66.150377  8.385
 83    20.781 55136.05182093 27.13 151.092987  66.147297  8.385
 83    21.620 55136.05182415 34.95 151.076851  66.131865 12.177
 83    21.710 55136.05182479 46.79 151.073621  66.128775 12.177
 83    21.595 55136.05182544 44.30 151.070401  66.125695 12.177
 83    21.544 55136.05182608 36.13 151.067171  66.122605 12.177
 84    29.938 55171.05177759 14.59 151.110787  66.177765  2.582
 84    30.332 55171.05177823 14.61 151.107547  66.174675  2.582
 84    30.650 55171.05177888 14.58 151.104317  66.171595  2.582
 84    30.526 55171.05177952 15.15 151.101087  66.168505  2.582
 84    30.861 55171.05178017 14.95 151.097847  66.165425  2.582
 84    30.631 55171.05178081 14.77 151.094617  66.162335  2.582
 84    30.435 55171.05178146 14.64 151.091387  66.159255  2.582
 84    30.328 55171.05178210 14.89 151.088157  66.156165  2.582
 84    30.627 55171.05178275 15.02 151.084927  66.153085  2.582
 84    30.390 55171.05178339 15.39 151.081697  66.149995  2.582
 84    29.889 55171.05178404 15.78 151.078467  66.146905  2.582
 84    29.884 55171.05178468 15.24 151.075247  66.143825  2.582
 84    27.542 55171.05178533 15.43 151.072017  66.140735  2.582
 84    28.145 55171.05178597 16.31 151.068787  66.137655  2.582
 84    21.842 55171.05178661 21.31 151.065562  66.134565  4.273
 85    31.035 55206.05181254 15.31 151.102833  66.155805  3.180
 85    31.420 55206.05181318 15.53 151.099603  66.152725  3.180
 85    31.338 55206.05181383 16.87 151.096373  66.149635  3.180
 85    31.364 55206.05181447 18.12 151.093143  66.146555  3.180
 85    21.639 55206.05181769 37.08 151.077007  66.131123  7.807
 85    21.736 55206.05181834 45.89 151.073777  66.128043  7.807
 85    28.944 55206.05181898 19.45 151.070557  66.124953  7.807
 85    29.267 55206.05181963 15.67 151.067327  66.121863  7.807
 86    29.278 55241.05178292 15.15 151.110682  66.180885  2.856
 86    29.552 55241.05178356 15.39 151.107452  66.177805  2.856
 86    30.214 55241.05178421 15.05 151.104212  66.174715  2.856
 86    30.709 55241.05178485 15.06 151.100982  66.171635  2.856
 86    30.722 55241.05178550 15.73 151.097752  66.168545  2.856
 86    30.546 55241.05178614 15.72 151.094512  66.165465  2.856
 86    30.704 55241.05178679 15.44 151.091282  66.162375  2.856
 86    30.324 55241.05178743 15.49 151.088052  66.159295  2.856
 86    29.866 55241.05178808 16.15 151.084822  66.156205  2.856
 86    29.311 55241.05178872 16.44 151.081592  66.153115  2.856
 86    30.065 55241.05178937 16.25 151.078362  66.150035  2.856
 86    29.183 55241.05179001 16.67 151.075142  66.146945  2.856
 86    28.483 55241.05179065 16.41 151.071912  66.143865  2.856
 86    27.968 55241.05179130 15.67 151.068682  66.140775  2.856
 87    30.591 55276.05180308 14.57 151.111659  66.173560  3.125
 87    30.927 55276.05180373 15.62 151.108429  66.170470  3.125
 87    31.103 55276.05180437 15.72 151.105189  66.167390  3.125
 87    31.098 55276.05180502 15.39 151.101959  66.164300  3.125
 87    30.805 55276.05180566 14.91 151.098729  66.161220  3.125
 87    30.582 55276.05180631 14.72 151.095499  66.158130  3.125
 87    30.855 55276.05180695 14.22 151.092269  66.155050  3.125
 87    30.887 55276.05180760 15.74 151.089029  66.151960  3.125
 87    29.368 55276.05180824 16.44 151.085809  66.148880  3.125
 87    28.707 55276.05180953 15.93 151.079349  66.142700  3.125
 87    27.748 55276.05181017 16.06 151.076119  66.139620  3.125
 87    28.021 55276.05181082 16.40 151.072898  66.136534  3.381
 87    28.583 55276.05181146 15.89 151.069668  66.133444  3.381
 87    29.051 55276.05181211 15.03 151.066448  66.130364  3.381
 88    29.987 55311.05176748 16.26 151.109502  66.178470  4.963
 88    30.476 55311.05176813 14.62 151.106272  66.175390  4.963
 88    30.799 55311.05176877 14.68 151.103032  66.172300  4.963
 88    30.934 55311.05176942 14.93 151.099802  66.169220  4.963
 88    30.907 55311.05177006 13.99 151.096572  66.166130  4.963
 88    30.869 55311.05177071 13.78 151.093332  66.163050  4.963
 88    31.099 55311.05177135 13.80 151.090102  66.159960  4.963
 88    31.395 55311.05177200 14.79 151.086872  66.156880  4.963
 88    31.535 55311.05177264 14.33 151.083642  66.153790  4.963
 88    31.453 55311.05177329 14.88 151.080412  66.150700  4.963
 88    30.997 55311.05177393 15.15 151.077192  66.147620  4.963
 88    30.679 55311.05177458 14.18 151.073962  66.144530  4.963
 88    27.885 55311.05177522 14.45 151.070732  66.141450  4.963
 88    27.515 55311.05177587 15.78 151.067512  66.138360  4.963
 89    28.705 55346.05177388 54.76 151.106888  66.165119 35.054
 89    28.815 55346.05177452 52.07 151.103658  66.162029 35.054
 89    28.784 55346.05177516 51.02 151.100428  66.158949 35.054
 89    28.714 55346.05177581 50.95 151.097198  66.155859 35.054
 89    28.869 55346.05177645 48.32 151.093968  66.152779 35.054
 89    28.798 55346.05177710 47.82 151.090738  66.149689 35.054
 89    28.638 55346.05177968 37.50 151.077818  66.137349 35.054
 89    28.754 55346.05178032 34.44 151.074590  66.134263 26.410
 89    28.651 55346.05178097 29.55 151.071370  66.131173 26.410
 89    29.481 55346.05178161 27.56 151.068140  66.128093 26.410
 89    29.278 55346.05178226 33.05 151.064920  66.125003 26.410
 90    25.092 55381.05176463 44.95 151.112171  66.175311 38.721
 90    25.077 55381.05176527 53.03 151.108931  66.172231 38.721
 90    25.091 55381.05176592 52.84 151.105701  66.169141 38.721
 90    25.078 55381.05176656 49.38 151.102461  66.166061 38.721
 90    25.084 55381.05176720 49.66 151.099231  66.162971 38.721
 90    24.999 55381.05176785 50.98 151.096001  66.159891 38.721
 90    24.966 55381.05176849 52.47 151.092771  66.156801 38.721
 90    24.989 55381.05176914 50.51 151.089541  66.153721 38.721
 90    25.022 55381.05176978 52.43 151.086311  66.150631 38.721
 90    25.128 55381.05177107 51.16 151.079851  66.144461 38.721
 90    25.183 55381.05177172 47.48 151.076621  66.141371 38.721
 90    25.226 55381.05177236 40.23 151.073401  66.138291 38.721
 90    25.187 55381.05177301 34.80 151.070171  66.135204 28.501
 90    25.144 55381.05177365 33.02 151.066951  66.132114 28.501
 90    25.141 55381.05177430 41.25 151.063721  66.129034 28.501
 91    31.612 55416.05179642 21.20 151.097619  66.148925 25.414
 91    23.020 55416.05179707 27.70 151.094389  66.145845 25.414
 91    29.593 55416.05180029 17.34 151.078250  66.130411 19.046
 91    29.083 55416.05180093 21.95 151.075020  66.127321 19.046
 91    29.193 55416.05180158 22.49 151.071800  66.124241 19.046
 91    29.377 55416.05180222 21.83 151.068570  66.121151 19.046
 92    32.002 55451.05177567 18.20 151.111242  66.175426 13.239
 92    29.852 55451.05177631 20.05 151.108002  66.172336 13.239
 92    24.941 55451.05177695 26.05 151.104772  66.169256 13.239
 92    25.253 55451.05177760 27.02 151.101542  66.166166 13.239
 92    31.001 55451.05177824 21.02 151.098302  66.163086 13.239
 92    30.985 55451.05177889 19.47 151.095072  66.159996 13.239
 92    31.587 55451.05177953 18.09 151.091842  66.156916 13.239
 92    31.782 55451.05178018 18.79 151.088612  66.153826 13.239
 92    32.330 55451.05178082 18.04 151.085382  66.150736 13.239
 92    25.304 55451.05178211 23.83 151.078932  66.144566 13.239
 92    25.255 55451.05178276 22.63 151.075702  66.141486 13.239
 92    32.872 55451.05178340 18.12 151.072472  66.138396 13.239
 92    32.697 55451.05178405 15.98 151.069252  66.135316 13.239
 92    32.173 55451.05178469 18.02 151.066022  66.132226 24.968
 92    29.384 55451.05178534 35.10 151.062802  66.129136 24.968
 93    22.108 55486.05169868 39.24 151.108820  66.181970 30.588
 93    22.231 55486.05169932 45.16 151.105590  66.178880 30.588
 93    22.124 55486.05169997 48.42 151.102350  66.175800 30.588
 93    22.169 55486.05170061 44.33 151.099120  66.172710 30.588
 93    22.125 55486.05170319 37.00 151.086190  66.160370 30.588
 93    22.276 55486.05170384 40.90 151.082970  66.157290 30.588
 93    22.217 55486.05170448 46.45 151.079740  66.154200 30.588
 93    22.235 55486.05170512 49.92 151.076510  66.151110 30.588
