# NaN NaN NaN ;Mean Elev.(m), Avg Gradient(m/km), RMS Gradient(m/km) - SRTM1     
#   -1.117  -1.238   7.318 ;Mean Elev.(m), Avg Gradient(m/km), RMS Gradient(m/km) - ASTER GDEM
#   34.919  -0.986   3.962 ;Mean Elev.(m), Avg Gradient(m/km), RMS Gradient(m/km) - GMTED2010 
  7 151.088059  66.150899    30.996    31.719 14 52476.05195017 22.838
  8 151.089051  66.150166    30.950    31.404 12 52511.05190314 22.818
  9 151.077639  66.123289    25.259    27.402  5 52546.05192811 40.169
 10 151.078911  66.134929    23.583    21.675  9 52581.05194890 42.878
 11 151.094995  66.167778    30.198    30.477 11 52616.05191231 20.663
 12 151.075333  66.123004    29.314    29.152  5 52651.05189796 20.041
 13 151.090822  66.153848    29.843    30.097 13 52686.05188181 18.457
 14 151.085132  66.142782    30.184    30.343 10 52721.05193385 17.208
 15 151.106251  66.183944    28.886    28.842  4 52756.05194936 15.696
 16 151.079038  66.121501    28.280    28.262  4 52791.05191068 43.249
 17 151.076497  66.121547    31.508    32.868  5 52826.05198001 22.955
 18 151.079364  66.124056    27.704    28.197  5 52861.05202514 27.873
 19 151.088544  66.152223    25.462    25.120 14 52896.05205018 26.495
 20 151.103736  66.178953    21.352    21.369  5 52931.05199307 48.251
 21 151.077216  66.121201    25.700    27.392  3 52966.05200038 24.542
 22 151.089287  66.156041    29.946    30.065 14 53001.05202467 16.766
 23 151.095288  66.168617    30.399    30.478 11 53036.05197134 16.815
 24 151.080907  66.138992    29.665    29.801 11 53071.05199845 18.470
 25 151.104794  66.182300    29.123    29.160  3 53106.05196986 13.681
 26 151.076326  66.127000    23.036    23.132  6 53141.05200775 38.518
 27 151.093842  66.149387    27.457    27.402  9 53176.05203355 52.337
 28 151.088880  66.150819    30.206    30.827 14 53211.05205234 22.246
 29 151.088295  66.152089    28.934    30.385 14 53246.05202029 23.821
 30 151.075370  66.123337    28.642    28.915  5 53281.05201072 24.513
 31 151.085823  66.139627    21.864    21.858  8 53316.05201991 33.807
 32 151.090860  66.151102    21.610    21.583 11 53351.05198340 33.082
 33 151.078103  66.124681    21.871    21.901  5 53386.05197267 27.445
 34 151.076526  66.128831    23.077    22.005  6 53421.05197561 26.777
 37 151.085798  66.139816    24.105    24.104  8 53526.05204683 51.311
 38 151.089535  66.158713    23.971    23.926 15 53561.05207164 52.957
 39 151.090780  66.153516    31.588    32.080 13 53596.05201127 22.621
 40 151.078166  66.125001    30.098    31.209  5 53631.05201082 28.257
 41 151.089842  66.150295    21.294    21.292 12 53666.05202908 42.473
 42 151.090748  66.151443    23.674    21.525 11 53701.05198023 33.439
 43 151.088153  66.159121    28.209    28.342 14 53736.05188920 26.631
 44 151.078761  66.127027    28.305    29.142  6 53771.05189874 22.945
 45 151.086637  66.152014    29.601    29.651 15 53806.05188574 21.893
 47 151.075323  66.127349    29.120    31.188  6 53876.05195790 30.518
 48 151.089362  66.149102    31.393    32.047 11 53911.05200203 21.431
 49 151.088631  66.158337    28.205    28.111 15 53946.05201891 22.464
 50 151.089632  66.159353    31.193    31.667 15 53981.05196431 22.715
 51 151.078597  66.121201    22.675    22.645  3 54016.05199270 52.213
 52 151.074372  66.124076    22.132    22.051  5 54051.05199239 34.756
 53 151.091975  66.154462    29.885    30.202 13 54086.05197859 14.532
 54 151.105442  66.183703    29.084    28.903  3 54121.05189874 10.870
 55 151.085270  66.143955    30.391    30.401 10 54156.05193963 12.103
 56 151.093704  66.166309    30.180    30.362 12 54191.05189995 11.730
 57 151.078240  66.134145    31.935    31.991  9 54226.05195274  7.825
 58 151.078283  66.134930    31.259    31.300  9 54261.05197248 26.351
 59 151.085803  66.143984    30.387    30.843 10 54296.05197502 22.546
 60 151.087652  66.150278    30.091    30.603 14 54331.05196566 25.588
 61 151.092598  66.164851    24.267    24.261 13 54366.05190631 51.532
 62 151.085388  66.143002    21.588    21.595 10 54401.05190909 47.272
 63 151.088841  66.157391    28.472    29.947 15 54436.05186375 23.618
 64 151.076962  66.125928    24.641    23.529  6 54471.05189658 24.368
 65 151.089576  66.158970    29.281    29.148 15 54506.05187640 13.754
 66 151.085779  66.143091    29.375    29.696 10 54541.05190807 16.268
 67 151.088726  66.159147    29.258    29.296 14 54576.05187773 13.578
 68 151.086783  66.145064    30.200    30.198 10 54611.05189935 31.785
 69 151.085727  66.145062    23.580    23.596 12 54646.05190689 51.032
 70 151.090204  66.151468    24.391    22.771 13 54681.05190664 27.684
 71 151.089907  66.161110    27.894    27.561 14 54716.05185452 23.422
 72 151.085385  66.139173    24.462    22.734  8 54751.05188028 41.933
 73 151.089336  66.155870    25.243    25.675 14 54786.05184500 31.094
 74 151.077445  66.129740    27.085    25.677  6 54821.05187553 37.949
 75 151.089677  66.154499    29.390    29.416 15 54856.05184138 21.599
 76 151.088745  66.150832    29.485    29.721 14 54891.05187528 19.063
 77 151.099256  66.173341    29.589    29.359  8 54926.05183641 16.542
 78 151.086165  66.141400    23.298    23.316 10 54961.05187519 34.209
 79 151.089816  66.151293    30.788    31.512 12 54996.05189488 22.438
 80 151.085313  66.146015    24.605    23.134 12 55031.05188571 29.863
 81 151.091174  66.153987    23.520    22.409 13 55066.05187395 40.463
 82 151.105180  66.180479    22.701    22.712  4 55101.05181068 52.124
 83 151.092991  66.147294    23.213    21.061  9 55136.05182093 39.687
 84 151.088166  66.156166    29.468    30.176 15 55171.05178210 15.954
 85 151.085077  66.138838    28.343    30.182  8 55206.05181608 37.426
 86 151.089672  66.160833    29.780    30.041 14 55241.05178711 15.790
 87 151.090655  66.153504    29.880    30.072 14 55276.05180727 15.524
 88 151.088496  66.158418    30.466    30.910 14 55311.05177168 14.743
 89 151.090742  66.149691    28.862    28.798 11 55346.05177710 48.888
 90 151.089542  66.153716    25.094    25.102 15 55381.05176914 49.727
 91 151.076638  66.128867    28.646    29.493  6 55416.05180061 23.227
 92 151.088620  66.153826    29.828    31.250 15 55451.05178018 25.499
 93 151.092663  66.166542    22.186    22.171  8 55486.05170190 45.703
