# NaN NaN NaN ;Mean Elev.(m), Avg Gradient(m/km), RMS Gradient(m/km) - SRTM1     
#  -15.037  -2.544  12.151 ;Mean Elev.(m), Avg Gradient(m/km), RMS Gradient(m/km) - ASTER GDEM
#    5.533  -2.125  11.975 ;Mean Elev.(m), Avg Gradient(m/km), RMS Gradient(m/km) - GMTED2010 
  7    42.984 52467.03947777  6.72 158.050786  68.445269  9.805
  7    42.599 52467.03947842  8.17 158.046926  68.442229  9.805
  7    42.427 52467.03947906  8.21 158.043065  68.439200 10.208
  7    61.285 52467.03947971  6.39 158.039205  68.436160 10.208
  7    61.112 52467.03948035  5.39 158.035345  68.433130 10.208
  8    57.293 52502.03946838  4.07 158.051990  68.451994  7.807
  8    49.877 52502.03946903  5.11 158.048130  68.448964  7.807
  8    59.187 52502.03946967  6.02 158.044270  68.445924  7.807
  8    59.370 52502.03947032  6.87 158.040410  68.442894  7.807
  8    60.440 52502.03947096  6.66 158.036550  68.439864  7.807
  8    60.024 52502.03947161  7.09 158.032690  68.436824  7.807
  8    60.285 52502.03947225  6.24 158.028830  68.433794  7.807
  8    60.600 52502.03947290  5.01 158.024970  68.430754  7.807
  8    60.262 52502.03947354  4.13 158.021110  68.427724  7.807
 11    57.973 52607.03945034 16.24 158.052531  68.449290  5.695
 11    58.950 52607.03945098 16.06 158.048671  68.446260  5.695
 11    59.880 52607.03945163 15.31 158.044811  68.443230  5.695
 11    60.722 52607.03945227 14.90 158.040951  68.440190  5.695
 11    60.684 52607.03945292 15.19 158.037091  68.437160  5.695
 11    60.979 52607.03945356 16.05 158.033231  68.434120  5.695
 11    60.689 52607.03945421 17.27 158.029371  68.431090  5.695
 13    56.957 52677.03943467 13.57 158.052403  68.450371  4.255
 13    52.541 52677.03943532 13.83 158.048543  68.447341  4.255
 13    53.823 52677.03943596 13.82 158.044683  68.444311  4.255
 13    56.477 52677.03943661 14.67 158.040823  68.441271  4.255
 13    60.644 52677.03943725 13.28 158.036963  68.438241  4.255
 13    59.708 52677.03943790 13.99 158.033103  68.435201  4.255
 13    59.810 52677.03943854 12.96 158.029243  68.432171  4.255
 13    60.614 52677.03943919 11.24 158.025393  68.429141  4.255
 15    50.469 52747.03949082  9.51 158.051571  68.458756  3.807
 15    51.203 52747.03949147  9.90 158.047701  68.455726  3.807
 15    55.148 52747.03949211 11.45 158.043841  68.452686  3.807
 15    53.060 52747.03949276 11.38 158.039971  68.449656  3.807
 15    56.459 52747.03949340 11.96 158.036111  68.446616  3.807
 15    54.179 52747.03949405 13.44 158.032251  68.443586  3.807
 15    57.572 52747.03949469 11.32 158.028391  68.440556  3.807
 15    57.889 52747.03949534 11.24 158.024531  68.437516  3.807
 15    57.792 52747.03949598 10.54 158.020671  68.434486  3.807
 15    58.763 52747.03949663  8.38 158.016821  68.431446  3.807
 15    57.698 52747.03949727  9.56 158.012961  68.428416  3.807
 15    54.213 52747.03949791 10.54 158.009111  68.425386  3.807
 15    55.945 52747.03949856  9.35 158.005254  68.422345  5.047
 15    54.873 52747.03949920 10.44 158.001394  68.419315  5.047
 20     9.350 52922.03955021 19.37 158.051532  68.454126  6.017
 20     8.918 52922.03955086 19.81 158.047662  68.451086  6.017
 20     8.586 52922.03955150 20.84 158.043802  68.448056  6.017
 20     8.864 52922.03955214 20.87 158.039942  68.445016  6.017
 20     8.987 52922.03955279 20.12 158.036082  68.441986  6.017
 20     8.746 52922.03955343 19.39 158.032222  68.438956  6.017
 20     7.714 52922.03955408 19.81 158.028362  68.435916  6.017
 20     7.326 52922.03955472 20.22 158.024502  68.432886  6.017
 20     7.180 52922.03955537 20.04 158.020652  68.429846  6.017
 20     7.831 52922.03955601 19.90 158.016792  68.426816  6.017
 20     8.153 52922.03955666 20.78 158.012942  68.423776  6.017
 23    57.799 53027.03950303 12.66 158.050071  68.447480  4.754
 23    53.215 53027.03950368 14.43 158.046211  68.444450  4.754
 23    53.144 53027.03950432 15.31 158.042351  68.441410  4.754
 23    60.036 53027.03950497 13.72 158.038491  68.438380  4.754
 23    59.783 53027.03950561 14.66 158.034631  68.435340  4.754
 23    59.785 53027.03950626 14.84 158.030771  68.432310  4.754
 23    59.688 53027.03950690 12.44 158.026921  68.429270  4.754
 25    48.713 53097.03953368  9.47 158.053161  68.460323  4.364
 25    50.111 53097.03953432  8.40 158.049291  68.457293  4.364
 25    50.857 53097.03953497  8.92 158.045431  68.454263  4.364
 25    51.798 53097.03953561 10.19 158.041561  68.451223  4.364
 25    50.560 53097.03953626 11.40 158.037701  68.448193  4.364
 25    51.008 53097.03953690 10.98 158.033841  68.445153  4.364
 25    50.958 53097.03953755 10.74 158.029981  68.442123  4.364
 25    39.964 53097.03953819 13.20 158.026121  68.439083  4.364
 25    50.842 53097.03953884 12.19 158.022261  68.436053  4.364
 25    50.258 53097.03953948 10.75 158.018411  68.433023  4.364
 25    48.867 53097.03954013 10.28 158.014551  68.429983  4.364
 25    47.464 53097.03954077 11.07 158.010691  68.426953  4.364
 25    46.714 53097.03954142 10.76 158.006841  68.423913  4.364
 25    46.527 53097.03954206 10.64 158.002991  68.420883  4.364
 29    71.751 53237.03955689  3.66 158.049096  68.444317  3.994
 29    69.182 53237.03955754  4.42 158.045236  68.441287  3.994
 29    61.955 53237.03955818  6.14 158.041376  68.438247  3.994
 29    66.311 53237.03955883  4.00 158.037516  68.435217  3.994
 29    63.082 53237.03955947  3.31 158.033656  68.432177  3.994
 33    52.169 53377.03947764  8.27 158.051975  68.456489  4.304
 33    56.647 53377.03947828  7.69 158.048105  68.453459  4.304
 33    57.216 53377.03947892  8.12 158.044245  68.450429  4.304
 33    57.106 53377.03947957  9.96 158.040385  68.447389  4.304
 33    58.670 53377.03948021  9.20 158.036525  68.444359  4.304
 33    59.539 53377.03948086  8.39 158.032660  68.441325  4.715
 33    59.646 53377.03948150  9.68 158.028810  68.438295  4.715
 33    59.459 53377.03948215 10.18 158.024950  68.435255  4.715
 33    60.001 53377.03948279  8.84 158.021090  68.432225  4.715
 33    59.788 53377.03948344  8.16 158.017240  68.429185  4.715
 33    59.243 53377.03948408  6.89 158.013380  68.426155  4.715
 33    58.073 53377.03948473  7.69 158.009530  68.423115  4.715
 37    83.655 53517.03959218  2.21 158.052191  68.446418  4.185
 37    80.981 53517.03959283  2.32 158.048331  68.443378  4.185
 37    71.073 53517.03959347  5.86 158.044471  68.440348  4.185
 37    72.885 53517.03959411  5.81 158.040611  68.437318  4.185
 37    64.541 53517.03959476  6.94 158.036751  68.434278  4.185
 38    57.025 53552.03961185  6.42 158.053085  68.452691  4.449
 38    50.356 53552.03961249  8.48 158.049215  68.449661  4.449
 38    53.641 53552.03961314  7.03 158.045355  68.446621  4.449
 38    50.991 53552.03961378  8.49 158.041495  68.443591  4.449
 38    60.160 53552.03961443  8.41 158.037625  68.440561  4.449
 38    60.766 53552.03961507  8.00 158.033775  68.437521  4.449
 38    60.542 53552.03961571  9.50 158.029915  68.434491  4.449
 38    60.578 53552.03961636  6.82 158.026055  68.431451  4.449
 38    60.713 53552.03961700  3.81 158.022195  68.428421  4.449
 39    59.761 53587.03956698  2.93 158.051007  68.447244  4.929
 39    60.477 53587.03956762  5.39 158.047147  68.444214  4.929
 39    61.046 53587.03956827  5.16 158.043287  68.441174  4.929
 39    61.197 53587.03956891  6.52 158.039427  68.438144  4.929
 39    61.381 53587.03956956  6.21 158.035567  68.435104  4.929
 39    61.266 53587.03957020  6.96 158.031707  68.432074  4.929
 42     0.688 53692.03954604 23.92 158.050595  68.449835  7.068
 42     1.092 53692.03954733 24.67 158.042875  68.443765  7.068
 42     1.101 53692.03954797 26.20 158.039015  68.440735  7.068
 42     1.166 53692.03954862 25.00 158.035155  68.437695  7.068
 42     0.883 53692.03954926 26.71 158.031295  68.434665  7.068
 42     1.094 53692.03954991 24.11 158.027435  68.431635  7.068
 42     1.068 53692.03955055 24.02 158.023585  68.428595  7.068
 43    53.413 53727.03946814 12.81 158.052218  68.457733  5.024
 43    55.602 53727.03946878 11.88 158.048348  68.454703  5.024
 43    56.361 53727.03946943 14.72 158.044488  68.451673  5.024
 43    57.237 53727.03947007 15.68 158.040628  68.448633  5.024
 43    51.761 53727.03947072 16.32 158.036768  68.445603  5.024
 43    52.157 53727.03947136 15.68 158.032908  68.442563  5.024
 43    58.985 53727.03947201 16.08 158.029048  68.439533  5.024
 43    51.196 53727.03947265 19.14 158.025198  68.436493  5.024
 43    59.247 53727.03947330 15.22 158.021338  68.433463  5.024
 43    58.954 53727.03947394 13.85 158.017478  68.430433  5.024
 43    58.660 53727.03947459 12.37 158.013628  68.427393  5.024
 43    58.108 53727.03947523 12.43 158.009778  68.424363  5.024
 43    57.063 53727.03947588 13.64 158.005918  68.421323  5.024
 45    56.929 53797.03943516 11.13 158.052429  68.451209  4.245
 45    57.570 53797.03943581 11.59 158.048569  68.448179  4.245
 45    58.052 53797.03943645 12.02 158.044709  68.445139  4.245
 45    59.803 53797.03943710 11.20 158.040849  68.442109  4.245
 45    56.561 53797.03943774 12.62 158.036989  68.439069  4.245
 45    52.017 53797.03943839 14.55 158.033129  68.436039  4.245
 45    51.806 53797.03943903 14.90 158.029269  68.433009  4.245
 45    59.564 53797.03943968 11.42 158.025419  68.429969  4.245
 49     7.206 53937.03956146 11.69 158.052094  68.451975  5.668
 49     7.474 53937.03956210 11.95 158.048234  68.448935  5.668
 49     8.088 53937.03956275 10.83 158.044364  68.445905  5.668
 49     7.358 53937.03956339 11.94 158.040504  68.442875  5.668
 49     7.550 53937.03956404 12.45 158.036644  68.439835  5.668
 49     7.285 53937.03956468 14.17 158.032784  68.436805  5.668
 49     3.623 53937.03956533 16.53 158.028924  68.433765  5.668
 49     3.620 53937.03956597 17.57 158.025064  68.430735  5.668
 49     3.700 53937.03956662 18.90 158.021204  68.427705  5.668
 50     9.255 53972.03952641 14.22 158.049174  68.452953  6.886
 50     7.730 53972.03952706 16.38 158.045314  68.449923  6.886
 50     8.687 53972.03952770 13.26 158.041454  68.446883  6.886
 50     8.666 53972.03952835 12.19 158.037594  68.443853  6.886
 50     8.619 53972.03952899 13.10 158.033734  68.440823  6.886
 50     8.062 53972.03952964 13.04 158.029874  68.437783  6.886
 50     7.315 53972.03953028 13.99 158.026014  68.434753  6.886
 50     7.506 53972.03953093 16.08 158.022154  68.431713  6.886
 50     7.254 53972.03953157 18.21 158.018294  68.428683  6.886
 50     9.985 53972.03953222 19.03 158.014444  68.425643  6.886
 50    10.426 53972.03953286 17.86 158.010594  68.422613  6.886
 53    58.819 54077.03953124  8.02 158.050808  68.449201  4.122
 53    59.347 54077.03953188  9.10 158.046948  68.446171  4.122
 53    60.154 54077.03953253  9.51 158.043088  68.443131  4.122
 53    60.586 54077.03953317  8.43 158.039228  68.440101  4.122
 53    61.119 54077.03953382  8.61 158.035368  68.437071  4.122
 53    60.961 54077.03953446  8.89 158.031508  68.434031  4.122
 53    60.991 54077.03953511  7.14 158.027648  68.431001  4.122
 53    60.908 54077.03953575  5.84 158.023798  68.427961  4.122
 54    51.583 54112.03946891  7.19 158.053297  68.462228  3.613
 54    50.257 54112.03946956  7.10 158.049437  68.459198  3.613
 54    54.117 54112.03947020  6.99 158.045567  68.456168  3.613
 54    56.197 54112.03947085  6.99 158.041707  68.453128  3.613
 54    55.998 54112.03947149  7.70 158.037847  68.450098  3.613
 54    57.079 54112.03947214  6.76 158.033987  68.447058  3.613
 54    58.009 54112.03947278  6.15 158.030127  68.444028  3.613
 54    58.388 54112.03947343  6.20 158.026267  68.440998  3.613
 54    58.319 54112.03947407  7.09 158.022407  68.437958  3.613
 54    58.150 54112.03947472  7.22 158.018557  68.434928  3.613
 54    57.803 54112.03947536  6.73 158.014697  68.431888  3.613
 54    58.164 54112.03947600  6.45 158.010847  68.428858  3.613
 54    57.208 54112.03947665  6.99 158.006987  68.425818  3.613
 54    56.387 54112.03947729  7.61 158.003137  68.422788  3.613
 54    52.178 54112.03947794  8.10 157.999287  68.419748  3.613
 54    53.546 54112.03947858  7.79 157.995437  68.416718  3.613
 56    54.192 54182.03945766  6.16 158.049943  68.456922  3.089
 56    54.923 54182.03945831  7.17 158.046083  68.453882  3.089
 56    56.598 54182.03945895  6.37 158.042223  68.450852  3.089
 56    58.227 54182.03945960  6.51 158.038363  68.447822  3.089
 56    57.277 54182.03946024  6.70 158.034503  68.444782  3.089
 56    59.228 54182.03946089  6.17 158.030643  68.441752  3.089
 56    58.216 54182.03946153  6.17 158.026786  68.438716  3.877
 56    59.747 54182.03946218  5.60 158.022926  68.435686  3.877
 56    59.577 54182.03946282  6.24 158.019066  68.432646  3.877
 56    59.227 54182.03946347  6.13 158.015216  68.429616  3.877
 56    58.539 54182.03946411  6.55 158.011356  68.426576  3.877
 56    57.309 54182.03946476  6.35 158.007506  68.423546  3.877
 56    55.747 54182.03946540  7.23 158.003656  68.420506  3.877
 59     5.408 54287.03951380 14.83 158.049974  68.444410 11.183
 59     5.053 54287.03951445 15.63 158.046114  68.441370 11.183
 59     5.273 54287.03951509 16.30 158.042247  68.438340 11.627
 59     6.428 54287.03951574 17.27 158.038387  68.435300 11.627
 61    83.209 54357.03946793  1.38 158.051953  68.456669  3.770
 61    82.949 54357.03946858  1.82 158.048093  68.453629  3.770
 61    68.597 54357.03946922  1.98 158.044233  68.450599  3.770
 61    61.055 54357.03946987  2.34 158.040373  68.447569  3.770
 61    60.135 54357.03947051  2.00 158.036503  68.444529  3.770
 61    60.562 54357.03947116  2.72 158.032653  68.441499  3.770
 61    60.658 54357.03947180  1.98 158.028794  68.438462  7.616
 61    60.239 54357.03947245  5.77 158.024934  68.435432  7.616
 61    60.040 54357.03947309  6.27 158.021074  68.432392  7.616
 61    59.844 54357.03947374  4.29 158.017224  68.429362  7.616
 61    59.469 54357.03947438  4.15 158.013364  68.426322  7.616
 61    60.185 54357.03947503  1.60 158.009514  68.423292  7.616
 61    58.348 54357.03947567  2.80 158.005664  68.420252  7.616
 63    53.198 54427.03941975 12.44 158.050014  68.447781  4.557
 63    53.122 54427.03942040 14.38 158.046154  68.444751  4.557
 63    53.731 54427.03942104 13.63 158.042294  68.441721  4.557
 63    60.497 54427.03942169 13.30 158.038434  68.438681  4.557
 63    52.982 54427.03942233 14.72 158.034574  68.435651  4.557
 63    52.754 54427.03942298 13.59 158.030715  68.432616  6.642
 63    60.594 54427.03942362 10.80 158.026865  68.429586  6.642
 65    57.567 54497.03942729  9.16 158.051443  68.448778  3.348
 65    58.444 54497.03942794 11.02 158.047583  68.445738  3.348
 65    59.278 54497.03942858  9.90 158.043723  68.442708  3.348
 65    59.327 54497.03942923 10.88 158.039863  68.439678  3.348
 65    59.658 54497.03942987 10.08 158.036003  68.436638  3.348
 65    59.949 54497.03943052  8.88 158.032143  68.433608  3.348
 65    60.157 54497.03943116  8.55 158.028283  68.430568  3.348
 67    50.322 54567.03943089  8.49 158.052316  68.456886  3.195
 67    55.333 54567.03943154  9.02 158.048446  68.453856  3.195
 67    55.939 54567.03943218  8.86 158.044586  68.450816  3.195
 67    56.492 54567.03943282  9.81 158.040726  68.447786  3.195
 67    58.568 54567.03943347  8.89 158.036866  68.444746  3.195
 67    57.506 54567.03943411  9.70 158.033006  68.441716  3.195
 67    57.987 54567.03943476  8.71 158.029146  68.438686  3.195
 67    59.854 54567.03943540  7.77 158.025286  68.435646  3.195
 67    59.562 54567.03943605  8.56 158.021426  68.432616  3.195
 67    59.913 54567.03943669  7.30 158.017576  68.429576  3.195
 67    59.190 54567.03943734  7.57 158.013716  68.426546  3.195
 67    58.001 54567.03943798  7.75 158.009866  68.423506  3.195
 67    55.824 54567.03943863  8.77 158.006010  68.420479  5.022
 69    59.654 54637.03944871  7.06 158.051007  68.445962  6.505
 69    60.354 54637.03944936  7.64 158.047147  68.442922  6.505
 69    60.868 54637.03945000  8.92 158.043287  68.439892  6.505
 69    61.096 54637.03945065  8.67 158.039427  68.436852  6.505
 69    61.581 54637.03945129  8.28 158.035567  68.433822  6.505
 70     5.500 54672.03945166 45.19 158.052245  68.448492 22.144
 70     5.199 54672.03945231 48.16 158.048385  68.445452 22.144
 70     5.421 54672.03945295 45.79 158.044525  68.442422 22.144
 70     5.293 54672.03945360 42.82 158.040665  68.439392 22.144
 71     2.825 54707.03941093 20.44 158.052244  68.451500 11.091
 71     2.793 54707.03941157 20.44 158.048384  68.448460 11.091
 71     2.975 54707.03941222 21.45 158.044524  68.445430 11.091
 71     3.023 54707.03941286 21.72 158.040664  68.442390 11.091
 71     2.883 54707.03941350 20.50 158.036804  68.439360 11.091
 71     3.075 54707.03941415 20.23 158.032944  68.436330 11.091
 71     3.077 54707.03941479 21.57 158.029084  68.433290 11.091
 71     2.391 54707.03941544 21.45 158.025224  68.430260 11.091
 71     2.992 54707.03941608 17.38 158.021374  68.427220 11.091
 73    58.763 54777.03939292 14.45 158.051497  68.448118  5.721
 73    59.319 54777.03939357 15.75 158.047627  68.445088  5.721
 73    42.004 54777.03939421 17.93 158.043767  68.442048  5.721
 73    60.314 54777.03939486 16.92 158.039907  68.439018  5.721
 73    60.800 54777.03939550 17.30 158.036047  68.435978  5.721
 73    60.775 54777.03939615 16.73 158.032197  68.432948  5.721
 73    60.686 54777.03939679 14.38 158.028337  68.429908  5.721
 75    56.897 54847.03939281 12.38 158.050621  68.450159  3.780
 75    58.876 54847.03939346 11.99 158.046761  68.447129  3.780
 75    58.860 54847.03939410 12.34 158.042891  68.444099  3.780
 75    60.039 54847.03939475 11.55 158.039031  68.441059  3.780
 75    60.274 54847.03939539 13.05 158.035181  68.438029  3.780
 75    59.412 54847.03939604 13.77 158.031321  68.434989  3.780
 75    60.400 54847.03939668 11.08 158.027461  68.431959  3.780
 75    60.435 54847.03939733 10.45 158.023601  68.428919  3.780
 77    52.739 54917.03939426  8.01 158.052861  68.459025  3.300
 77    54.035 54917.03939490  8.22 158.048991  68.455995  3.300
 77    55.434 54917.03939555  8.67 158.045131  68.452955  3.300
 77    55.830 54917.03939619  9.43 158.041271  68.449925  3.300
 77    56.024 54917.03939684  9.75 158.037411  68.446885  3.300
 77    57.293 54917.03939748 10.07 158.033541  68.443855  3.300
 77    58.644 54917.03939813  9.79 158.029691  68.440825  3.300
 77    57.673 54917.03939877 10.11 158.025831  68.437785  3.300
 77    50.916 54917.03939941  9.79 158.021971  68.434755  3.300
 77    54.397 54917.03940006  9.13 158.018111  68.431715  3.300
 77    59.157 54917.03940070  7.79 158.014261  68.428685  3.300
 77    57.395 54917.03940135  7.91 158.010401  68.425645  3.300
 77    56.002 54917.03940199  8.60 158.006550  68.422610  4.591
 77    55.378 54917.03940264  9.51 158.002700  68.419580  4.591
 80     3.359 55022.03942442 16.53 158.051424  68.445956 10.311
 80     3.097 55022.03942507 18.00 158.047564  68.442916 10.311
 80     3.176 55022.03942571 18.69 158.043704  68.439886 10.311
 80     3.495 55022.03942636 28.48 158.039844  68.436846 10.311
 80     3.208 55022.03942700 28.56 158.035984  68.433816 10.311
 81     4.067 55057.03942046 44.41 158.051544  68.447111 23.296
 81     2.984 55057.03942111 49.34 158.047684  68.444071 23.296
 81     3.826 55057.03942175 46.61 158.043824  68.441041 23.296
 81     4.144 55057.03942240 46.88 158.039964  68.438011 23.296
 81     3.489 55057.03942304 45.39 158.036104  68.434971 23.296
 81     3.849 55057.03942368 39.57 158.032244  68.431941 23.296
 82     5.272 55092.03937583 54.01 158.050372  68.454786 35.282
 82     5.407 55092.03937647 52.53 158.046512  68.451756 35.282
 82     5.338 55092.03937712 50.99 158.042652  68.448716 35.282
 82     5.533 55092.03937776 50.45 158.038792  68.445686 35.282
 82     5.493 55092.03937841 52.22 158.034932  68.442646 35.282
 82     5.452 55092.03937905 52.29 158.031072  68.439616 35.282
 82     5.529 55092.03937970 52.40 158.027212  68.436586 35.282
 82     5.378 55092.03938034 51.83 158.023352  68.433546 35.282
 82     5.459 55092.03938099 53.19 158.019502  68.430516 35.282
 82     5.533 55092.03938163 52.41 158.015642  68.427476 35.282
 82     5.515 55092.03938228 51.33 158.011792  68.424446 35.282
 82     5.458 55092.03938292 51.23 158.007942  68.421406 35.282
 84    58.017 55162.03933808 13.73 158.051897  68.450095  4.029
 84    58.995 55162.03933872 14.18 158.048037  68.447065  4.029
 84    59.617 55162.03933937 14.27 158.044177  68.444035  4.029
 84    59.962 55162.03934001 15.03 158.040307  68.440995  4.029
 84    60.265 55162.03934066 15.94 158.036447  68.437965  4.029
 84    60.326 55162.03934130 15.26 158.032597  68.434925  4.029
 84    60.389 55162.03934195 13.37 158.028737  68.431895  4.029
 84    60.215 55162.03934259 12.92 158.024877  68.428855  4.029
 86    54.873 55232.03934084 10.63 158.052411  68.455413  3.943
 86    56.165 55232.03934148 10.74 158.048551  68.452373  3.943
 86    56.990 55232.03934212 13.53 158.044691  68.449343  3.943
 86    57.759 55232.03934277 12.35 158.040821  68.446313  3.943
 86    58.108 55232.03934341 12.27 158.036971  68.443273  3.943
 86    58.832 55232.03934406 12.11 158.033111  68.440243  3.943
 86    58.737 55232.03934470 14.11 158.029251  68.437203  3.943
 86    58.981 55232.03934535 13.61 158.025391  68.434173  3.943
 86    58.776 55232.03934599 13.79 158.021531  68.431133  3.943
 86    58.536 55232.03934664 12.43 158.017681  68.428103  3.943
 86    57.287 55232.03934728 13.05 158.013821  68.425073  3.943
 88    55.293 55302.03932177  9.34 158.049670  68.453436  3.453
 88    56.287 55302.03932242 10.19 158.045810  68.450406  3.453
 88    57.177 55302.03932306 10.93 158.041950  68.447366  3.453
 88    57.129 55302.03932371 10.50 158.038090  68.444336  3.453
 88    58.366 55302.03932435  9.54 158.034230  68.441296  3.453
 88    58.395 55302.03932499 10.64 158.030370  68.438266  3.453
 88    60.020 55302.03932564  8.97 158.026510  68.435236  3.453
 88    58.685 55302.03932628  9.44 158.022660  68.432196  3.453
 88    59.785 55302.03932693  9.02 158.018800  68.429166  3.453
 88    58.055 55302.03932757  8.63 158.014950  68.426126  3.453
 88    57.377 55302.03932822  8.73 158.011090  68.423096  3.453
 89    72.133 55337.03932058  5.67 158.051676  68.446650  3.762
 89    72.981 55337.03932123  5.87 158.047816  68.443620  3.762
 89    72.040 55337.03932187  6.48 158.043956  68.440580  3.762
 89    67.734 55337.03932252  7.67 158.040096  68.437550  3.762
 89    66.172 55337.03932316  7.49 158.036240  68.434517 11.589
 89    61.942 55337.03932381  8.50 158.032380  68.431477 11.589
 90    60.035 55372.03931098  6.97 158.049679  68.444431  5.872
 90    57.765 55372.03931162  8.86 158.045819  68.441401  5.872
 90    61.180 55372.03931227  6.90 158.041959  68.438371  5.872
 90    61.748 55372.03931291  6.09 158.038099  68.435331  5.872
 90    61.651 55372.03931355  5.98 158.034239  68.432301  5.872
 92    54.039 55442.03932967  6.59 158.050317  68.446559  7.140
 92    60.154 55442.03933031  6.04 158.046457  68.443519  7.140
 92    60.697 55442.03933096  6.56 158.042597  68.440489  7.140
 92    53.830 55442.03933160  7.73 158.038737  68.437459  7.140
 92    61.284 55442.03933225  6.08 158.034877  68.434419  7.140
 92    61.047 55442.03933289  7.09 158.031027  68.431389  7.140
 93     7.945 55477.03926951 20.99 158.050437  68.455667  5.961
 93     7.626 55477.03927016 23.18 158.046577  68.452637  5.961
 93     7.933 55477.03927080 22.95 158.042717  68.449597  5.961
 93     8.367 55477.03927145 21.55 158.038857  68.446567  5.961
 93     8.693 55477.03927209 20.26 158.034997  68.443527  5.961
 93     8.703 55477.03927274 20.53 158.031137  68.440497  5.961
 93     8.211 55477.03927338 22.01 158.027277  68.437467  5.961
 93     7.406 55477.03927403 23.25 158.023417  68.434427  5.961
 93     6.880 55477.03927467 23.70 158.019567  68.431397  5.961
 93     4.524 55477.03927532 25.21 158.015707  68.428357  5.961
 93     7.910 55477.03927596 23.35 158.011857  68.425327  5.961
 93     8.098 55477.03927661 24.62 158.008007  68.422287  5.961
