# NaN NaN NaN ;Mean Elev.(m), Avg Gradient(m/km), RMS Gradient(m/km) - SRTM1     
#  -13.387  -0.165   5.453 ;Mean Elev.(m), Avg Gradient(m/km), RMS Gradient(m/km) - ASTER GDEM
#    8.515  -0.653   4.934 ;Mean Elev.(m), Avg Gradient(m/km), RMS Gradient(m/km) - GMTED2010 
  7 155.587905  67.612363     7.510     7.480  3 52470.04365263 30.313
  8 155.587656  67.614059     6.830     6.815  3 52505.04363616 31.934
  9 155.603989  67.604422     7.033     7.042  3 52540.04362029 52.557
 11 155.586649  67.612388     7.444     7.444  2 52610.04362503 26.442
 12 155.595054  67.608597    11.060    11.499  4 52645.04361574 22.836
 13 155.590060  67.611575    10.270    10.270  2 52680.04359187 23.320
 15 155.577137  67.617272    13.739    13.214  3 52750.04366486 17.635
 16 155.601286  67.604678     7.942     7.899  3 52785.04360880 33.049
 17 155.599868  67.606535    12.805    12.790  3 52820.04368386 24.448
 18 155.597148  67.607406     5.982     6.030  4 52855.04373213 35.730
 20 155.580771  67.615449     4.616     4.616  2 52925.04371767 46.868
 21 155.602641  67.604117     6.315     3.781  3 52960.04368631 28.829
 22 155.593169  67.608854    10.665    10.721  3 52995.04371985 24.427
 23 155.582132  67.614613    11.055    10.744  3 53030.04368249 17.727
 24 155.596884  67.607897    11.434    11.432  3 53065.04369059 16.905
 25 155.578724  67.615975    12.346    12.346  2 53100.04369650 14.306
 26 155.600682  67.608251    11.474    11.379  3 53135.04369046  8.892
 28 155.590153  67.611125    13.244    13.748  3 53205.04375940 17.234
 29 155.588386  67.612083     8.917     8.899  3 53240.04372737 48.290
 31 155.591824  67.611285     5.559     5.559  2 53310.04374195 42.312
 32 155.587420  67.612193    10.969    10.969  2 53345.04370806 15.385
 33 155.605425  67.603449    11.460    11.690  3 53380.04365981 14.857
 34 155.592968  67.608482    11.616    11.637  4 53415.04368571 13.473
 35 155.606381  67.604011    11.112    11.443  3 53450.04367955 13.252
 36 155.590401  67.611536    11.033    11.033  2 53485.04376393 10.921
 37 155.590596  67.610414    10.579    10.571  3 53520.04375986 50.011
 38 155.586621  67.613978     8.775     8.777  3 53555.04378255 36.036
 39 155.589466  67.612231    12.507    12.507  2 53590.04372646 18.734
 40 155.600487  67.608080     8.133     8.086  3 53625.04370723 48.821
 41 155.594800  67.609026     6.752     4.312  3 53660.04373374 38.414
 42 155.586018  67.613565     6.347     3.889  3 53695.04370748 29.790
 43 155.581462  67.613604    10.894    10.990  3 53730.04363047 21.374
 44 155.602288  67.606066     9.186    10.127  4 53765.04359730 23.189
 45 155.585928  67.612905    11.152    11.291  3 53800.04360176 16.101
 46 155.603318  67.605304    11.629    11.590  3 53835.04360385 16.308
 47 155.594897  67.609774     8.825    10.136  3 53870.04366378 12.040
 48 155.591733  67.610931    13.920    13.920  2 53905.04369865 16.751
 49 155.585579  67.613385     7.476     7.486  3 53940.04373096 35.184
 50 155.581459  67.614576    10.909    10.890  3 53975.04368940 30.193
 51 155.603511  67.604462     6.548     6.590  3 54010.04368696 46.312
 52 155.598740  67.606912     4.721     4.754  3 54045.04370456 36.064
 53 155.586944  67.613774    12.952    13.418  3 54080.04369703 16.957
 54 155.579021  67.615922    13.074    13.074  2 54115.04363185 14.911
 56 155.580661  67.615338    13.447    13.447  2 54185.04362291 13.315
 57 155.595480  67.608630    12.892    13.018  3 54220.04365463  1.288
 58 155.592624  67.611859    14.602    14.038  3 54255.04367796 19.632
 59 155.592504  67.611119    11.309    11.309  2 54290.04368074 20.784
 60 155.590404  67.610316     8.856     8.767  3 54325.04367852 43.713
 61 155.581121  67.616392    14.505    14.064  3 54360.04363140 17.709
 62 155.593124  67.608651     7.304     5.241  3 54395.04361882 40.832
 63 155.585726  67.612932    11.495    11.495  2 54430.04358212 20.934
 64 155.596724  67.607425    11.486    11.646  4 54465.04359870 14.888
 65 155.589009  67.613274    11.921    11.790  3 54500.04359358 14.824
 66 155.591429  67.608891    12.021    11.979  3 54535.04361320 15.315
 67 155.583548  67.614913    11.937    11.965  3 54570.04359640 15.170
 68 155.592007  67.609144     6.942     6.962  3 54605.04360726 35.781
 69 155.588652  67.611693     8.589     8.589  2 54640.04361702 52.984
 70 155.590427  67.611987     7.307     7.110  3 54675.04361926 34.175
 71 155.584682  67.613705     5.834     5.878  3 54710.04357583 35.967
 72 155.593714  67.610000     8.696     7.834  3 54745.04358664 35.914
 73 155.589792  67.612018     8.020     8.020  2 54780.04356018 29.282
 74 155.595732  67.608492    11.368    11.419  4 54815.04358006 23.151
 75 155.585788  67.611811    11.579    11.833  3 54850.04355886 19.105
 76 155.592036  67.609068    11.822    11.742  3 54885.04358391 18.348
 77 155.578124  67.616072    13.788    13.788  2 54920.04356007 14.195
 78 155.596284  67.610952    12.698    12.698  2 54955.04357838  0.185
 79 155.590230  67.610528    10.752    10.596  3 54990.04360240 50.779
 80 155.589325  67.612252     5.968     5.968  2 55025.04359357 48.194
 81 155.590776  67.611496     7.788     6.037  3 55060.04358771 28.239
 82 155.579983  67.615672    11.771    11.771  2 55095.04353929 16.251
 83 155.591863  67.609203     4.356     4.353  4 55130.04353017 34.604
 84 155.587758  67.611617     6.553     4.110  3 55165.04350170 29.081
 85 155.593185  67.608875     9.387    10.729  4 55200.04352180 22.656
 86 155.583443  67.613715    12.375    12.230  3 55235.04350708 16.614
 87 155.591548  67.610371    11.194    11.194  2 55270.04351619 16.702
 88 155.582296  67.615446    12.318    12.438  3 55305.04348745 16.153
 89 155.591592  67.610568    13.015    12.945  3 55340.04348766 54.566
 90 155.588140  67.611400     7.343     7.353  3 55375.04347988 51.334
 91 155.594309  67.608575     6.982     5.344  4 55410.04350204 30.057
 92 155.589755  67.611238     9.767     9.631  3 55445.04349624 48.095
 93 155.578734  67.615516     7.360     7.360  2 55480.04343115 47.794
