-237930.895   255.780     0.00   46.42
-237557.395   231.171   -65.88   58.61
-237183.822   207.497   -63.36   69.44
-236810.176   170.673   -98.54   75.01
-236436.458   139.841   -82.48   73.67
-236062.667   113.937   -69.29   58.39
-235688.803   106.421   -20.10   49.40
-235314.867   100.603   -15.56   39.74
-234940.858   100.160    -1.18   27.85
-234566.775    97.889    -6.07   19.01
-234192.620   100.142     6.02   19.06
-233818.392   103.556     9.12   18.60
-233444.091   105.983     6.48   16.30
-233069.717   111.163    13.83   17.54
-232695.269   120.823    25.79   26.02
-232320.749   133.163    32.94   34.95
-231946.155   148.183    40.09   38.10
-231571.488   167.734    52.17   40.76
-231196.748   199.668    85.20   45.39
-230821.935   230.156    81.33   46.28
-230447.048   264.551    91.73   56.98
-230072.087   293.204    76.40   55.20
-229697.054   319.006    68.79   56.86
-229321.947   346.466    73.19   50.69
-228946.766   383.738    99.33   56.07
-228571.512   422.278   102.68   43.05
-228196.184   442.565    54.04   31.43
-227820.782   445.707     8.37   31.44
-227445.307   424.305   -56.99   36.63
-227069.758   400.387   -63.68   34.63
-226694.135   381.331   -50.72   31.41
-226318.438   362.153   -51.04   35.10
-225942.668   341.972   -53.70   39.78
-225566.823   317.877   -64.10   42.86
-225190.905   290.405   -73.07   40.11
-224814.912   268.699   -57.72   33.63
-224438.846   253.354   -40.80   29.83
-224062.705   245.172   -21.75   32.32
-223686.491   242.995    -5.79   34.01
-223310.202   243.032     0.10   31.63
-222933.839   244.779     4.64   26.85
-222557.401   241.949    -7.52   23.23
-222180.890   232.583   -24.87   22.93
-221804.303   217.135   -41.01   29.24
-221427.643   196.608   -54.49   30.51
-221050.908   174.542   -58.56   28.62
-220674.099   152.938   -57.32   21.74
-220297.215   138.731   -37.69   16.92
-219920.256   129.654   -24.08   11.78
-219543.223   120.600   -24.01   16.31
-219166.116   107.662   -34.30   26.51
-218788.933    88.236   -51.49   30.78
-218411.676    70.779   -46.27   22.87
-218034.344    59.098   -30.95    2.65
-217656.937    58.460    -1.69    2.06
-217279.455    58.121    -0.90    1.76
-216901.899    57.387    -1.94    1.20
-216524.267    56.483    -2.39    1.99
-216146.560    55.716    -2.03    3.34
-215768.779    55.238    -1.27    3.92
-215390.922    54.731    -1.34    3.92
-215012.990    53.073    -4.39    3.85
-214634.983    52.133    -2.49    3.49
-214256.900    52.495     0.96    5.25
-213878.743    53.251     2.00    6.76
-213500.510    53.767     1.36    8.14
-213122.201    53.340    -1.13    8.41
-212743.818    51.983    -3.59    8.58
-212365.358    49.823    -5.71    8.24
-211986.824    51.083     3.33    9.37
-211608.213    54.549     9.15   10.50
-211229.528    58.246     9.76   11.07
-210850.766    60.129     4.97   12.05
-210471.929    59.108    -2.69   12.69
-210093.016    60.250     3.01   13.20
-209714.027    61.040     2.09   13.99
-209334.963    62.619     4.16   16.54
-208955.822    65.259     6.96   19.14
-208576.606    68.302     8.02   22.36
-208197.314    70.125     4.81   23.80
-207817.945    69.639    -1.28   19.83
-207438.501    66.805    -7.47   14.72
-207058.981    65.213    -4.19   11.66
-206679.384    63.583    -4.30    9.84
-206299.712    62.731    -2.24   10.47
-205919.963    62.017    -1.88   10.64
-205540.137    61.857    -0.42   10.60
-205160.236    61.029    -2.18    7.91
-204780.258    60.635    -1.04    3.46
-204400.204    62.006     3.61    3.58
-204020.073    63.891     4.96    4.27
-203639.866    67.030     8.25    6.73
-203259.582    71.668    12.19   10.15
-202879.222    75.670    10.52   12.07
-202498.785    79.683    10.55   13.07
-202118.271    85.263    14.66   18.08
-201744.828    91.883    17.72   25.01
-201378.874   100.823    24.43   31.00
-201012.849   106.272    14.88   32.00
-200646.754   104.256    -5.51   27.55
-200280.589    99.790   -12.19   21.35
-199914.353    97.410    -6.50   15.45
-199548.048   103.949    17.85   24.39
-199181.672   127.814    65.13   49.07
-198815.226   161.008    90.57   63.67
-198448.709   202.560   113.36   74.31
-198082.122   245.936   118.31   79.90
-197715.465   272.222    71.68   74.99
-197348.737   294.806    61.57   74.01
-196981.938   318.399    64.31   73.00
-196615.069   334.305    43.35   66.55
-196248.130   351.381    46.53   58.32
-195881.119   351.460     0.22   52.62
-195514.038   336.662   -40.31   54.02
-195146.886   307.837   -78.50   56.89
-194779.664   256.588  -139.54   63.58
-194412.371   213.699  -116.75   64.70
-194045.006   174.888  -105.63   45.61
-193677.571   161.083   -37.57   36.88
-193310.065   170.008    24.28   49.28
-192942.488   168.092    -5.21   47.82
-192574.840   163.245   -13.18   41.48
-192207.121   157.219   -16.38   33.02
-191839.331   150.409   -18.51   25.71
-191471.470   146.725   -10.01   23.62
-191103.537   145.120    -4.36   23.43
-190735.533   142.905    -6.02   21.85
-190367.458   141.194    -4.65   18.76
-189999.312   141.354     0.43   18.18
-189631.094   147.444    16.54   21.12
-189262.805   149.542     5.70   18.72
-188894.445   148.489    -2.86   15.83
-188526.013   145.430    -8.30   15.95
-188157.509   139.680   -15.60   12.58
-187788.934   135.045   -12.57    8.17
-187420.288   133.826    -3.31    4.44
-187051.569   133.821    -0.01    3.79
-186682.779   134.805     2.67    4.33
-186313.918   136.317     4.10    4.50
-185944.984   138.483     5.87    5.57
-185575.979   141.253     7.51    5.85
-185206.902   146.635    14.58    8.01
-184837.753   152.994    17.23    9.91
-184468.532   163.397    28.17   14.98
-184099.239   177.038    36.93   20.94
-183729.874   192.188    41.01   24.33
-183360.437   206.971    40.01   26.65
-182990.928   222.240    41.31   24.95
-182621.347   234.515    33.21   27.49
-182251.693   245.306    29.19   27.88
-181881.968   255.849    28.51   29.12
-181512.170   265.532    26.18   30.92
-181142.300   278.983    36.36   39.72
-180772.357   293.478    39.18   47.40
-180402.342   320.713    73.60   62.63
-180032.255   344.949    65.48   69.66
-179662.095   376.219    84.47   72.71
-179291.863   393.142    45.70   74.12
-178921.558   422.949    80.48   80.56
-178551.180   436.927    37.73   84.02
-178180.730   464.179    73.56   93.48
-177810.207   481.601    47.01  104.34
-177439.612   507.696    70.40  115.35
-177068.943   518.616    29.46  121.78
-176698.202   538.087    52.51  125.00
-176327.388   550.147    32.52  125.67
-175956.501   549.596    -1.49  115.01
-175585.541   532.708   -45.52   94.52
-175214.508   513.274   -52.37   74.71
-174843.402   486.167   -73.04   44.98
-174472.223   472.808   -35.99   26.48
-174100.971   462.290   -28.33   17.04
-173729.646   455.549   -18.15   17.65
-173358.248   439.472   -43.28   29.22
-172986.776   417.053   -60.34   33.83
-172615.231   388.758   -76.15   37.64
-172243.613   361.823   -72.47   29.85
-171871.921   341.241   -55.36   24.72
-171500.156   333.880   -19.80   24.99
-171128.317   331.249    -7.07   29.84
-170756.405   334.301     8.21   31.07
-170384.419   327.320   -18.77   32.40
-170012.360   315.294   -32.32   32.26
-169640.227   294.556   -55.72   30.81
-169268.021   277.688   -45.31   23.57
-168895.740   266.892   -28.99   13.92
-168523.386   265.807    -2.92   11.05
-168150.959   272.903    19.05   11.38
-167778.457   282.772    26.49   12.46
-167405.881   298.409    41.97   21.17
-167033.232   318.499    53.91   29.62
-166660.508   345.426    72.24   34.10
-166287.711   373.367    74.94   31.76
-165914.839   400.627    73.10   25.01
-165541.894   424.620    64.32   28.54
-165168.874   449.782    67.45   29.12
-164795.780   474.136    65.27   30.72
-164422.611   493.651    52.29   27.86
-164049.369   500.960    19.58   30.41
-163676.052   495.678   -14.15   33.21
-163302.660   470.140   -68.39   38.87
-162929.195   436.865   -89.09   38.59
-162555.655   403.522   -89.25   41.23
-162182.040   373.270   -80.96   28.36
-161808.351   366.760   -17.42   27.92
-161434.587   374.693    21.22   42.50
-161060.748   386.158    30.67   49.35
-160686.835   399.972    36.94   54.68
-160312.847   405.785    15.54   54.76
-159938.784   413.623    20.95   52.63
-159564.647   422.257    23.07   44.61
-159190.435   418.230   -10.76   38.05
-158816.147   393.327   -66.53   55.16
-158441.785   356.972   -97.10   57.79
-158067.348   323.549   -89.25   39.27
-157692.835   309.233   -38.22   16.92
-157318.248   319.638    27.77   27.43
-156943.586   341.811    59.17   47.16
-156568.848   366.993    67.19   55.32
-156194.035   379.824    34.23   49.12
-155819.147   393.829    37.35   40.76
-155444.183   397.279     9.20   31.46
-155069.145   401.683    11.74   26.56
-154694.030   406.018    11.56   24.58
-154318.841   418.572    33.46   30.09
-153943.575   432.063    35.95   33.66
-153568.235   453.838    58.01   36.97
-153192.818   477.758    63.71   41.64
-152817.327   506.938    77.70   37.70
-152441.759   516.422    25.25   31.30
-152066.116   505.338   -29.50   40.81
-151690.397   479.186   -69.60   48.98
-151314.602   444.594   -92.04   41.96
-150938.731   417.400   -72.34   29.65
-150562.784   397.349   -53.33   22.21
-150186.762   386.972   -27.60   21.73
-149810.663   379.084   -20.97   21.16
-149434.488   371.210   -20.93   18.12
-149058.238   367.697    -9.34   16.31
-148681.911   371.781    10.85   17.77
-148305.508   382.533    28.56   18.98
-147929.029   393.038    27.90   14.78
-147552.473   399.048    15.96   10.85
-147175.841   395.938    -8.26   13.92
-146799.133   386.601   -24.78   20.44
-146422.349   376.129   -27.79   21.59
-146045.488   366.081   -26.66   19.97
-145668.550   366.620     1.43   28.81
-145291.536   364.749    -4.96   38.47
-144914.445   353.960   -28.61   44.78
-144537.278   342.422   -30.59   38.13
-144160.034   340.816    -4.26   29.08
-143782.714   346.405    14.81   28.31
-143405.316   359.380    34.38   30.95
-143027.842   367.038    20.29   32.34
-142650.291   374.477    19.70   38.68
-142272.663   390.894    43.47   41.43
-141894.958   403.169    32.50   41.18
-141517.176   407.092    10.38   40.08
-141139.317   397.505   -25.37   42.59
-140761.380   377.642   -52.55   46.41
-140383.367   350.370   -72.14   38.35
-140005.277   324.667   -67.97   28.91
-139627.109   305.891   -49.64   27.92
-139248.864   285.807   -53.09   30.56
-138870.542   266.577   -50.82   28.18
-138492.142   247.683   -49.93   20.82
-138113.665   234.484   -34.87   14.23
-137735.110   227.050   -19.63   13.29
-137356.478   219.584   -19.72    8.33
-136977.768   216.849    -7.22    6.25
-136598.981   219.643     7.37    9.34
-136220.116   223.819    11.02   16.37
-135841.173   228.902    13.41   21.82
-135462.153   233.356    11.75   19.99
-135083.054   237.282    10.35   13.55
-134703.878   243.124    15.40   11.40
-134324.624   249.655    17.22   11.71
-133945.292   251.455     4.75   10.43
-133565.882   246.176   -13.91   15.35
-133186.394   232.765   -35.34   19.58
-132806.828   218.983   -36.31   15.00
-132427.184   209.971   -23.73   10.47
-132047.462   201.427   -22.50    7.77
-131667.661   194.249   -18.90    8.14
-131287.782   186.982   -19.13    8.12
-130907.825   179.938   -18.54    8.51
-130527.789   172.498   -19.58    9.50
-130147.675   166.127   -16.76   10.44
-129767.483   159.488   -17.46    9.10
-129387.212   154.194   -13.92    6.65
-129006.862   151.213    -7.84    5.02
-128626.434   149.040    -5.71    2.98
-128245.927   147.069    -5.18    3.15
-127865.341   145.342    -4.54    3.84
-127484.677   141.916    -9.00    4.56
-127106.278   137.627   -11.33    5.80
-126740.544   133.191   -12.13    6.29
-126374.739   129.411   -10.33    4.88
-126008.862   126.926    -6.79    3.42
-125642.913   126.422    -1.38    2.63
-125276.892   126.623     0.55    2.54
-124910.799   127.405     2.13    2.95
-124544.635   129.449     5.58    3.17
-124178.398   132.298     7.78    7.48
-123812.089   136.216    10.70   10.27
-123445.708   142.521    17.21   12.66
-123079.255   146.188    10.01   14.14
-122712.729   150.829    12.66   14.25
-122346.132   154.805    10.85   13.79
-121979.462   158.394     9.79   12.19
-121612.719   156.554    -5.02   12.47
-121245.905   153.574    -8.12   13.50
-120879.018   149.939    -9.91   12.74
-120512.058   147.401    -6.92   12.93
-120145.026   148.896     4.07   14.59
-119777.922   151.120     6.06   14.94
-119410.745   154.026     7.91   15.48
-119043.495   158.983    13.50   17.26
-118676.172   168.213    25.12   21.60
-118308.777   173.549    14.52   20.83
-117941.309   181.122    20.61   18.22
-117573.769   190.200    24.70   13.67
-117206.155   197.694    20.38   14.69
-116838.469   207.884    27.71   19.22
-116470.709   223.367    42.10   24.36
-116102.877   244.450    57.31   29.11
-115734.972   259.133    39.91   24.22
-115366.993   263.520    11.92   21.40
-114998.942   266.224     7.35   21.25
-114630.817   269.816     9.76   21.21
-114262.619   282.530    34.53   29.22
-113894.348   304.516    59.69   35.06
-113526.004   331.606    73.54   40.69
-113157.586   363.460    86.46   39.98
-112789.095   388.279    67.35   33.29
-112420.531   407.478    52.09   24.58
-112051.893   413.070    15.17   29.32
-111683.182   406.937   -16.63   38.04
-111314.397   395.754   -30.32   39.93
-110945.538   385.507   -27.78   39.68
-110576.606   380.689   -13.06   42.90
-110207.600   372.230   -22.92   48.67
-109838.521   362.297   -26.91   51.32
-109469.368   346.871   -41.79   43.35
-109100.141   345.638    -3.34   33.42
-108730.840   351.200    15.06   28.49
-108361.465   367.554    44.27   26.77
-107992.016   383.297    42.61   29.82
-107622.494   397.635    38.80   34.10
-107252.897   401.124     9.44   38.58
-106883.226   403.903     7.52   38.75
-106513.481   409.788    15.92   33.56
-106143.662   418.121    22.53   32.25
-105773.769   434.025    42.99   31.09
-105403.802   447.358    36.04   24.93
-105033.760   455.471    21.92   21.39
-104663.644   459.705    11.44   26.13
-104293.454   463.254     9.59   35.13
-103923.189   461.105    -5.80   43.07
-103552.849   449.145   -32.29   48.07
-103182.436   444.243   -13.23   41.58
-102811.947   447.488     8.76   32.24
-102441.384   455.754    22.30   24.58
-102070.747   464.785    24.36   17.12
-101700.034   467.950     8.54   17.51
-101329.247   469.421     3.97   21.08
-100958.385   476.343    18.66   25.17
-100587.449   491.029    39.59   28.81
-100216.437   510.606    52.76   28.59
 -99845.351   525.740    40.78   27.65
 -99474.190   529.477    10.07   27.90
 -99102.953   527.517    -5.28   30.32
 -98731.642   526.732    -2.11   25.56
 -98360.255   522.894   -10.33   20.34
 -97988.794   511.251   -31.34   24.68
 -97617.257   495.498   -42.40   29.62
 -97245.645   479.471   -43.12   24.79
 -96873.958   476.460    -8.10   26.52
 -96502.195   487.384    29.38   31.99
 -96130.357   492.670    14.21   31.12
 -95758.444   485.716   -18.70   39.42
 -95386.455   461.917   -63.97   49.20
 -95014.391   423.213  -104.02   48.77
 -94642.251   387.982   -94.66   46.52
 -94270.035   357.972   -80.62   30.40
 -93897.744   346.493   -30.83   18.30
 -93525.377   344.869    -4.36   19.48
 -93152.935   352.068    19.33   22.16
 -92780.417   362.333    27.55   20.76
 -92407.822   372.272    26.68   22.28
 -92035.152   386.563    38.34   22.18
 -91662.407   404.530    48.20   24.69
 -91289.585   420.995    44.16   21.40
 -90916.687   429.369    22.46   15.50
 -90543.713   427.410    -5.25   19.18
 -90170.663   409.645   -47.62   27.50
 -89797.537   387.194   -60.17   26.59
 -89424.335   364.787   -60.04   24.17
 -89051.056   347.400   -46.57   19.49
 -88677.701   334.156   -35.47   16.90
 -88304.270   327.624   -17.49   18.15
 -87930.763   320.037   -20.31   21.06
 -87557.179   311.057   -24.03   23.61
 -87183.518   294.841   -43.40   24.59
 -86809.782   287.099   -20.71   20.02
 -86435.968   286.905    -0.52   19.75
 -86062.078   295.312    22.48   22.29
 -85688.111   306.545    30.04   19.71
 -85314.068   310.520    10.63   25.90
 -84939.948   309.460    -2.83   29.17
 -84565.751   298.391   -29.58   31.72
 -84191.477   281.410   -45.37   26.89
 -83817.126   274.853   -17.51   20.88
 -83442.699   282.163    19.52   28.93
 -83068.194   302.681    54.78   34.31
 -82693.613   327.174    65.38   26.44
 -82318.954   337.982    28.85   18.77
 -81944.218   336.052    -5.15   21.75
 -81569.405   323.014   -34.78   24.72
 -81194.515   313.290   -25.94   24.15
 -80819.548   312.684    -1.62   28.53
 -80444.503   310.904    -4.75   28.85
 -80069.381   302.109   -23.44   28.46
 -79694.181   286.710   -41.04   29.36
 -79318.904   268.406   -48.77   21.18
 -78943.550   257.972   -27.80   10.82
 -78568.118   256.917    -2.81    9.38
 -78192.608   261.205    11.42   12.28
 -77817.021   270.003    23.43   17.63
 -77441.356   275.777    15.37   20.65
 -77065.614   276.423     1.72   22.07
 -76689.793   269.335   -18.86   24.20
 -76313.895   258.993   -27.51   20.47
 -75937.919   256.196    -7.44   16.48
 -75561.865   263.563    19.59   22.68
 -75185.733   281.545    47.81   27.80
 -74809.523   300.195    49.57   25.41
 -74433.235   312.738    33.33   22.50
 -74056.868   326.960    37.79   23.93
 -73680.424   339.738    33.94   25.14
 -73303.901   353.343    36.13   23.57
 -72927.300   359.796    17.13   22.64
 -72550.621   362.258     6.54   28.92
 -72173.864   362.378     0.32   36.66
 -71797.028   368.365    15.89   37.72
 -71420.113   368.136    -0.61   32.54
 -71043.120   362.960   -13.73   29.16
 -70666.049   351.180   -31.24   30.71
 -70288.899   327.109   -63.82   26.22
 -69911.670   310.116   -45.05   23.03
 -69534.363   293.606   -43.76   22.97
 -69156.977   279.505   -37.36   18.40
 -68779.512   272.971   -17.31   14.09
 -68401.968   273.649     1.80   11.66
 -68024.345   284.308    28.23   15.50
 -67646.643   298.092    36.49   19.44
 -67268.863   315.656    46.49   23.81
 -66891.003   334.960    51.09   27.25
 -66513.064   365.982    82.08   39.82
 -66135.046   395.116    77.07   41.74
 -65756.949   420.068    65.99   37.00
 -65378.773   431.365    29.87   40.28
 -65000.517   435.088     9.84   48.29
 -64622.182   453.331    48.22   59.93
 -64243.768   485.705    85.55   73.13
 -63865.274   520.051    90.74   69.47
 -63486.701   553.659    88.77   58.62
 -63108.048   576.376    59.99   55.45
 -62729.316   579.874     9.23   55.82
 -62350.504   577.342    -6.68   58.40
 -61971.612   575.173    -5.73   53.29
 -61592.641   566.834   -22.00   53.76
 -61213.590   575.790    23.63   64.54
 -60834.458   565.788   -26.38   76.19
 -60455.248   540.143   -67.62   76.98
 -60075.957   504.530   -93.89   74.60
 -59696.586   470.326   -90.16   53.90
 -59317.135   446.716   -62.22   33.59
 -58937.604   440.406   -16.63   26.12
 -58557.993   432.367   -21.18   32.44
 -58178.302   420.573   -31.06   51.02
 -57798.530   414.098   -17.05   59.89
 -57418.679   413.272    -2.17   58.30
 -57038.747   404.340   -23.51   56.53
 -56658.734   376.290   -73.81   60.50
 -56278.641   346.107   -79.41   50.82
 -55898.468   337.874   -21.66   42.67
 -55518.214   365.005    71.35   60.87
 -55137.879   400.036    92.10   59.07
 -54757.464   423.455    61.56   40.59
 -54376.969   415.375   -21.23   39.57
 -53996.392   384.801   -80.33   49.78
 -53615.735   345.088  -104.32   49.06
 -53234.997   303.972  -107.99   40.78
 -52854.178   278.097   -67.94   31.58
 -52473.278   256.721   -56.12   25.86
 -52104.945   244.450   -33.32   23.64
 -51739.367   234.675   -26.74   26.58
 -51373.716   227.184   -20.49   26.23
 -51007.991   221.245   -16.24   24.90
 -50642.193   218.312    -8.02   28.49
 -50276.321   215.576    -7.48   30.66
 -49910.376   208.713   -18.75   30.95
 -49544.356   202.670   -16.51   29.07
 -49178.263   194.598   -22.05   29.49
 -48812.096   192.343    -6.16   28.06
 -48445.855   191.664    -1.86   25.70
 -48079.540   189.865    -4.91   23.69
 -47713.151   189.256    -1.66   22.21
 -47346.688   183.992   -14.36   20.23
 -46980.151   177.438   -17.88   19.57
 -46613.540   169.950   -20.43   17.84
 -46246.855   162.391   -20.61   16.06
 -45880.095   154.136   -22.51   16.21
 -45513.262   146.745   -20.15   15.86
 -45146.354   135.827   -29.76   11.40
 -44779.371   128.283   -20.56   10.78
 -44412.315   120.781   -20.44   12.05
 -44045.184   115.627   -14.04   11.82
 -43677.978   111.420   -11.46   12.58
 -43310.698   106.216   -14.17   14.70
 -42943.343    96.732   -25.82   19.33
 -42575.914    78.515   -49.58   28.82
 -42208.410    63.498   -40.86   23.93
 -41840.831    54.517   -24.43   16.12
 -41473.178    51.514    -8.17   10.66
 -41105.450    54.829     9.01    7.41
 -40737.646    57.439     7.10    5.13
 -40369.769    59.710     6.17    4.10
 -40001.816    62.407     7.33    3.70
 -39633.788    63.949     4.19    3.96
 -39265.685    69.790    15.87   12.17
 -38897.507    81.143    30.83   23.96
 -38529.254   105.365    65.77   40.82
 -38160.926   133.573    76.58   51.85
 -37792.523   171.873   103.96   59.15
 -37424.044   213.269   112.34   65.09
 -37055.490   265.927   142.87   62.25
 -36686.861   307.599   113.04   53.75
 -36318.157   341.225    91.20   31.10
 -35949.377   344.186     8.03   29.32
 -35580.521   330.915   -35.98   41.70
 -35211.590   297.929   -89.41   52.95
 -34842.583   265.191   -88.72   47.39
 -34473.501   232.520   -88.52   37.02
 -34104.343   212.343   -54.65   30.80
 -33735.110   193.616   -50.72   23.05
 -33365.801   180.960   -34.27   18.36
 -32996.415   169.380   -31.35   15.14
 -32626.955   164.139   -14.18   14.13
 -32257.418   165.185     2.83   21.64
 -31887.805   177.035    32.06   35.53
 -31518.116   193.635    44.90   41.06
 -31148.352   207.237    36.79   36.78
 -30778.511   211.387    11.22   29.65
 -30408.594   207.552   -10.37   24.47
 -30038.601   202.113   -14.70   22.13
 -29668.531   194.097   -21.66   22.30
 -29298.386   187.851   -16.88   25.36
 -28928.164   175.046   -34.58   31.66
 -28557.866   157.993   -46.05   32.97
 -28187.491   135.788   -59.95   33.53
 -27817.040   116.918   -50.94   32.58
 -27446.512    97.449   -52.54   22.85
 -27075.908    91.676   -15.58   16.83
 -26705.227    93.038     3.67   20.00
 -26334.470   105.742    34.26   28.27
 -25963.636   121.151    41.55   27.23
 -25592.725   137.887    45.12   29.16
 -25221.738   158.620    55.89   32.58
 -24850.673   182.684    64.85   33.59
 -24479.532   196.801    38.04   27.60
 -24108.314   201.721    13.25   26.34
 -23737.019   191.460   -27.63   27.90
 -23365.647   170.754   -55.76   31.95
 -22994.197   148.108   -60.97   34.94
 -22622.671   118.797   -78.89   36.70
 -22251.068    97.670   -56.85   29.91
 -21879.387    91.389   -16.90   26.77
 -21507.629   108.152    45.09   41.61
 -21135.794   135.443    73.40   43.13
 -20763.881   154.843    52.16   31.19
 -20391.891   163.294    22.72   20.59
 -20019.824   151.588   -31.46   26.44
 -19647.679   135.050   -44.44   27.04
 -19275.457   114.450   -55.34   33.60
 -18903.157    95.797   -50.10   31.28
 -18530.779    79.455   -43.89   25.80
 -18158.324    69.927   -25.58   18.78
 -17785.791    70.729     2.15   16.40
 -17413.180    76.418    15.27   16.20
 -17040.491    88.197    31.61   15.69
 -16667.725   100.354    32.61   14.65
 -16294.880   113.191    34.43   14.08
 -15921.958   126.108    34.64   18.15
 -15548.957   144.692    49.82   25.89
 -15175.879   165.897    56.84   30.46
 -14802.722   190.094    64.84   30.25
 -14429.487   208.518    49.36   31.21
 -14056.174   219.524    29.48   27.66
 -13682.783   223.067     9.49   26.23
 -13309.313   217.507   -14.89   32.38
 -12935.766   207.322   -27.26   35.20
 -12562.139   196.179   -29.82   33.22
 -12188.434   186.571   -25.71   30.59
 -11814.651   176.716   -26.37   33.06
 -11440.789   156.739   -53.43   40.51
 -11066.849   129.641   -72.47   44.39
 -10692.830    95.108   -92.33   40.60
 -10318.732    70.852   -64.84   27.82
  -9944.555    64.497   -16.98   21.39
  -9570.300    67.907     9.11   25.80
  -9195.966    79.692    31.48   26.39
  -8821.553    83.333     9.72   23.59
  -8447.060    82.509    -2.20   19.22
  -8072.489    77.099   -14.44   14.80
  -7697.839    70.631   -17.26   13.10
  -7323.110    63.056   -20.21   16.11
  -6948.302    52.067   -29.32   18.13
  -6573.414    40.014   -32.15   18.37
  -6198.447    27.004   -34.69   18.29
  -5823.401    16.269   -28.62   15.60
  -5448.276     8.466   -20.80    9.97
  -5073.071     3.524   -13.17    2.74
  -4697.787     2.254    -3.39    1.52
  -4322.423     1.792    -1.23    1.46
  -3946.980     1.560    -0.62    1.39
  -3571.457     2.096     1.43    1.63
  -3195.854     2.533     1.17    1.53
  -2820.172     2.466    -0.18    1.94
  -2444.410     2.581     0.31    2.58
  -2068.568     2.195    -1.03    3.12
  -1692.647     1.983    -0.56    3.54
  -1316.645     3.577     4.24    4.85
   -940.564     3.376    -0.54    5.45
   -564.402     2.424    -2.53    4.95
   -188.161     3.219     2.11    5.36
    188.161     4.982     4.68    5.97
    564.563     8.297     8.81    5.01
    941.044     9.960     4.42    3.48
   1317.607    10.363     1.07    5.28
   1694.249    11.794     3.80    7.36
   2070.972    12.949     3.07    8.37
   2447.775    13.834     2.35    7.60
   2824.659    14.928     2.90    6.20
   3201.623    15.287     0.95    5.16
   3578.668    14.036    -3.32    5.57
   3955.793    11.455    -6.84    5.15
   4332.999    10.369    -2.88    4.13
   4710.286    11.287     2.43    4.49
   5087.653    11.886     1.59    4.29
   5465.102    12.866     2.60    3.39
   5842.631    13.237     0.98    2.86
   6220.241    12.333    -2.39    1.99
   6597.932    12.248    -0.23    2.05
   6975.704    12.663     1.10    2.39
   7353.557    12.025    -1.69    3.18
   7731.491    12.229     0.54    3.64
   8109.506    12.497     0.71    3.79
   8487.603    13.067     1.51    4.12
   8865.781    14.588     4.02    2.77
   9244.040    14.508    -0.21    2.42
   9622.380    14.655     0.39    2.21
  10000.802    14.718     0.17    2.20
  10379.306    14.918     0.53    1.99
  10757.891    15.056     0.37    2.22
  11136.557    15.318     0.69    2.02
  11515.305    15.190    -0.34    3.25
  11894.135    13.992    -3.16    4.46
  12273.047    13.322    -1.77    4.97
  12652.040    13.843     1.38    5.21
  13031.116    14.971     2.97    4.73
  13410.273    16.066     2.89    3.83
  13789.512    17.242     3.10    3.12
  14168.833    17.737     1.31    3.37
  14548.236    18.663     2.44    2.90
  14927.721    19.343     1.79    2.60
  15307.289    19.136    -0.55    3.30
  15686.938    18.971    -0.43    3.95
  16066.670    19.099     0.34    4.03
  16446.484    19.046    -0.14    3.96
  16826.381    19.822     2.04    2.83
  17206.360    19.971     0.39    2.66
  17586.421    20.023     0.14    2.70
  17966.565    20.014    -0.02    2.85
  18346.792    19.117    -2.36    4.72
  18727.101    18.835    -0.74    4.79
  19107.493    19.234     1.05    4.87
  19487.967    19.649     1.09    5.00
  19868.525    20.356     1.86    4.13
  20249.165    20.134    -0.58    3.49
  20629.888    19.867    -0.70    3.83
  21010.694    20.743     2.30    4.84
  21391.583    23.125     6.25    5.81
  21772.555    25.122     5.24    5.32
  22153.611    26.434     3.44    4.60
  22527.298    26.237    -0.53    3.58
  22892.645    26.392     0.42    3.48
  23258.067    27.035     1.76    3.26
  23623.564    27.424     1.06    3.31
  23989.137    27.950     1.44    3.38
  24354.785    28.341     1.07    3.42
  24720.509    29.414     2.93    3.21
  25086.308    30.233     2.24    2.83
  25452.183    30.960     1.99    2.38
  25818.133    30.875    -0.23    2.88
  26184.159    31.099     0.61    2.87
  26550.261    30.513    -1.60    2.84
  26916.439    30.276    -0.65    2.83
  27282.692    29.837    -1.20    3.02
  27649.021    28.560    -3.48    3.19
  28015.426    27.297    -3.45    3.11
  28381.907    25.609    -4.61    1.76
  28748.464    24.982    -1.71    0.14
  29115.097    25.077     0.26    0.57
  29481.806    25.571     1.35    1.59
  29848.591    26.408     2.28    2.74
  30215.452    27.377     2.64    3.54
  30582.389    27.940     1.53    3.91
  30949.403    29.294     3.69    4.28
  31316.493    29.739     1.21    4.20
  31683.659    29.624    -0.32    4.11
  32050.902    27.940    -4.58    4.49
  32418.221    26.687    -3.41    4.32
  32785.617    25.455    -3.35    3.63
  33153.089    24.876    -1.58    3.05
  33520.638    24.374    -1.37    2.53
  33888.264    24.352    -0.06    2.23
  34255.966    24.852     1.36    2.73
  34623.745    25.899     2.85    3.56
  34991.600    27.243     3.65    4.45
  35359.533    28.404     3.15    4.66
  35727.542    29.308     2.46    4.53
  36095.628    30.742     3.90    3.30
  36463.792    30.492    -0.68    2.93
  36832.032    29.111    -3.75    3.14
  37200.349    27.117    -5.41    4.66
  37568.744    24.163    -8.02    5.35
  37937.215    21.796    -6.42    4.57
  38305.764    21.290    -1.37    4.68
  38674.390    20.508    -2.12    5.04
  39043.094    18.876    -4.43    6.56
  39411.874    14.824   -10.99    9.00
  39780.732     9.160   -15.35    8.53
  40149.668     4.624   -12.30    5.65
  40518.681     3.190    -3.89    3.94
  40887.772     3.819     1.71    3.66
  41256.940     4.919     2.98    2.98
  41626.186     5.267     0.94    1.75
  41995.509     5.610     0.93    1.47
  42364.911     6.642     2.79    1.49
  42734.390     7.760     3.03    1.97
  43103.947     8.700     2.54    2.03
  43473.581     9.127     1.16    1.86
  43843.294     9.708     1.57    2.31
  44213.085    10.083     1.01    2.58
  44582.954    10.960     2.37    2.86
  44952.900    12.971     5.44    3.43
  45322.925    15.106     5.77    4.42
  45693.029    17.745     7.13    5.63
  46063.210    18.544     2.16    5.35
  46433.470    18.105    -1.19    7.02
  46803.808    16.190    -5.17    8.65
  47174.224    14.304    -5.09    8.73
  47544.719    15.127     2.22    7.93
  47915.292    17.663     6.84    5.97
  48285.944    20.103     6.59    4.19
  48656.674    21.783     4.53    2.97
  49027.483    22.154     1.00    2.76
  49398.371    21.136    -2.75    3.91
  49769.337    17.103   -10.87    6.98
  50140.382    11.899   -14.03    9.18
  50511.506     6.015   -15.85    8.64
  50882.709     1.334   -12.61    6.40
  51253.991    -2.125    -9.32    1.72
  51625.351    -2.433    -0.83    1.24
  51996.791    -1.878     1.49    1.81
  52368.310    -1.040     2.26    2.50
  52739.908    -1.242    -0.54    3.04
  53111.585    -2.218    -2.63    3.74
  53483.341    -3.596    -3.71    3.72
  53855.177    -5.305    -4.60    2.86
  54227.092    -6.142    -2.25    2.15
  54599.086    -5.976     0.45    2.12
  54971.160    -6.009    -0.09    2.91
  55343.313    -6.655    -1.74    3.96
  55715.546    -8.612    -5.26    5.49
  56087.858   -10.176    -4.20    4.87
  56460.250   -10.112     0.17    4.52
  56832.721    -9.955     0.42    3.66
  57205.273    -9.482     1.27    2.74
  57577.904    -9.821    -0.91    2.77
  57950.614   -10.689    -2.33    2.19
  58323.405   -10.913    -0.60    2.25
  58696.276   -10.407     1.36    2.12
  59069.227   -10.435    -0.08    2.04
  59442.257   -10.114     0.86    2.12
  59815.368    -9.723     1.05    2.17
  60188.559    -9.637     0.23    2.17
  60561.830    -9.713    -0.20    2.05
  60935.181    -9.844    -0.35    1.83
  61308.613    -9.878    -0.09    1.77
  61682.125    -8.817     2.84    3.82
  62055.717    -6.648     5.81    6.01
  62429.390    -3.084     9.54    7.69
  62803.143    -1.489     4.27    8.79
  63176.977    -1.766    -0.74    9.54
  63550.891    -1.945    -0.48    9.61
  63924.886     1.213     8.44   10.48
  64298.962     7.304    16.28   12.24
  64673.118    15.087    20.80   11.95
  65047.356    25.450    27.69   12.07
  65421.674    32.835    19.73   13.44
  65796.073    36.245     9.11   14.14
  66170.553    34.398    -4.93   15.38
  66545.114    24.897   -25.37   14.92
  66919.756    15.329   -25.54   13.32
  67294.479     5.971   -24.97   11.21
  67669.283    -0.978   -18.54    9.62
  68044.168    -6.884   -15.75    7.79
  68419.135   -10.514    -9.68    4.85
  68794.183   -12.051    -4.10    1.96
  69169.313   -12.494    -1.18    1.67
  69544.524   -12.757    -0.70    1.41
  69919.816   -12.927    -0.45    1.42
  70295.190   -13.182    -0.68    1.03
  70670.645   -13.060     0.33    0.89
  71046.182   -13.071    -0.03    0.72
  71421.801   -13.019     0.14    0.68
  71797.501   -13.123    -0.28    0.76
  72173.284   -13.203    -0.21    0.80
  72549.148   -12.924     0.74    1.37
  72925.094   -12.143     2.08    2.64
  73301.122   -12.102     0.11    2.87
  73677.232   -11.769     0.89    2.91
  74053.424   -12.009    -0.64    2.48
  74429.698   -12.050    -0.11    2.07
  74806.054   -10.550     3.99    3.56
  75182.493    -8.737     4.82    4.54
  75559.013    -6.703     5.40    5.16
  75935.616    -4.345     6.26    5.23
  76312.302    -2.499     4.90    4.82
  76689.070    -1.282     3.23    3.81
  77065.920    -0.339     2.50    2.85
  77442.853     0.710     2.78    2.20
  77819.868     1.668     2.54    1.70
  78196.966     1.526    -0.38    2.52
  78574.147     0.280    -3.30    3.25
  78951.411     0.380     0.26    3.71
  79328.757     1.603     3.24    4.25
  79706.186     3.308     4.52    3.80
  80083.698     5.511     5.84    4.26
  80461.293     7.279     4.68    5.36
  80838.972     8.754     3.91    7.57
  81216.733     8.852     0.26    8.80
  81594.577     7.971    -2.33    9.19
  81972.504     6.308    -4.40    8.72
  82350.515     3.620    -7.11    6.24
  82728.609     2.059    -4.13    3.87
  83106.786     1.002    -2.80    2.87
  83485.047     0.743    -0.68    2.79
  83863.391     1.829     2.87    3.85
  84241.819     4.176     6.20    5.01
  84620.330     7.415     8.56    5.11
  84998.925    10.439     7.99    4.63
  85377.603    12.486     5.41    4.11
  85756.365    13.439     2.52    3.17
  86135.211    12.700    -1.95    2.44
  86514.141    11.825    -2.31    1.98
  86893.155    12.277     1.19    2.71
  87272.252    13.326     2.77    3.35
  87651.434    15.083     4.63    3.12
  88030.700    15.960     2.31    2.23
  88410.049    16.022     0.16    1.82
  88789.483    16.097     0.20    1.53
  89169.002    16.134     0.10    1.64
  89548.604    16.487     0.93    1.45
  89928.291    17.052     1.49    1.46
  90308.062    17.930     2.31    1.97
  90687.917    19.389     3.84    2.48
  91067.857    20.874     3.91    2.59
  91447.882    22.274     3.68    1.93
  91827.991    22.363     0.23    2.22
  92208.185    22.582     0.58    2.45
  92588.464    22.991     1.08    2.51
  92968.827    23.850     2.26    2.23
  93349.275    24.659     2.13    1.34
  93729.808    24.981     0.84    0.66
  94110.426    24.991     0.03    0.65
  94491.129    24.869    -0.32    0.48
  94871.917    24.971     0.27    0.34
  95252.790    24.991     0.05    0.30
  95633.749    24.929    -0.16    0.27
  96014.792    24.022    -2.38    1.98
  96395.921    22.508    -3.97    2.90
  96777.135    21.981    -1.38    2.85
  97156.613    21.670    -0.82    2.72
  97521.723    22.253     1.60    2.53
  97886.910    23.193     2.57    1.54
  98252.175    23.855     1.81    1.56
  98617.516    24.132     0.76    1.54
  98982.934    24.645     1.40    1.34
  99348.430    24.870     0.62    0.84
  99714.003    24.690    -0.49    0.76
 100079.653    24.607    -0.23    0.86
 100445.381    24.713     0.29    0.74
 100811.186    24.940     0.62    0.32
 101177.068    25.080     0.38    0.41
 101543.028    25.280     0.54    0.68
 101909.066    25.657     1.03    1.32
 102275.181    26.624     2.64    2.43
 102641.374    27.930     3.57    2.95
 103007.644    29.024     2.98    3.11
 103373.993    30.404     3.77    3.53
 103740.419    31.526     3.06    5.42
 104106.923    31.971     1.21    5.79
 104473.505    31.280    -1.88    5.59
 104840.165    30.732    -1.50    5.21
 105206.903    29.445    -3.51    4.26
 105573.718    28.308    -3.10    3.34
 105940.613    28.021    -0.78    2.82
 106307.585    27.748    -0.74    2.64
 106674.635    27.803     0.15    2.69
 107041.764    28.203     1.09    2.93
 107408.971    28.613     1.12    2.94
 107776.256    28.840     0.62    2.59
 108143.620    29.398     1.52    2.06
 108511.062    29.250    -0.40    1.99
 108878.583    29.001    -0.68    1.83
 109246.182    29.845     2.29    2.46
 109613.860    30.870     2.79    3.19
 109981.616    31.846     2.66    2.91
 110349.452    32.900     2.87    2.31
 110717.366    33.509     1.65    2.97
 111085.358    33.630     0.33    3.17
 111453.430    33.507    -0.34    3.00
 111821.581    33.132    -1.02    3.44
 112189.810    33.041    -0.25    4.00
 112558.119    34.414     3.73    4.85
 112926.506    36.052     4.45    4.55
 113294.973    37.287     3.35    4.36
 113663.519    37.142    -0.39    4.97
 114032.144    35.778    -3.70    4.78
 114400.848    36.849     2.91    5.94
 114769.632    38.744     5.14    5.91
 115138.495    40.233     4.04    5.18
 115507.437    40.582     0.94    4.36
 115876.459    40.634     0.14    3.59
 116245.560    40.350    -0.77    3.69
 116614.741    40.127    -0.60    4.79
 116984.002    39.520    -1.64    5.82
 117353.342    38.808    -1.93    6.41
 117722.762    40.769     5.31    7.09
 118092.261    42.724     5.29    7.49
 118461.841    45.102     6.43    7.74
 118831.500    47.526     6.56    7.06
 119201.239    49.429     5.15    6.53
 119571.059    50.787     3.67    6.95
 119940.958    54.538    10.14    7.34
 120310.937    57.644     8.40    8.61
 120680.997    61.886    11.46    9.02
 121051.136    65.522     9.82   10.69
 121421.356    67.482     5.29   11.11
 121791.656    67.216    -0.72   10.25
 122162.037    66.898    -0.86    7.85
 122532.498    68.092     3.22    5.34
 122903.039    70.520     6.55    5.07
 123273.661    75.013    12.12    5.39
 123644.363    79.879    13.13    6.11
 124015.146    85.418    14.94    6.92
 124386.010    91.760    17.10    7.57
 124756.954    98.087    17.06    6.38
 125127.979   100.830     7.40    5.17
 125499.085   101.533     1.89    5.08
 125870.271    99.593    -5.23    5.74
 126241.539    96.644    -7.94    5.47
 126612.887    94.277    -6.38    5.24
 126984.317    92.647    -4.39    7.14
 127355.828    91.065    -4.26    8.49
 127727.419    90.310    -2.03    9.67
 128099.092    90.255    -0.15    9.42
 128470.846    91.380     3.03    8.41
 128842.682    92.887     4.05    8.97
 129214.598    94.940     5.52    9.30
 129586.596    96.424     3.99    9.49
 129958.676    96.430     0.02    9.77
 130330.837    97.187     2.04   11.04
 130703.079   101.328    11.12   12.10
 131075.403   106.000    12.55   12.59
 131447.809   109.200     8.59   11.25
 131820.297   110.314     2.99   11.12
 132192.866   108.532    -4.78   12.30
 132565.517   106.061    -6.63   12.66
 132938.250   100.655   -14.51   11.43
 133311.064    97.840    -7.55    8.45
 133683.961    95.852    -5.33    6.60
 134056.940    96.370     1.39    7.04
 134430.001    99.210     7.61    8.07
 134803.144   101.676     6.61    8.87
 135176.369   103.246     4.21    9.60
 135549.676   104.354     2.97    9.11
 135923.066   106.730     6.36    8.71
 136296.537   111.607    13.06    9.89
 136670.092   118.160    17.55   11.87
 137043.729   126.148    21.38   12.35
 137417.448   133.710    20.24   12.41
 137791.250   140.424    17.96   11.77
 138165.134   146.304    15.73    9.14
 138539.101   150.085    10.11    6.27
 138913.151   152.109     5.41    6.09
 139287.283   152.395     0.77    7.51
 139661.499   156.140    10.01   10.95
 140035.797   158.981     7.59   11.41
 140410.178   157.891    -2.91   13.79
 140784.642   150.246   -20.42   21.42
 141159.190   133.061   -45.89   26.19
 141533.820   114.389   -49.85   23.65
 141908.533    95.175   -51.28   18.26
 142283.330    80.980   -37.88   15.69
 142658.210    67.950   -34.76   11.97
 143033.173    60.263   -20.50    9.66
 143408.220    54.216   -16.13    5.66
 143783.350    51.210    -8.01    5.05
 144158.563    49.045    -5.77    6.24
 144533.860    47.758    -3.43    5.42
 144909.241    46.960    -2.13    4.79
 145284.705    47.300     0.91    4.41
 145660.253    48.315     2.70    5.46
 146035.885    49.021     1.88    6.52
 146411.601    49.312     0.77    8.16
 146787.400    46.991    -6.18   11.18
 147163.283    42.929   -10.81   12.91
 147539.250    35.132   -20.74   14.46
 147915.302    28.420   -17.85   11.88
 148291.437    23.900   -12.02    7.94
 148667.657    22.638    -3.36    5.72
 149043.960    23.050     1.10    5.21
 149420.348    23.526     1.26    4.64
 149796.821    23.032    -1.31    3.17
 150173.377    21.720    -3.48    3.19
 150550.018    20.828    -2.37    3.82
 150926.744    22.362     4.07    5.82
 151303.554    23.981     4.30    7.76
 151680.449    26.610     6.98    8.04
 152057.428    28.150     4.08    7.67
 152434.492    27.614    -1.42    7.89
 152811.641    26.726    -2.35    7.09
 153188.875    26.129    -1.58    6.64
 153566.193    26.428     0.79    5.01
 153943.596    25.263    -3.09    3.99
 154321.085    25.514     0.66    5.53
 154698.658    26.713     3.18    5.10
 155076.317    28.424     4.53    5.69
 155454.060    30.019     4.22    5.73
 155831.889    32.765     7.27    4.78
 156209.803    34.516     4.63    3.96
 156587.803    34.583     0.18    3.82
 156965.888    34.853     0.71    3.22
 157344.058    35.022     0.45    3.09
 157722.314    36.228     3.19    3.12
 158100.655    37.593     3.61    4.22
 158479.082    39.930     6.18    4.79
 158857.595    41.550     4.28    4.20
 159236.193    43.380     4.83    3.84
 159614.877    45.350     5.20    4.36
 159993.647    48.390     8.03    5.67
 160372.503    51.180     7.37    5.55
 160751.445    52.787     4.24    5.36
 161130.472    51.830    -2.52    6.15
 161509.586    48.820    -7.94    6.70
 161888.786    47.390    -3.77    6.15
 162268.072    46.971    -1.11    5.43
 162647.445    48.099     2.97    5.69
 163026.904    48.668     1.50    5.46
 163406.449    48.274    -1.04    5.24
 163786.080    47.675    -1.58    4.84
 164165.798    45.436    -5.90    4.81
 164545.603    42.358    -8.10    5.51
 164925.494    38.627    -9.82    7.20
 165305.471    35.826    -7.37    5.80
 165685.536    37.340     3.98    7.46
 166065.687    37.899     1.47    7.34
 166445.925    37.500    -1.05    6.54
 166826.250    37.213    -0.75    5.66
 167206.662    36.260    -2.50    6.43
 167587.161    35.273    -2.60    8.04
 167967.747    34.257    -2.67    7.36
 168348.420    33.992    -0.70    7.41
 168729.180    37.060     8.06    6.63
 169110.027    41.246    10.99    5.38
 169490.962    45.880    12.17    6.97
 169871.984    47.874     5.23    6.36
 170253.094    50.804     7.69    4.96
 170634.291    52.548     4.58    4.31
 171015.575    54.753     5.78    5.04
 171396.947    57.251     6.55    6.32
 171778.407    59.376     5.57    6.06
 172147.505    61.335     5.31    5.26
 172512.451    60.210    -3.08    5.42
 172877.477    59.080    -3.10    5.94
 173242.581    56.853    -6.10    7.57
 173607.764    55.330    -4.17    8.08
 173973.026    56.395     2.91    9.34
 174338.368    59.640     8.88   10.46
 174703.788    65.971    17.33   12.83
 175069.288    75.470    25.99   15.23
 175434.866    84.981    26.02   17.28
 175800.524    92.162    19.64   16.96
 176166.262    98.890    18.40   16.67
 176532.078   100.895     5.48   15.89
 176897.974   100.451    -1.22   15.83
 177263.950    98.102    -6.42   15.00
 177630.005    88.119   -27.28   16.88
 177996.140    77.630   -28.65   18.68
 178362.354    67.550   -27.53   15.80
 178728.648    61.303   -17.06   10.67
