# NaN NaN NaN ;Mean Elev.(m), Avg Gradient(m/km), RMS Gradient(m/km) - SRTM1     
#   -4.252  -5.662  22.857 ;Mean Elev.(m), Avg Gradient(m/km), RMS Gradient(m/km) - ASTER GDEM
#   32.463  -4.919  19.676 ;Mean Elev.(m), Avg Gradient(m/km), RMS Gradient(m/km) - GMTED2010 
  7 151.635678  66.207251    27.604    27.068  5 52477.44045989 43.618
  8 151.629793  66.235782    31.154    31.951 10 52512.44040867 17.420
 11 151.638140  66.218162    28.075    29.304  9 52617.44042346 23.396
 12 151.636618  66.213569    28.793    27.578  7 52652.44039755 19.828
 13 151.639552  66.221325    29.381    28.744  9 52687.44039603 19.566
 14 151.635478  66.211150    26.776    24.792  7 52722.44044166 19.554
 16 151.626922  66.208951    30.333    29.534  6 52792.44041529 39.379
 17 151.611377  66.228555    23.642    23.673  4 52827.44048746 48.848
 18 151.600148  66.243392    23.275    20.781  5 52862.44053566 38.600
 19 151.633104  66.217532    28.351    27.181  8 52897.44055987 17.152
 20 151.637939  66.221498    20.044    19.931  8 52932.44050686 47.985
 21 151.629613  66.209545    24.507    26.390  9 52967.44050901 24.439
 22 151.634896  66.208708    26.649    25.463  9 53002.44053430 20.694
 23 151.638813  66.218935    28.172    28.447  9 53037.44048519 20.621
 24 151.633556  66.214345    28.184    27.251  8 53072.44050965 19.578
 25 151.637064  66.224479    28.139    27.192 10 53107.44048692 15.198
 26 151.632811  66.208357    24.666    24.129  9 53142.44051744 34.095
 27 151.637722  66.211186    31.860    32.207  5 53177.44054181 20.188
 28 151.634343  66.213187    23.194    23.143  6 53212.44056233 48.494
 29 151.636909  66.220530    22.907    22.923  8 53247.44053234 50.256
 30 151.584803  66.245614    23.521    23.521  2 53282.44052748 48.209
 31 151.631407  66.215227    19.324    19.377  7 53317.44052424 40.223
 33 151.632925  66.201937    21.422    20.871  9 53387.44047970 26.228
 34 151.637159  66.219537    23.428    20.274  8 53422.44048412 25.857
 35 151.634000  66.204778    22.811    21.211  9 53457.44048691 22.108
 36 151.619525  66.217736    20.569    20.645  4 53492.44057499 19.479
 37 151.619614  66.232835    25.212    25.212  2 53527.44055760 44.431
 38 151.633527  66.213950    28.779    29.143  7 53562.44058292 18.636
 39 151.615407  66.245261    32.632    32.448  3 53597.44052878 18.780
 40 151.626516  66.202591    29.623    36.673  9 53632.44051603 39.585
 41 151.630256  66.212092    19.804    19.901  9 53667.44053994 37.836
 42 151.637684  66.220677    23.690    24.416  9 53702.44048732 29.440
 43 151.643632  66.229898    24.790    26.080 12 53737.44039863 27.502
 44 151.634734  66.214799    27.606    25.561  8 53772.44040621 23.102
 47 151.629600  66.216122    59.836    67.780  7 53877.44046395 32.620
 48 151.602763  66.235036    27.016    26.533  4 53912.44051964 42.224
 49 151.594897  66.246631    27.096    27.096  2 53947.44053723 21.048
 50 151.636678  66.220554    44.348    29.589  7 53982.44047397 19.183
 51 151.627377  66.210532    21.067    21.113  8 54017.44049935 49.078
 52 151.636935  66.218043    23.621    22.295  9 54052.44049598 34.027
 53 151.639127  66.217098    28.644    27.712  7 54087.44048763 19.781
 54 151.641855  66.230229    30.474    31.091 12 54122.44041382 14.730
 55 151.633948  66.214152    29.417    28.137  7 54157.44044908 14.669
 56 151.676689  66.190790    24.178    24.178  2 54192.44040505 13.861
 57 151.635660  66.210263    26.271    24.475  8 54227.44046020  6.721
 58 151.616338  66.229979    32.173    32.081  6 54262.44048342 39.686
 59 151.663853  66.189477    25.714    25.714  2 54297.44047952 48.866
 60 151.625110  66.231306    29.073    29.440  6 54332.44047846 42.414
 61 151.638835  66.225067    38.056    31.792  8 54367.44041817 32.492
 62 151.641404  66.211057    21.651    22.477  5 54402.44041719 30.439
 63 151.636916  66.221704    28.102    27.643  8 54437.44037636 19.348
 64 151.632279  66.212832    28.084    27.994  9 54472.44040297 14.377
 65 151.640027  66.222942    29.412    30.285 10 54507.44038790 14.315
 66 151.635399  66.215988    28.659    29.625  9 54542.44041803 15.295
 67 151.638338  66.225501    29.473    28.974 10 54577.44039074 12.148
 68 151.623520  66.227185    73.329    65.925  6 54612.44041147 19.228
 69 151.630280  66.218574    23.182    23.157  4 54647.44041667 46.132
 70 151.637133  66.216536    29.900    30.966  8 54682.44041683 17.392
 71 151.634492  66.229766    24.442    24.386  9 54717.44036735 43.917
 72 151.633414  66.211013    20.914    20.901  7 54752.44038806 48.899
 73 151.636248  66.222620    19.560    19.606  7 54787.44035611 34.701
 74 151.635072  66.208795    26.027    25.058  9 54822.44038196 23.505
 75 151.637579  66.221901    27.071    29.564  7 54857.44035201 23.428
 76 151.636949  66.214520    28.210    26.797  7 54892.44038564 19.517
 77 151.639804  66.223524    26.293    26.404 10 54927.44035038 19.197
 78 151.635335  66.210462    23.877    23.888  7 54962.44038436 28.214
 79 151.635105  66.213003    26.531    26.526  8 54997.44040564 39.956
 80 151.632225  66.218239    26.259    27.086  6 55032.44039618 21.814
 81 151.668046  66.190702    22.716    22.716  2 55067.44037902 44.470
 82 151.642409  66.222055    23.389    23.514  4 55102.44032482 45.239
 83 151.633181  66.213727    18.931    18.955  8 55137.44033041 35.425
 84 151.640283  66.220371    25.427    29.550  9 55172.44029301 20.806
 85 151.633904  66.210942    24.920    22.524  7 55207.44032414 19.436
 86 151.639328  66.223379    29.624    27.616  9 55242.44029830 17.150
 87 151.639350  66.214447    28.114    26.494  7 55277.44031850 17.036
 89 151.638376  66.215045    28.331    28.580  6 55347.44028872 40.970
 90 151.636674  66.218437    28.279    28.270  4 55382.44028045 27.759
 91 151.634557  66.210147    21.231    21.112  7 55417.44030707 51.320
 92 151.638483  66.220889    32.237    32.239  8 55452.44029065 13.656
 93 151.634969  66.232508    21.070    20.771 12 55487.44021494 48.939
