-155107.934    -2.092     0.00    0.00
-154740.555    -2.092     0.00    0.00
-154373.261    -2.092     0.00    0.00
-154006.053    -2.092     0.00    0.00
-153638.932    -2.092     0.00    0.00
-153271.896    -2.092     0.00    0.00
-152904.946    -2.092     0.00    0.00
-152538.081    -2.092     0.00    0.00
-152171.303    -2.092     0.00    0.00
-151804.610    -2.092     0.00    0.00
-151438.002    -2.092     0.00    0.00
-151071.480    -2.092     0.00    0.00
-150705.044    -2.092     0.00    0.00
-150338.693    -2.092     0.00    0.00
-149972.427    -2.092     0.00    0.00
-149606.247    -2.092     0.00    0.00
-149240.151    -2.092     0.00    0.00
-148874.141    -2.092     0.00    0.00
-148508.217    -2.092     0.00    0.00
-148142.377    -2.092     0.00    0.00
-147776.622    -2.092     0.00    0.00
-147410.952    -2.092     0.00    0.00
-147045.367    -2.092     0.00    0.00
-146679.866    -2.092     0.00    0.00
-146314.451    -2.092     0.00    0.00
-145949.120    -2.092     0.00    0.00
-145583.874    -2.092     0.00    0.00
-145218.712    -2.092     0.00    0.00
-144853.635    -2.092     0.00    0.00
-144488.642    -2.092     0.00    0.00
-144123.734    -2.092     0.00    0.00
-143758.910    -2.092     0.00    0.00
-143394.171    -2.092     0.00    0.00
-143029.515    -2.092     0.00    0.00
-142664.944    -2.092     0.00    0.00
-142300.457    -2.092     0.00    0.00
-141936.054    -2.092     0.00    0.00
-141571.735    -2.092     0.00    0.00
-141190.959    -2.092     0.00    0.00
-140808.960    -2.092     0.00    0.00
-140427.056    -2.092     0.00    0.00
-140045.246    -2.092     0.00    0.00
-139663.530    -2.055     0.10    0.30
-139281.908    -0.941     2.92    3.49
-138900.380     0.027     2.54    4.29
-138518.946     0.695     1.75    4.61
-138137.607     2.535     4.83    5.73
-137756.361     5.344     7.37    6.58
-137375.209     8.459     8.17    6.17
-136994.151    11.082     6.88    4.04
-136613.186    11.385     0.80    2.72
-136232.315     8.648    -7.19    3.56
-135851.538     6.055    -6.81    3.16
-135470.854     4.034    -5.31    1.81
-135090.264     2.963    -2.81    0.94
-134709.767     2.210    -1.98    1.23
-134329.363     1.238    -2.55    1.22
-133949.053     0.525    -1.88    0.92
-133568.835     0.101    -1.12    0.44
-133188.711    -0.017    -0.31    0.26
-132808.680    -0.018    -0.00    0.30
-132428.742    -0.046    -0.08    0.25
-132048.896    -0.083    -0.10    0.10
-131669.144    -0.064     0.05    0.17
-131289.484    -0.026     0.10    0.29
-130909.917    -0.110    -0.22    0.51
-130530.442    -0.396    -0.75    0.94
-130151.061    -0.679    -0.75    1.17
-129771.771    -1.141    -1.22    1.25
-129392.574    -1.615    -1.25    1.05
-129013.469    -2.014    -1.05    0.41
-128634.457    -2.092    -0.20    0.00
-128255.537    -2.092     0.00    0.00
-127876.709    -2.092     0.00    0.00
-127497.973    -2.083     0.02    0.10
-127119.329    -2.046     0.10    0.35
-126740.777    -1.998     0.12    0.52
-126362.317    -1.950     0.13    0.68
-125983.949    -1.954    -0.01    0.67
-125605.672    -1.985    -0.08    0.54
-125227.488    -1.899     0.23    0.81
-124849.394    -1.704     0.52    1.34
-124471.393    -1.601     0.27    1.58
-124093.483    -1.344     0.68    1.83
-123715.664    -1.344     0.00    1.69
-123337.937    -1.111     0.62    1.83
-122960.301    -0.916     0.52    1.85
-122582.756    -0.512     1.07    1.91
-122205.302     0.116     1.66    1.97
-121827.940     0.663     1.45    1.81
-121450.668     1.170     1.34    1.52
-121073.488     1.516     0.92    0.97
-120696.398     1.461    -0.15    0.96
-120319.400     1.343    -0.31    0.82
-119942.492     1.302    -0.11    0.74
-119565.674     1.422     0.32    0.77
-119188.948     1.222    -0.53    0.85
-118812.312     0.917    -0.81    0.88
-118435.766     0.784    -0.35    0.74
-118059.311     0.528    -0.68    0.64
-117682.947     0.408    -0.32    0.59
-117306.672     0.207    -0.53    0.55
-116930.488     0.027    -0.48    0.33
-116554.395     0.005    -0.06    0.30
-116178.391     0.010     0.01    0.30
-115802.477     0.029     0.05    0.36
-115426.654     0.140     0.29    0.57
-115050.920     0.114    -0.07    0.55
-114675.276     0.371     0.68    0.80
-114299.722     0.663     0.78    0.89
-113924.258     0.768     0.28    0.88
-113548.883     0.974     0.55    0.87
-113173.598     1.020     0.12    0.85
-112798.403     0.982    -0.10    0.84
-112423.297     1.116     0.36    0.88
-112048.281     1.132     0.04    0.84
-111673.354     1.071    -0.16    0.88
-111298.516     0.945    -0.34    0.93
-110923.767     0.879    -0.18    0.94
-110549.108     0.450    -1.14    1.20
-110174.538     0.067    -1.02    1.33
-109800.057    -0.419    -1.30    1.39
-109425.665    -0.802    -1.02    1.31
-109051.362    -1.063    -0.70    1.18
-108677.147    -1.129    -0.18    1.13
-108303.022    -1.276    -0.39    1.09
-107928.985    -0.961     0.84    1.37
-107555.037    -0.839     0.33    1.48
-107181.177    -0.952    -0.30    1.49
-106807.406    -1.309    -0.96    1.37
-106433.724    -1.620    -0.83    1.13
-106060.130    -1.896    -0.74    0.69
-105686.624    -2.024    -0.34    0.43
-105313.207    -2.092    -0.18    0.00
-104939.878    -2.092     0.00    0.00
-104566.637    -2.092     0.00    0.00
-104193.484    -2.092     0.00    0.00
-103820.420    -2.092     0.00    0.00
-103447.443    -2.092     0.00    0.00
-103074.554    -2.082     0.03    0.10
-102701.753    -1.684     1.07    1.22
-102329.040    -0.917     2.06    1.99
-101956.415     0.232     3.08    2.58
-101583.877     1.163     2.50    2.48
-101211.427     1.982     2.20    1.96
-100839.065     2.219     0.64    1.24
-100466.790     1.431    -2.12    1.36
-100094.603     0.721    -1.91    1.40
 -99722.503    -0.073    -2.13    1.27
 -99350.490    -0.468    -1.06    1.22
 -98978.564    -0.663    -0.53    1.17
 -98606.726    -0.858    -0.52    1.01
 -98234.975    -0.866    -0.02    0.98
 -97863.311    -0.812     0.15    0.93
 -97491.734    -0.752     0.16    0.88
 -97120.244    -0.635     0.32    0.86
 -96748.841    -0.472     0.44    0.79
 -96377.525    -0.405     0.18    0.68
 -96006.295    -0.463    -0.16    0.64
 -95635.152    -0.466    -0.01    0.66
 -95264.096    -0.551    -0.23    0.66
 -94893.127    -0.441     0.30    0.70
 -94522.244    -0.372     0.19    0.76
 -94151.447    -0.503    -0.35    0.92
 -93780.737    -0.798    -0.79    1.08
 -93410.113    -1.111    -0.84    1.20
 -93039.576    -1.582    -1.27    1.16
 -92669.125    -1.707    -0.34    1.18
 -92298.760    -2.063    -0.96    0.22
 -91928.481    -2.054     0.02    0.27
 -91558.288    -1.403     1.76    1.50
 -91188.181    -0.412     2.68    1.92
 -90818.161     0.380     2.14    1.72
 -90448.226     0.969     1.59    1.06
 -90078.376     0.908    -0.16    0.74
 -89708.613     0.831    -0.21    0.76
 -89338.935     0.767    -0.17    0.75
 -88969.343     0.748    -0.05    0.97
 -88599.837     0.685    -0.17    1.36
 -88230.416     1.095     1.11    1.65
 -87861.081     1.532     1.18    1.65
 -87491.831     1.748     0.58    1.54
 -87122.666     1.682    -0.18    1.34
 -86753.587     1.384    -0.81    1.13
 -86384.593     0.927    -1.24    1.01
 -86015.684     0.389    -1.46    0.64
 -85646.860     0.195    -0.53    0.53
 -85278.121     0.014    -0.49    0.31
 -84909.468     0.021     0.02    0.32
 -84540.899     0.184     0.44    0.53
 -84172.415     0.365     0.49    0.57
 -83804.016     0.361    -0.01    0.60
 -83435.702     0.274    -0.23    0.54
 -83067.472     0.310     0.10    0.56
 -82699.327     0.258    -0.14    0.55
 -82331.267     0.352     0.26    0.60
 -81963.291     0.295    -0.15    0.56
 -81595.400     0.245    -0.14    0.57
 -81227.593     0.329     0.23    0.63
 -80859.870     0.357     0.08    0.72
 -80492.232     0.325    -0.09    0.67
 -80124.678     0.203    -0.33    0.54
 -79757.208     0.070    -0.36    0.48
 -79389.823     0.073     0.01    0.50
 -79022.521     0.173     0.27    0.65
 -78655.304     0.257     0.23    0.73
 -78288.170     0.065    -0.52    0.82
 -77921.121    -0.224    -0.79    0.73
 -77554.155    -0.469    -0.67    0.67
 -77187.273    -0.726    -0.70    0.54
 -76820.475    -0.858    -0.36    0.52
 -76453.760    -1.012    -0.42    0.31
 -76087.129    -1.092    -0.22    0.00
 -75720.582    -1.092     0.00    0.00
 -75354.118    -1.092     0.00    0.00
 -74987.738    -1.092     0.00    0.00
 -74621.441    -1.092     0.00    0.00
 -74255.227    -1.092     0.00    0.00
 -73889.097    -0.851     0.66    0.78
 -73523.049    -0.235     1.68    1.65
 -73157.085     0.559     2.17    2.30
 -72791.205     1.712     3.15    2.63
 -72425.407     2.408     1.90    2.52
 -72059.692     3.287     2.40    2.19
 -71694.060     3.710     1.16    1.65
 -71328.511     3.823     0.31    1.30
 -70963.045     3.673    -0.41    1.31
 -70597.662     3.546    -0.35    1.35
 -70232.361     3.433    -0.31    1.39
 -69867.143     3.273    -0.44    1.55
 -69502.008     3.427     0.42    1.63
 -69136.955     3.841     1.13    1.97
 -68771.985     4.587     2.05    2.25
 -68407.097     4.051    -1.47    3.16
 -68042.292     2.785    -3.47    3.76
 -67677.568     1.137    -4.52    3.53
 -67312.928    -0.621    -4.82    1.71
 -66948.369     0.257     2.41    3.22
 -66573.704     2.379     5.66    4.60
 -66191.873     4.797     6.33    5.14
 -65810.134     6.957     5.66    4.48
 -65428.487     8.422     3.84    3.09
 -65046.932     8.130    -0.76    2.70
 -64665.468     8.040    -0.24    2.88
 -64284.097     7.684    -0.93    2.98
 -63902.817     6.550    -2.97    3.32
 -63521.629     6.302    -0.65    3.37
 -63140.533     6.621     0.84    3.35
 -62759.528     7.562     2.47    3.24
 -62378.614     8.936     3.61    2.84
 -61997.792     9.850     2.40    1.89
 -61617.061     9.784    -0.17    1.48
 -61236.422     9.543    -0.63    1.12
 -60855.873     9.146    -1.04    1.24
 -60475.416     8.764    -1.00    1.15
 -60095.050     8.801     0.10    1.49
 -59714.774     8.985     0.48    1.73
 -59334.590     7.610    -3.62    3.80
 -58954.497     5.129    -6.53    5.34
 -58574.494     1.870    -8.58    5.09
 -58194.582    -0.828    -7.10    2.63
 -57814.761    -2.005    -3.10    0.28
 -57435.030    -1.960     0.12    0.34
 -57055.390    -1.834     0.33    0.44
 -56675.841    -1.840    -0.01    0.44
 -56296.381    -1.888    -0.13    0.41
 -55917.013    -1.949    -0.16    0.35
 -55537.734    -1.551     1.05    0.97
 -55158.546    -1.006     1.44    1.27
 -54779.448    -0.755     0.66    1.34
 -54400.440    -0.949    -0.51    1.27
 -54021.522    -1.369    -1.11    0.94
 -53642.694    -1.516    -0.39    0.82
 -53263.956    -1.478     0.10    0.81
 -52885.307    -1.625    -0.39    0.77
 -52506.749    -1.659    -0.09    1.08
 -52128.280    -1.349     0.82    1.60
 -51749.901    -0.444     2.39    2.36
 -51371.612     0.360     2.13    2.72
 -50993.412     1.175     2.15    2.78
 -50615.301     2.306     2.99    2.41
 -50237.280     2.823     1.37    2.04
 -49859.348     3.389     1.50    1.13
 -49481.506     3.966     1.53    1.25
 -49103.753     4.668     1.86    1.52
 -48726.089     4.862     0.51    2.28
 -48348.514     5.088     0.60    2.77
 -47971.028     5.474     1.02    2.57
 -47593.631     6.067     1.57    2.11
 -47216.323     6.658     1.57    1.33
 -46839.104     7.045     1.03    1.15
 -46461.973     7.375     0.87    1.12
 -46084.932     7.636     0.69    1.10
 -45707.979     7.889     0.67    1.12
 -45331.114     7.936     0.13    1.24
 -44954.338     8.033     0.26    1.77
 -44577.651     7.775    -0.69    2.59
 -44201.052     6.947    -2.20    3.34
 -43824.541     5.794    -3.06    3.37
 -43448.119     4.393    -3.72    2.26
 -43071.785     6.039     4.37    3.56
 -42695.539     9.102     8.14    5.27
 -42319.381    13.537    11.79    5.77
 -41943.312    17.067     9.39    4.00
 -41567.330    19.270     5.86    2.36
 -41191.436    20.033     2.03    2.16
 -40815.630    19.965    -0.18    3.60
 -40439.912    19.603    -0.96    5.07
 -40064.282    19.649     0.12    6.34
 -39688.739    18.337    -3.49    6.99
 -39313.284    17.621    -1.91    7.14
 -38937.916    16.546    -2.86    6.50
 -38562.636    15.221    -3.53    5.54
 -38187.444    14.318    -2.41    3.91
 -37812.339    16.939     6.99    6.63
 -37437.321    21.727    12.77    9.16
 -37062.390    26.364    12.37   10.12
 -36687.547    29.346     7.96   10.32
 -36312.791    27.697    -4.40   11.97
 -35938.122    22.015   -15.16   11.59
 -35563.539    18.025   -10.65    8.19
 -35189.044    18.532     1.35    7.82
 -34814.636    26.187    20.45   13.67
 -34440.315    35.987    26.18   13.90
 -34066.080    42.251    16.74   10.38
 -33691.932    44.000     4.67    7.68
 -33317.871    38.499   -14.71   10.83
 -32943.896    32.512   -16.01   12.07
 -32570.008    26.651   -15.68   14.14
 -32196.207    22.918    -9.99   16.05
 -31822.491    25.102     5.85   18.66
 -31448.863    28.403     8.84   18.92
 -31075.320    33.838    14.55   15.43
 -30701.864    36.735     7.76   10.69
 -30328.494    34.704    -5.44   10.07
 -29955.210    30.471   -11.34   10.38
 -29582.012    27.306    -8.48   10.99
 -29208.900    26.097    -3.24   11.95
 -28835.874    26.462     0.98   12.14
 -28462.934    26.861     1.07   11.42
 -28090.080    27.976     2.99    8.85
 -27717.312    25.743    -5.99    6.63
 -27344.629    23.702    -5.48    5.72
 -26972.032    21.778    -5.16    4.46
 -26599.521    21.718    -0.16    3.87
 -26227.095    22.235     1.39    3.51
 -25854.755    23.803     4.21    5.18
 -25482.500    25.760     5.26    7.17
 -25110.331    26.480     1.93    9.19
 -24738.246    23.764    -7.30   11.46
 -24366.247    17.170   -17.73   12.24
 -23994.334    10.471   -18.01    9.35
 -23622.505     4.928   -14.91    5.14
 -23250.762     2.765    -5.82    2.40
 -22879.103     2.694    -0.19    2.40
 -22507.530     3.899     3.24    3.14
 -22136.041     5.393     4.02    3.02
 -21764.637     7.537     5.77    2.98
 -21393.318     8.607     2.88    2.91
 -21022.084     8.840     0.63    3.67
 -20650.935     8.840     0.00    4.06
 -20279.870     8.541    -0.81    4.34
 -19908.889     8.441    -0.27    4.60
 -19537.994     8.898     1.23    4.88
 -19167.182     9.051     0.41    5.17
 -18796.455     7.743    -3.53    5.42
 -18425.813     6.062    -4.54    4.76
 -18055.254     4.743    -3.56    3.98
 -17684.780     3.403    -3.62    3.16
 -17314.390     2.850    -1.49    3.09
 -16944.084     2.898     0.13    3.06
 -16573.862     3.937     2.81    3.81
 -16203.725     6.631     7.28    4.25
 -15833.671     9.341     7.32    3.67
 -15463.701    10.627     3.48    3.11
 -15093.815    11.248     1.68    3.67
 -14724.012    11.603     0.96    4.25
 -14354.293    11.214    -1.05    4.68
 -13984.658    10.737    -1.29    6.84
 -13615.107    10.424    -0.85    7.59
 -13245.639    10.379    -0.12    7.62
 -12876.255     8.869    -4.09    6.75
 -12506.954     5.584    -8.90    4.58
 -12137.736     3.677    -5.16    3.74
 -11768.602     2.506    -3.17    3.31
 -11399.551     0.956    -4.20    1.66
 -11030.583     1.153     0.53    1.96
 -10661.699     2.610     3.95    3.47
 -10292.897     4.016     3.81    3.92
  -9924.179     5.062     2.84    3.71
  -9555.543     5.184     0.33    3.53
  -9186.991     4.442    -2.01    3.56
  -8818.521     3.524    -2.49    3.15
  -8450.134     2.929    -1.61    2.99
  -8081.830     4.187     3.42    3.56
  -7713.609     5.017     2.25    3.48
  -7345.470     6.456     3.91    3.92
  -6977.414     7.812     3.68    4.28
  -6609.441     7.692    -0.32    4.59
  -6241.550     7.831     0.38    4.62
  -5873.741     6.939    -2.43    3.77
  -5506.015     6.743    -0.53    3.32
  -5138.371     6.268    -1.29    3.07
  -4770.809     7.374     3.01    3.39
  -4403.330     7.687     0.85    3.56
  -4035.932     8.143     1.24    3.95
  -3668.617     9.238     2.98    3.46
  -3301.384     8.571    -1.82    3.49
  -2934.233     8.543    -0.08    3.65
  -2567.164     6.878    -4.53    4.42
  -2200.177     4.683    -5.98    4.49
  -1833.271     2.850    -4.99    4.04
  -1466.448     1.393    -3.97    1.89
  -1099.706     1.006    -1.06    1.82
   -733.046     1.010     0.01    2.14
   -366.467     0.754    -0.70    2.04
      0.030     0.085    -1.83    0.55
    366.446     0.349     0.72    1.12
    732.780     0.918     1.55    1.92
   1099.032     2.102     3.23    2.92
   1465.204     3.568     4.00    3.34
   1831.294     5.598     5.54    3.96
   2197.303     8.452     7.80    4.77
   2563.230    10.482     5.55    3.81
   2929.077    12.558     5.67    3.03
   3294.842    13.437     2.40    2.54
   3660.526    13.204    -0.64    2.84
   4026.130    11.222    -5.42    4.38
   4391.652     8.938    -6.25    4.72
   4757.094     7.631    -3.58    4.59
   5122.455     8.330     1.91    5.20
   5487.735    10.949     7.17    5.35
   5852.934    12.539     4.35    3.96
   6218.052    13.468     2.54    3.09
   6583.091    13.199    -0.74    3.34
   6948.048    13.533     0.91    3.63
   7312.925    13.638     0.29    4.10
   7677.722    12.015    -4.45    4.93
   8046.723     9.749    -6.14    5.78
   8428.386     6.898    -7.47    5.00
   8809.959     4.582    -6.07    3.72
   9191.443     3.977    -1.59    3.44
   9572.837     4.571     1.56    4.20
   9954.142     6.451     4.93    4.94
  10335.357     7.803     3.55    5.52
  10716.483     7.597    -0.54    5.76
  11097.519     6.716    -2.31    6.19
  11478.466     6.219    -1.31    6.18
  11859.324     7.205     2.59    6.51
  12240.093     8.985     4.67    6.25
  12620.773    11.378     6.28    5.26
  13001.364    11.300    -0.20    4.07
  13381.866     9.635    -4.38    4.56
  13762.278     8.811    -2.17    4.34
  14142.603     8.373    -1.15    4.11
  14522.838     9.675     3.42    4.23
  14902.984     9.878     0.53    4.11
  15283.042     9.506    -0.98    3.72
  15663.011     9.741     0.62    4.14
  16042.892    10.810     2.81    5.55
  16422.685    12.516     4.49    5.69
  16802.388    13.578     2.80    6.25
  17182.004    13.364    -0.56    5.68
  17561.531    14.094     1.93    5.61
  17940.970    14.839     1.96    5.28
  18320.321    14.958     0.31    4.29
  18699.584    12.345    -6.89    5.35
  19078.758     8.086   -11.23    6.43
  19457.845     4.495    -9.47    5.63
  19836.844     2.211    -6.03    3.56
  20215.755     4.192     5.23    6.01
  20594.578    10.269    16.04   10.37
  20973.313    18.102    20.68   11.71
  21351.961    25.504    19.55    8.44
  21730.521    29.102     9.50    5.10
  22108.993    30.132     2.72    5.48
  22487.378    33.776     9.63    8.96
  22865.676    40.283    17.20    9.18
  23243.886    43.161     7.61    7.75
  23622.008    42.423    -1.95    8.43
  24000.044    36.015   -16.95    8.84
  24377.992    32.490    -9.33    5.91
  24755.853    33.359     2.30    6.51
  25133.627    32.757    -1.59    7.46
  25511.315    33.238     1.28    6.85
  25888.915    29.720    -9.32    7.11
  26266.428    28.124    -4.23    6.31
  26643.854    29.104     2.60    6.88
  27021.193    30.398     3.43    6.59
  27398.446    32.928     6.70    5.68
  27775.612    33.423     1.31    4.76
  28152.692    35.124     4.51    4.89
  28529.685    36.393     3.37    4.91
  28906.591    37.967     4.18    5.78
  29283.411    40.279     6.14    6.25
  29660.145    42.331     5.45    4.66
  30036.792    44.439     5.60    4.71
  30413.353    47.695     8.65    5.61
  30789.828    50.898     8.51    5.45
  31166.216    51.947     2.79    5.01
  31542.519    52.064     0.31    5.95
  31918.735    50.643    -3.78    7.47
  32294.866    49.383    -3.35    7.62
  32670.910    51.607     5.91    9.29
  33046.869    55.542    10.47    9.82
  33422.742    56.839     3.45    9.59
  33798.529    55.638    -3.20   10.76
  34174.231    49.598   -16.08   10.44
  34549.847    45.339   -11.34    6.48
  34925.377    44.888    -1.20    5.27
  35300.822    46.928     5.43    6.62
  35676.181    50.148     8.58    6.11
  36051.455    49.229    -2.45    6.60
  36426.644    44.031   -13.85    8.86
  36801.747    38.403   -15.00    8.15
  37176.765    34.971    -9.15    5.98
  37551.698    35.055     0.22    5.93
  37926.546    37.342     6.10    5.81
  38301.309    39.153     4.83    6.25
  38675.986    40.088     2.50    5.94
  39050.579    40.928     2.24    5.47
  39425.087    38.918    -5.37    6.63
  39799.510    34.158   -12.71    7.25
  40173.849    30.183   -10.62    6.86
  40548.102    28.700    -3.96    6.37
  40922.271    30.830     5.69    8.29
  41296.356    33.854     8.08    8.93
  41670.355    38.055    11.23    6.79
  42044.271    40.169     5.65    5.28
  42418.102    38.740    -3.82    5.17
  42791.848    36.745    -5.34    5.12
  43165.511    32.948   -10.16    6.50
  43539.089    29.065   -10.39    6.53
  43912.582    23.808   -14.07    7.13
  44285.992    19.702   -11.00    6.27
  44659.318    16.999    -7.24    5.39
  45032.559    15.085    -5.13    4.56
  45405.717    14.939    -0.39    4.49
  45778.790    14.850    -0.24    5.39
  46151.780    12.888    -5.26    5.88
  46524.686     9.571    -8.89    7.53
  46897.508     6.814    -7.40    7.38
  47270.247     7.134     0.86    7.33
  47642.901     9.178     5.49    9.01
  48015.473    14.771    15.01    9.52
  48387.960    19.661    13.13    7.43
  48760.365    22.478     7.57    6.42
  49132.685    24.349     5.03    5.56
  49504.923    25.073     1.94    5.14
  49877.077    26.614     4.14    5.01
  50249.148    28.898     6.14    3.85
  50621.136    29.751     2.29    4.57
  50993.040    31.960     5.94    5.61
  51364.862    34.526     6.90    6.42
  51736.600    36.211     4.53    6.00
  52108.255    39.383     8.54    4.30
  52479.828    41.354     5.30    5.08
  52851.318    44.555     8.62    6.32
  53222.724    47.085     6.81    6.02
  53594.048    49.878     7.52    5.37
  53965.290    51.809     5.20    5.66
  54336.448    54.355     6.86    7.56
  54707.525    58.310    10.66    8.07
  55078.518    62.706    11.85    9.17
  55449.429    66.799    11.03    8.43
  55820.258    68.195     3.76    7.60
  56191.004    70.708     6.78    6.37
  56561.668    70.977     0.72    6.43
  56932.250    73.826     7.69    9.34
  57302.749    76.373     6.88    9.14
  57673.166    79.700     8.98    7.83
  58043.502    81.977     6.15    7.39
  58413.755    83.316     3.62    7.55
  58783.926    86.354     8.21    8.92
  59154.015    91.378    13.57    8.34
  59524.022    94.848     9.38    7.18
  59893.948    96.565     4.64    7.12
  60263.791    97.609     2.82    6.37
  60633.553    99.192     4.28    7.10
  61003.233   103.490    11.62    9.24
  61372.832   107.057     9.65    7.82
  61742.349   110.480     9.26    7.15
  62111.785   114.618    11.20    6.54
  62481.139   116.819     5.96    7.44
  62850.411   120.474     9.90    8.79
  63219.602   123.393     7.91    8.38
  63588.712   126.034     7.16    9.03
  63957.741   129.241     8.69    9.23
  64326.689   132.684     9.33   11.24
  64695.555   136.251     9.67   10.97
  65064.340   137.474     3.31   11.69
  65433.045   138.318     2.29   12.28
  65801.668   140.918     7.05   12.99
  66170.210   143.378     6.67   14.24
  66538.672   147.799    12.00   14.68
  66907.052   150.973     8.62   14.90
  67275.352   153.284     6.27   13.40
  67643.571   156.454     8.61   13.03
  68011.710   160.265    10.35   13.10
  68379.767   164.718    12.10   14.55
  68747.745   171.076    17.28   16.05
  69115.641   178.393    19.89   15.97
  69483.458   185.938    20.51   17.35
  69851.194   192.477    17.78   17.78
  70218.849   198.126    15.36   20.33
  70586.424   204.928    18.51   21.98
  70953.919   216.837    32.41   27.44
  71321.334   229.978    35.76   27.84
  71688.669   245.988    43.58   29.53
  72055.923   264.439    50.24   29.94
  72423.097   278.128    37.28   30.25
  72790.192   291.582    36.65   29.82
  73157.206   301.268    26.39   30.26
  73524.141   314.878    37.09   38.40
  73890.996   329.908    40.97   44.81
  74257.771   347.037    46.70   46.81
  74624.466   357.413    28.30   47.97
  74991.082   352.225   -14.15   57.87
  75357.618   338.234   -38.17   70.75
  75724.074   312.918   -69.08   65.67
  76090.451   290.605   -60.90   41.31
  76456.748   290.558    -0.13   29.86
  76822.966   307.468    46.17   33.61
  77189.105   324.290    45.94   28.92
  77555.164   335.809    31.47   29.27
  77921.144   345.887    27.53   35.32
  78287.045   355.114    25.22   46.20
  78652.866   377.718    61.79   66.84
  79018.609   405.071    74.78   86.33
  79384.272   440.668    97.34  106.57
  79749.857   477.887   101.80  117.07
  80115.362   487.829    27.20  123.18
  80480.788   488.335     1.39  120.12
  80846.136   473.028   -41.90  109.37
  81211.405   464.008   -24.69   99.59
  81576.595   462.938    -2.93   95.74
  81941.706   468.161    14.30   92.61
  82306.739   465.238    -8.01   85.24
  82671.693   461.045   -11.49   65.87
  83051.984   460.365    -1.79   53.12
  83433.389   489.698    76.90   72.83
  83814.706   517.194    72.10   78.51
  84195.936   518.508     3.45   66.09
  84577.079   527.332    23.15   60.37
  84958.134   550.126    59.81   67.28
  85339.103   595.825   119.95   78.34
  85719.984   635.928   105.28   67.23
  86100.779   641.810    15.45   57.59
  86481.486   587.751  -141.99   89.19
  86862.107   511.616  -200.02   89.40
  87242.641   440.038  -188.09   73.09
  87623.088   395.517  -117.02   39.99
  88003.448   373.688   -57.39   37.70
  88383.722   357.304   -43.08   39.60
  88763.909   344.978   -32.42   34.93
  89144.010   347.338     6.21   45.15
  89524.024   357.690    27.24   56.78
  89903.952   362.013    11.38   57.48
  90283.793   347.009   -39.50   54.82
  90663.548   323.550   -61.77   46.37
  91043.217   312.908   -28.03   38.95
  91422.800   333.558    54.40   66.96
  91802.296   369.288    94.15   82.56
  92181.707   405.096    94.37   74.34
  92561.031   415.393    27.15   63.40
  92940.270   393.908   -56.65   58.68
  93319.423   354.282  -104.51   54.59
  93698.490   319.403   -92.01   53.91
  94077.471   289.888   -77.87   44.15
  94456.366   287.449    -6.44   48.43
  94835.176   298.019    27.90   57.99
  95213.900   310.948    34.14   54.88
  95592.539   303.928   -18.54   52.40
  95971.092   279.238   -65.22   50.76
  96349.559   244.060   -92.94   41.14
  96727.942   217.358   -70.56   35.03
  97106.239   191.098   -69.41   24.03
  97484.450   176.514   -38.56   17.70
  97862.577   167.969   -22.60   14.53
  98240.618   164.656    -8.76   18.74
  98618.575   163.638    -2.69   23.74
  98996.446   161.807    -4.85   26.26
  99374.232   159.743    -5.46   29.30
  99751.933   159.720    -0.06   30.79
 100129.550   154.846   -12.91   28.05
 100507.082   153.605    -3.29   22.58
 100884.529   164.558    29.02   33.81
 101261.891   187.344    60.38   42.42
 101639.168   211.435    63.85   32.72
 102016.361   214.740     8.76   24.71
 102393.470   198.543   -42.95   31.12
 102770.494   178.898   -52.10   29.20
 103147.434   171.908   -18.54   24.60
 103524.289   177.245    14.16   27.06
 103901.060   189.693    33.04   24.72
 104277.747   188.344    -3.58   26.36
 104654.349   177.372   -29.13   27.55
 105030.867   156.322   -55.90   30.16
 105407.302   136.960   -51.43   26.22
 105783.652   123.898   -34.70   18.91
 106159.918   119.398   -11.96   17.88
 106536.101   117.484    -5.09   21.08
 106912.199   118.068     1.55   24.31
 107288.214   113.298   -12.68   22.51
 107664.145   107.500   -15.42   17.64
 108039.992   100.908   -17.54   12.13
 108415.756    98.368    -6.76   10.89
 108791.436    95.153    -8.56   11.98
 109167.033    90.988   -11.09   11.89
 109542.546    86.362   -12.32    9.53
 109917.975    83.839    -6.72    7.34
 110293.322    80.833    -8.01    4.68
 110668.585    77.898    -7.82    5.15
 111043.764    75.386    -6.69    5.09
 111418.861    86.868    30.61   28.46
 111793.874   110.951    64.21   50.93
 112168.805   148.878   101.15   62.19
 112543.652   183.335    91.92   50.17
 112918.416   201.888    49.50   31.12
 113293.097   195.783   -16.29   35.65
 113667.696   166.817   -77.32   41.33
 114042.212   139.413   -73.17   33.34
 114416.645   126.218   -35.24   21.36
 114790.995   133.551    19.59   27.37
 115165.262   153.735    53.92   30.18
 115539.447   164.522    28.83   19.84
 115913.550   157.294   -19.32   27.44
 116287.570   135.938   -57.09   36.79
 116661.507   113.789   -59.23   28.92
 117035.362   105.714   -21.60   16.57
 117409.135   110.270    12.19   16.00
 117782.825   124.989    39.39   19.88
 118156.434   141.515    44.23   19.39
 118529.960   157.120    41.78   20.44
 118903.404   173.571    44.05   22.60
 119276.766   196.019    60.12   25.81
 119650.045   214.282    48.92   29.39
 120023.243   235.877    57.86   27.28
 120396.359   249.051    35.30   21.95
 120769.394   254.653    15.02   17.02
 121142.346   248.857   -15.54   23.07
 121515.217   234.801   -37.69   28.61
 121888.005   223.898   -29.24   28.55
 122260.713   218.332   -14.93   32.00
 122633.338   224.128    15.55   38.06
 123005.883   231.037    18.54   36.89
 123378.345   224.098   -18.63   31.47
 123750.727   214.231   -26.50   26.29
 124123.027   195.191   -51.14   30.27
 124495.245   175.112   -53.94   29.65
 124867.382   157.439   -47.49   20.83
 125239.439   147.306   -27.23   15.62
 125611.413   147.189    -0.31   16.30
 125983.307   155.789    23.12   20.74
 126355.120   169.856    37.83   20.95
 126726.852   177.648    20.96   16.94
 127098.503   176.723    -2.49   20.44
 127470.072   162.980   -36.99   23.53
 127841.562   149.227   -37.02   20.90
 128212.970   143.686   -14.92   21.22
 128584.297   138.806   -13.14   23.99
 128955.544   132.051   -18.19   24.08
 129326.710   121.434   -28.60   22.51
 129697.796   111.258   -27.42   20.31
 130068.801   105.666   -15.07   14.86
 130439.725   105.571    -0.25   11.39
 130810.570   112.653    19.09   18.40
 131181.333   126.756    38.03   23.65
 131552.017   148.298    58.11   27.00
 131922.620   168.093    53.41   24.65
 132293.143   186.958    50.91   27.59
 132663.585   205.712    50.62   27.54
 133033.948   224.275    50.12   27.49
 133404.231   231.706    20.07   23.30
 133774.433   231.676    -0.08   23.15
 134144.556   223.061   -23.27   27.15
 134514.598   211.592   -30.99   27.42
 134884.561   198.514   -35.35   27.08
 135254.444   182.441   -43.45   27.53
 135624.247   165.787   -45.03   26.31
 135993.971   148.929   -45.59   25.73
 136363.614   133.878   -40.71   20.55
 136733.178   129.637   -11.47   15.97
 137102.663   137.000    19.93   21.19
 137472.068   150.480    36.49   23.41
 137841.394   165.523    40.73   19.08
 138210.640   171.413    15.95   20.07
 138579.807   171.865     1.22   23.15
 138948.895   171.663    -0.55   21.93
 139317.903   172.798     3.08   19.14
 139686.832   174.262     3.97   17.86
 140055.682   180.671    17.37   20.58
 140424.453   192.878    33.10   26.15
 140793.144   210.378    47.46   30.60
 141161.757   235.633    68.51   34.89
 141530.291   264.265    77.69   38.88
 141898.746   297.693    90.72   37.25
 142267.122   329.294    85.77   39.41
 142635.419   356.908    74.97   35.45
 143003.638   370.455    36.79   33.58
 143371.778   380.568    27.47   32.67
 143739.839   388.959    22.80   28.52
 144107.821   388.022    -2.55   30.43
 144475.725   362.533   -69.27   52.73
 144843.551   325.698  -100.13   72.18
 145211.298   285.589  -109.06   75.94
 145578.966   246.778  -105.55   71.58
 145946.557   212.717   -92.65   70.37
 146314.068   177.418   -96.04   62.35
 146681.502   146.813   -83.29   48.05
 147048.858   121.163   -69.82   47.29
 147416.135   101.500   -53.53   48.25
 147783.334    80.274   -57.80   43.23
 148150.455    66.211   -38.30   25.65
 148517.498    58.539   -20.90    2.84
 148884.464    60.060     4.14    3.08
 149251.351    61.741     4.58    2.57
 149618.160    63.296     4.24    1.71
 149984.892    63.655     0.98    1.96
 150351.546    64.981     3.61    3.08
 150718.122    66.989     5.48    3.84
 151084.620    69.403     6.59    4.39
 151451.041    71.708     6.29    4.57
 151817.384    73.006     3.54    3.83
 152183.650    74.316     3.58    3.09
 152549.838    76.108     4.89    2.93
 152915.949    78.714     7.12    5.47
 153281.983    81.980     8.92    6.70
 153647.939    87.241    14.38    7.92
 154013.818    91.929    12.81    8.58
 154379.619    97.680    15.72    8.24
 154745.344   103.619    16.24    9.05
 155110.991   110.231    18.08   10.39
 155476.562   118.795    23.42   10.81
 155842.055   125.351    17.94   10.39
 156207.471   131.804    17.66    9.72
 156572.810   136.857    13.83    9.92
 156938.073   141.212    11.92   12.91
 157303.258   144.541     9.11   16.34
 157678.271   148.780    11.30   19.79
 158059.508   153.388    12.08   20.73
 158440.660   159.270    15.43   20.90
 158821.727   165.133    15.38   19.52
 159202.709   168.136     7.88   18.47
 159583.606   171.653     9.23   17.14
 159964.418   174.715     8.04   16.52
 160345.146   181.367    17.47   17.92
 160725.788   194.776    35.22   22.85
 161106.346   215.112    53.43   30.56
 161486.820   240.973    67.96   33.50
 161867.209   270.423    77.41   35.07
 162247.513   298.202    73.03   31.54
 162627.733   318.949    54.56   23.55
 163007.868   327.600    22.76   14.66
 163387.919   314.547   -34.34   29.76
 163767.886   291.799   -59.86   35.22
 164147.768   276.484   -40.31   30.49
 164527.567   269.462   -18.49   25.15
 164907.281   269.224    -0.63   23.13
 165286.911   265.875    -8.82   25.51
 165666.457   252.186   -36.06   27.69
 166045.919   241.060   -29.32   23.87
 166425.297   234.959   -16.08   21.79
 166804.592   227.604   -19.39   21.69
 167183.802   214.238   -35.24   26.38
 167562.929   198.230   -42.22   22.94
 167941.972   185.764   -32.89   15.96
 168320.931   179.951   -15.34    8.59
 168699.807   181.161     3.19    8.74
 169078.600   186.568    14.27   11.93
 169457.308   194.019    19.67   15.65
 169835.934   204.145    26.74   21.04
 170214.476   215.413    29.76   26.06
 170592.934   224.234    23.31   30.96
 170971.310   227.547     8.75   32.00
 171349.602   227.814     0.71   31.32
 171727.811   226.757    -2.80   25.42
 172105.937   226.940     0.49   18.43
 172483.980   230.817    10.25   16.30
 172861.940   235.950    13.58   17.63
 173239.817   240.866    13.01   16.06
 173617.611   244.919    10.73   13.35
 173995.322   251.847    18.34   14.59
 174372.951   264.287    32.94   20.96
 174750.497   290.835    70.31   39.30
 175127.960   325.687    92.32   52.22
 175505.340   375.908   133.06   62.12
 175882.638   419.201   114.73   59.91
 176259.853   465.294   122.18   60.29
 176636.986   494.119    76.42   54.27
 177014.037   515.388    56.40   42.50
 177391.005   523.537    21.62   34.45
 177767.891   514.382   -24.29   33.93
 178144.695   498.011   -43.44   31.72
 178521.416   473.108   -66.10   33.92
 178898.055   450.221   -60.76   41.50
 179274.613   421.455   -76.38   43.20
 179651.088   393.459   -74.35   37.78
 180027.481   365.908   -73.19   27.06
 180403.792   347.337   -49.35   24.84
 180780.022   329.365   -47.76   18.06
 181156.169   316.112   -35.23   17.42
 181532.235   304.334   -31.32   12.76
 181908.219   301.516    -7.49   12.62
 182284.122   305.097     9.52   20.38
 182659.943   325.033    53.04   36.56
 183035.682   344.041    50.58   36.74
 183411.340   356.633    33.51   31.78
 183786.916   369.876    35.26   22.33
 184162.411   379.292    25.07   23.06
 184537.825   388.166    23.64   29.06
 184913.157   403.367    40.50   35.03
 185288.408   417.865    38.63   34.00
 185663.578   437.133    51.35   34.99
 186038.666   454.498    46.29   34.26
 186413.674   460.689    16.51   31.29
 186788.601   451.419   -24.72   41.44
 187163.446   419.825   -84.27   54.33
 187538.211   375.066  -119.42   47.52
 187912.895   332.429  -113.78   41.68
 188287.497   304.919   -73.43   33.26
 188662.020   301.897    -8.07   42.88
 189036.461   317.104    40.61   56.75
 189410.822   338.639    57.52   54.13
 189785.102   344.561    15.82   48.39
 190159.301   331.666   -34.46   46.48
 190533.420   312.429   -51.41   37.28
 190907.459   297.765   -39.20   31.17
 191281.417   284.032   -36.72   25.36
 191655.295   270.075   -37.33   26.42
 192029.092   251.135   -50.66   27.42
 192402.810   233.964   -45.94   20.09
 192776.447   225.485   -22.69   12.80
 193150.003   219.302   -16.55   11.33
 193523.480   211.599   -20.62   14.22
 193896.877   202.306   -24.88   13.38
 194270.193   193.429   -23.78    8.34
 194643.430   188.519   -13.15    4.59
 195016.587   187.179    -3.59    6.68
 195389.664   188.783     4.30    8.94
 195762.661   193.813    13.48   12.73
 196135.578   200.238    17.23   14.51
 196508.416   205.203    13.31   12.62
 196881.174   212.003    18.24   10.64
 197253.852   220.717    23.38   16.31
 197626.451   230.578    26.46   17.08
 197998.970   236.275    15.29   12.28
 198371.410   230.536   -15.41   16.28
 198743.771   223.375   -19.23   15.26
 199116.052   226.712     8.96   19.38
 199488.253   241.887    40.76   31.46
 199860.376   270.055    75.69   36.33
 200232.419   294.227    64.96   28.01
 200604.384   308.575    38.57   18.79
 200976.269   314.298    15.39   20.41
 201348.075   319.835    14.89   25.30
 201719.802   330.971    29.95   29.40
 202091.450   345.661    39.52   26.32
 202463.019   353.616    21.41   19.58
 202834.509   344.578   -24.33   30.43
 203205.921   319.310   -68.02   44.11
 203577.253   292.093   -73.29   37.54
 203948.507   272.454   -52.89   31.28
 204319.683   266.338   -16.47   31.72
 204690.780   265.272    -2.87   31.08
 205061.798   262.532    -7.38   27.78
 205432.737   258.392   -11.16   23.41
 205803.599   257.653    -1.99   19.48
 206174.382   259.823     5.85   23.07
 206545.086   260.887     2.87   33.43
 206915.712   253.645   -19.54   42.22
 207286.260   236.582   -46.04   45.59
 207656.730   214.854   -58.64   41.98
 208027.121   198.153   -45.08   29.71
 208397.435   186.452   -31.59   18.93
 208767.670   179.547   -18.65   13.95
 209137.827   176.655    -7.81   13.99
 209507.907   169.826   -18.45   15.57
 209877.908   164.195   -15.21   16.41
 210247.832   156.308   -21.32   11.95
 210617.677   152.824    -9.42    6.08
 210987.445   152.634    -0.51    3.62
 211357.136   155.710     8.32    6.48
 211726.748   161.702    16.21    9.83
 212096.283   168.558    18.55   11.84
 212465.740   176.723    22.10   10.45
 212835.120   183.363    17.97   11.37
 213204.422   187.381    10.88   12.57
 213573.647   188.269     2.41   13.86
 213942.795   188.791     1.41   14.12
 214311.865   191.003     5.99   13.03
 214680.858   193.929     7.93   11.80
 215049.774   200.855    18.77   12.29
 215418.612   208.346    20.31   13.36
 215787.373   218.172    26.64   16.83
 216156.057   227.481    25.25   20.13
 216524.665   237.819    28.04   21.45
 216893.195   249.774    32.43   24.80
 217261.648   260.323    28.63   24.63
 217630.024   267.655    19.90   24.31
 217998.324   268.940     3.49   22.73
 218366.546   271.603     7.23   18.98
 218734.692   275.351    10.18   17.14
 219102.761   285.951    28.79   19.30
 219470.754   303.294    47.12   28.70
 219838.669   327.586    66.02   34.56
 220206.509   352.621    68.05   41.11
 220574.271   371.579    51.54   38.69
 220941.957   375.506    10.68   41.44
 221309.567   368.274   -19.67   46.95
 221677.101   352.752   -42.23   47.31
 222044.558   341.227   -31.36   43.29
 222411.939   337.674    -9.67   40.39
 222779.243   340.471     7.61   39.94
 223146.471   352.452    32.62   41.00
 223513.624   367.929    42.15   45.08
 223880.700   387.734    53.95   44.12
 224247.700   405.888    49.46   43.15
 224614.624   423.500    47.99   40.02
 224981.472   443.075    53.35   33.05
 225348.244   445.403     6.35   26.66
 225714.940   427.308   -49.34   41.84
 226081.561   397.096   -82.40   55.98
 226448.105   356.853  -109.77   53.88
 226814.574   324.206   -89.07   43.66
 227180.968   299.329   -67.89   37.58
 227547.285   284.475   -40.54   31.23
 227913.527   275.112   -25.56   22.64
 228279.694   264.493   -29.00   16.88
 228645.785   250.621   -37.89   20.84
 229011.800   237.472   -35.92   18.48
 229377.740   235.939    -4.19   18.48
 229743.605   240.175    11.57   24.78
 230109.395   250.558    28.38   30.92
 230475.109   252.461     5.20   36.27
 230840.748   243.519   -24.45   36.64
 231206.311   227.270   -44.44   30.89
 231571.800   214.983   -33.61   24.20
 231937.214   203.762   -30.70   14.88
 232307.332   198.231   -14.94    8.15
 232688.405   195.919    -6.07    5.43
 233069.394   194.940    -2.57    4.77
 233450.301   194.658    -0.74    3.56
 233831.125   195.397     1.94    2.83
 234211.866   197.249     4.86    3.84
 234592.525   201.780    11.90    7.20
 234973.101   210.057    21.74   12.36
 235353.594   220.876    28.43   16.14
 235734.005   232.398    30.28   18.87
 236114.334   242.319    26.08   20.37
 236494.580   248.217    15.51   23.48
 236874.744   248.124    -0.24   23.24
 237254.826   244.750    -8.88   22.42
 237634.825   236.880   -20.71   19.90
 238014.742   231.441   -14.31   17.54
