-208105.204   648.655     0.00   56.83
-207729.040   614.464   -90.88   46.57
-207352.797   588.384   -69.31   30.95
-206976.477   583.929   -11.83   34.40
-206600.078   577.805   -16.27   40.69
-206223.601   559.359   -48.99   45.42
-205847.046   539.874   -51.74   43.24
-205470.413   533.570   -16.73   43.85
-205093.701   532.897    -1.79   49.39
-204716.911   560.677    73.72   58.53
-204340.042   595.045    91.18   61.53
-203963.095   647.258   138.49   69.38
-203586.069   700.318   140.71   66.15
-203208.965   749.022   129.13   55.49
-202831.782   777.218    74.75   31.60
-202454.521   776.521    -1.85   26.66
-202077.181   757.448   -50.54   39.64
-201699.762   719.032  -101.77   50.31
-201322.264   684.477   -91.52   47.28
-200944.687   648.763   -94.57   43.07
-200567.032   624.954   -63.04   36.49
-200189.297   603.894   -55.75   37.67
-199811.484   586.862   -45.07   32.23
-199433.591   572.489   -38.03   32.67
-199055.619   552.621   -52.56   33.75
-198677.568   525.564   -71.56   40.13
-198299.438   501.193   -64.44   26.79
-197921.229   498.298    -7.65   20.88
-197542.940   512.057    36.37   27.35
-197164.572   539.228    71.80   33.30
-196786.125   569.708    80.53   33.79
-196407.598   599.266    78.08   32.95
-196028.991   621.100    57.66   21.42
-195650.305   620.479    -1.64   28.15
-195271.539   600.156   -53.65   46.03
-194892.694   571.161   -76.52   44.43
-194513.769   553.156   -47.51   30.52
-194134.764   550.283    -7.58   25.50
-193755.680   551.308     2.70   25.62
-193376.515   538.129   -34.75   32.83
-192997.271   514.912   -61.21   35.69
-192617.947   499.606   -40.34   25.86
-192238.543   497.489    -5.58   23.18
-191859.058   509.287    31.09   33.95
-191479.494   533.080    62.67   38.39
-191099.849   553.839    54.67   32.14
-190720.124   562.455    22.69   24.20
-190340.319   551.170   -29.71   34.52
-189960.434   536.744   -37.97   32.01
-189580.468   533.968    -7.31   27.40
-189200.422   546.452    32.84   33.85
-188820.295   565.645    50.49   36.04
-188440.088   585.213    51.46   32.52
-188059.800   594.609    24.70   29.19
-187679.432   594.160    -1.18   31.89
-187298.983   585.289   -23.31   34.00
-186918.454   575.202   -26.50   36.00
-186537.843   569.239   -15.67   33.54
-186157.152   572.821     9.41   31.61
-185776.380   579.667    17.98   28.72
-185395.527   591.798    31.85   26.30
-185025.322   599.440    20.64   23.57
-184659.786   605.904    17.68   20.96
-184294.176   609.656    10.26   17.28
-183928.493   615.237    15.26   19.60
-183562.736   622.559    20.02   23.74
-183196.906   630.544    21.83   28.63
-182831.002   632.823     6.23   33.86
-182465.024   631.236    -4.34   39.13
-182098.972   625.737   -15.02   42.05
-181732.847   624.148    -4.34   42.23
-181366.648   624.684     1.46   39.38
-181000.374   630.424    15.67   32.97
-180634.027   629.883    -1.48   29.96
-180267.606   626.742    -8.57   30.68
-179901.111   622.281   -12.17   30.60
-179534.541   628.011    15.63   31.70
-179167.898   638.955    29.85   32.38
-178801.180   654.065    41.20   33.03
-178434.388   665.802    32.00   28.51
-178067.522   677.851    32.84   32.01
-177700.582   683.473    15.32   38.26
-177333.567   687.269    10.34   40.60
-176966.478   683.902    -9.17   43.40
-176599.314   667.989   -43.34   52.19
-176232.076   643.266   -67.31   58.61
-175864.763   607.023   -98.66   53.21
-175497.376   567.638  -107.19   54.72
-175129.914   528.622  -106.16   54.95
-174762.377   493.021   -96.85   54.44
-174394.766   469.640   -63.59   41.14
-174027.079   458.284   -30.88   32.92
-173659.319   455.152    -8.52   31.40
-173291.483   448.819   -17.21   32.47
-172923.572   436.452   -33.61   33.68
-172555.586   417.769   -50.76   29.85
-172187.526   409.372   -22.81   27.11
-171819.390   403.809   -15.11   31.24
-171451.179   403.547    -0.71   34.66
-171082.893   401.769    -4.83   33.64
-170714.532   391.726   -27.26   33.76
-170346.096   376.256   -41.99   34.20
-169977.584   365.660   -28.75   31.08
-169608.997   367.258     4.34   36.74
-169240.335   381.702    39.17   45.03
-168871.597   398.305    45.02   40.06
-168502.784   401.275     8.05   33.14
-168133.895   401.096    -0.49   25.83
-167764.931   394.528   -17.80   20.56
-167395.891   383.905   -28.78   21.99
-167026.776   368.422   -41.94   25.30
-166657.585   352.645   -42.73   32.22
-166288.318   338.451   -38.44   33.03
-165918.975   323.521   -40.42   31.50
-165549.557   318.968   -12.32   30.93
-165180.063   316.109    -7.74   34.05
-164810.492   315.681    -1.16   36.74
-164440.846   313.124    -6.92   35.64
-164071.124   304.379   -23.65   33.04
-163701.326   287.456   -45.76   32.13
-163331.451   269.895   -47.47   32.15
-162961.501   257.506   -33.48   22.97
-162591.474   252.054   -14.73   19.89
-162221.371   254.310     6.10   25.36
-161851.192   250.053   -11.50   28.00
-161480.937   244.286   -15.58   26.89
-161110.605   237.383   -18.64   21.16
-160740.196   235.553    -4.94   18.85
-160369.712   235.745     0.52   22.98
-159999.150   234.947    -2.15   24.08
-159628.512   232.628    -6.26   24.77
-159257.798   230.194    -6.57   24.60
-158887.007   227.824    -6.39   25.17
-158516.139   225.562    -6.10   22.78
-158145.194   222.326    -8.72   17.40
-157774.173   223.161     2.25   17.14
-157403.074   228.534    14.48   20.84
-157031.899   234.319    15.58   22.48
-156660.647   240.100    15.57   26.43
-156289.318   246.863    18.21   30.90
-155917.912   251.376    12.15   33.32
-155546.428   251.663     0.77   32.56
-155174.868   243.593   -21.72   29.46
-154803.230   226.287   -46.56   28.77
-154431.516   212.468   -37.17   22.61
-154059.723   200.022   -33.47   11.56
-153687.854   195.389   -12.45    8.94
-153315.907   193.308    -5.60    8.00
-152943.883   192.832    -1.28    6.39
-152571.781   194.571     4.68    6.47
-152199.602   197.606     8.15    5.97
-151827.345   201.978    11.74    7.43
-151455.011   210.649    23.29   18.32
-151082.599   219.795    24.56   26.00
-150710.109   229.074    24.91   29.99
-150337.542   237.057    21.42   29.19
-149964.896   243.426    17.09   24.90
-149592.173   257.165    36.86   28.71
-149219.372   283.720    71.23   37.66
-148846.493   308.522    66.51   32.44
-148473.536   326.263    47.56   22.82
-148100.501   328.056     4.80   27.06
-147727.388   316.189   -31.80   34.13
-147354.197   305.234   -29.35   27.05
-146980.927   306.819     4.25   23.16
-146607.579   312.394    14.93   26.77
-146234.153   321.663    24.82   31.56
-145860.649   324.063     6.43   37.17
-145487.066   314.882   -24.57   39.37
-145113.405   299.105   -42.22   37.16
-144739.665   285.222   -37.14   26.93
-144365.847   281.253   -10.62   18.51
-143991.950   284.138     7.72   15.73
-143617.975   288.713    12.23   12.83
-143243.921   293.872    13.79   13.76
-142869.788   302.681    23.54   21.61
-142495.576   314.636    31.95   25.32
-142121.286   328.558    37.19   29.53
-141746.917   336.154    20.29   31.86
-141372.468   335.295    -2.29   32.90
-140997.941   325.217   -26.90   35.79
-140623.335   309.600   -41.69   35.23
-140248.650   289.652   -53.23   33.09
-139873.885   272.937   -44.60   29.83
-139499.042   252.161   -55.42   28.59
-139124.119   229.521   -60.38   28.01
-138749.117   212.398   -45.66   24.05
-138374.035   202.500   -26.39   15.89
-137998.874   206.000     9.33   22.13
-137623.634   225.681    52.44   34.07
-137248.315   250.457    66.01   36.77
-136872.915   273.734    62.00   26.88
-136497.437   280.840    18.92   22.25
-136121.878   275.000   -15.55   29.79
-135746.240   258.819   -43.07   37.15
-135370.522   239.075   -52.54   41.54
-134994.725   217.875   -56.41   36.16
-134618.847   204.340   -36.00   26.78
-134242.890   196.032   -22.10   15.63
-133866.853   199.663     9.66   18.12
-133490.736   205.489    15.49   20.81
-133114.538   205.250    -0.64   21.30
-132738.261   194.760   -27.87   24.15
-132361.904   176.593   -48.27   23.30
-131985.466   162.758   -36.75   19.09
-131608.948   157.315   -14.46   18.63
-131232.350   159.667     6.24   24.20
-130855.672   162.178     6.67   26.44
-130478.913   163.010     2.21   24.25
-130102.074   160.945    -5.48   23.05
-129725.154   155.906   -13.37   20.57
-129348.154   149.611   -16.70   16.93
-128971.073   143.872   -15.22   13.04
-128593.912   137.368   -17.24    9.08
-128216.670   133.479   -10.31    7.24
-127839.347   129.773    -9.82    6.12
-127461.943   127.167    -6.90    4.77
-127084.459   127.067    -0.26    4.87
-126706.893   126.265    -2.12    6.03
-126329.247   124.163    -5.57    5.61
-125951.520   121.750    -6.39    4.97
-125573.711   120.822    -2.46    4.90
-125195.822   120.979     0.41    4.99
-124817.851   120.276    -1.86    4.75
-124439.800   120.213    -0.17    4.07
-124061.667   119.517    -1.84    3.99
-123683.452   119.853     0.89    4.11
-123305.157   121.589     4.59    5.46
-122926.780   123.639     5.42    6.90
-122548.321   126.326     7.10    6.09
-122169.781   125.959    -0.97    6.88
-121791.159   123.744    -5.85    8.17
-121412.456   120.747    -7.91    7.44
-121033.671   117.875    -7.58    7.57
-120654.805   117.330    -1.44    8.06
-120275.856   117.023    -0.81    6.94
-119896.826   116.312    -1.87    4.82
-119517.714   117.600     3.40    4.41
-119138.520   119.031     3.77    4.09
-118759.244   119.576     1.44    4.14
-118379.886   120.833     3.31    4.10
-118000.446   121.011     0.47    4.37
-117620.924   120.884    -0.33    3.93
-117241.320   121.591     1.86    3.82
-116861.633   122.660     2.81    4.28
-116481.864   123.562     2.38    4.41
-116102.013   121.814    -4.60    6.08
-115722.079   121.900     0.23    6.77
-115342.063   121.101    -2.10    9.07
-114961.965   119.889    -3.19   10.83
-114581.783   118.792    -2.89   10.17
-114201.520   118.427    -0.96   10.88
-113821.173   125.702    19.13   17.49
-113440.744   136.295    27.84   21.59
-113060.232   146.906    27.88   22.25
-112679.637   153.956    18.52   20.14
-112298.960   159.289    14.01   16.88
-111918.199   168.819    25.03   18.70
-111537.356   182.990    37.21   25.49
-111156.429   200.769    46.67   26.83
-110775.420   213.608    33.69   22.63
-110399.784   218.769    13.74   20.71
-110034.480   218.309    -1.26   23.14
-109669.101   216.326    -5.43   23.81
-109303.647   218.146     4.98   20.06
-108938.118   220.568     6.63   18.04
-108572.513   217.073    -9.56   23.02
-108206.833   209.750   -20.02   24.02
-107841.078   209.871     0.33   22.64
-107475.246   222.833    35.43   31.39
-107109.340   247.728    68.03   35.67
-106743.357   274.459    73.03   34.19
-106377.299   297.194    62.10   26.43
-106011.165   313.052    43.31   21.79
-105644.956   321.484    23.03   18.62
-105278.671   322.095     1.67   16.40
-104912.309   314.875   -19.71   21.14
-104545.872   297.033   -48.69   28.49
-104179.359   279.705   -47.27   28.61
-103812.770   267.784   -32.52   23.93
-103446.105   259.042   -23.84   24.25
-103079.364   255.565    -9.48   24.16
-102712.546   256.625     2.89   19.76
-102345.653   256.041    -1.59   15.12
-101978.683   250.819   -14.23   15.52
-101611.637   239.423   -31.05   23.37
-101244.514   224.796   -39.84   27.72
-100877.316   208.899   -43.29   27.65
-100510.040   193.835   -41.01   22.67
-100142.689   181.760   -32.87   18.38
 -99775.261   173.196   -23.31   14.78
 -99407.756   166.723   -17.61   13.21
 -99040.174   160.457   -17.05   12.42
 -98672.516   153.979   -17.62   12.12
 -98304.782   148.823   -14.02   11.36
 -97936.970   144.641   -11.37    8.57
 -97569.082   141.458    -8.65    7.44
 -97201.117   140.911    -1.49    9.04
 -96833.075   141.247     0.91   10.30
 -96464.956   143.691     6.64   11.62
 -96096.760   147.917    11.47   11.15
 -95728.487   153.638    15.54   12.25
 -95360.136   162.854    25.02   16.48
 -94991.709   173.485    28.85   15.34
 -94623.205   184.032    28.62   10.95
 -94254.623   189.418    14.61    7.69
 -93885.964   188.978    -1.20   10.10
 -93517.228   180.468   -23.08   16.13
 -93148.414   166.989   -36.55   18.98
 -92779.523   152.289   -39.85   16.54
 -92410.554   143.062   -25.00   10.75
 -92041.508   141.719    -3.64   10.99
 -91672.384   148.823    19.24   16.64
 -91303.183   162.537    37.14   20.12
 -90933.904   177.146    39.56   16.37
 -90564.547   187.812    28.88   10.87
 -90195.113   193.216    14.63    5.96
 -89825.601   192.708    -1.38    6.55
 -89456.010   191.309    -3.79    7.33
 -89086.342   191.022    -0.77    8.40
 -88716.596   193.866     7.69    9.70
 -88346.772   196.458     7.01    7.84
 -87976.870   195.072    -3.75    8.18
 -87606.890   188.811   -16.92   13.29
 -87236.832   177.547   -30.43   16.75
 -86866.695   168.740   -23.79   15.69
 -86496.480   163.854   -13.20   14.10
 -86126.187   164.949     2.96   15.68
 -85755.816   172.800    21.20   17.62
 -85385.366   186.340    36.55   18.99
 -85014.837   204.522    49.07   24.94
 -84644.231   222.732    49.13   27.17
 -84273.545   238.305    42.01   22.38
 -83902.781   242.621    11.64   16.08
 -83531.938   235.242   -19.90   21.71
 -83161.017   215.469   -53.31   27.84
 -82790.017   195.299   -54.36   26.29
 -82418.938   175.531   -53.27   20.76
 -82047.780   163.020   -33.71   20.65
 -81676.544   148.946   -37.91   22.39
 -81305.228   136.814   -32.67   22.33
 -80933.834   126.789   -26.99   17.55
 -80562.360   126.928     0.37   17.29
 -80190.807   139.543    33.95   29.04
 -79819.175   154.722    40.84   28.40
 -79447.464   166.581    31.90   21.32
 -79075.674   173.010    17.29   17.20
 -78703.804   179.621    17.78   21.27
 -78331.855   197.010    46.75   30.80
 -77959.827   220.177    62.27   32.30
 -77587.719   255.400    94.65   42.87
 -77215.532   297.240   112.41   59.35
 -76843.265   347.811   135.84   62.57
 -76470.918   379.625    85.44   43.15
 -76098.492   384.638    13.46   37.55
 -75725.986   355.786   -77.45   51.45
 -75353.401   316.700  -104.90   48.32
 -74980.736   278.223  -103.24   37.09
 -74607.990   251.556   -71.54   25.85
 -74235.165   235.722   -42.47   19.80
 -73862.260   225.351   -27.81   18.67
 -73489.275   218.505   -18.35   19.15
 -73116.210   211.989   -17.46   18.63
 -72743.065   204.660   -19.64   18.27
 -72369.839   199.263   -14.46   16.13
 -71996.534   194.906   -11.67   12.92
 -71623.148   194.938     0.08   15.29
 -71249.681   198.400     9.27   19.31
 -70876.135   202.020     9.69   21.67
 -70502.508   201.938    -0.22   23.72
 -70128.800   201.474    -1.24   25.42
 -69755.013   199.404    -5.54   26.24
 -69381.144   197.897    -4.03   22.56
 -69007.195   194.567    -8.91   16.57
 -68633.165   189.760   -12.85   14.65
 -68259.055   182.620   -19.09   15.04
 -67884.863   178.081   -12.13   13.67
 -67510.591   173.021   -13.52    9.42
 -67136.238   169.667    -8.96    8.47
 -66761.804   167.817    -4.94    5.83
 -66387.289   168.423     1.62    5.64
 -66012.693   169.789     3.65    5.47
 -65638.016   173.639    10.27    6.42
 -65263.258   177.827    11.17    9.38
 -64888.419   185.062    19.30   13.99
 -64513.498   193.979    23.78   16.78
 -64138.496   203.480    25.33   15.59
 -63763.413   212.878    25.05   17.88
 -63388.248   229.505    44.32   28.92
 -63013.002   251.235    57.90   37.29
 -62637.675   275.065    63.49   30.84
 -62262.265   280.918    15.59   24.83
 -61886.775   263.649   -45.99   40.39
 -61511.202   233.276   -80.87   43.53
 -61135.548   206.868   -70.29   33.69
 -60759.812   197.421   -25.14   30.80
 -60383.995   201.889    11.89   38.61
 -60008.095   219.440    46.69   47.52
 -59632.114   238.554    50.84   52.55
 -59256.050   257.960    51.60   59.34
 -58879.905   273.451    41.18   60.55
 -58503.677   276.490     8.08   55.71
 -58127.367   272.075   -11.73   48.88
 -57750.975   260.459   -30.86   44.18
 -57374.501   241.990   -49.06   43.77
 -56997.945   220.000   -58.39   40.93
 -56621.306   199.340   -54.85   35.16
 -56244.585   179.337   -53.10   28.35
 -55867.781   164.716   -38.80   21.10
 -55490.895   150.592   -37.47   17.94
 -55113.926   140.939   -25.61   14.86
 -54736.875   132.155   -23.30   13.71
 -54359.741   124.635   -19.94   11.52
 -53982.524   116.959   -20.35   11.05
 -53605.225   109.474   -19.84   10.72
 -53227.842   101.333   -21.57    9.94
 -52850.377    96.071   -13.94    8.83
 -52472.829    92.115   -10.48    7.63
 -52095.198    90.237    -4.97    6.05
 -51717.484    91.495     3.33    9.56
 -51339.686    95.051     9.41   13.77
 -50961.806    98.021     7.86   13.55
 -50583.842    96.439    -4.19   12.33
 -50205.795    88.705   -20.46   16.19
 -49827.665    74.742   -36.93   19.10
 -49449.451    59.072   -41.43   16.98
 -49071.154    49.153   -26.22   12.95
 -48692.774    41.860   -19.27    8.86
 -48314.310    37.747   -10.87    8.72
 -47935.762    34.979    -7.31    9.85
 -47557.131    32.041    -7.76    9.57
 -47178.416    30.126    -5.06    8.00
 -46799.617    28.343    -4.71    6.40
 -46420.735    27.419    -2.44    5.23
 -46041.769    26.000    -3.75    4.08
 -45662.718    24.617    -3.65    2.95
 -45283.584    23.878    -1.95    2.13
 -44904.366    23.011    -2.29    2.15
 -44525.063    22.378    -1.67    2.48
 -44145.677    22.120    -0.68    2.45
 -43766.206    22.143     0.06    2.62
 -43386.651    22.174     0.08    2.91
 -43007.012    23.051     2.31    2.93
 -42627.288    22.793    -0.68    2.93
 -42247.480    22.469    -0.85    2.39
 -41867.588    22.283    -0.49    2.09
 -41487.611    22.485     0.53    1.89
 -41107.549    23.000     1.36    1.80
 -40727.403    23.429     1.13    1.87
 -40347.172    23.652     0.59    1.90
 -39966.857    23.722     0.18    1.82
 -39586.456    23.457    -0.70    1.51
 -39205.971    23.152    -0.80    1.19
 -38825.401    23.337     0.49    1.41
 -38444.745    24.111     2.03    2.13
 -38064.005    25.239     2.96    2.32
 -37683.180    29.408    10.95    8.84
 -37302.269    50.191    54.56   38.77
 -36921.274    89.888   104.19   61.24
 -36540.193   128.191   100.51   51.90
 -36159.027   147.031    49.42   29.63
 -35777.775   137.851   -24.08   29.40
 -35412.438   112.850   -68.43   29.69
 -35047.293    86.000   -73.53   25.70
 -34682.071    64.495   -58.88   23.90
 -34316.772    50.926   -37.14   14.90
 -33951.395    49.949    -2.67   12.79
 -33585.942    63.374    36.73   25.25
 -33220.411    90.871    75.22   35.43
 -32854.802   114.796    65.44   35.03
 -32489.117   132.707    48.98   25.90
 -32123.354   135.928     8.81   27.02
 -31757.514   128.177   -21.19   30.58
 -31391.596   118.878   -25.41   29.23
 -31025.600   112.337   -17.87   28.40
 -30659.527   110.570    -4.83   29.41
 -30293.376   110.434    -0.37   28.76
 -29927.148   111.870     3.92   24.45
 -29560.842   116.667    13.10   20.30
 -29194.458   126.196    26.01   22.52
 -28827.996   147.520    58.19   28.35
 -28461.456   167.796    55.31   25.59
 -28094.839   178.784    29.97   17.37
 -27728.143   174.673   -11.21   21.96
 -27361.370   157.570   -46.63   27.67
 -26994.518   133.890   -64.55   26.50
 -26627.588   114.266   -53.48   18.49
 -26260.580    99.388   -40.54   14.91
 -25893.494    89.263   -27.58   12.73
 -25526.329    82.690   -17.90   13.99
 -25159.086    79.232    -9.42   16.08
 -24791.765    75.255   -10.83   18.11
 -24424.365    70.545   -12.82   18.00
 -24056.887    62.685   -21.39   15.00
 -23689.330    54.500   -22.27   13.30
 -23321.695    47.368   -19.40   11.68
 -22953.981    40.081   -19.82   10.61
 -22586.189    36.890    -8.68   11.36
 -22218.317    33.832    -8.31   13.53
 -21850.367    30.515    -9.01   15.55
 -21482.338    27.576    -7.99   16.23
 -21114.230    23.000   -12.43   13.15
 -20746.043    19.570    -9.32   10.92
 -20377.778    16.380    -8.66    7.73
 -20009.433    13.959    -6.57    5.39
 -19641.009    11.680    -6.18    2.87
 -19272.506    11.182    -1.35    2.25
 -18903.924    12.124     2.56    2.96
 -18535.262    13.490     3.71    3.28
 -18166.522    14.710     3.31    2.69
 -17797.701    15.429     1.95    2.60
 -17428.802    15.871     1.20    2.68
 -17059.823    16.337     1.26    2.63
 -16690.765    16.536     0.54    2.51
 -16321.627    16.646     0.30    1.85
 -15952.409    16.694     0.13    1.90
 -15583.112    16.980     0.77    2.00
 -15213.735    17.584     1.64    1.82
 -14844.279    17.979     1.07    1.94
 -14474.742    18.300     0.87    2.26
 -14105.126    18.967     1.81    2.41
 -13735.430    19.160     0.52    2.17
 -13365.654    18.862    -0.81    2.11
 -12995.797    18.194    -1.81    2.07
 -12625.861    17.592    -1.63    1.77
 -12255.845    17.102    -1.32    1.77
 -11885.749    17.384     0.76    3.27
 -11515.572    18.052     1.81    4.70
 -11145.315    18.030    -0.06    4.69
 -10774.978    18.366     0.91    3.83
 -10404.560    20.150     4.82    4.26
 -10034.062    21.340     3.21    4.87
  -9663.484    23.283     5.24    4.53
  -9292.825    24.469     3.20    3.41
  -8922.085    26.495     5.47    4.45
  -8551.265    28.455     5.28    5.45
  -8180.364    28.979     1.41    5.53
  -7809.383    31.112     5.75    5.41
  -7438.321    34.316     8.63    6.69
  -7067.177    34.776     1.24    6.46
  -6695.953    35.521     2.01    7.24
  -6324.648    35.622     0.27    9.40
  -5953.262    34.138    -4.00   10.34
  -5581.795    32.827    -3.53   10.29
  -5210.247    30.344    -6.68    9.78
  -4838.618    27.394    -7.94    7.54
  -4466.908    26.580    -2.19    6.87
  -4095.116    26.906     0.88    6.72
  -3723.243    29.235     6.26    8.18
  -3351.289    34.155    13.23    8.50
  -2979.253    39.374    14.03    9.55
  -2607.136    44.606    14.06   12.20
  -2234.937    47.890     8.82   14.12
  -1862.657    51.978    10.98   13.60
  -1490.295    48.465    -9.44   14.64
  -1117.851    37.442   -29.60   21.85
   -745.326    21.090   -43.90   23.20
   -372.719     7.768   -35.75   15.44
     -0.030     0.289   -20.07    2.08
    372.741     0.000    -0.77    0.00
    745.594     0.194     0.52    1.04
   1118.528     3.071     7.71    5.63
   1491.545     7.194    11.05    6.91
   1864.644    10.677     9.34    5.60
   2237.825    13.587     7.80    1.56
   2611.088    13.650     0.17    1.46
   2984.434    13.521    -0.35    1.36
   3357.862    12.880    -1.72    1.39
   3731.372    12.604    -0.74    1.50
   4104.964    12.010    -1.59    1.47
   4478.639    11.704    -0.82    1.44
   4852.397    11.192    -1.37    1.40
   5226.237    10.860    -0.89    1.60
   5600.160    10.812    -0.13    1.72
   5974.165    12.354     4.12    3.09
   6348.254    14.602     6.01    4.05
   6722.425    17.540     7.85    3.68
   7096.679    19.495     5.22    2.62
   7471.015    20.030     1.43    2.20
   7845.435    20.120     0.24    2.27
   8219.938    19.190    -2.48    2.77
   8594.524    18.500    -1.84    2.59
   8969.193    18.469    -0.08    2.80
   9343.945    18.383    -0.23    3.11
   9718.780    17.970    -1.10    3.79
  10093.699    16.604    -3.64    4.59
  10468.701    15.525    -2.88    5.25
  10843.787    14.364    -3.10    5.35
  11218.955    13.646    -1.91    4.93
  11594.208    14.103     1.22    4.43
  11969.544    15.320     3.24    3.68
  12344.963    16.596     3.40    3.63
  12720.467    18.000     3.74    3.97
  13096.054    20.092     5.57    3.84
  13471.724    22.567     6.59    2.43
  13847.479    23.610     2.78    1.56
  14223.317    24.011     1.07    1.09
  14599.240    24.430     1.12    0.74
  14975.246    24.804     1.00    1.01
  15351.337    25.971     3.10    1.67
  15727.512    27.250     3.40    1.56
  16103.770    27.730     1.28    1.29
  16480.113    27.453    -0.74    1.66
  16856.541    26.560    -2.37    1.80
  17233.052    25.794    -2.03    1.25
  17609.648    25.929     0.36    1.17
  17986.329    26.490     1.49    1.19
  18363.094    26.850     0.96    0.97
  18739.944    26.980     0.34    0.77
  19116.878    26.850    -0.34    0.70
  19493.897    27.160     0.82    1.24
  19871.000    29.080     5.09    3.73
  20248.189    31.475     6.35    4.76
  20625.462    34.255     7.37    4.58
  21002.820    36.710     6.51    3.51
  21380.263    37.020     0.82    3.22
  21757.791    36.908    -0.30    3.18
  22135.405    37.062     0.41    3.02
  22513.103    37.390     0.87    3.12
  22890.887    36.705    -1.81    3.39
  23268.755    35.131    -4.17    3.61
  23646.709    32.906    -5.89    2.87
  24024.749    30.901    -5.30    1.86
  24402.874    30.065    -2.21    1.59
  24781.084    29.370    -1.84    1.46
  25159.380    28.635    -1.94    1.01
  25537.761    28.343    -0.77    0.80
  25916.228    28.228    -0.30    0.77
  26294.781    28.510     0.74    1.42
  26673.420    28.753     0.64    1.70
  27052.144    29.129     0.99    1.94
  27430.954    29.436     0.81    2.05
  27809.850    29.644     0.55    1.92
  28188.832    30.152     1.34    2.01
  28567.900    30.520     0.97    1.86
  28947.055    31.571     2.77    2.12
  29326.295    33.520     5.14    3.42
  29705.622    35.490     5.19    3.52
  30085.035    36.182     1.82    3.18
  30464.534    35.899    -0.75    3.49
  30844.120    34.360    -4.05    3.99
  31223.792    31.633    -7.18    3.96
  31603.550    29.350    -6.01    3.60
  31983.395    27.900    -3.82    3.47
  32363.327    26.293    -4.23    3.21
  32743.346    24.909    -3.64    2.25
  33123.451    24.030    -2.31    0.22
  33503.643    24.000    -0.08    0.00
  33883.922    24.000     0.00    0.00
  34264.288    24.000     0.00    0.00
  34644.740    24.000     0.00    0.00
  35025.280    24.000     0.00    0.00
  35405.907    24.000     0.00    0.00
  35786.621    24.000     0.00    0.00
  36167.422    24.050     0.13    0.30
  36548.311    24.200     0.39    0.65
  36929.287    24.410     0.55    0.99
  37310.350    24.570     0.42    1.17
  37691.500    25.710     2.99    2.72
  38072.739    27.232     3.99    3.91
  38454.064    29.880     6.94    5.20
  38835.478    31.690     4.75    5.29
  39206.705    30.670    -2.75    5.67
  39571.611    27.564    -8.51    5.50
  39936.596    24.260    -9.05    4.14
  40301.660    22.030    -6.11    3.10
  40666.802    20.765    -3.46    1.82
  41032.023    21.644     2.40    2.44
  41397.324    23.030     3.80    3.31
  41762.704    24.755     4.72    3.60
  42128.162    25.529     2.12    3.18
  42493.700    26.108     1.58    3.56
  42859.317    27.330     3.34    4.82
  43225.014    28.806     4.04    5.36
  43590.790    32.910    11.22    6.31
  43956.645    34.921     5.50    6.57
  44322.579    35.381     1.26    7.81
  44688.593    33.109    -6.21    8.71
  45054.687    29.691    -9.34    8.31
  45420.860    28.147    -4.22    5.95
  45787.113    28.400     0.69    5.74
  46153.446    30.842     6.67    6.86
  46519.858    33.725     7.87    6.65
  46886.350    36.041     6.32    6.11
  47252.922    37.366     3.61    5.97
  47619.574    35.862    -4.10    7.38
  47986.306    32.990    -7.83    9.92
  48353.118    28.571   -12.05   10.52
  48720.010    23.420   -14.04    7.97
  49086.982    21.931    -4.06    7.11
  49454.034    22.629     1.90    7.48
  49821.166    23.337     1.93    7.37
  50188.379    24.319     2.68    7.00
  50555.672    25.912     4.34    6.91
  50923.045    28.677     7.53    7.29
  51290.499    31.559     7.84    6.34
  51658.033    33.782     6.05    5.20
  52025.648    34.827     2.84    5.93
  52393.344    34.931     0.29    5.83
  52761.120    35.948     2.76    6.07
  53128.976    35.485    -1.26    6.12
  53496.914    33.889    -4.34    6.09
  53864.932    32.000    -5.13    5.68
  54233.031    31.634    -1.00    5.09
  54601.211    32.293     1.79    4.66
  54969.472    32.470     0.48    4.68
  55337.814    32.552     0.22    4.33
  55706.237    33.363     2.20    4.56
  56074.741    34.635     3.45    4.57
  56443.326    36.940     6.25    4.49
  56811.993    37.830     2.41    4.02
  57180.740    38.400     1.55    3.95
  57549.569    38.441     0.11    3.47
  57918.480    37.268    -3.18    4.15
  58287.472    35.275    -5.40    5.79
  58656.545    33.041    -6.05    6.27
  59025.700    30.307    -7.41    5.82
  59394.936    28.364    -5.26    3.54
  59764.254    27.208    -3.13    3.86
  60133.654    27.465     0.70    4.38
  60503.136    28.406     2.55    5.26
  60872.699    28.000    -1.10    5.83
  61242.344    28.495     1.34    6.20
  61612.072    29.392     2.43    6.26
  61981.881    29.333    -0.16    5.70
  62351.772    28.248    -2.94    5.67
  62721.745    25.660    -6.99    5.61
  63091.800    23.594    -5.58    4.02
  63461.938    22.238    -3.66    3.18
  63832.157    21.310    -2.51    3.39
  64202.459    20.300    -2.73    4.22
  64572.844    19.396    -2.44    4.84
  64943.311    19.206    -0.51    5.03
  65313.860    18.895    -0.84    4.74
  65684.491    19.255     0.97    3.69
  66055.206    18.465    -2.13    3.34
  66426.003    17.118    -3.63    3.57
  66796.882    15.366    -4.72    3.93
  67167.844    13.929    -3.87    4.05
  67538.890    13.627    -0.81    3.70
  67910.017    13.990     0.98    4.19
  68281.228    14.657     1.80    4.71
  68652.522    15.468     2.18    4.57
  69023.899    15.716     0.67    4.22
  69395.359    15.889     0.47    3.97
  69766.901    16.775     2.38    4.25
  70138.527    17.990     3.27    4.81
  70510.237    19.141     3.10    5.70
  70882.029    19.971     2.23    5.46
  71253.905    20.755     2.11    4.87
  71625.865    21.500     2.00    5.04
  71997.907    21.582     0.22    5.68
  72370.033    21.146    -1.17    6.32
  72742.243    18.969    -5.85    7.34
  73114.537    16.049    -7.84    6.44
  73486.914    15.270    -2.09    5.07
  73859.374    15.539     0.72    5.09
  74231.919    16.618     2.89    4.76
  74604.547    17.470     2.29    4.39
  74977.260    17.020    -1.21    4.53
  75350.056    16.866    -0.41    4.39
  75722.936    17.353     1.31    4.78
  76095.900    16.480    -2.34    5.09
  76468.949    15.437    -2.80    4.73
  76842.081    14.351    -2.91    4.38
  77215.298    13.794    -1.49    4.79
  77588.599    14.554     2.04    5.35
  77961.984    15.676     3.01    6.13
  78335.454    17.040     3.65    6.58
  78709.008    19.250     5.92    6.83
  79082.647    20.824     4.21    6.89
  79456.370    22.242     3.80    7.94
  79830.178    22.873     1.69   10.14
  80204.071    23.449     1.54   10.49
  80578.048    24.854     3.76    9.43
  80952.110    25.394     1.44    8.13
  81326.257    25.324    -0.19    6.23
  81700.489    25.454     0.35    5.01
  82074.806    26.108     1.75    5.47
  82449.208    27.040     2.49    5.01
  82823.695    29.040     5.34    6.44
  83198.267    31.337     6.13    7.27
  83572.924    34.431     8.26    7.15
  83947.666    37.010     6.88    4.73
  84322.494    36.950    -0.16    3.81
  84697.407    35.767    -3.16    4.09
  85072.406    34.074    -4.52    4.48
  85447.490    32.317    -4.68    4.96
  85822.659    30.330    -5.30    4.87
  86197.915    29.856    -1.26    5.27
  86573.255    30.554     1.86    6.01
  86948.682    31.333     2.07    6.30
  87324.194    29.626    -4.55    7.97
  87699.792    26.129    -9.31    8.54
  88075.476    22.471    -9.74    7.46
  88451.246    18.970    -9.32    3.91
  88827.102    18.538    -1.15    4.05
  89203.044    18.392    -0.39    4.27
  89579.073    19.117     1.93    5.07
  89955.187    20.404     3.42    5.97
  90331.387    20.922     1.38    5.73
  90707.674    22.327     3.73    5.60
  91084.047    23.304     2.60    5.56
  91460.507    25.122     4.83    5.85
  91837.053    25.913     2.10    5.64
  92213.686    26.202     0.77    6.99
  92590.405    27.214     2.69    8.29
  92967.210    28.388     3.12    8.36
  93344.103    29.824     3.81    6.76
  93721.082    29.446    -1.00    5.82
  94098.148    24.127   -14.10    7.94
  94475.301    19.049   -13.47    7.15
  94852.541    14.559   -11.90    4.01
  95229.868    13.039    -4.03    2.08
  95607.282    12.683    -0.94    1.80
  95984.783    13.039     0.94    2.40
  96362.371    15.660     6.94    5.09
  96740.047    17.606     5.15    5.42
  97117.810    19.380     4.70    4.71
  97495.660    19.039    -0.90    4.59
  97873.597    17.636    -3.71    4.13
  98251.622    17.863     0.60    3.99
  98629.735    18.684     2.17    3.99
  99007.935    19.194     1.35    4.26
  99386.223    18.606    -1.55    4.56
  99764.598    17.670    -2.48    4.81
 100143.062    16.204    -3.87    4.25
 100521.613    16.155    -0.13    4.02
 100900.252    17.307     3.04    4.77
 101278.979    18.413     2.92    4.74
 101657.794    19.323     2.40    4.08
 102036.697    19.167    -0.41    3.18
 102415.688    18.584    -1.54    2.97
 102794.767    19.165     1.53    3.72
 103173.935    20.088     2.43    4.17
 103553.191    20.625     1.42    4.40
 103932.535    18.653    -5.20    5.05
 104311.968    18.059    -1.57    4.97
 104691.489    16.208    -4.88    5.28
 105071.099    15.238    -2.56    5.23
 105450.798    16.115     2.31    6.23
 105830.585    17.446     3.50    6.17
 106210.461    19.019     4.14    5.86
 106590.426    18.792    -0.60    5.42
 106970.479    16.952    -4.84    5.54
 107350.622    14.780    -5.71    5.34
 107730.853    11.827    -7.77    3.94
 108111.174     9.800    -5.33    2.67
 108491.583     8.431    -3.60    1.98
 108872.082     8.091    -0.89    1.76
 109252.670     8.663     1.50    2.00
 109633.348    10.116     3.82    2.52
 110014.114    11.308     3.13    2.22
 110394.971    11.927     1.63    1.80
 110775.916    10.922    -2.64    2.20
 111156.951    10.551    -0.97    2.25
 111538.076    10.544    -0.02    2.14
 111919.291    10.796     0.66    2.09
 112300.595    12.390     4.18    2.46
 112681.989    14.389     5.24    4.73
 113063.473    16.721     6.11    6.01
 113445.046    18.020     3.41    6.09
 113822.638    17.865    -0.41    5.76
 114187.302    16.208    -4.55    5.39
 114552.045    13.461    -7.53    3.92
 114916.870    11.295    -5.94    4.00
 115281.775     9.763    -4.20    3.48
 115646.761     9.543    -0.60    2.93
 116011.828     9.410    -0.36    2.58
 116376.975     9.702     0.80    2.40
 116742.204    10.248     1.49    2.43
 117107.513    10.735     1.34    2.42
 117472.904    11.615     2.41    2.30
 117838.375    12.433     2.24    2.17
 118203.928    12.696     0.72    2.13
 118569.562    13.127     1.18    1.91
 118935.277    12.631    -1.36    1.69
 119301.074    11.886    -2.04    1.81
 119666.952    11.010    -2.39    2.25
 120032.911    10.835    -0.48    2.02
 120398.952    10.950     0.32    2.02
 120765.074    11.437     1.33    2.15
 121131.278    11.588     0.41    1.85
 121497.563    11.370    -0.60    1.77
 121863.930    10.635    -2.01    2.37
 122230.379     9.286    -3.68    2.52
 122596.909     8.229    -2.88    1.94
 122963.522     8.223    -0.01    2.38
 123330.216     8.549     0.89    2.87
 123696.992     9.534     2.69    2.91
 124063.851    10.071     1.47    2.56
 124430.791     9.774    -0.81    2.33
 124797.813     9.357    -1.13    2.16
 125164.918     9.181    -0.48    2.25
 125532.105     9.252     0.19    2.55
 125899.374     9.745     1.34    2.87
 126266.725    10.105     0.98    2.82
 126634.159    10.224     0.33    2.96
 127001.675     9.604    -1.69    2.41
 127369.274     8.724    -2.39    1.97
 127736.955     8.067    -1.79    1.93
 128104.719     9.039     2.64    3.69
 128472.566    11.214     5.91    5.60
 128840.495    13.200     5.40    5.65
 129208.507    14.255     2.87    4.99
 129576.602    13.324    -2.53    4.41
 129944.780    11.594    -4.70    3.41
 130313.040     9.980    -4.38    2.34
 130681.384     9.107    -2.37    1.75
 131049.811     9.618     1.39    2.58
 131418.321    11.269     4.48    3.46
 131786.913    12.765     4.06    3.13
 132155.590    13.721     2.59    3.15
 132524.349    13.842     0.33    3.70
 132893.192    13.202    -1.73    4.69
 133262.118    11.922    -3.47    5.15
 133631.128    11.127    -2.15    4.99
 134000.221    10.875    -0.68    5.15
 134369.397    11.388     1.39    5.00
 134738.658    10.563    -2.23    4.87
 135108.002     9.317    -3.37    4.18
 135477.429     8.663    -1.77    2.78
 135846.941     9.408     2.01    3.23
 136216.536    10.990     4.28    3.25
 136586.215    13.125     5.77    3.80
 136955.978    15.337     5.98    3.99
 137325.825    17.131     4.85    3.87
 137695.756    19.121     5.38    2.93
 138065.771    19.808     1.86    2.44
 138435.871    19.583    -0.61    3.21
 138806.055    19.571    -0.03    3.81
 139176.322    19.086    -1.31    3.61
 139546.675    18.196    -2.40    3.00
 139917.111    16.981    -3.28    2.99
 140287.633    15.439    -4.16    3.08
 140658.238    14.371    -2.88    3.07
 141028.928    13.248    -3.03    2.30
 141399.703    12.712    -1.45    1.24
 141770.563    12.621    -0.24    1.02
 142141.507    13.107     1.31    1.47
 142512.536    13.790     1.84    1.84
 142883.650    14.596     2.17    1.83
 143254.849    15.650     2.84    1.87
 143626.133    16.143     1.33    1.71
 143997.502    16.019    -0.33    1.55
 144368.956    15.911    -0.29    1.45
 144740.495    15.825    -0.23    1.35
 145112.119    15.833     0.02    1.48
 145483.828    15.798    -0.09    1.91
 145855.623    16.200     1.08    2.38
 146227.504    17.388     3.19    4.22
 146599.469    19.181     4.82    5.86
 146971.520    19.040    -0.38    6.24
 147343.657    16.481    -6.88    5.83
 147715.880    14.837    -4.42    4.09
 148088.188    16.835     5.37    6.54
 148460.581    20.786    10.61    7.66
 148833.061    23.525     7.35    5.70
 149205.626    24.471     2.54    4.40
 149578.278    23.520    -2.55    5.18
 149951.015    22.311    -3.25    6.05
 150323.838    21.918    -1.05    6.57
 150696.747    21.280    -1.71    5.36
 151069.743    21.039    -0.65    3.61
 151442.825    20.552    -1.30    2.20
 151815.993    19.505    -2.81    3.01
 152189.247    17.451    -5.50    3.97
 152562.588    15.481    -5.28    3.61
 152936.015    14.214    -3.39    2.27
 153309.528    14.783     1.52    2.66
 153683.128    16.337     4.16    3.48
 154056.815    18.590     6.03    4.00
 154430.588    20.673     5.57    3.60
 154804.449    22.695     5.41    3.18
 155178.396    24.194     4.01    2.65
 155552.429    24.877     1.83    1.87
 155926.550    24.619    -0.69    2.09
 156300.758    25.048     1.15    2.21
 156675.052    25.846     2.13    2.62
 157049.434    27.376     4.09    3.20
 157423.903    28.593     3.25    2.69
 157798.459    29.750     3.09    2.43
 158173.103    30.760     2.70    2.17
 158547.834    30.873     0.30    1.81
 158922.652    29.543    -3.55    3.19
 159297.557    28.010    -4.09    3.47
 159672.551    27.067    -2.51    2.65
 160047.631    26.152    -2.44    2.56
 160422.800    24.932    -3.25    4.04
 160798.056    23.623    -3.49    5.79
 161173.399    21.564    -5.48    6.65
 161548.831    19.802    -4.69    7.34
 161924.351    18.370    -3.81    7.29
 162299.958    16.411    -5.22    7.00
 162675.653    14.420    -5.30    6.10
 163051.437    12.644    -4.73    4.65
 163427.309    11.369    -3.39    2.81
 163803.268    10.819    -1.46    1.54
 164179.316    11.333     1.37    1.97
 164555.453    12.471     3.03    2.60
 164931.677    14.028     4.14    2.94
 165307.991    15.933     5.06    2.67
 165684.392    17.774     4.89    1.97
 166060.882    18.940     3.10    2.06
 166437.461    20.457     4.03    2.66
 166814.129    22.265     4.80    2.62
 167190.885    24.000     4.60    2.35
 167567.730    25.188     3.15    1.75
 167944.664    26.094     2.40    1.62
 168321.687    26.647     1.47    1.43
 168698.798    27.314     1.77    1.24
 169075.999    28.219     2.40    1.51
 169453.289    29.310     2.89    2.34
