# NaN NaN NaN ;Mean Elev.(m), Avg Gradient(m/km), RMS Gradient(m/km) - SRTM1     
#   -3.589  -1.228   9.914 ;Mean Elev.(m), Avg Gradient(m/km), RMS Gradient(m/km) - ASTER GDEM
#    9.071  -0.314   6.227 ;Mean Elev.(m), Avg Gradient(m/km), RMS Gradient(m/km) - GMTED2010 
  7     3.954 52467.03955320 30.58 157.605426  68.089771 21.068
  7     3.864 52467.03955384 30.22 157.601676  68.086721 21.068
  7     3.913 52467.03955449 33.33 157.597926  68.083681 21.068
  7     3.811 52467.03955513 30.42 157.594176  68.080641 21.068
  7     4.005 52467.03955578 26.68 157.590436  68.077591 21.068
  7     3.880 52467.03955642 23.66 157.586682  68.074555  8.919
  7     3.494 52467.03955707 20.94 157.582942  68.071505  8.919
  7     3.289 52467.03955771 22.68 157.579192  68.068465  8.919
  8     4.086 52502.03954574 32.28 157.595252  68.087366 21.854
  8     4.163 52502.03954639 36.93 157.591502  68.084326 21.854
  8     4.271 52502.03954703 34.00 157.587762  68.081286 21.854
  8     4.239 52502.03954768 30.29 157.584012  68.078236 21.854
  8     3.891 52502.03954832 29.60 157.580262  68.075196 21.854
  8     3.671 52502.03954897 27.06 157.576522  68.072156 21.854
  8     3.497 52502.03954961 22.93 157.572772  68.069106 21.854
  8     3.353 52502.03955026 21.82 157.569032  68.066066 21.854
  8     2.846 52502.03955090 18.69 157.565292  68.063026 21.854
 10     2.359 52572.03956753 31.62 157.609194  68.091031 22.146
 10     2.105 52572.03956817 29.73 157.605444  68.087991 22.146
 10     8.472 52572.03956882 30.80 157.601694  68.084941 22.146
 10     1.154 52572.03956946 33.64 157.597944  68.081901 22.146
 10     1.007 52572.03957011 40.04 157.594194  68.078861 22.146
 10     1.017 52572.03957075 41.04 157.590444  68.075811 22.146
 10     0.885 52572.03957140 41.77 157.586704  68.072771 22.146
 10     0.962 52572.03957204 40.58 157.582954  68.069731 22.146
 11     9.020 52607.03952705 23.22 157.599653  68.087709  7.510
 11     8.612 52607.03952770 23.87 157.595903  68.084669  7.510
 11     0.823 52607.03952834 25.16 157.592153  68.081619  7.510
 11     0.798 52607.03952899 25.44 157.588403  68.078579  7.510
 11     0.739 52607.03952963 27.74 157.584663  68.075529  7.510
 11     0.724 52607.03953028 27.99 157.580913  68.072489  7.510
 11     0.639 52607.03953092 27.82 157.577173  68.069449  7.510
 11     0.680 52607.03953157 27.34 157.573423  68.066399  7.510
 12     8.611 52642.03952263 19.66 157.623934  68.096160  4.694
 12     8.219 52642.03952327 18.82 157.620174  68.093120  4.694
 12     7.829 52642.03952392 19.01 157.616424  68.090080  4.694
 12     5.140 52642.03952456 18.41 157.612674  68.087030  4.694
 12     3.450 52642.03952521 19.13 157.608914  68.083990  4.694
 12     2.283 52642.03952585 18.83 157.605164  68.080950  4.694
 12     7.034 52642.03952650 18.73 157.601414  68.077910  4.694
 12     2.422 52642.03952714 17.98 157.597674  68.074860  4.694
 12     2.385 52642.03952779 17.66 157.593924  68.071820  4.694
 13     9.624 52677.03951139 17.99 157.599501  68.088789  3.626
 13     9.326 52677.03951203 18.49 157.595751  68.085749  3.626
 13     2.148 52677.03951268 18.50 157.592001  68.082699  3.626
 13     1.213 52677.03951332 18.77 157.588251  68.079659  3.626
 13     1.094 52677.03951397 18.36 157.584511  68.076619  3.626
 13     5.276 52677.03951461 17.41 157.580761  68.073579  3.626
 13     0.944 52677.03951526 18.52 157.577021  68.070529  3.626
 13     0.791 52677.03951590 17.75 157.573271  68.067489  3.626
 13     0.578 52677.03951655 18.43 157.569531  68.064439  3.626
 14     8.503 52712.03954153 16.47 157.614819  68.089009  3.663
 14     8.762 52712.03954218 16.72 157.611069  68.085969  3.663
 14     8.359 52712.03954282 16.83 157.607319  68.082929  3.663
 14     1.262 52712.03954347 16.56 157.603559  68.079889  3.663
 14     0.796 52712.03954411 16.31 157.599809  68.076839  3.663
 14     0.652 52712.03954476 15.49 157.596069  68.073799  3.663
 15    37.338 52747.03957334 17.23 157.564619  68.069809  3.810
 15    37.586 52747.03957399 17.16 157.560879  68.066759  3.810
 15    37.573 52747.03957463 17.70 157.557139  68.063719  3.810
 15    37.808 52747.03957528 18.12 157.553399  68.060679  3.810
 17     8.994 52817.03958777 46.59 157.614757  68.084581 25.992
 17     9.145 52817.03958841 45.74 157.610997  68.081541 25.992
 17     9.024 52817.03958906 46.54 157.607247  68.078501 25.992
 17     9.177 52817.03958970 47.23 157.603497  68.075451 25.992
 18     2.912 52852.03963627 24.96 157.624068  68.095368 32.704
 18     3.016 52852.03963692 34.76 157.620308  68.092328 32.704
 18     3.086 52852.03963756 34.74 157.616558  68.089278 32.704
 18     2.990 52852.03963821 32.37 157.612808  68.086238 32.704
 18     2.920 52852.03963885 27.82 157.609048  68.083198 32.704
 18     3.119 52852.03963950 26.71 157.605298  68.080158 32.704
 18     3.058 52852.03964014 28.38 157.601548  68.077108 32.704
 18     3.229 52852.03964079 33.60 157.597808  68.074068 32.704
 20     9.311 52922.03962822 32.99 157.591034  68.086444 14.296
 20     8.945 52922.03962886 26.06 157.587284  68.083404 14.296
 20     1.739 52922.03962951 26.96 157.583544  68.080364 14.296
 20     2.037 52922.03963015 31.64 157.579794  68.077324 14.296
 20     1.913 52922.03963080 29.52 157.576044  68.074274 14.296
 20     1.939 52922.03963144 25.78 157.572304  68.071234 14.296
 20     2.045 52922.03963208 23.41 157.568564  68.068184 14.296
 20     5.898 52922.03963273 21.77 157.564814  68.065144 14.296
 20     5.646 52922.03963337 20.40 157.561074  68.062104 14.296
 22     2.779 52992.03961398 19.31 157.609443  68.084494  3.737
 22     1.313 52992.03961462 19.19 157.605693  68.081444  3.737
 22     1.328 52992.03961527 18.21 157.601943  68.078404  3.737
 22     0.909 52992.03961591 18.21 157.598203  68.075364  3.737
 22     2.353 52992.03961656 17.37 157.594453  68.072314  3.737
 23    37.930 53027.03958297 16.67 157.578606  68.070665  3.211
 23    38.588 53027.03958362 15.99 157.574856  68.067615  3.211
 24    37.707 53062.03959056 15.23 157.600597  68.075590  3.580
 24    38.439 53062.03959120 15.30 157.596847  68.072550  3.580
 25    34.908 53097.03961491 15.20 157.573700  68.077461  2.967
 25    35.561 53097.03961555 14.78 157.569950  68.074411  2.967
 25    36.021 53097.03961620 14.42 157.566210  68.071371  2.967
 25    36.952 53097.03961684 14.66 157.562470  68.068321  2.967
 25    37.224 53097.03961749 15.28 157.558720  68.065281  2.967
 25    37.761 53097.03961813 14.74 157.554980  68.062241  2.967
 28    11.422 53202.03966245 19.45 157.610574  68.091660 12.748
 28    11.112 53202.03966309 15.61 157.606824  68.088610 12.748
 28    10.258 53202.03966374 17.48 157.603074  68.085570 12.748
 28     9.154 53202.03966438 18.84 157.599314  68.082530 12.748
 28     8.723 53202.03966503 17.93 157.595574  68.079490 12.748
 28     8.070 53202.03966567 16.75 157.591824  68.076440 12.748
 28     7.414 53202.03966632 15.89 157.588074  68.073400 12.748
 28     6.978 53202.03966696 14.44 157.584334  68.070360 12.748
 29    11.237 53237.03963232 17.83 157.603913  68.088790 11.561
 29    10.832 53237.03963296 16.78 157.600163  68.085750 11.561
 29    10.137 53237.03963361 15.51 157.596423  68.082710 11.561
 29     9.776 53237.03963425 15.35 157.592673  68.079670 11.561
 29     9.610 53237.03963490 14.78 157.588923  68.076620 11.561
 29     9.519 53237.03963554 14.13 157.585183  68.073580 11.561
 29     9.155 53237.03963619 13.91 157.581433  68.070540 11.561
 29     8.698 53237.03963683 14.22 157.577693  68.067490 11.561
 31     2.738 53307.03965316 21.59 157.610508  68.091409  7.295
 31     2.433 53307.03965381 21.69 157.606758  68.088369  7.295
 31     2.330 53307.03965445 22.47 157.603008  68.085319  7.295
 31     2.598 53307.03965510 21.44 157.599258  68.082279  7.295
 31     3.056 53307.03965574 20.82 157.595498  68.079239  7.295
 31     2.838 53307.03965638 21.29 157.591758  68.076199  7.295
 31     2.661 53307.03965703 21.70 157.588008  68.073149  7.295
 31     2.524 53307.03965767 20.53 157.584258  68.070109  7.295
 33    37.275 53377.03955886 11.30 157.572746  68.073601  3.244
 33    37.822 53377.03955951 11.02 157.569006  68.070561  3.244
 33    38.281 53377.03956015 10.86 157.565256  68.067521  3.244
 33    38.320 53377.03956080 12.06 157.561516  68.064471  3.244
 33    38.615 53377.03956144 12.00 157.557776  68.061431  3.244
 36    38.377 53482.03966952  8.73 157.586575  68.071981  2.440
 36    38.829 53482.03967016  8.47 157.582825  68.068931  2.440
 37     5.501 53517.03966761 52.65 157.606813  68.090906 31.920
 37     5.032 53517.03966825 50.99 157.603053  68.087866 31.920
 37     5.085 53517.03966890 47.80 157.599303  68.084816 31.920
 37     5.281 53517.03966954 42.62 157.595553  68.081776 31.920
 37     5.108 53517.03967019 41.20 157.591813  68.078736 31.920
 37     5.146 53517.03967083 30.82 157.588063  68.075696 31.920
 37     5.128 53517.03967148 29.94 157.584313  68.072646 31.920
 37     5.312 53517.03967212 37.53 157.580573  68.069606 31.920
 37     5.102 53517.03967277 44.54 157.576823  68.066566 31.920
 38     5.203 53552.03968921 30.50 157.596221  68.088078 16.522
 38     4.940 53552.03968985 26.47 157.592471  68.085038 16.522
 38     9.117 53552.03969050 22.36 157.588721  68.081998 16.522
 38     9.459 53552.03969114 18.16 157.584981  68.078958 16.522
 38     9.775 53552.03969179 17.09 157.581231  68.075908 16.522
 38     9.869 53552.03969243 14.64 157.577481  68.072868 16.522
 38     9.650 53552.03969308 13.98 157.573741  68.069828 16.522
 38     5.356 53552.03969372 20.22 157.569991  68.066778 16.522
 38     5.107 53552.03969436 23.24 157.566251  68.063738 16.522
 39     6.283 53587.03964305 43.74 157.601948  68.088693 32.798
 39     6.057 53587.03964370 45.12 157.598198  68.085653 32.798
 39     5.717 53587.03964434 48.69 157.594448  68.082603 32.798
 39     5.641 53587.03964499 47.01 157.590698  68.079563 32.798
 39     6.296 53587.03964563 46.20 157.586958  68.076523 32.798
 39     6.303 53587.03964628 46.32 157.583208  68.073483 32.798
 39     6.159 53587.03964692 46.74 157.579468  68.070433 32.798
 39     5.957 53587.03964756 47.25 157.575718  68.067393 32.798
 40     4.772 53622.03960793 49.90 157.619940  68.089803 30.005
 40     4.840 53622.03960858 41.41 157.616180  68.086763 30.005
 40     4.889 53622.03960922 46.09 157.612430  68.083723 30.005
 40     4.805 53622.03960987 49.89 157.608680  68.080680 15.404
 40     4.905 53622.03961051 51.16 157.604930  68.077640 15.404
 40     4.966 53622.03961116 52.02 157.601180  68.074590 15.404
 41     1.599 53657.03963504 37.16 157.620911  68.094911 18.508
 41     1.439 53657.03963569 32.99 157.617151  68.091871 18.508
 41     1.436 53657.03963633 30.14 157.613401  68.088821 18.508
 41     1.971 53657.03963698 28.09 157.609651  68.085781 18.508
 41     1.980 53657.03963762 29.45 157.605901  68.082741 18.508
 41     2.044 53657.03963827 27.57 157.602151  68.079701 18.508
 41     1.986 53657.03963891 27.52 157.598391  68.076651 18.508
 41     2.093 53657.03963956 29.04 157.594651  68.073611 18.508
 41     1.721 53657.03964020 29.73 157.590901  68.070571 18.508
 42     9.584 53692.03962275 21.08 157.597665  68.088261 11.339
 42     8.664 53692.03962340 22.70 157.593915  68.085211 11.339
 42     0.560 53692.03962404 23.92 157.590165  68.082171 11.339
 42     0.547 53692.03962469 24.88 157.586425  68.079131 11.339
 42     0.466 53692.03962533 25.64 157.582675  68.076091 11.339
 42     0.472 53692.03962598 30.31 157.578925  68.073041 11.339
 42     0.497 53692.03962662 30.20 157.575185  68.070001 11.339
 42     0.458 53692.03962727 34.38 157.571445  68.066951 11.339
 42     0.451 53692.03962791 29.11 157.567695  68.063911 11.339
 45     8.791 53797.03951252 15.95 157.595793  68.086571  2.955
 45     3.245 53797.03951317 15.75 157.592043  68.083531  2.955
 45     1.465 53797.03951381 15.91 157.588303  68.080491  2.955
 45     1.224 53797.03951446 15.89 157.584553  68.077451  2.955
 45     1.872 53797.03951510 14.86 157.580803  68.074401  2.955
 45     1.274 53797.03951575 14.83 157.577063  68.071361  2.955
 45     1.804 53797.03951639 14.96 157.573323  68.068311  2.955
 48    11.511 53902.03959958 20.65 157.608305  68.090483 14.035
 48    11.398 53902.03960022 18.49 157.604555  68.087443 14.035
 48    11.022 53902.03960087 16.64 157.600805  68.084403 14.035
 48    10.360 53902.03960151 16.78 157.597055  68.081353 14.035
 48     9.970 53902.03960216 16.18 157.593305  68.078313 14.035
 48     9.304 53902.03960280 15.97 157.589565  68.075273 14.035
 48     9.242 53902.03960344 14.56 157.585815  68.072233 14.035
 48     9.099 53902.03960409 14.46 157.582065  68.069183 14.035
 49     3.967 53937.03963882 36.49 157.595195  68.087367 18.035
 49     3.988 53937.03963947 31.92 157.591445  68.084317 18.035
 49     3.912 53937.03964011 32.08 157.587695  68.081277 18.035
 49     3.806 53937.03964076 26.54 157.583945  68.078237 18.035
 49     3.748 53937.03964140 20.91 157.580195  68.075187 18.035
 49     3.750 53937.03964205 21.01 157.576445  68.072147 18.035
 49     3.639 53937.03964269 20.36 157.572705  68.069107 18.035
 49     3.266 53937.03964333 19.45 157.568955  68.066067 18.035
 49     3.449 53937.03964398 18.54 157.565215  68.063017 18.035
 50     6.477 53972.03960442 35.83 157.588678  68.085287 23.949
 50     6.476 53972.03960506 32.55 157.584938  68.082247 23.949
 50     6.408 53972.03960571 39.50 157.581188  68.079197 23.949
 50     6.444 53972.03960635 42.78 157.577438  68.076157 23.949
 50     6.388 53972.03960700 44.58 157.573698  68.073117 23.949
 50     6.510 53972.03960764 42.99 157.569948  68.070067 23.949
 50     6.418 53972.03960829 42.83 157.566208  68.067027 23.949
 50     6.239 53972.03960893 45.19 157.562468  68.063987 23.949
 52     1.968 54042.03961260 20.38 157.620976  68.090338  6.591
 52     1.860 54042.03961325 19.02 157.617226  68.087288  6.591
 52     2.044 54042.03961389 18.24 157.613476  68.084248  6.591
 52     8.170 54042.03961454 17.97 157.609716  68.081208  6.591
 52     7.418 54042.03961518 17.81 157.605976  68.078168  6.591
 52     1.164 54042.03961582 17.93 157.602226  68.075118  6.591
 53     9.942 54077.03960795 16.16 157.597926  68.087624  4.407
 53     9.274 54077.03960860 15.05 157.594176  68.084574  4.407
 53     8.699 54077.03960924 15.74 157.590426  68.081534  4.407
 53     7.783 54077.03960989 15.31 157.586676  68.078494  4.407
 53     2.979 54077.03961053 14.77 157.582936  68.075444  4.407
 53     5.427 54077.03961118 14.82 157.579186  68.072404  4.407
 53     2.306 54077.03961182 14.60 157.575446  68.069364  4.407
 53     1.751 54077.03961247 15.58 157.571696  68.066324  4.407
 54    37.499 54112.03955337 15.19 157.555196  68.064117  3.211
 54    38.322 54112.03955401 14.67 157.551456  68.061077  3.211
 56    38.215 54182.03954083 13.20 157.559492  68.064903  3.614
 56    38.435 54182.03954147 13.50 157.555752  68.061853  3.614
 58    10.286 54252.03958285 53.66 157.613672  68.093598 41.148
 58    10.347 54252.03958349 52.90 157.609922  68.090558 41.148
 58    10.420 54252.03958414 50.13 157.606172  68.087508 41.148
 58    10.429 54252.03958478 53.52 157.602422  68.084468 41.148
 58    10.357 54252.03958543 51.12 157.598672  68.081428 41.148
 58    10.431 54252.03958607 53.99 157.594922  68.078378 41.148
 58    10.539 54252.03958672 51.91 157.591171  68.075332 17.325
 58    10.525 54252.03958736 50.84 157.587421  68.072292 17.325
 58    10.428 54252.03958800 52.55 157.583681  68.069252 17.325
 59     5.052 54287.03958923 33.07 157.604694  68.088906 32.645
 59     5.116 54287.03958987 29.73 157.600944  68.085856 32.645
 59     5.046 54287.03959052 25.01 157.597194  68.082816 32.645
 59     8.149 54287.03959116 19.36 157.593444  68.079776 32.645
 59     7.687 54287.03959181 17.46 157.589694  68.076726 32.645
 59     7.224 54287.03959245 16.33 157.585953  68.073689  7.487
 59     5.355 54287.03959310 21.35 157.582203  68.070639  7.487
 59     5.375 54287.03959374 32.11 157.578463  68.067599  7.487
 60     4.240 54322.03958567 24.81 157.610548  68.092020 20.302
 60     4.231 54322.03958631 37.00 157.606788  68.088970 20.302
 60     5.134 54322.03958696 31.31 157.603048  68.085930 20.302
 60     4.094 54322.03958760 31.34 157.599298  68.082890 20.302
 60     4.051 54322.03958825 39.30 157.595548  68.079840 20.302
 60     4.102 54322.03958889 46.61 157.591798  68.076800 20.302
 60     4.089 54322.03958954 48.28 157.588050  68.073754 16.602
 60     3.937 54322.03959018 44.21 157.584300  68.070714 16.602
 61     5.143 54357.03954658 35.21 157.587699  68.085943 19.387
 61     5.245 54357.03954723 33.66 157.583949  68.082903 19.387
 61     5.377 54357.03954787 42.57 157.580199  68.079853 19.387
 61     5.266 54357.03954852 49.79 157.576459  68.076813 19.387
 61     5.226 54357.03954916 50.00 157.572715  68.073768 16.663
 61     5.232 54357.03954981 49.10 157.568965  68.070728 16.663
 61     5.279 54357.03955045 51.19 157.565225  68.067678 16.663
 61     5.096 54357.03955110 51.02 157.561485  68.064638 16.663
 61     5.196 54357.03955174 46.86 157.557745  68.061588 16.663
 62     1.876 54392.03952584 32.83 157.614158  68.093634 15.191
 62     1.695 54392.03952648 35.16 157.610408  68.090594 15.191
 62     1.743 54392.03952713 34.25 157.606658  68.087554 15.191
 62     1.759 54392.03952777 34.14 157.602908  68.084514 15.191
 62     1.865 54392.03952842 34.35 157.599158  68.081464 15.191
 62     1.897 54392.03952906 34.63 157.595408  68.078424 15.191
 62     1.822 54392.03952971 34.24 157.591668  68.075384 15.191
 62     1.843 54392.03953035 45.68 157.587918  68.072334 15.191
 62     1.738 54392.03953100 42.02 157.584171  68.069287 10.750
 63     5.498 54427.03949582 18.03 157.600929  68.089240  4.840
 63     8.955 54427.03949647 17.40 157.597179  68.086200  4.840
 63     8.707 54427.03949711 17.53 157.593429  68.083150  4.840
 63     0.902 54427.03949840 17.56 157.585929  68.077070  4.840
 63     0.733 54427.03949905 18.06 157.582189  68.074020  4.840
 63     4.875 54427.03949969 16.56 157.578439  68.070980  4.840
 63     1.144 54427.03950034 17.69 157.574694  68.067938  4.303
 63     0.746 54427.03950098 18.28 157.570954  68.064888  4.303
 64    38.009 54462.03950691 12.95 157.599016  68.075747  2.910
 64    38.728 54462.03950755 13.17 157.595266  68.072697  2.910
 65    33.527 54497.03950401 12.99 157.598572  68.087187  3.563
 65    34.379 54497.03950466 12.78 157.594822  68.084147  3.563
 65    35.920 54497.03950530 12.78 157.591082  68.081107  3.563
 65    36.839 54497.03950595 12.62 157.587332  68.078067  3.563
 65    37.695 54497.03950659 12.69 157.583582  68.075017  3.563
 65    38.232 54497.03950723 12.83 157.579842  68.071977  3.563
 65    38.719 54497.03950788 14.38 157.576092  68.068937  3.563
 65    39.106 54497.03950852 14.34 157.572352  68.065887  3.563
 66    36.333 54532.03951897 13.18 157.603548  68.081354  3.641
 66    37.307 54532.03951961 12.41 157.599798  68.078314  3.641
 66    37.961 54532.03952026 13.77 157.596058  68.075274  3.641
 66    38.609 54532.03952090 14.23 157.592308  68.072224  3.641
 67    37.921 54567.03951276 11.14 157.569304  68.070944  2.557
 67    38.246 54567.03951341 11.64 157.565554  68.067904  2.557
 67    38.523 54567.03951405 11.30 157.561814  68.064854  2.557
 67    38.492 54567.03951470 12.48 157.558074  68.061814  2.557
 68     1.510 54602.03951193 24.13 157.613629  68.092598 18.632
 68     1.353 54602.03951257 24.55 157.609869  68.089548 18.632
 68     2.318 54602.03951322 22.50 157.606119  68.086508 18.632
 68     1.323 54602.03951386 24.43 157.602369  68.083468 18.632
 68     1.215 54602.03951450 25.61 157.598619  68.080418 18.632
 68     1.296 54602.03951515 25.18 157.594869  68.077378 18.632
 68     1.237 54602.03951579 28.03 157.591119  68.074338 18.632
 68     1.309 54602.03951644 29.77 157.587379  68.071288 18.632
 69    12.522 54637.03952414 19.56 157.605644  68.090464 12.612
 69    10.951 54637.03952478 19.38 157.601894  68.087424 12.612
 69    10.453 54637.03952543 20.40 157.598144  68.084384 12.612
 69     9.913 54637.03952607 18.48 157.594394  68.081334 12.612
 69     8.963 54637.03952672 19.02 157.590644  68.078294 12.612
 69     7.892 54637.03952736 19.10 157.586894  68.075254 12.612
 69     8.063 54637.03952801 17.00 157.583144  68.072204 12.612
 69     8.620 54637.03952865 15.33 157.579404  68.069164 12.612
 69     6.783 54637.03952930 19.89 157.575654  68.066124 12.612
 70     3.991 54672.03952773 52.56 157.603072  68.089949 32.818
 70     4.163 54672.03952838 50.27 157.599312  68.086909 32.818
 70     4.104 54672.03952902 43.75 157.595562  68.083869 32.818
 70     4.049 54672.03952967 46.82 157.591822  68.080819 32.818
 70     4.204 54672.03953031 46.17 157.588072  68.077779 32.818
 70     4.115 54672.03953096 40.21 157.584322  68.074739 32.818
 70     4.174 54672.03953160 41.76 157.580582  68.071689 32.818
 70     4.243 54672.03953225 45.46 157.576832  68.068649 32.818
 70     4.160 54672.03953289 47.62 157.573092  68.065609 32.818
 71     3.453 54707.03948829 40.64 157.595564  68.086856 24.410
 71     2.975 54707.03948893 35.59 157.591814  68.083816 24.410
 71     3.116 54707.03948958 36.71 157.588074  68.080776 24.410
 71     3.054 54707.03949022 36.59 157.584324  68.077726 24.410
 71     2.959 54707.03949087 33.26 157.580584  68.074686 24.410
 71     2.875 54707.03949151 27.45 157.576834  68.071636 24.410
 71     2.725 54707.03949216 24.39 157.573094  68.068596 24.410
 71     2.565 54707.03949280 22.20 157.569344  68.065556 24.410
 72    10.580 54742.03949169 15.77 157.615859  68.092659 19.208
 72     8.821 54742.03949234 17.81 157.612109  68.089619 19.208
 72     9.183 54742.03949298 20.06 157.608349  68.086579 19.208
 72     8.513 54742.03949363 23.00 157.604599  68.083539 19.208
 72     8.176 54742.03949427 22.77 157.600849  68.080489 19.208
 72     7.317 54742.03949492 24.17 157.597099  68.077449 19.208
 72     4.097 54742.03949556 23.36 157.593359  68.074409 19.208
 72     4.305 54742.03949620 21.27 157.589609  68.071359 19.208
 73     0.971 54777.03946899 24.89 157.602401  68.089580 11.438
 73     0.903 54777.03946964 25.78 157.598651  68.086540 11.438
 73     0.866 54777.03947028 25.78 157.594901  68.083500 11.438
 73     0.903 54777.03947093 27.94 157.591151  68.080450 11.438
 73     0.954 54777.03947157 27.07 157.587401  68.077410 11.438
 73     1.028 54777.03947222 27.88 157.583661  68.074370 11.438
 73     0.966 54777.03947286 28.57 157.579911  68.071320 11.438
 73     0.907 54777.03947351 29.98 157.576171  68.068280 11.438
 73     0.828 54777.03947415 29.16 157.572421  68.065240 11.438
 74     3.096 54812.03948616 21.67 157.615209  68.087143  5.475
 74     3.092 54812.03948680 20.37 157.611449  68.084103  5.475
 74     0.983 54812.03948745 21.33 157.607699  68.081063  5.475
 74     2.773 54812.03948809 19.76 157.603949  68.078013  5.475
 74     2.452 54812.03948874 19.72 157.600199  68.074973  5.475
 74     2.153 54812.03948938 19.17 157.596459  68.071933  5.475
 75    36.008 54847.03947147 16.57 157.586475  68.079443  4.026
 75    38.050 54847.03947340 17.99 157.575235  68.070313  4.026
 75    38.408 54847.03947404 17.66 157.571495  68.067273  4.026
 75    38.672 54847.03947469 18.57 157.567755  68.064223  4.026
 77    36.037 54917.03947549 13.95 157.573508  68.076138  3.103
 77    36.917 54917.03947613 13.48 157.569758  68.073098  3.103
 77    37.423 54917.03947678 13.66 157.566018  68.070058  3.103
 77    37.767 54917.03947742 13.77 157.562278  68.067008  3.103
 77    37.911 54917.03947807 14.37 157.558528  68.063968  3.103
 77    38.493 54917.03947871 14.07 157.554788  68.060928  3.103
 78     7.620 54952.03948195 13.88 157.614344  68.093314  4.318
 78     8.829 54952.03948259 14.00 157.610599  68.090266  3.887
 78     9.072 54952.03948324 13.96 157.606839  68.087226  3.887
 78     8.560 54952.03948388 13.48 157.603089  68.084176  3.887
 78    23.845 54952.03948453 13.45 157.599339  68.081136  3.887
 78     3.240 54952.03948582 14.05 157.591839  68.075046  3.887
 79    11.347 54987.03950776 18.56 157.604839  68.087493 15.313
 79     9.523 54987.03950841 21.29 157.601089  68.084453 15.313
 79     8.909 54987.03950905 19.32 157.597339  68.081403 15.313
 79     8.358 54987.03950970 19.86 157.593589  68.078363 15.313
 79     7.655 54987.03951034 19.42 157.589849  68.075323 15.313
 79     7.347 54987.03951099 18.78 157.586099  68.072273 15.313
 79     7.232 54987.03951163 18.52 157.582349  68.069233 15.313
 80     3.397 55022.03949985 28.16 157.606102  68.090450 27.937
 80     3.386 55022.03950049 35.81 157.602342  68.087410 27.937
 80     3.235 55022.03950114 34.85 157.598602  68.084370 27.937
 80     3.284 55022.03950178 36.57 157.594852  68.081320 27.937
 80     3.211 55022.03950243 33.52 157.591102  68.078280 27.937
 80     3.263 55022.03950307 31.31 157.587352  68.075240 27.937
 80     3.184 55022.03950372 26.10 157.583612  68.072190 27.937
 80     3.018 55022.03950436 21.75 157.579862  68.069150 27.937
 81     3.877 55057.03949653 31.15 157.602420  68.088558 42.259
 81     4.093 55057.03949718 36.93 157.598670  68.085518 42.259
 81     3.581 55057.03949782 42.19 157.594930  68.082478 42.259
 81     2.615 55057.03949847 49.90 157.591180  68.079428 42.259
 81     2.533 55057.03949911 53.03 157.587430  68.076388 42.259
 81     2.617 55057.03949976 52.47 157.583680  68.073348 42.259
 81     2.670 55057.03950040 51.86 157.579940  68.070298 42.259
 81     2.598 55057.03950105 53.40 157.576190  68.067258 42.259
 82     6.335 55092.03945448 46.85 157.586156  68.084068 23.782
 82     6.351 55092.03945512 45.56 157.582406  68.081028 23.782
 82     6.370 55092.03945577 45.37 157.578656  68.077978 23.782
 82     6.366 55092.03945641 44.84 157.574916  68.074938 23.782
 82     6.372 55092.03945706 43.10 157.571166  68.071888 23.782
 82     6.296 55092.03945770 40.30 157.567426  68.068848 23.782
 82     6.316 55092.03945835 44.67 157.563686  68.065808 23.782
 82     6.398 55092.03945899 46.33 157.559936  68.062758 23.782
 83     0.936 55127.03943550 30.78 157.612619  68.091831 21.957
 83     1.061 55127.03943614 30.92 157.608859  68.088791 21.957
 83     0.963 55127.03943679 32.50 157.605109  68.085751 21.957
 83     0.947 55127.03943743 35.64 157.601359  68.082701 21.957
 83     1.053 55127.03943807 43.41 157.597609  68.079661 21.957
 83     0.998 55127.03943872 46.26 157.593869  68.076621 21.957
 83     0.871 55127.03943936 48.20 157.590119  68.073571 21.957
 83     0.795 55127.03944001 40.37 157.586369  68.070531 21.957
 84     0.652 55162.03941479 24.93 157.598964  68.088516  9.970
 84     0.536 55162.03941544 25.56 157.595214  68.085476  9.970
 84     0.412 55162.03941608 26.48 157.591474  68.082436  9.970
 84     0.504 55162.03941673 26.44 157.587724  68.079386  9.970
 84     0.660 55162.03941737 30.36 157.583974  68.076346  9.970
 84     0.676 55162.03941802 31.76 157.580234  68.073306  9.970
 84     0.608 55162.03941866 33.74 157.576484  68.070256  9.970
 84     0.523 55162.03941931 29.70 157.572744  68.067216  9.970
 84     0.472 55162.03941995 27.08 157.568994  68.064166  9.970
 85     0.915 55197.03942522 24.56 157.623522  68.096104  9.065
 85     0.864 55197.03942587 25.32 157.619772  68.093054  9.065
 85     0.786 55197.03942651 26.27 157.616022  68.090014  9.065
 85     0.759 55197.03942716 27.40 157.612262  68.086974  9.065
 85     0.573 55197.03942780 27.02 157.608512  68.083934  9.065
 85     0.606 55197.03942845 25.21 157.604762  68.080884  9.065
 85     0.605 55197.03942909 24.11 157.601012  68.077844  9.065
 85     0.528 55197.03942973 23.48 157.597262  68.074804  9.065
 85     0.557 55197.03943038 23.31 157.593522  68.071754  9.065
 87     6.143 55267.03942123 16.66 157.612682  68.091917  3.626
 87     4.314 55267.03942188 17.14 157.608922  68.088877  3.626
 87     8.609 55267.03942252 17.27 157.605172  68.085837  3.626
 87     1.807 55267.03942317 16.84 157.601422  68.082787  3.626
 87     0.655 55267.03942381 16.62 157.597672  68.079747  3.626
 87     0.755 55267.03942446 16.12 157.593932  68.076707  3.626
 87     0.737 55267.03942510 16.08 157.590182  68.073657  3.626
 87     0.664 55267.03942575 16.14 157.586432  68.070617  3.626
 88     3.603 55302.03939978 16.28 157.589244  68.085740  3.893
 88     2.512 55302.03940042 16.43 157.585504  68.082700  3.893
 88     0.823 55302.03940107 16.70 157.581754  68.079660  3.893
 88     1.061 55302.03940171 16.96 157.578004  68.076610  3.893
 88     0.803 55302.03940236 17.03 157.574264  68.073570  3.893
 88     0.806 55302.03940300 17.59 157.570514  68.070520  3.893
 88     0.629 55302.03940364 17.79 157.566774  68.067480  3.893
 88     0.674 55302.03940429 18.45 157.563034  68.064440  3.893
 89     8.498 55337.03939665 37.00 157.602544  68.088110 15.440
 89     8.741 55337.03939730 34.79 157.598794  68.085060 15.440
 89     8.422 55337.03939794 37.90 157.595044  68.082020 15.440
 89     8.557 55337.03939859 37.19 157.591304  68.078980 15.440
 89     8.132 55337.03939923 38.99 157.587554  68.075930 15.440
 90    11.630 55372.03938640 14.72 157.604406  68.088933 12.008
 90    10.597 55372.03938705 16.42 157.600656  68.085893 12.008
 90     9.570 55372.03938769 17.51 157.596906  68.082853 12.008
 90     8.458 55372.03938834 18.07 157.593156  68.079803 12.008
 90     7.718 55372.03938898 19.72 157.589406  68.076763 12.008
 90     4.254 55372.03938963 23.40 157.585656  68.073723 12.008
 90     4.488 55372.03939027 21.83 157.581916  68.070673 12.008
 90     4.155 55372.03939092 19.66 157.578166  68.067633 12.008
 91     2.366 55407.03940481 27.45 157.620181  68.094696 27.499
 91     2.421 55407.03940546 29.92 157.616431  68.091646 27.499
 91     2.460 55407.03940610 28.78 157.612681  68.088606 27.499
 91     2.446 55407.03940675 29.12 157.608931  68.085566 27.499
 91     2.334 55407.03940739 32.34 157.605171  68.082526 27.499
 91     2.404 55407.03940804 28.11 157.601431  68.079476 27.499
 91     2.517 55407.03940868 28.70 157.597681  68.076436 27.499
 91     2.384 55407.03940932 27.72 157.593931  68.073396 27.499
 91     2.193 55407.03940997 23.65 157.590181  68.070346 27.499
 92     9.637 55442.03940574 21.15 157.601239  68.088005 23.156
 92     5.578 55442.03940638 24.63 157.597479  68.084965 23.156
 92     8.717 55442.03940703 20.51 157.593739  68.081925 23.156
 92     8.241 55442.03940767 18.84 157.589989  68.078875 23.156
 92     5.738 55442.03940832 20.21 157.586239  68.075835 23.156
 92     5.738 55442.03940896 23.81 157.582499  68.072795 23.156
 92     5.734 55442.03940961 28.45 157.578749  68.069745 23.156
 92     5.758 55442.03941025 40.64 157.575009  68.066705 23.156
 93     5.541 55477.03934816 33.64 157.586247  68.084950 12.159
 93     8.786 55477.03934881 22.56 157.582497  68.081910 12.159
 93     8.255 55477.03934945 17.77 157.578747  68.078860 12.159
 93     7.156 55477.03935010 19.62 157.575007  68.075820 12.159
 93     8.204 55477.03935074 16.21 157.571257  68.072770 12.159
 93     6.854 55477.03935139 16.64 157.567517  68.069730 12.159
 93     6.680 55477.03935203 15.91 157.563777  68.066690 12.159
 93     6.314 55477.03935268 16.32 157.560037  68.063640 12.159
