# NaN NaN NaN ;Mean Elev.(m), Avg Gradient(m/km), RMS Gradient(m/km) - SRTM1     
#  -12.665  -9.023  19.891 ;Mean Elev.(m), Avg Gradient(m/km), RMS Gradient(m/km) - ASTER GDEM
#    7.482  -7.332  19.971 ;Mean Elev.(m), Avg Gradient(m/km), RMS Gradient(m/km) - GMTED2010 
  7 153.811355  67.484796    19.362    19.212  6 52452.43074659 17.844
  8 153.825051  67.484105    16.413    15.221  6 52487.43072712 20.060
 10 153.806862  67.483822     8.721     8.739  5 52557.43074941 45.901
 11 153.815000  67.484823     8.675     8.637  5 52592.43074543 28.524
 12 153.812052  67.483675    14.067    13.288  5 52627.43066364 21.937
 13 153.818315  67.484811    13.126    13.535  5 52662.43070835 19.638
 14 153.803504  67.485038    12.684    12.729  5 52697.43068567 19.535
 15 153.830998  67.483028    12.945    12.744  5 52732.43070685 18.579
 17 153.802115  67.484415    17.041    16.970  5 52802.43072796 35.390
 18 153.810228  67.484583    10.252    10.228  5 52837.43079271 47.189
 19 153.815872  67.484411     9.043     9.118  5 52872.43083275 40.682
 20 153.826808  67.484450     9.270     9.210  5 52907.43082109 44.515
 21 153.808154  67.484058   301.268   301.072  5 52942.43074927 41.921
 23 153.819238  67.485122    12.278    12.338  5 53012.43080568 18.925
 24 153.806203  67.484290    13.637    13.733  5 53047.43077348 18.320
 25 153.816760  67.484473    11.376    11.322  6 53082.43080805 18.296
 26 153.803326  67.484570    13.374    13.136  5 53117.43077890 16.045
 27 153.807811  67.486182    21.273    23.119  5 53152.43082843 27.085
 29 153.826578  67.483779    17.262    16.939  5 53222.43083638 15.378
 30 153.828052  67.484066    13.790    14.877  6 53257.43081233 31.895
 31 153.799424  67.483495    10.590    10.602  5 53292.43083115 39.178
 32 153.822557  67.485268    -0.561    -1.142  5 53327.43080484 21.220
 33 153.834088  67.483386    13.721    13.660  5 53362.43075933 17.316
 34 153.807652  67.485012    13.879    13.935  6 53397.43078176 15.823
 35 153.831327  67.484792    13.748    13.384  5 53432.43077243 15.342
 36 153.803360  67.485776    12.763    12.466  5 53467.43080916 14.573
 37 153.812329  67.485324    10.412    10.564  4 53502.43086081 27.532
 38 153.820612  67.485055    10.245    10.290  5 53537.43085367 44.544
 40 153.835510  67.483769    17.327    17.229  6 53607.43080551 22.838
 41 153.800747  67.486356     9.434     9.421  5 53642.43080783 48.781
 42 153.814122  67.484573    11.026    11.551  6 53677.43082594 30.853
 43 153.836617  67.483294     8.124     8.128  5 53712.43075403 29.189
 44 153.803812  67.484155    14.053    14.730  5 53747.43066750 20.078
 45 153.826017  67.483533    15.807    15.734  5 53782.43069773 17.291
 46 153.843750  67.483433    14.785    14.692  5 53817.43066241 17.843
 47 153.804309  67.484118    14.889    14.286  5 53852.43073695 16.920
 48 153.824553  67.484883    18.981    18.691  5 53887.43074267 18.419
 49 153.799371  67.490762    12.253    12.253  2 53922.43081553 46.514
 50 153.813873  67.485662    12.396    12.436  5 53957.43080859 23.521
 52 153.805705  67.485955     9.360     9.163  5 54027.43079603 36.229
 53 153.825957  67.484239    11.357    10.940  5 54062.43078862 32.086
 55 153.804182  67.485112    13.607    13.510  6 54132.43071185 15.345
 56 153.826239  67.484193    14.840    14.663  5 54167.43073222 13.680
 57 153.806932  67.484489    14.718    15.176  5 54202.43071509 11.669
 58 153.816478  67.484651    10.206    10.194  5 54237.43075054 40.742
 60 153.816123  67.485631    11.991    12.010  5 54307.43077207 27.951
 62 153.810833  67.485297    10.811    10.822  5 54377.43070728 50.043
 63 153.821021  67.484682     8.685     8.622  5 54412.43069875 33.283
 66 153.807529  67.485371    13.019    13.297  5 54517.43068666 15.158
 67 153.827668  67.484822    12.716    13.114  5 54552.43070379 15.852
 68 153.815658  67.483832    17.319    17.369  5 54587.43068203  5.734
 70 153.815844  67.485956    23.588    18.729  4 54657.43071005 14.719
 71 153.823206  67.485365    11.278    11.261  5 54692.43069271 41.019
 72 153.808202  67.485950    18.023    17.450  5 54727.43066304 15.714
 73 153.817427  67.485678     9.779     9.795  5 54762.43067007 34.603
 74 153.804269  67.483547    12.438    12.905  5 54797.43065587 23.919
 75 153.819626  67.484617    15.087    14.518  6 54832.43065963 17.789
 76 153.804840  67.486204    14.957    15.052  5 54867.43065214 16.211
 77 153.825478  67.484520    14.281    14.510  5 54902.43066941 16.214
 78 153.812454  67.484692    14.507    14.409  6 54937.43064185 15.141
 79 153.822488  67.478832    12.348    12.348  2 54972.43067315 36.949
 80 153.820215  67.484235    12.535    11.366  5 55007.43069109 36.241
 81 153.818114  67.485197    10.501    10.399  5 55042.43068022 28.873
 82 153.827216  67.484491    12.026    11.958  6 55077.43065921 42.218
 83 153.811861  67.484809     8.551     8.475  5 55112.43061273 49.034
 84 153.819333  67.483767    10.047     9.254  5 55147.43061365 24.811
 85 153.803791  67.485596    12.845    11.821  5 55182.43059329 19.305
 86 153.822098  67.484639    13.899    13.218  6 55217.43061003 18.836
 87 153.810712  67.484363    12.573    12.442  5 55252.43058905 17.399
 91 153.812210  67.483653     9.938     9.907  5 55392.43057927 44.525
 92 153.818834  67.484470    11.362    11.264  6 55427.43059333 32.883
