-201704.247   179.604     0.00    5.06
-201338.377   183.273    10.03    7.74
-200972.581   190.892    20.83   14.00
-200606.857   202.646    32.14   19.63
-200229.521   217.290    38.82   19.71
-199848.542   226.991    25.47   16.82
-199467.644   233.693    17.60   10.95
-199086.826   237.206     9.23    9.81
-198706.088   243.649    16.93   13.48
-198325.431   253.604    26.15   18.18
-197944.854   268.731    39.75   23.82
-197564.358   289.072    53.47   33.11
-197183.942   321.034    84.03   41.55
-196803.606   356.376    92.94   48.21
-196423.351   389.152    86.21   36.02
-196043.175   394.265    13.45   32.60
-195663.080   373.518   -54.59   49.57
-195283.064   333.663  -104.89   56.42
-194903.129   288.722  -118.30   47.12
-194523.274   256.915   -83.75   44.98
-194143.498   224.012   -86.65   45.15
-193763.802   200.267   -62.55   42.49
-193384.186   183.314   -44.67   34.98
-193004.650   169.835   -35.52   27.19
-192625.194   161.273   -22.57   27.26
-192245.817   151.351   -26.16   27.63
-191866.520   139.120   -32.25   28.40
-191487.302   129.351   -25.76   23.77
-191108.164   114.931   -38.04   26.36
-190729.105   103.517   -30.11   27.56
-190350.126    90.616   -34.05   28.82
-189971.226    77.270   -35.23   23.58
-189592.405    69.883   -19.50   19.59
-189213.664    66.983    -7.66   17.33
-188835.001    66.539    -1.17   17.83
-188456.418    69.034     6.59   20.51
-188077.914    69.380     0.91   22.89
-187699.489    70.781     3.70   25.53
-187321.143    70.238    -1.44   25.46
-186942.876    69.701    -1.42   24.32
-186564.688    69.410    -0.77   22.31
-186186.579    67.424    -5.25   19.07
-185808.548    65.909    -4.01   15.30
-185430.597    63.691    -5.87   11.32
-185052.724    64.105     1.09    9.15
-184674.929    66.656     6.76   10.94
-184297.213    70.344     9.76   12.57
-183919.576    74.017     9.73   14.50
-183542.018    75.702     4.46   14.53
-183164.538    76.366     1.76   14.29
-182787.136    77.909     4.09   12.59
-182409.812    77.494    -1.10    9.73
-182032.567    75.072    -6.42    9.80
-181655.401    71.703    -8.93    9.71
-181278.312    64.800   -18.31    9.56
-180901.302    60.087   -12.50    9.03
-180524.369    59.088    -2.65    8.78
-180147.515    58.180    -2.41    8.38
-179770.739    59.486     3.47    7.42
-179394.041    62.087     6.91    7.06
-179017.421    69.421    19.48   12.24
-178640.878    77.057    20.28   12.90
-178264.414    81.572    11.99    9.68
-177888.027    83.931     6.27    7.26
-177511.718    81.582    -6.24    7.04
-177135.487    80.080    -3.99    5.27
-176759.333    80.263     0.48    5.81
-176383.257    81.460     3.18    6.38
-176007.259    82.539     2.87    6.69
-175631.338    81.915    -1.66    6.50
-175255.495    82.496     1.55    7.31
-174879.729    79.978    -6.70   10.17
-174504.040    75.398   -12.19   11.97
-174128.429    70.675   -12.58   11.19
-173752.895    69.561    -2.97   12.01
-173377.438    73.742    11.14   15.33
-173002.058    79.561    15.50   17.28
-172626.755    83.439    10.33   18.53
-172251.530    85.181     4.64   19.15
-171876.382    85.873     1.85   18.44
-171501.310    83.768    -5.61   15.02
-171126.316    79.962   -10.15   13.22
-170751.398    75.550   -11.77   12.42
-170376.557    71.817    -9.96   12.47
-170001.793    67.616   -11.21   11.62
-169627.106    64.417    -8.54   11.01
-169252.496    58.572   -15.61    7.51
-168877.962    59.795     3.27    9.85
-168503.505    69.681    26.40   19.03
-168129.124    84.202    38.79   23.35
-167754.820    99.606    41.16   17.37
-167380.593   105.300    15.22   14.58
-167006.441   104.792    -1.36   15.67
-166632.367    98.213   -17.59   16.79
-166258.368    89.529   -23.22   14.94
-165884.446    85.170   -11.66   11.35
-165510.600    85.173     0.01   11.08
-165136.830    91.311    16.42   16.06
-164763.137    98.529    19.32   18.17
-164389.519   102.648    11.03   18.30
-164015.978   110.451    20.89   19.51
-163642.513   121.768    30.31   22.46
-163269.123   137.449    42.00   21.68
-162895.810   143.582    16.43   19.94
-162522.572   141.965    -4.33   24.69
-162149.410   127.507   -38.75   28.88
-161776.324   114.804   -34.05   25.34
-161403.314   110.344   -11.96   25.07
-161030.380   110.540     0.53   26.34
-160657.521   104.228   -16.93   25.70
-160284.737    98.017   -16.66   22.36
-159912.030    97.692    -0.87   22.42
-159539.397   107.315    25.83   28.80
-159166.841   122.974    42.04   32.33
-158794.359   137.313    38.50   29.66
-158421.953   151.409    37.86   24.75
-158049.623   162.135    28.81   19.83
-157677.367   174.880    34.24   16.84
-157305.187   182.584    20.70   12.03
-156933.082   184.420     4.93   11.69
-156561.053   185.188     2.06   10.42
-156189.098   182.367    -7.58    9.23
-155817.218   176.386   -16.09   10.06
-155445.414   169.617   -18.21   11.98
-155073.684   164.880   -12.75   14.53
-154702.030   163.506    -3.70   18.17
-154330.450   166.876     9.07   19.51
-153958.945   170.401     9.49   17.09
-153587.515   165.159   -14.11   16.93
-153216.159   157.459   -20.74   17.48
-152844.879   152.170   -14.25   13.67
-152473.672   151.552    -1.67   12.64
-152102.541   157.518    16.08   14.35
-151731.484   163.906    17.22   16.18
-151360.502   168.133    11.39   19.42
-150989.594   169.137     2.71   21.11
-150618.760   168.984    -0.41   21.10
-150248.001   167.948    -2.80   21.66
-149877.317   168.662     1.93   21.04
-149506.706   169.007     0.93   20.08
-149136.170   172.279     8.83   16.96
-148765.708   172.759     1.30   14.40
-148395.320   172.108    -1.76   13.67
-148025.007   169.616    -6.73   13.89
-147654.767   168.885    -1.97   13.30
-147284.602   167.163    -4.65   14.95
-146914.510   167.352     0.51   17.40
-146544.492   166.018    -3.61   18.81
-146174.549   162.808    -8.68   19.28
-145804.679   156.851   -16.11   22.03
-145434.883   150.787   -16.40   22.40
-145065.161   146.375   -11.94   21.89
-144695.512   146.887     1.39   21.97
-144325.937   149.362     6.70   18.48
-143956.436   151.496     5.78   17.57
-143587.009   157.225    15.51   20.18
-143217.655   167.572    28.02   24.54
-142848.374   181.574    37.92   22.70
-142479.167   186.210    12.56   18.73
-142110.033   172.587   -36.91   35.74
-141740.973   140.873   -85.94   52.50
-141371.986   103.284  -101.88   47.38
-141003.072    72.485   -83.50   30.89
-140634.232    54.905   -47.67   10.34
-140265.465    50.649   -11.54    4.59
-139896.771    50.563    -0.24    4.86
-139528.150    49.001    -4.24    6.81
-139159.602    47.233    -4.80    8.38
-138791.127    47.748     1.40    9.16
-138422.726    50.039     6.22   10.44
-138054.397    53.804    10.22   10.79
-137686.141    60.181    17.32   10.40
-137317.958    67.369    19.53    9.43
-136949.847    73.441    16.49   10.16
-136581.810    79.645    16.86    8.29
-136213.845    86.550    18.77    9.03
-135845.953    93.564    19.07   11.59
-135478.134   103.129    26.01   14.95
-135110.387   113.585    28.44   17.02
-134742.712   125.692    32.93   17.16
-134375.111   138.495    34.83   16.86
-134007.581   155.485    46.23   22.73
-133640.125   173.329    48.56   25.59
-133272.740   187.051    37.35   20.83
-132905.428   195.199    22.19   16.16
-132538.188   193.804    -3.80   18.22
-132171.021   181.018   -34.83   22.90
-131803.925   163.729   -47.10   26.19
-131436.902   146.029   -48.23   24.77
-131069.951   136.241   -26.67   18.72
-130703.072   136.111    -0.35   19.64
-130336.266   142.119    16.38   20.34
-129969.531   146.089    10.83   16.05
-129602.868   140.473   -15.32   18.21
-129236.277   121.539   -51.65   27.64
-128869.758   100.463   -57.51   32.37
-128503.311    80.057   -55.69   24.63
-128136.935    67.952   -33.04   15.00
-127770.632    63.250   -12.84    6.42
-127404.400    64.474     3.34    6.42
-127038.239    64.652     0.49    5.64
-126672.151    63.210    -3.94    5.70
-126306.134    60.040    -8.66    7.06
-125940.188    54.206   -15.94    6.82
-125567.278    50.551    -9.80    5.15
-125186.457    48.979    -4.13    3.20
-124805.715    49.062     0.22    2.75
-124425.051    52.803     9.83    7.87
-124044.465    58.472    14.90   11.57
-123663.958    67.627    24.06   16.16
-123283.528    76.267    22.71   18.60
-122903.177    88.891    33.19   18.33
-122522.905    95.621    17.70   16.54
-122142.710   101.616    15.77   16.74
-121762.594   102.287     1.77   17.28
-121382.555   101.126    -3.05   16.85
-121002.595   101.374     0.65   17.39
-120622.712   101.692     0.84   18.09
-120242.907   101.563    -0.34   17.85
-119863.181   100.431    -2.98   15.25
-119483.532    98.994    -3.79   13.85
-119103.960    98.050    -2.49   13.18
-118724.467    99.587     4.05   15.22
-118345.051   104.880    13.95   19.09
-117965.713   108.770    10.25   20.60
-117586.452   109.419     1.71   18.45
-117207.269   110.415     2.63   16.55
-116828.163   111.409     2.62   15.17
-116449.135   116.598    13.69   15.51
-116070.184   121.737    13.56   16.47
-115691.310   129.931    21.63   17.28
-115312.514   134.829    12.93   17.19
-114933.795   139.313    11.84   16.43
-114555.153   141.638     6.14   14.26
-114176.588   143.074     3.79   12.52
-113798.101   145.262     5.78   17.81
-113419.690   146.619     3.59   29.99
-113041.356   145.117    -3.97   38.69
-112663.100   144.665    -1.20   46.25
-112284.920   146.662     5.28   49.15
-111906.817   155.340    22.95   47.22
-111528.791   159.040     9.79   40.07
-111150.842   157.062    -5.23   32.81
-110772.969   153.765    -8.73   31.01
-110395.174   148.629   -13.60   30.21
-110017.454   153.688    13.39   29.77
-109639.812   159.706    15.94   26.03
-109262.246   161.103     3.70   21.90
-108884.756   154.946   -16.31   22.82
-108507.343   144.406   -27.93   22.96
-108130.006   131.084   -35.31   22.90
-107752.746   112.740   -48.63   24.89
-107375.562    94.529   -48.29   25.18
-106998.454    75.177   -51.32   23.48
-106621.422    56.968   -48.30   24.71
-106244.467    41.362   -41.40   23.70
-105867.587    26.682   -38.95   18.64
-105490.784    16.517   -26.98   13.40
-105114.057     8.935   -20.13   10.32
-104737.406     8.690    -0.65   10.57
-104360.830    10.273     4.21   13.11
-103984.331    11.699     3.79   13.73
-103607.908    12.270     1.52   11.34
-103231.560    11.839    -1.15    9.37
-102855.288    13.078     3.29    8.60
-102479.092    14.912     4.88    7.48
-102102.971    13.957    -2.54    7.16
-101726.926     9.869   -10.87    6.25
-101350.957     5.243   -12.31    5.07
-100975.063     3.697    -4.11    4.46
-100599.245     3.484    -0.57    4.22
-100223.502     4.416     2.48    3.96
 -99847.835     5.111     1.85    3.40
 -99472.243     4.404    -1.88    5.11
 -99096.726     4.386    -0.05    5.72
 -98721.284     4.873     1.30    5.87
 -98345.918     3.496    -3.67    6.10
 -97970.627     1.632    -4.97    5.03
 -97595.411     0.180    -3.87    4.34
 -97220.270    -0.426    -1.62    3.38
 -96845.204    -0.105     0.86    3.11
 -96470.213     0.402     1.35    3.75
 -96095.298     1.873     3.92    4.99
 -95720.457     2.529     1.75    5.55
 -95345.690     4.265     4.63    5.87
 -94970.999     4.243    -0.06    5.92
 -94596.383     3.584    -1.76    6.52
 -94221.841     3.094    -1.31    6.65
 -93847.374     4.006     2.44    6.48
 -93472.981     4.158     0.40    6.16
 -93098.664     1.753    -6.42    7.71
 -92724.420    -1.937    -9.86    7.89
 -92350.251    -3.730    -4.79    6.93
 -91976.157    -1.327     6.42    7.63
 -91602.137     2.295     9.69    7.57
 -91228.192     3.751     3.89    8.44
 -90854.321     3.973     0.59    9.39
 -90480.524     5.877     5.09   11.57
 -90106.801     9.222     8.95   15.89
 -89733.153    13.574    11.65   14.83
 -89359.578    14.287     1.91   11.58
 -88986.078     9.214   -13.58    6.84
 -88612.652     4.017   -13.92    5.36
 -88239.300     1.472    -6.82    4.91
 -87866.022    -0.494    -5.27    3.88
 -87492.818     0.440     2.50    6.04
 -87119.688     4.965    12.13    9.83
 -86746.631    10.935    16.00   11.69
 -86373.649    18.574    20.48   10.84
 -86000.740    24.737    16.53   10.79
 -85627.905    29.296    12.23    9.95
 -85255.143    31.693     6.43   10.70
 -84882.456    33.517     4.89   12.57
 -84509.842    34.351     2.24   15.56
 -84137.301    37.348     8.05   19.39
 -83764.834    44.079    18.07   23.24
 -83392.440    50.826    18.12   22.86
 -83020.120    56.742    15.89   20.07
 -82647.873    62.255    14.81   17.12
 -82275.700    65.585     8.95   18.62
 -81903.599    65.850     0.71   20.55
 -81531.572    63.265    -6.95   20.45
 -81159.619    60.733    -6.81   17.16
 -80787.738    63.595     7.70   15.64
 -80415.931    74.809    30.16   18.60
 -80044.196    88.995    38.16   17.70
 -79672.535    98.983    26.88   14.35
 -79300.946   101.326     6.31   15.09
 -78929.431    98.324    -8.08   18.90
 -78557.988    91.540   -18.27   21.14
 -78186.619    84.395   -19.24   21.18
 -77815.322    77.304   -19.10   19.69
 -77444.098    66.315   -29.60   17.68
 -77072.947    55.690   -28.63   17.28
 -76701.868    47.373   -22.41   12.93
 -76330.862    44.377    -8.07   10.28
 -75959.929    47.585     8.65   13.10
 -75589.068    52.862    14.23   12.74
 -75218.280    53.813     2.56   12.14
 -74847.564    52.962    -2.29   11.26
 -74476.920    49.017   -10.64   11.88
 -74106.349    44.683   -11.70   12.75
 -73735.851    42.550    -5.76   12.22
 -73365.425    41.296    -3.39   12.00
 -72995.071    41.240    -0.15   10.74
 -72624.789    38.862    -6.42   13.06
 -72254.579    30.206   -23.38   17.48
 -71884.442    23.046   -19.35   16.65
 -71514.376    17.304   -15.52   14.26
 -71144.383    15.972    -3.60   16.03
 -70774.462    20.404    11.98   21.39
 -70404.613    20.708     0.82   24.06
 -70034.835    19.744    -2.61   22.15
 -69665.130    15.090   -12.59   12.32
 -69295.496    13.644    -3.91    3.85
 -68925.934    15.675     5.50    4.23
 -68556.444    18.917     8.78    4.00
 -68187.026    21.630     7.34    3.99
 -67817.679    24.993     9.11    5.63
 -67448.404    29.306    11.68    6.68
 -67079.201    33.790    12.15    6.97
 -66710.069    37.781    10.81    7.45
 -66341.009    41.273     9.46    7.18
 -65972.020    46.840    15.09    9.38
 -65603.103    54.000    19.41   11.76
 -65234.257    63.597    26.02   12.64
 -64865.482    71.069    20.26   12.88
 -64496.779    76.244    14.04   15.03
 -64128.147    78.484     6.07   17.12
 -63759.586    78.142    -0.93   18.11
 -63391.097    80.596     6.66   17.31
 -63022.678    84.356    10.21   16.48
 -62654.331    92.461    22.00   18.78
 -62286.055   103.945    31.18   20.85
 -61917.849   116.885    35.14   20.39
 -61549.715   129.552    34.41   15.83
 -61181.652   140.429    29.55   15.05
 -60813.659   151.305    29.56   15.53
 -60445.738   161.090    26.60   17.38
 -60077.887   171.253    27.63   20.37
 -59710.107   179.904    23.52   21.97
 -59342.398   185.926    16.38   23.52
 -58974.759   196.839    29.68   25.33
 -58607.192   206.817    27.15   27.12
 -58239.694   220.972    38.52   30.22
 -57872.268   238.142    46.73   29.38
 -57504.912   255.988    48.58   30.41
 -57137.626   274.585    50.64   32.62
 -56770.411   298.757    65.83   31.47
 -56403.266   322.358    64.28   33.53
 -56036.192   352.047    80.88   40.52
 -55669.188   384.551    88.57   45.46
 -55302.254   411.701    73.99   41.41
 -54935.391   421.180    25.84   34.56
 -54568.598   409.349   -32.26   46.12
 -54201.875   372.281  -101.08   65.98
 -53835.222   333.858  -104.80   63.57
 -53468.639   306.586   -74.40   52.69
 -53102.126   299.461   -19.44   49.62
 -52735.683   306.011    17.88   45.72
 -52369.311   320.144    38.58   35.45
 -52003.008   330.267    27.64   26.96
 -51636.775   340.642    28.33   23.81
 -51270.612   341.838     3.27   28.52
 -50901.782   333.169   -23.51   39.04
 -50521.118   316.290   -44.34   46.95
 -50140.530   303.632   -33.26   43.69
 -49760.019   302.850    -2.06   37.61
 -49379.584   316.817    36.72   38.81
 -48999.225   343.529    70.23   39.81
 -48618.942   367.551    63.17   37.59
 -48238.735   376.279    22.96   37.60
 -47858.605   363.756   -32.94   55.04
 -47478.550   343.231   -54.01   59.54
 -47098.572   340.338    -7.61   54.56
 -46718.670   367.287    70.94   61.28
 -46338.843   391.427    63.56   54.97
 -45959.093   399.608    21.54   40.02
 -45579.418   390.405   -24.24   43.04
 -45199.819   366.322   -63.45   45.41
 -44820.296   339.180   -71.52   46.08
 -44440.848   316.176   -60.63   39.87
 -44061.477   307.210   -23.63   34.14
 -43682.181   318.652    30.17   46.20
 -43302.960   335.904    45.49   50.56
 -42923.815   346.051    26.77   56.79
 -42544.745   342.959    -8.16   62.49
 -42165.751   326.529   -43.35   50.65
 -41786.833   317.314   -24.32   37.41
 -41407.989   314.012    -8.72   27.00
 -41029.221   324.124    26.70   33.08
 -40650.529   347.931    62.87   42.81
 -40271.911   379.898    84.43   44.30
 -39893.369   409.825    79.06   43.10
 -39514.901   432.267    59.30   34.52
 -39136.509   439.273    18.52   31.17
 -38758.192   429.468   -25.92   39.75
 -38379.950   399.631   -78.89   41.71
 -38001.783   376.638   -60.80   29.83
 -37623.691   369.449   -19.02   30.91
 -37245.673   374.776    14.09   45.17
 -36867.731   382.338    20.01   57.49
 -36489.863   388.191    15.49   66.23
 -36112.070   402.131    36.90   73.23
 -35734.352   415.610    35.69   64.29
 -35356.708   409.248   -16.85   60.79
 -34979.139   387.770   -56.89   67.64
 -34601.645   355.270   -86.10   67.34
 -34224.225   319.034   -96.01   65.54
 -33846.879   291.154   -73.89   57.90
 -33469.608   267.142   -63.65   44.38
 -33092.411   260.169   -18.49   45.79
 -32715.289   278.656    49.02   54.58
 -32338.241   319.034   107.09   58.21
 -31961.267   347.529    75.59   54.39
 -31584.368   363.901    43.44   46.34
 -31207.542   356.779   -18.90   52.65
 -30830.791   345.843   -29.03   55.17
 -30454.114   350.529    12.44   56.86
 -30077.510   362.529    31.86   50.61
 -29700.981   360.180    -6.24   46.99
 -29324.526   331.310   -76.69   55.90
 -28948.145   302.023   -77.81   47.49
 -28571.837   303.631     4.27   57.93
 -28195.604   331.540    74.18   73.84
 -27819.444   357.098    67.95   56.14
 -27443.358   349.619   -19.89   53.65
 -27067.345   329.873   -52.52   56.30
 -26691.406   317.885   -31.89   51.18
 -26315.541   333.796    42.33   65.07
 -25939.750   368.369    92.00   57.93
 -25564.032   383.299    39.74   43.58
 -25188.387   371.688   -30.91   53.94
 -24812.816   337.195   -91.84   69.19
 -24437.318   304.722   -86.48   69.71
 -24061.894   280.149   -65.45   71.15
 -23686.542   257.074   -61.48   77.34
 -23311.265   227.040   -80.03   84.68
 -22936.060   188.267  -103.34   80.09
 -22560.928   158.184   -80.20   62.03
 -22185.870   137.676   -54.68   37.97
 -21810.885   138.234     1.49   37.27
 -21435.973   157.097    50.31   47.13
 -21061.134   184.912    74.21   56.02
 -20686.367   226.506   110.99   67.26
 -20311.674   260.808    91.55   70.62
 -19937.054   283.619    60.89   64.73
 -19562.506   287.287     9.79   56.73
 -19188.031   275.040   -32.71   44.48
 -18813.629   264.387   -28.45   42.91
 -18439.300   254.506   -26.40   45.06
 -18065.043   243.770   -28.69   50.82
 -17690.860   236.598   -19.17   63.00
 -17316.748   222.063   -38.85   76.19
 -16942.709   198.983   -61.71   79.92
 -16568.743   175.184   -63.64   75.05
 -16194.849   160.608   -38.98   66.51
 -15821.028   143.273   -46.37   57.86
 -15447.278   141.439    -4.91   57.31
 -15073.602   135.621   -15.57   58.69
 -14699.997   122.483   -35.17   57.86
 -14326.465   107.412   -40.35   55.02
 -13953.005    87.168   -54.21   42.22
 -13579.617    76.415   -28.80   28.20
 -13206.302    80.416    10.72   30.94
 -12833.058    98.411    48.21   42.29
 -12459.886   126.619    75.59   48.12
 -12086.787   148.773    59.38   44.37
 -11713.759   157.075    22.26   37.82
 -11340.804   148.102   -24.06   41.96
 -10967.920   128.329   -53.03   45.42
 -10595.108   117.631   -28.69   44.44
 -10222.368    99.699   -48.11   45.33
  -9849.699    87.211   -33.51   47.36
  -9477.103    68.029   -51.48   44.78
  -9104.578    45.087   -61.59   32.31
  -8732.124    26.191   -50.73   14.88
  -8359.743    18.119   -21.68    8.08
  -7987.432    13.755   -11.72    5.70
  -7615.194    11.758    -5.36    4.66
  -7243.026    10.752    -2.70    4.57
  -6870.930     9.885    -2.33    4.37
  -6498.906     8.838    -2.81    3.92
  -6126.953     7.575    -3.40    2.76
  -5755.071     6.651    -2.48    2.18
  -5383.261     6.106    -1.46    2.01
  -5011.521     5.348    -2.04    1.86
  -4639.853     4.414    -2.51    1.67
  -4268.256     3.504    -2.45    1.78
  -3896.730     2.877    -1.69    1.42
  -3525.276     2.407    -1.27    1.23
  -3153.892     2.472     0.18    1.24
  -2782.579     2.736     0.71    1.14
  -2411.337     2.904     0.45    1.30
  -2040.166     3.267     0.98    1.27
  -1669.066     3.085    -0.49    1.48
  -1298.037     2.790    -0.79    2.07
   -927.078     1.494    -3.49    2.91
   -556.190     0.729    -2.07    2.87
   -185.373     0.256    -1.27    2.37
    185.373     0.105    -0.41    1.33
    556.049    -0.119    -0.60    0.48
    926.654     0.108     0.61    1.01
   1297.189     1.987     5.07    3.88
   1667.653     3.607     4.37    4.81
   2038.047     4.301     1.87    6.29
   2408.370    10.658    17.17   15.42
   2778.623    30.203    52.79   32.38
   3148.806    57.273    73.13   42.11
   3518.918    91.410    92.23   42.07
   3888.960   115.253    64.43   41.55
   4258.932   141.612    71.25   43.51
   4628.834   167.000    68.63   48.11
   4998.665   198.282    84.58   52.99
   5368.427   243.460   122.18   64.62
   5738.118   290.968   128.51   57.11
   6107.739   319.790    77.98   43.52
   6477.291   332.565    34.57   32.65
   6846.772   314.904   -47.80   44.36
   7216.184   285.088   -80.71   47.98
   7585.526   257.529   -74.62   44.77
   7954.797   234.959   -61.12   39.03
   8324.000   209.915   -67.83   34.07
   8693.132   194.203   -42.56   29.29
   9062.195   187.256   -18.82   24.74
   9431.188   184.917    -6.34   19.83
   9800.111   184.069    -2.30   20.89
  10168.965   174.484   -25.99   30.19
  10537.749   148.685   -69.95   33.26
  10906.464   126.712   -59.59   32.81
  11275.109   105.819   -56.68   25.43
  11643.685    94.816   -29.85   18.83
  12012.191    88.707   -16.58   19.07
  12380.628    86.598    -5.73   20.97
  12748.996    86.992     1.07   23.67
  13117.295    85.383    -4.37   27.93
  13485.524    83.980    -3.81   31.23
  13853.684    78.552   -14.74   29.68
  14221.775    70.945   -20.66   21.97
  14589.797    69.279    -4.53   15.11
  14957.749    71.683     6.54   15.20
  15325.633    74.368     7.30   15.78
  15693.448    74.826     1.25   14.61
  16061.194    72.563    -6.15   12.37
  16428.870    71.040    -4.14    8.95
  16796.478    73.384     6.38    8.72
  17164.017    78.912    15.04   11.01
  17531.488    88.459    25.98   14.03
  17898.889    98.954    28.57   14.71
  18266.222   109.372    28.36   14.97
  18633.486   116.790    20.20   17.79
  19000.682   121.004    11.48   19.65
  19367.808   121.665     1.80   19.42
  19734.867   123.902     6.09   18.10
  20101.856   128.701    13.08   16.11
  20468.778   135.110    17.47   17.85
  20835.630   143.645    23.26   17.78
  21202.415   154.421    29.38   22.40
  21569.131   172.915    50.43   29.41
  21935.778   191.729    51.31   31.97
  22302.358   212.735    57.30   29.57
  22668.869   227.284    39.70   24.42
  23035.311   240.239    35.35   24.01
  23401.686   251.574    30.94   24.81
  23767.992   266.553    40.89   26.11
  24147.263   266.256    -0.78   29.74
  24527.699   250.962   -40.20   43.95
  24908.060   225.678   -66.47   48.37
  25288.347   207.687   -47.31   34.13
  25668.560   198.598   -23.90   32.96
  26048.699   194.145   -11.72   38.83
  26428.764   190.362    -9.95   38.78
  26808.754   179.994   -27.28   31.48
  27188.670   182.761     7.28   30.43
  27568.513   202.738    52.59   44.65
  27948.281   223.110    53.64   44.93
  28327.976   239.110    42.14   38.60
  28707.596   244.770    14.91   40.43
  29087.143   240.517   -11.20   44.04
  29466.616   249.004    22.37   52.26
  29846.015   279.540    80.48   51.22
  30225.341   291.248    30.86   41.50
  30604.593   283.699   -19.90   45.99
  30983.771   268.407   -40.33   50.09
  31362.875   237.885   -80.51   48.94
  31741.906   209.155   -75.80   48.13
  32120.864   180.632   -75.27   45.74
  32499.748   161.340   -50.92   45.81
  32878.558   145.133   -42.78   53.23
  33257.296   124.541   -54.37   58.00
  33635.959   105.529   -50.21   50.30
  34014.550    89.827   -41.47   29.83
  34393.067    92.386     6.76   25.84
  34771.511   104.218    31.27   28.98
  35149.882   122.356    47.94   30.04
  35528.180   148.338    68.68   32.32
  35906.405   169.215    55.19   37.64
  36284.556   196.610    72.44   39.84
  36662.635   224.143    72.82   41.12
  37040.641   254.331    79.86   41.51
  37418.574   276.601    58.92   38.32
  37796.434   284.241    20.22   39.86
  38174.221   280.362   -10.27   47.60
  38551.935   263.011   -45.93   52.95
  38929.576   238.090   -65.99   48.16
  39307.145   211.391   -70.71   42.25
  39684.641   185.998   -67.26   43.51
  40062.065   166.308   -52.17   51.21
  40439.416   148.429   -47.38   53.63
  40816.694   125.517   -60.73   58.58
  41193.900   106.854   -49.48   58.61
  41571.034    86.345   -54.38   62.84
  41948.095    75.343   -29.18   63.16
  42325.083    63.724   -30.82   50.48
  42702.000    52.755   -29.10   30.75
  43078.844    45.761   -18.56   16.22
  43455.615    42.350    -9.05   16.19
  43832.315    36.387   -15.83   14.31
  44208.942    31.733   -12.36    8.94
  44585.498    30.965    -2.04    6.63
  44961.981    31.354     1.03    3.57
  45338.392    31.587     0.62    3.60
  45714.731    32.346     2.02    3.95
  46090.998    34.069     4.58    4.37
  46467.193    35.387     3.50    3.87
  46843.317    35.695     0.82    3.28
  47219.368    37.459     4.69    7.77
  47595.348    42.517    13.45   14.88
  47971.256    45.191     7.11   15.17
  48347.092    45.529     0.90   14.76
  48722.856    43.819    -4.55   14.57
  49098.549    38.541   -14.05   10.59
  49474.171    34.261   -11.39    5.25
  49849.720    33.424    -2.23    3.65
  50225.199    34.290     2.31    3.99
  50600.605    35.691     3.73    3.81
  50975.941    35.226    -1.24    4.16
  51351.205    33.504    -4.59    4.58
  51726.397    32.529    -2.60    3.41
  52101.519    32.610     0.22    3.17
  52476.569    34.423     4.83    3.29
  52851.547    36.270     4.93    2.96
  53226.455    37.988     4.58    3.20
  53601.291    39.372     3.69    3.02
  53976.057    39.319    -0.14    3.67
  54350.751    39.470     0.40    4.86
  54725.374    39.387    -0.22    6.88
  55099.926    38.921    -1.24    7.86
  55474.408    39.226     0.81    8.06
  55848.818    39.047    -0.48    7.48
  56223.158    39.401     0.95    6.49
  56597.426    38.598    -2.14    6.12
  56971.624    36.424    -5.81    6.74
  57345.751    34.992    -3.83    5.94
  57719.808    34.034    -2.56    6.68
  58093.793    33.011    -2.74    7.71
  58467.709    35.942     7.84    9.16
  58841.553    39.470     9.44    9.03
  59215.327    42.901     9.18    8.50
  59589.031    47.114    11.27   10.70
  59962.664    55.970    23.70   21.26
  60336.226    63.693    20.67   28.03
  60709.718    72.483    23.53   32.03
  61083.140    74.246     4.72   32.90
  61456.492    73.211    -2.77   30.84
  61829.773    68.272   -13.23   24.32
  62202.984    64.703    -9.56   16.96
  62576.125    62.087    -7.01   12.36
  62949.195    61.387    -1.87   10.73
  63322.196    62.842     3.90   11.89
  63695.127    68.203    14.38   16.74
  64067.987    73.842    15.12   18.92
  64440.777    78.340    12.07   17.79
  64813.498    76.622    -4.61   17.89
  65186.149    71.308   -14.26   15.79
  65558.729    68.239    -8.23   11.92
  65931.240    70.866     7.05   11.46
  66303.681    79.052    21.98   16.40
  66676.052    93.107    37.74   18.26
  67048.354   105.063    32.11   15.95
  67420.586   116.633    31.08   15.19
  67792.748   123.661    18.88   15.91
  68164.841   128.767    13.72   22.24
  68536.864   132.459     9.92   29.85
  68908.817   138.179    15.38   38.19
  69280.702   141.648     9.33   43.54
  69652.516   139.994    -4.45   43.35
  70024.261   132.993   -18.83   35.77
  70395.937   127.336   -15.22   25.83
  70767.544   128.609     3.43   21.36
  71139.081   142.673    37.85   29.06
  71510.549   165.564    61.62   33.71
  71881.948   189.738    65.09   30.47
  72253.277   205.389    42.15   27.66
  72624.538   209.370    10.72   29.68
  72995.729   201.234   -21.92   37.10
  73366.851   188.624   -33.98   38.17
  73737.904   178.276   -27.89   29.66
  74108.889   178.800     1.41   26.09
  74479.804   188.893    27.21   29.12
  74850.650   205.380    44.46   32.69
  75221.428   224.761    52.27   34.57
  75592.137   243.466    50.45   25.55
  75962.777   244.866     3.78   19.90
  76333.348   234.429   -28.16   25.47
  76703.850   220.273   -38.20   23.88
  77074.284   210.854   -25.43   17.98
  77444.649   211.270     1.12   18.66
  77814.945   211.366     0.26   16.40
  78185.173   211.156    -0.57   12.63
  78555.333   213.183     5.47   13.86
  78925.424   215.317     5.77   13.63
  79295.446   215.874     1.51   10.56
  79665.400   217.354     4.00    7.84
  80035.286   219.998     7.15    7.98
  80405.103   225.929    16.04   15.12
  80774.852   232.131    16.77   18.11
  81144.533   235.755     9.80   18.14
  81514.146   238.034     6.17   16.61
  81883.690   236.874    -3.14   12.19
  82253.166   234.577    -6.22    7.23
  82622.574   236.112     4.16    6.34
  82991.914   239.191     8.34    6.74
  83361.186   243.029    10.39    6.04
  83730.390   245.246     6.01    5.53
  84099.526   250.552    14.37   10.95
  84468.594   260.680    27.44   25.70
  84837.595   275.640    40.54   34.11
  85206.527   289.282    36.97   38.18
  85575.392   301.377    32.79   44.28
  85944.188   307.258    15.95   49.04
  86312.917   304.141    -8.45   50.61
  86681.579   296.017   -22.04   40.82
  87050.172   292.904    -8.45   25.82
  87418.698   298.575    15.39   20.40
  87787.157   304.348    15.67   21.90
  88155.548   317.387    35.39   27.68
  88523.871   333.821    44.61   29.74
  88892.127   354.100    55.06   34.52
  89260.316   370.917    45.67   35.52
  89628.437   387.324    44.57   35.02
  89996.491   398.350    29.96   35.51
  90364.477   412.816    39.31   47.74
  90732.396   422.279    25.72   54.69
  91100.248   439.143    45.84   57.44
  91468.032   452.082    35.18   62.71
  91835.750   443.962   -22.08   63.72
  92203.400   439.919   -11.00   59.31
  92570.983   449.321    25.58   62.86
  92938.500   449.411     0.24   59.84
  93305.949   467.326    48.75   57.60
  93673.331   459.122   -22.33   54.48
  94040.646   455.054   -11.07   42.75
  94407.894   458.436     9.21   40.91
  94775.075   471.066    34.40   50.59
  95142.190   498.529    74.80   68.34
  95509.238   524.736    71.39   71.51
  95876.218   557.087    88.15   74.32
  96243.133   588.957    86.85   83.12
  96609.980   622.203    90.62   81.08
  96976.761   636.553    39.12   73.64
  97343.475   629.866   -18.23   81.27
  97710.122   603.411   -72.15   93.92
  98076.703   558.372  -122.85   90.49
  98443.218   526.701   -86.40   88.70
  98818.661   498.541   -75.00   88.92
  99198.946   477.171   -56.19   90.73
  99579.160   439.625   -98.74   87.92
  99959.300   409.279   -79.82   78.95
 100339.369   375.926   -87.75   40.43
 100719.365   373.626    -6.05   52.64
 101099.289   382.470    23.28   71.71
 101479.141   379.874    -6.83   78.09
 101858.921   375.279   -12.10   66.16
 102238.629   370.577   -12.38   55.26
 102618.265   362.952   -20.08   51.83
 102997.829   347.629   -40.37   60.23
 103377.320   326.668   -55.23   58.03
 103756.740   320.453   -16.38   56.13
 104136.088   353.648    87.50   82.61
 104515.365   406.467   139.25   77.81
 104894.569   447.621   108.52   69.81
 105273.702   479.516    84.12   70.14
 105652.763   511.035    83.14   75.25
 106031.752   558.065   124.08   73.75
 106410.670   595.372    98.45   85.15
 106789.516   627.877    85.79   82.03
 107168.291   626.767    -2.93   79.79
 107546.994   610.673   -42.49   82.03
 107925.626   587.590   -60.96   86.74
 108304.186   570.854   -44.20   89.47
 108682.675   560.788   -26.59   88.71
 109061.092   528.052   -86.50   88.15
 109439.439   480.577  -125.47   86.71
 109817.714   417.082  -167.84   78.10
 110195.917   375.326  -110.40   59.06
 110574.050   362.411   -34.15   42.53
 110952.112   381.154    49.57   55.80
 111330.102   439.226   153.62   75.08
 111708.021   493.478   143.54   68.71
 112085.870   537.398   116.23   61.46
 112463.647   571.541    90.37   51.60
 112841.353   569.827    -4.54   67.15
 113218.989   551.924   -47.41   90.28
 113596.553   511.212  -107.82   87.01
 113974.047   462.675  -128.56   80.45
 114351.470   423.288  -104.35   90.27
 114728.823   388.649   -91.79   85.64
 115106.104   361.529   -71.88   60.56
 115483.315   360.914    -1.63   48.15
 115860.456   382.553    57.37   53.08
 116237.525   421.982   104.56   56.84
 116614.525   459.119    98.50   50.96
 116991.453   485.818    70.83   50.77
 117368.312   486.175     0.95   49.22
 117745.099   485.842    -0.88   50.96
 118121.817   491.059    13.85   51.83
 118498.464   510.459    51.50   64.32
 118875.041   537.090    70.71   66.47
 119251.547   569.529    86.15   58.25
 119627.984   609.429   105.98   44.21
 120004.350   636.282    71.34   48.54
 120380.646   657.554    56.52   42.24
 120756.872   665.799    21.91   38.97
 121133.027   674.272    22.52   52.84
 121509.113   715.152   108.69   87.06
 121885.129   765.657   134.30   75.00
 122261.075   780.082    38.37   65.46
 122636.951   782.229     5.71   73.97
 123012.757   760.745   -57.16   70.43
 123388.493   740.756   -53.19   83.42
 123764.159   691.587  -130.87   98.98
 124139.756   655.146   -97.01   75.79
 124515.283   665.016    26.28   84.87
 124890.740   710.035   119.89   91.43
 125266.128   749.436   104.95   74.83
 125641.446   756.175    17.95   73.29
 126016.694   727.171   -77.28   74.97
 126391.873   693.146   -90.68   69.80
 126766.983   705.976    34.20   66.63
 127142.023   736.376    81.05   77.09
 127516.993   763.243    71.64   68.91
 127891.894   752.215   -29.41   80.39
 128266.726   703.564  -129.78  108.86
 128641.489   628.187  -201.11   91.26
 129016.182   599.986   -75.26   68.48
 129390.806   614.974    40.00   90.94
 129765.361   658.576   116.40  101.34
 130139.847   713.940   147.83   80.15
 130514.264   729.077    40.42   64.42
 130888.611   715.370   -36.61   59.79
 131262.890   701.326   -37.52   62.73
 131637.100   666.095   -94.14   64.73
 132011.240   633.529   -87.03   58.62
 132385.312   611.818   -58.03   52.11
 132759.315   594.540   -46.19   49.77
 133133.249   570.878   -63.27   52.77
 133507.114   544.372   -70.89   56.99
 133880.911   505.938  -102.81   54.75
 134254.638   468.952   -98.95   43.65
 134628.297   463.035   -15.83   43.16
 135001.888   480.309    46.23   62.22
 135375.410   512.017    84.88   70.01
 135748.863   557.433   121.60   61.37
 136122.247   591.372    90.88   49.09
 136495.564   606.480    40.46   57.83
 136868.811   629.117    60.64   55.64
 137241.991   651.626    60.31   57.75
 137615.102   673.986    59.92   55.56
 137988.144   682.529    22.90   48.51
 138361.119   703.131    55.23   55.22
 138734.025   717.236    37.82   56.24
 139106.862   728.529    30.29   59.70
 139479.632   743.047    38.94   53.05
 139852.333   742.649    -1.07   61.15
 140224.967   719.973   -60.85   74.17
 140597.532   683.950   -96.68   81.98
 140970.029   656.992   -72.36   78.68
 141342.458   636.921   -53.88   65.95
 141714.819   639.309     6.41   63.63
 142087.113   683.529   118.76   81.20
 142459.338   717.324    90.78   67.58
 142831.496   717.255    -0.19   70.61
 143203.585   684.004   -89.35   85.30
 143575.607   628.736  -148.55   72.43
 143947.561   604.938   -63.97   56.26
 144319.448   617.083    32.65   69.74
 144691.266   628.276    30.10   62.07
 145063.017   632.102    10.29   53.25
 145434.701   625.399   -18.03   56.79
 145806.317   598.986   -71.07   59.62
 146177.865   569.553   -79.21   60.95
 146549.346   548.821   -55.80   59.11
 146920.760   528.052   -55.91   55.64
 147292.106   512.175   -42.75   51.71
 147663.384   492.661   -52.55   48.03
 148034.596   468.726   -64.47   43.30
 148405.740   444.882   -64.24   35.68
 148776.817   419.171   -69.28   26.06
 149147.826   401.890   -46.57   21.12
 149518.768   387.516   -38.74   19.96
 149889.644   374.029   -36.36   16.49
 150260.452   361.760   -33.08   13.58
 150631.193   362.470     1.91   24.43
 151001.866   363.417     2.56   33.05
 151372.473   362.492    -2.50   38.56
 151743.013   355.961   -17.62   38.97
 152113.486   341.703   -38.48   30.36
 152483.892   330.714   -29.66   22.05
 152854.231   335.870    13.92   30.98
 153224.504   339.301     9.26   33.76
 153594.709   342.999     9.99   31.65
 153964.848   346.208     8.67   27.94
 154334.920   343.407    -7.57   27.18
 154704.926   336.554   -18.52   27.85
 155074.864   322.940   -36.79   24.52
 155444.736   309.413   -36.57   23.83
 155814.542   295.095   -38.71   23.56
 156184.281   280.772   -38.73   17.66
 156553.953   270.362   -28.16   10.84
 156923.559   264.131   -16.86    5.42
 157293.099   264.321     0.51   10.11
 157662.572   269.491    13.99   17.08
 158031.979   280.682    30.29   25.18
 158401.319   290.343    26.16   27.99
 158770.593   295.245    13.27   27.09
 159139.801   293.041    -5.97   26.13
 159508.943   279.729   -36.06   23.49
 159878.018   268.372   -30.77   20.74
 160247.028   259.112   -25.09   18.32
 160615.971   251.870   -19.63   15.85
 160984.848   245.468   -17.35   13.47
 161353.659   241.902    -9.67   10.35
 161722.404   238.757    -8.53    4.23
 162091.083   238.651    -0.29    3.55
 162459.697   244.772    16.61   13.52
 162828.244   253.870    24.68   20.44
 163196.725   269.408    42.16   26.61
 163565.141   287.187    48.25   26.87
 163933.491   306.232    51.70   23.48
 164301.775   319.837    36.94   22.80
 164669.993   330.677    29.43   22.50
 165038.146   339.105    22.89   22.45
 165406.233   346.892    21.15   21.51
 165774.254   353.126    16.94   17.50
 166142.210   354.118     2.70   13.93
 166510.100   345.029   -24.70   19.35
 166877.925   329.464   -42.31   22.67
 167245.684   311.236   -49.56   22.55
 167613.378   296.891   -39.01   19.28
 167981.006   285.505   -30.97   17.03
 168348.569   278.204   -19.86   14.10
 168716.066   270.444   -21.11   13.64
 169083.499   263.794   -18.10   12.80
 169450.866   255.276   -23.18   12.92
 169818.168   247.175   -22.05   10.96
 170185.404   238.685   -23.11    9.21
 170552.576   232.005   -18.19    8.97
 170919.682   227.800   -11.45    6.44
 171286.723   228.264     1.26    7.84
 171653.699   228.356     0.25   10.37
 172020.611   229.821     3.99   12.19
 172387.457   231.116     3.53   14.15
 172754.238   233.517     6.54   15.10
 173120.954   236.631     8.49   14.04
 173492.877   241.802    13.90   13.89
 173873.016   247.091    13.91   13.71
 174253.084   251.901    12.65   12.21
 174633.082   259.566    20.17   16.96
 175013.009   271.652    31.81   23.32
 175392.867   290.306    49.10   21.90
 175772.654   303.602    35.00   15.99
 176152.370   312.931    24.57   13.61
 176532.017   317.862    12.99   17.04
 176911.593   322.712    12.77   21.04
 177291.099   326.961    11.19   21.68
 177670.535   335.305    21.99   22.25
 178049.902   352.964    46.54   29.22
 178429.198   376.035    60.81   36.13
 178808.424   398.208    58.46   26.08
 179187.580   404.917    17.69   22.77
 179566.666   401.879    -8.01   26.51
 179945.683   398.504    -8.90   24.58
 180324.629   398.689     0.49   22.74
 180703.506   396.040    -6.99   22.73
 181082.313   393.640    -6.34   22.20
 181461.051   390.772    -7.57   19.90
 181839.719   386.029   -12.53   12.02
 182218.317   384.065    -5.19   12.27
 182596.845   376.809   -19.17   14.24
 182975.304   367.212   -25.36   14.26
 183353.694   353.041   -37.44   18.76
 183732.014   339.174   -36.65   22.58
 184110.265   319.211   -52.77   24.18
 184488.446   300.680   -48.99   20.10
 184866.558   288.321   -32.68   17.07
 185244.600   283.009   -14.05   12.09
 185622.574   286.976    10.49   12.78
 186000.478   295.823    23.41   14.91
 186378.313   308.973    34.80   19.08
 186756.078   322.204    35.02   23.66
 187133.775   335.564    35.37   20.59
 187511.403   346.257    28.31   14.12
 187888.961   348.862     6.90   12.57
 188266.451   350.640     4.71   11.55
 188643.871   349.955    -1.81   12.81
 189021.223   345.090   -12.89   15.44
 189398.505   334.712   -27.50   21.64
 189775.719   311.649   -61.13   27.73
 190152.864   291.936   -52.26   30.80
 190529.940   270.663   -56.41   28.77
 190906.948   250.480   -53.53   25.67
 191283.886   232.035   -48.93   23.41
 191660.756   223.998   -21.32   22.34
 192037.558   216.682   -19.41   24.24
 192414.291   212.478   -11.16   25.43
 192790.955   206.687   -15.37   25.57
 193167.551   198.606   -21.46   22.33
 193544.078   189.540   -24.07   20.78
 193920.537   176.853   -33.70   18.88
 194296.927   163.748   -34.81   18.98
 194673.249   153.311   -27.73   13.40
 195049.503   146.957   -16.88    8.09
 195425.689   144.195    -7.34    5.05
 195801.806   145.973     4.73    6.84
 196177.855   147.490     4.03    7.96
 196553.835   150.215     7.25    7.29
 196929.748   148.744    -3.91    8.03
 197305.593   143.314   -14.44   10.58
 197681.369   134.961   -22.23   12.64
 198057.077   124.782   -27.09   11.63
 198432.718   116.077   -23.17    9.40
 198808.290   111.053   -13.38    6.04
 199183.795   109.825    -3.27    4.84
 199559.231   113.775    10.52   11.14
 199934.600   118.455    12.47   16.23
 200309.901   120.788     6.21   22.57
 200685.134   121.288     1.33   27.73
 201060.300   118.590    -7.19   28.84
 201435.397   113.151   -14.50   25.92
 201810.427   106.816   -16.89   16.11
 202185.390   102.842   -10.60    6.39
 202560.285   101.677    -3.11    2.35
 202935.112   101.541    -0.36    2.35
 203309.872   102.936     3.72    3.52
 203684.564   105.999     8.17    4.54
 204059.189   108.129     5.68    3.78
 204433.746   109.134     2.68    2.95
 204808.236   109.195     0.16    2.36
 205182.659   109.243     0.13    2.23
 205557.014   108.438    -2.15    3.05
 205931.302   107.272    -3.11    3.28
 206305.523   106.423    -2.27    2.87
 206679.677   106.998     1.53    2.73
 207053.763   107.913     2.45    2.10
 207427.783   107.850    -0.17    2.33
 207801.735   107.976     0.34    2.84
 208175.620   107.748    -0.61    2.79
 208549.439   107.775     0.07    2.28
 208923.190   106.945    -2.22    1.84
 209296.874   105.710    -3.30    1.17
 209670.492   106.146     1.17    1.83
 210044.042   107.022     2.35    2.36
 210417.526   108.076     2.82    2.18
 210790.943   109.054     2.62    1.66
 211164.293   108.726    -0.88    2.03
 211537.576   108.478    -0.66    2.18
 211910.793   108.481     0.01    2.52
 212283.943   108.832     0.94    3.06
 212657.027   110.343     4.05    3.76
 213030.044   111.221     2.35    4.01
 213402.994   112.492     3.41    3.83
 213775.878   112.427    -0.17    3.85
 214148.695   113.040     1.64    3.53
 214521.446   114.491     3.89    3.64
 214894.131   116.640     5.76    4.64
 215266.749   121.924    14.18    7.54
 215639.300   127.317    14.47    8.44
 216011.786   133.368    16.24    6.73
 216384.205   137.738    11.73    4.99
 216756.558   142.429    12.59    5.75
 217128.845   145.553     8.39    5.61
 217501.066   149.516    10.65    5.12
 217873.220   154.590    13.63    6.71
 218245.309   160.691    16.39    8.49
 218617.331   168.195    20.17   11.26
 218989.288   178.491    27.67   11.89
 219361.178   188.095    25.82   13.43
 219733.003   199.766    31.38   14.42
 220104.761   210.866    29.85   18.10
 220476.454   224.479    36.62   23.28
 220848.081   236.858    33.30   30.75
 221219.642   246.466    25.85   33.29
 221591.137   251.245    12.86   30.01
 221962.567   260.010    23.59   28.69
 222333.930   278.830    50.67   42.02
 222705.229   308.453    79.77   60.45
 223076.461   342.640    92.07   72.54
 223447.628   371.029    76.47   73.96
 223818.730   380.257    24.86   65.81
 224189.765   383.416     8.51   56.76
 224560.736   397.047    36.74   59.67
 224931.641   416.766    53.16   62.37
 225302.480   445.404    77.21   67.91
 225673.254   489.416   118.68   78.98
 226043.963   519.993    82.47   78.60
 226414.607   538.811    50.76   68.34
 226785.185   556.443    47.57   57.56
 227155.698   577.042    55.58   53.82
 227526.146   608.431    84.72   58.97
 227896.528   635.035    71.82   56.51
 228266.845   650.146    40.80   56.98
 228637.098   660.160    27.04   45.92
 229007.285   632.638   -74.33   55.72
 229377.407   594.147  -103.98   52.30
 229747.464   555.858  -103.45   46.26
 230117.457   535.094   -56.11   37.26
 230487.384   534.360    -1.99   37.37
 230857.246   539.726    14.51   38.11
 231227.044   537.294    -6.58   43.61
 231596.776   524.016   -35.91   50.43
 231966.444   499.736   -65.67   50.47
 232336.047   472.700   -73.14   38.48
 232705.586   463.701   -24.35   29.27
 233075.059   453.237   -28.32   31.78
 233444.468   441.251   -32.44   40.18
 233813.813   426.354   -40.33   50.08
 234183.093   405.379   -56.79   50.32
 234552.308   384.629   -56.19   40.92
 234921.459   370.882   -37.23   33.13
 235290.545   369.567    -3.56   36.96
 235659.567   360.955   -23.33   37.47
 236028.524   354.541   -17.38   32.94
 236397.417   358.738    11.38   36.60
 236766.245   369.220    28.41   39.77
 237135.010   390.578    57.91   45.34
 237503.710   412.467    59.36   50.51
 237872.345   440.022    74.74   48.11
 238240.917   459.492    52.81   47.19
 238609.424   464.565    13.77   41.06
 238977.867   451.968   -34.18   49.72
 239346.246   423.904   -76.17   65.95
 239714.561   379.791  -119.75   70.69
 240082.812   315.331  -175.01   71.25
 240450.999   272.083  -117.44   68.52
 240819.122   233.415  -105.02   37.27
 241187.181   220.368   -35.44   14.43
 241555.176   228.413    21.86   22.11
 241923.107   251.306    62.21   37.39
 242290.974   282.439    84.61   48.21
 242658.778   317.279    94.71   52.87
 243026.518   350.673    90.79   47.59
 243394.194   372.333    58.90   45.47
 243761.806   383.147    29.41   43.88
 244129.354   405.813    61.65   41.79
 244496.839   432.243    71.91   43.75
 244864.260   457.943    69.93   45.92
 245231.618   483.022    68.25   43.03
 245598.912   513.701    83.51   54.66
 245966.143   544.579    84.07   55.70
 246333.310   573.874    79.77   50.33
 246700.414   591.096    46.90   49.09
 247067.454   595.004    10.64   70.07
 247434.431   581.908   -35.68   83.98
 247801.344   560.285   -58.92  102.69
 248170.035   533.467   -72.72  111.04
 248550.027   482.004  -135.40  111.68
 248929.951   447.766   -90.10   78.63
 249309.807   442.404   -14.11   57.89
 249689.594   441.364    -2.74   60.02
 250069.313   438.285    -8.11   64.79
 250448.963   411.673   -70.08   58.92
 250828.545   390.602   -55.50   31.51
 251208.059   391.134     1.40   23.57
 251587.504   420.541    77.48   50.86
 251966.881   465.301   117.96   70.23
 252346.190   512.420   124.20   89.22
 252725.431   548.504    95.13   95.16
 253104.603   555.379    18.13   88.13
 253483.707   572.269    44.55   69.59
 253862.744   578.590    16.67   53.15
 254241.712   580.638     5.40   53.47
 254620.612   596.266    41.24   64.34
 254999.444   606.516    27.05   65.50
 255378.208   613.217    17.69   55.71
 255756.905   610.134    -8.14   61.06
 256135.533   584.606   -67.41   67.76
 256514.094   543.541  -108.45   74.84
 256892.587   491.608  -137.18   65.45
 257271.012   445.791  -121.05   57.94
 257649.370   418.566   -71.94   33.01
 258027.659   417.309    -3.32   33.60
 258405.882   428.204    28.80   34.36
 258784.036   444.629    43.43   30.08
 259162.123   454.670    26.55   35.24
 259540.142   470.738    42.50   41.90
 259918.094   498.035    72.21   48.31
 260295.979   530.979    87.16   46.99
 260673.796   542.047    29.29   48.09
 261051.546   528.412   -36.09   62.86
 261429.228   496.269   -85.09   63.28
 261806.843   467.759   -75.48   33.30
 262184.391   476.047    21.95   34.78
 262561.871   503.213    71.95   41.58
 262939.284   546.208   113.90   62.62
 263316.630   585.555   104.25   72.56
 263693.909   626.626   108.84   93.67
 264071.121   644.782    48.12   92.63
 264448.266   642.504    -6.04   87.71
 264825.344   648.029    14.65   73.22
 265202.354   665.666    46.77   69.59
 265579.298   726.866   162.32   85.56
 265956.175   791.393   171.18  101.43
 266332.985   835.047   115.83   71.73
 266709.728   828.171   -18.25   72.45
 267086.405   763.704  -171.11  102.10
 267463.014   688.896  -198.59   85.60
 267839.557   623.775  -172.90   65.64
 268216.033   580.921  -113.81   42.69
 268592.443   561.566   -51.41   27.59
 268968.785   569.892    22.12   38.79
 269345.062   592.804    60.88   48.15
 269721.271   622.475    78.85   40.90
 270097.414   642.084    52.12   51.74
 270473.491   657.436    40.81   74.85
 270849.501   634.343   -61.40   88.10
 271225.445   628.542   -15.43   85.96
 271601.322   637.343    23.41   80.75
 271977.133   665.883    75.92   92.76
 272352.878   712.874   125.03   81.50
 272728.556   740.820    74.37   76.94
 273104.168   743.104     6.08   77.19
 273479.714   730.836   -32.66   75.60
 273855.194   732.866     5.40   81.51
 274230.608   724.804   -21.47   89.32
 274605.955   725.541     1.96   84.76
 274981.237   723.775    -4.70   71.32
 275356.452   722.736    -2.77   59.93
 275731.601   743.823    56.20   59.10
 276106.685   759.329    41.33   51.14
 276481.702   768.305    23.93   36.50
 276856.654   765.908    -6.39   36.34
