# NaN NaN NaN ;Mean Elev.(m), Avg Gradient(m/km), RMS Gradient(m/km) - SRTM1     
#    4.482   0.287   4.574 ;Mean Elev.(m), Avg Gradient(m/km), RMS Gradient(m/km) - ASTER GDEM
#    2.068  -0.119   3.295 ;Mean Elev.(m), Avg Gradient(m/km), RMS Gradient(m/km) - GMTED2010 
  8     1.468 52488.40897606 23.35 160.524703  68.471809 27.453
  8     3.397 52488.40897670 19.34 160.520833  68.474849 27.453
  8     3.725 52488.40897735 22.45 160.516953  68.477879 27.453
  9     1.044 52523.40894959 37.19 160.530273  68.470882 25.508
  9     0.914 52523.40895024 33.77 160.526403  68.473912 25.508
  9     0.826 52523.40895088 33.64 160.522523  68.476952 25.508
 10     0.240 52558.40899996 46.02 160.509848  68.468690 23.750
 10     0.320 52558.40900060 47.85 160.505978  68.471720 23.750
 10     0.349 52558.40900125 41.81 160.502108  68.474750 23.750
 10     0.369 52558.40900189 42.46 160.498238  68.477790 23.750
 11     0.102 52593.40899992 32.71 160.515746  68.469960  9.477
 11     0.143 52593.40900056 34.21 160.511876  68.472990  9.477
 11     0.062 52593.40900120 34.45 160.508006  68.476020  9.477
 11    -0.001 52593.40900185 31.63 160.504126  68.479050  9.477
 12     0.445 52628.40892376 24.47 160.511071  68.469498  4.268
 12    -0.094 52628.40892440 24.31 160.507201  68.472528  4.268
 12     0.129 52628.40892504 23.73 160.503331  68.475558  4.268
 12     0.871 52628.40892569 22.59 160.499451  68.478598  4.268
 13     3.079 52663.40896203 21.65 160.519437  68.470180  3.569
 13     0.029 52663.40896267 22.07 160.515567  68.473220  3.569
 13     0.075 52663.40896332 21.00 160.511687  68.476250  3.569
 14     4.101 52698.40893792 19.19 160.505666  68.470051  3.408
 14     3.481 52698.40893856 19.78 160.501786  68.473081  3.408
 14     0.085 52698.40893921 19.50 160.497916  68.476111  3.408
 14     2.547 52698.40893985 18.27 160.494036  68.479151  3.408
 15     1.966 52733.40895924 18.57 160.530471  68.471275  2.503
 15     1.013 52733.40895989 19.38 160.526601  68.474305  2.503
 15     1.952 52733.40896053 18.64 160.522731  68.477345  2.503
 16     5.035 52768.40896413 27.03 160.532749  68.470875 29.146
 16     2.570 52768.40896477 28.22 160.528879  68.473905 29.146
 16     2.290 52768.40896542 33.62 160.525009  68.476945 29.146
 17     3.832 52803.40898499 48.24 160.503232  68.468849 42.971
 17     3.844 52803.40898564 50.54 160.499362  68.471879 42.971
 18     1.091 52838.40904834 44.52 160.512185  68.469057 40.037
 18     0.912 52838.40904898 42.78 160.508315  68.472087 40.037
 18     0.814 52838.40904963 27.58 160.504435  68.475127 40.037
 18     0.993 52838.40905027 35.14 160.500565  68.478157 40.037
 19     3.589 52873.40908871 22.20 160.512744  68.472098 27.566
 19     3.305 52873.40908935 16.56 160.508874  68.475128 27.566
 19     3.241 52873.40908999 16.33 160.505004  68.478158 27.566
 20     0.388 52908.40907055 50.47 160.528623  68.471624 37.370
 20     0.200 52908.40907119 52.12 160.524743  68.474664 37.370
 20     0.249 52908.40907184 47.12 160.520873  68.477694 37.370
 21    -0.110 52943.40899853 37.57 160.509285  68.470254 13.359
 21    -0.413 52943.40899918 42.21 160.505415  68.473284 13.359
 21    -0.402 52943.40899982 42.15 160.501545  68.476314 13.359
 21    -0.399 52943.40900047 41.81 160.497665  68.479344 13.359
 23     1.992 53013.40905592 17.85 160.522072  68.470919  2.807
 23    -0.192 53013.40905657 18.44 160.518202  68.473949  2.807
 23    -0.317 53013.40905721 17.78 160.514322  68.476989  2.807
 24    -0.201 53048.40902619 18.36 160.506993  68.470111  3.098
 24    -0.278 53048.40902683 18.39 160.503123  68.473141  3.098
 24    -0.187 53048.40902748 18.44 160.499253  68.476181  3.098
 24    -0.064 53048.40902812 17.99 160.495373  68.479211  3.098
 25     0.087 53083.40906151 14.60 160.516546  68.471720  2.458
 25     0.030 53083.40906215 14.63 160.512676  68.474760  2.458
 25    -0.164 53083.40906280 14.31 160.508796  68.477790  2.458
 26     0.204 53118.40903180 15.38 160.506038  68.469490  2.536
 26    -0.045 53118.40903244 15.35 160.502158  68.472520  2.536
 26    -0.063 53118.40903309 15.68 160.498288  68.475550  2.536
 26     0.112 53118.40903373 15.43 160.494416  68.478581  2.861
 27     1.046 53153.40908229 39.85 160.510445  68.469679 28.885
 27     1.367 53153.40908294 27.44 160.506565  68.472709 28.885
 27     0.729 53153.40908358 29.35 160.502695  68.475739 28.885
 27     0.765 53153.40908423 36.68 160.498825  68.478779 28.885
 28     3.000 53188.40907027 51.00 160.524236  68.469836 46.439
 28     2.959 53188.40907092 54.38 160.520366  68.472866 46.439
 28     2.958 53188.40907156 54.11 160.516486  68.475896 46.439
 28     3.083 53188.40907221 51.42 160.512616  68.478926 46.439
 29     1.289 53223.40908799 22.33 160.525101  68.472222 35.654
 29     3.494 53223.40908863 18.45 160.521221  68.475262 35.654
 29     3.819 53223.40908928 23.55 160.517351  68.478292 35.654
 30     0.606 53258.40906314 45.38 160.528422  68.470849 36.534
 30     0.605 53258.40906379 28.09 160.524552  68.473879 36.534
 30     0.623 53258.40906443 42.81 160.520682  68.476919 36.534
 32     2.483 53328.40905861 11.81 160.523756  68.469960  2.408
 32     1.116 53328.40905926 11.66 160.519886  68.472990  2.408
 32     0.380 53328.40905990 12.32 160.516016  68.476020  2.408
 33     2.353 53363.40901165 11.20 160.533496  68.471152  2.366
 33     2.159 53363.40901230 11.48 160.529626  68.474192  2.366
 33     0.858 53363.40901294 12.16 160.525756  68.477222  2.366
 34     0.373 53398.40903515 12.29 160.508073  68.471699  2.371
 34     1.659 53398.40903580 11.47 160.504203  68.474729  2.371
 34     0.543 53398.40903644 11.10 160.500333  68.477759  2.371
 35     2.084 53433.40902517 10.45 160.532010  68.470928  2.270
 35     1.911 53433.40902581 10.10 160.528140  68.473968  2.270
 35     1.849 53433.40902646 10.03 160.524270  68.476998  2.270
 36     0.390 53468.40906535  9.33 160.504421  68.470975  2.157
 36     1.762 53468.40906599  9.28 160.500551  68.474005  2.157
 36     1.006 53468.40906664  9.39 160.496681  68.477045  2.157
 36     1.260 53468.40906728  8.99 160.492801  68.480075  2.157
 37     1.985 53503.40911280  6.69 160.513548  68.471580  8.040
 37     2.527 53503.40911344 10.11 160.509678  68.474610  8.040
 37     2.614 53503.40911409 20.94 160.505798  68.477650  8.040
 38     1.153 53538.40910815 32.74 160.520748  68.470424 35.590
 38     1.157 53538.40910880 41.59 160.516878  68.473454 35.590
 38     1.254 53538.40910944 39.50 160.513008  68.476494 35.590
 39     0.353 53573.40910877 26.47 160.518987  68.472267 39.031
 39     3.409 53573.40910941 19.26 160.515117  68.475297 39.031
 39     3.603 53573.40911006 27.24 160.511247  68.478327 39.031
 40     1.545 53608.40905818 25.06 160.531717  68.473580 30.257
 40     1.187 53608.40905882 25.52 160.527847  68.476610 30.257
 41     4.058 53643.40906029 28.25 160.502534  68.471208 25.851
 41     4.063 53643.40906093 24.56 160.498664  68.474238 25.851
 41     4.082 53643.40906158 21.01 160.494784  68.477268 25.851
 41     5.015 53643.40906222 19.95 160.490914  68.480308 25.851
 42    -0.270 53678.40907815 29.58 160.515511  68.471046 12.734
 42    -0.323 53678.40907879 29.75 160.511641  68.474076 12.734
 42    -0.403 53678.40907944 30.65 160.507771  68.477106 12.734
 43     0.187 53713.40900619 26.42 160.534895  68.471210  6.072
 43     0.319 53713.40900683 25.39 160.531025  68.474250  6.072
 43     0.269 53713.40900748 26.20 160.527155  68.477280  6.072
 44     0.230 53748.40892054 23.16 160.505677  68.469466  5.125
 44     0.238 53748.40892118 22.79 160.501797  68.472506  5.125
 44     0.177 53748.40892183 23.24 160.497927  68.475536  5.125
 44     0.112 53748.40892247 23.33 160.494047  68.478566  5.125
 45     1.584 53783.40895113 14.86 160.525023  68.471674  2.595
 45     1.300 53783.40895178 14.96 160.521153  68.474704  2.595
 45     0.820 53783.40895242 14.92 160.517283  68.477734  2.595
 46     1.767 53818.40891389 14.79 160.541013  68.472996  2.708
 46     0.969 53818.40891454 15.72 160.537143  68.476026  2.708
 47     0.130 53853.40899140 15.25 160.506085  68.469549  2.690
 47    -0.064 53853.40899204 15.27 160.502215  68.472589  2.690
 47    -0.039 53853.40899269 15.49 160.498345  68.475619  2.690
 47     0.860 53853.40899333 15.04 160.494465  68.478649  2.690
 48     4.506 53888.40899859 42.29 160.524586  68.470598 40.421
 48     4.256 53888.40899923 35.66 160.520716  68.473628 40.421
 48     4.171 53888.40899988 35.61 160.516846  68.476658 40.421
 49     5.219 53923.40906774 18.72 160.507659  68.469539 35.515
 49     3.309 53923.40906839 19.79 160.503779  68.472579 35.515
 49     3.952 53923.40906903 18.82 160.499909  68.475609 35.515
 49     5.370 53923.40906968 18.31 160.496039  68.478639 35.515
 50     4.188 53958.40906007 22.53 160.517293  68.470998 30.224
 50     3.602 53958.40906071 18.22 160.513423  68.474028 30.224
 50     3.749 53958.40906135 17.33 160.509543  68.477068 30.224
 52     0.330 54028.40904884 37.24 160.509834  68.469113 14.070
 52     0.279 54028.40904948 40.67 160.505964  68.472143 14.070
 52     0.412 54028.40905013 39.15 160.502094  68.475183 14.070
 52     0.336 54028.40905077 40.23 160.498214  68.478213 14.070
 53     2.587 54063.40904217 16.63 160.526952  68.470395  2.894
 53     2.750 54063.40904281 16.55 160.523072  68.473425  2.894
 53     2.621 54063.40904346 16.52 160.519202  68.476455  2.894
 54     2.416 54098.40901040 14.67 160.531387  68.471245  2.437
 54     2.587 54098.40901104 14.82 160.527527  68.474275  2.437
 54     2.451 54098.40901169 14.72 160.523657  68.477305  2.437
 55     0.270 54133.40896625 15.51 160.506317  68.470033  2.365
 55     2.313 54133.40896690 15.04 160.502447  68.473063  2.365
 55     0.235 54133.40896754 15.11 160.498567  68.476103  2.365
 55     2.818 54133.40896819 14.10 160.494697  68.479133  2.365
 56     2.284 54168.40898478 12.45 160.525502  68.472258  2.173
 56     2.701 54168.40898543 12.48 160.521632  68.475288  2.173
 56     2.470 54168.40898607 12.32 160.517752  68.478318  2.173
 57     2.241 54203.40896976 11.81 160.508522  68.468851  2.161
 57     3.680 54203.40897040 12.12 160.504642  68.471881  2.161
 57     1.760 54203.40897105 13.20 160.500772  68.474911  2.161
 57     1.440 54203.40897169 12.29 160.496901  68.477940  2.500
 58     4.147 54238.40900490 31.93 160.518053  68.470425 26.063
 58     0.182 54238.40900555 32.30 160.514183  68.473455 26.063
 58     3.728 54238.40900619 29.04 160.510303  68.476485 26.063
 59     2.965 54273.40902289 50.66 160.521442  68.470548 48.316
 59     2.914 54273.40902354 50.19 160.517572  68.473578 48.316
 59     2.856 54273.40902418 52.97 160.513702  68.476608 48.316
 60     1.103 54308.40902465 32.37 160.518947  68.469681 34.127
 60     3.882 54308.40902529 18.64 160.515077  68.472711 34.127
 60     3.484 54308.40902594 16.02 160.511207  68.475741 34.127
 60     3.691 54308.40902658 17.93 160.507327  68.478771 34.127
 61     1.655 54343.40900338 49.61 160.529293  68.473478 26.304
 61     1.660 54343.40900402 47.64 160.525433  68.476508 26.304
 62     1.175 54378.40896038 36.62 160.512204  68.469870 26.726
 62     3.837 54378.40896102 23.81 160.508334  68.472910 26.726
 62     3.401 54378.40896167 21.97 160.504464  68.475940 26.726
 62     2.963 54378.40896231 23.09 160.500584  68.478970 26.726
 63    -0.012 54413.40895112 36.10 160.520195  68.472670  8.485
 63    -0.103 54413.40895176 33.33 160.516325  68.475700  8.485
 63    -0.002 54413.40895241 31.17 160.512455  68.478730  8.485
 64    -0.117 54448.40892713 18.68 160.504902  68.471530  3.335
 64    -0.087 54448.40892778 19.15 160.501032  68.474560  3.335
 64     0.663 54448.40892842 18.26 160.497152  68.477590  3.335
 65     2.493 54483.40894454 14.21 160.518439  68.471827  2.294
 65     2.959 54483.40894518 14.49 160.514559  68.474857  2.294
 65     2.894 54483.40894583 14.22 160.510689  68.477887  2.294
 66     3.850 54518.40894049 12.88 160.510215  68.470237  2.230
 66     2.096 54518.40894114 13.04 160.506335  68.473267  2.230
 66     3.035 54518.40894178 13.53 160.502465  68.476307  2.230
 66     3.205 54518.40894243 12.89 160.498595  68.479337  2.230
 67     2.388 54553.40895672 11.62 160.525949  68.473272  2.230
 67     3.011 54553.40895736 11.88 160.522079  68.476302  2.230
 68     1.665 54588.40893664  5.97 160.512907  68.471921  2.569
 68     3.250 54588.40893728  4.82 160.509027  68.474951  2.569
 68     3.261 54588.40893793  5.35 160.505157  68.477991  2.569
 69     5.142 54623.40895399 25.45 160.520388  68.471453 46.697
 69     4.758 54623.40895464 24.49 160.516518  68.474483 46.697
 69     5.145 54623.40895528 30.64 160.512648  68.477523 46.697
 70     4.527 54658.40896299 20.25 160.517058  68.470893 28.221
 70     3.968 54658.40896363 17.37 160.513188  68.473923 28.221
 70     4.723 54658.40896428 19.33 160.509308  68.476953 28.221
 71     0.437 54693.40894415 37.39 160.525953  68.470422 34.226
 71     0.124 54693.40894479 25.68 160.522083  68.473452 34.226
 71     0.306 54693.40894544 25.60 160.518213  68.476492 34.226
 72     0.415 54728.40891705 23.12 160.509500  68.471493 28.045
 72     0.710 54728.40891770 17.82 160.505630  68.474523 28.045
 72     3.016 54728.40891834 17.72 160.501760  68.477563 28.045
 73     0.777 54763.40892181 29.79 160.519482  68.470283  6.241
 73     0.675 54763.40892245 28.65 160.515612  68.473323  6.241
 73     0.763 54763.40892310 27.90 160.511732  68.476353  6.241
 74    -0.280 54798.40890996 24.33 160.505592  68.469231  4.455
 74    -0.304 54798.40891061 23.95 160.501712  68.472261  4.455
 74    -0.068 54798.40891125 23.42 160.497842  68.475301  4.455
 74     0.426 54798.40891190 22.88 160.493962  68.478331  4.455
 75     3.097 54833.40891253 16.36 160.518960  68.472006  2.380
 75     2.623 54833.40891317 16.90 160.515090  68.475036  2.380
 75     2.633 54833.40891382 16.76 160.511210  68.478066  2.380
 76     3.617 54868.40890662 16.58 160.505894  68.471117  2.420
 76     3.557 54868.40890726 16.30 160.502014  68.474157  2.420
 76     0.827 54868.40890791 15.63 160.498144  68.477187  2.420
 76     2.447 54868.40890855 14.52 160.494264  68.480217  2.420
 77     2.300 54903.40892214 12.04 160.524799  68.472927  2.074
 77     2.066 54903.40892278 12.27 160.520929  68.475957  2.074
 78     2.234 54938.40889712 11.88 160.512326  68.470553  2.146
 78     1.879 54938.40889776 12.71 160.508456  68.473588  2.458
 78     1.913 54938.40889841 12.01 160.504576  68.476628  2.458
 78     2.354 54938.40889905 12.10 160.500706  68.479658  2.458
 79     0.964 54973.40892879 32.77 160.514863  68.471275 25.745
 79     3.467 54973.40892943 24.53 160.510993  68.474315 25.745
 79     3.613 54973.40893008 27.01 160.507123  68.477345 25.745
 80     4.027 55008.40894386 17.74 160.519774  68.472080 32.559
 80     3.594 55008.40894451 17.57 160.515904  68.475120 32.559
 80     3.709 55008.40894515 27.84 160.512024  68.478150 32.559
 81     0.557 55043.40893301 27.57 160.519613  68.469941 29.303
 81     0.464 55043.40893366 21.47 160.515733  68.472981 29.303
 81     3.364 55043.40893430 21.11 160.511863  68.476011 29.303
 81     0.771 55043.40893495 29.93 160.507993  68.479041 29.303
 82     1.141 55078.40891089 50.24 160.528303  68.471352 35.701
 82     1.014 55078.40891154 25.60 160.524433  68.474382 35.701
 82     3.554 55078.40891218 22.86 160.520563  68.477422 35.701
 83     0.014 55113.40886539 43.82 160.514316  68.469506 23.718
 83    -0.037 55113.40886603 47.77 160.510436  68.472536 23.718
 83    -0.013 55113.40886668 44.42 160.506566  68.475566 23.718
 83     0.008 55113.40886732 44.36 160.502696  68.478596 23.718
 84     3.005 55148.40886635 22.07 160.517545  68.471715  3.814
 84     0.171 55148.40886700 22.86 160.513675  68.474745  3.814
 84     0.009 55148.40886764 23.12 160.509795  68.477775  3.814
 85    -0.015 55183.40884727 20.66 160.508062  68.468760  3.373
 85    -0.021 55183.40884791 20.18 160.504182  68.471790  3.373
 85     0.090 55183.40884856 20.24 160.500312  68.474830  3.373
 85     1.480 55183.40884920 18.47 160.496442  68.477860  3.373
 86     1.859 55218.40886363 16.90 160.523415  68.470126  2.659
 86     1.587 55218.40886428 16.95 160.519545  68.473156  2.659
 86     1.611 55218.40886492 17.47 160.515675  68.476196  2.659
 87     2.538 55253.40884317 14.26 160.512501  68.469225  2.264
 87     2.362 55253.40884382 14.80 160.508631  68.472255  2.264
 87     1.782 55253.40884446 15.55 160.504751  68.475295  2.264
 87     1.713 55253.40884511 14.77 160.500881  68.478325  2.264
 88     2.474 55288.40885388 14.36 160.528935  68.471350  2.297
 88     1.681 55288.40885452 15.06 160.525065  68.474390  2.297
 88     1.937 55288.40885517 14.77 160.521195  68.477420  2.297
 89     0.581 55323.40883159 11.61 160.515804  68.472183 21.925
 89     0.335 55323.40883223  6.89 160.511934  68.475213 21.925
 89     2.331 55323.40883287  2.47 160.508054  68.478243 21.925
 90     4.511 55358.40882986 22.28 160.520185  68.471309 31.272
 90     3.990 55358.40883050 22.01 160.516315  68.474339 31.272
 90     3.777 55358.40883115 26.65 160.512435  68.477369 31.272
 91     0.737 55393.40883310 28.46 160.512737  68.469925 32.382
 91     0.190 55393.40883375 23.26 160.508857  68.472955 32.382
 91    -0.074 55393.40883439 20.86 160.504987  68.475985 32.382
 91    -0.211 55393.40883504 20.27 160.501117  68.479025 32.382
 92     0.444 55428.40884562 35.06 160.520175  68.469723 36.516
 92     0.210 55428.40884626 23.95 160.516305  68.472763 36.516
 92     0.583 55428.40884691 24.70 160.512425  68.475793 36.516
 92     0.565 55428.40884755 44.40 160.508555  68.478823 36.516
 93     3.370 55463.40880903 43.29 160.533570  68.471169 39.663
 93     3.383 55463.40880968 42.27 160.529700  68.474209 39.663
 93     3.395 55463.40881032 49.83 160.525830  68.477239 39.663
