-163395.437   334.913     0.00    6.60
-163028.875   333.803    -3.03    4.58
-162662.239   333.122    -1.86    4.56
-162295.528   331.068    -5.60    6.10
-161928.743   327.468    -9.81    7.28
-161561.884   325.501    -5.36    7.70
-161194.951   327.781     6.21   10.19
-160827.942   330.551     7.55   12.09
-160460.860   330.653     0.28   13.09
-160093.703   326.919   -10.17   14.16
-159726.471   320.747   -16.80   11.91
-159359.164   315.919   -13.14    7.86
-158991.783   313.153    -7.53    4.33
-158624.327   314.334     3.21    5.22
-158256.796   320.446    16.63   10.56
-157889.191   328.888    22.96   14.84
-157521.510   340.795    32.38   16.26
-157153.755   354.196    36.44   17.71
-156785.925   365.010    29.40   13.68
-156418.019   365.035     0.07   13.44
-156050.039   358.447   -17.90   18.91
-155681.983   344.632   -37.53   22.83
-155313.853   334.530   -27.44   19.02
-154945.647   332.249    -6.19   18.32
-154577.365   335.397     8.55   19.16
-154209.009   337.500     5.71   19.15
-153840.577   340.952     9.37   18.22
-153472.070   344.952    10.86   17.64
-153103.487   351.180    16.89   19.11
-152734.829   361.197    27.17   19.07
-152366.096   370.825    26.11   17.52
-151997.286   372.293     3.98   14.60
-151628.402   367.994   -11.65   17.79
-151259.441   356.517   -31.10   24.27
-150890.405   345.856   -28.89   23.03
-150521.293   339.834   -16.31   22.63
-150152.105   339.607    -0.61   23.06
-149782.842   334.675   -13.36   24.74
-149413.502   329.376   -14.35   28.44
-149044.087   321.056   -22.52   30.10
-148674.595   313.152   -21.39   29.88
-148305.028   305.284   -21.29   28.16
-147935.384   294.469   -29.25   29.53
-147565.665   275.515   -51.26   29.66
-147195.869   256.326   -51.89   25.19
-146825.997   240.027   -44.06   22.49
-146456.049   225.532   -39.18   23.54
-146086.024   209.539   -43.22   23.66
-145715.923   195.781   -37.17   19.09
-145345.746   186.739   -24.43   14.11
-144975.492   186.919     0.49   18.87
-144605.161   191.474    12.30   25.76
-144234.755   193.856     6.43   26.08
-143864.271   198.079    11.40   22.03
-143493.711   210.132    32.52   21.91
-143123.074   222.654    33.78   24.52
-142752.361   236.792    38.13   22.17
-142381.570   247.086    27.76   14.38
-142010.703   244.685    -6.47   19.44
-141639.759   238.332   -17.13   22.47
-141268.738   237.149    -3.19   21.86
-140897.640   237.474     0.87   21.27
-140526.465   237.994     1.40   22.20
-140155.213   236.707    -3.47   22.94
-139783.884   230.629   -16.37   21.61
-139412.478   227.526    -8.35   18.29
-139040.994   220.919   -17.78   14.81
-138669.433   208.688   -32.91   20.41
-138297.795   190.397   -49.21   23.66
-137926.080   168.690   -58.39   24.75
-137554.287   153.652   -40.44   16.89
-137182.417   149.877   -10.15   10.82
-136810.469   153.112     8.70   12.25
-136438.444   160.065    18.69   11.30
-136066.341   165.842    15.52   10.35
-135694.160   170.372    12.17   10.48
-135321.902   176.930    17.61   12.40
-134949.566   189.941    34.94   21.80
-134577.152   205.941    42.96   26.03
-134204.661   228.653    60.97   26.15
-133832.091   250.419    58.42   29.88
-133459.444   271.543    56.68   32.86
-133086.718   285.505    37.45   31.03
-132713.915   287.908     6.45   29.93
-132341.034   273.079   -39.77   37.16
-131968.074   242.734   -81.35   42.63
-131595.036   214.315   -76.18   35.93
-131221.920   199.238   -40.41   20.30
-130848.726   209.353    27.10   29.47
-130475.453   233.875    65.69   38.58
-130102.102   261.707    74.54   39.52
-129728.673   284.555    61.18   32.02
-129355.165   297.232    33.94   22.20
-128981.579   297.512     0.75   18.92
-128607.914   284.435   -34.99   28.72
-128234.170   264.500   -53.33   35.32
-127860.348   239.383   -67.18   33.48
-127486.447   222.100   -46.22   28.33
-127112.468   205.534   -44.29   23.56
-126738.409   198.371   -19.15   24.73
-126364.272   197.941    -1.15   31.32
-125990.056   202.951    13.39   36.17
-125615.760   207.962    13.39   36.24
-125241.386   217.604    25.75   33.50
-124866.933   223.274    15.14   32.23
-124492.401   229.056    15.44   26.52
-124117.789   229.582     1.40   22.30
-123743.098   221.151   -22.50   23.92
-123368.329   205.278   -42.35   28.09
-122993.479   189.846   -41.17   28.35
-122618.551   173.447   -43.74   21.41
-122243.543   164.677   -23.38   17.25
-121868.455   157.862   -18.17   14.41
-121493.288   148.326   -25.42   15.44
-121118.042   137.319   -29.33   14.70
-120742.716   127.167   -27.05   13.25
-120367.310   119.887   -19.39    9.08
-119991.824   118.243    -4.38   10.71
-119616.259   118.930     1.83   12.82
-119240.614   119.193     0.70   12.59
-118864.889   117.211    -5.28   11.96
-118489.084   111.857   -14.25   10.37
-118113.200   104.326   -20.03   10.86
-117737.235    93.909   -27.70   12.59
-117361.190    84.897   -23.96   10.69
-116985.065    77.520   -19.61    6.12
-116608.860    74.792    -7.25    3.26
-116232.575    74.551    -0.64    2.58
-115856.209    74.253    -0.79    2.34
-115479.764    74.193    -0.16    1.96
-115103.237    75.005     2.15    3.33
-114726.631    76.930     5.11    5.15
-114349.944    81.292    11.58    8.35
-113973.176    87.143    15.53   10.60
-113596.328    92.207    13.44   11.96
-113219.399    97.728    14.65   11.74
-112842.390    99.709     5.25   12.05
-112465.300    99.509    -0.53   11.27
-112088.129    98.814    -1.84    9.85
-111710.877   100.483     4.42    8.75
-111333.545   105.751    13.96    9.30
-110956.131   110.772    13.30    9.04
-110578.637   113.680     7.70    8.47
-110201.061   113.210    -1.25   10.36
-109823.405   110.153    -8.09   12.01
-109445.667   106.685    -9.18   10.93
-109067.848   106.473    -0.56    8.44
-108689.948   108.856     6.31    7.88
-108311.967   112.618     9.95    7.44
-107933.904   115.909     8.70    6.34
-107555.760   115.795    -0.30    7.89
-107177.534   112.425    -8.91    9.06
-106799.227   109.472    -7.81    7.95
-106420.839   107.919    -4.10    5.55
-106042.369   112.590    12.34   10.17
-105663.817   122.398    25.91   14.44
-105285.183   133.611    29.61   15.53
-104906.468   144.473    28.68   11.10
-104527.671   150.456    15.80    8.04
-104148.792   150.164    -0.77    7.89
-103769.831   145.190   -13.12   10.10
-103390.789   137.285   -20.86   11.88
-103011.664   129.513   -20.50   11.88
-102632.457   122.270   -19.10   10.28
-102253.168   121.034    -3.26   11.37
-101873.797   124.014     7.85   11.27
-101494.344   128.646    12.21   12.48
-101114.808   133.388    12.49   12.60
-100735.190   135.611     5.86   10.10
-100355.490   132.611    -7.90   10.37
 -99975.707   126.775   -15.36   12.23
 -99595.842   116.558   -26.90   11.62
 -99215.894   108.068   -22.34   11.35
 -98835.864    97.728   -27.21   13.48
 -98455.751    87.698   -26.38   14.74
 -98075.555    76.098   -30.51   13.23
 -97695.277    69.462   -17.45    9.29
 -97314.916    67.467    -5.24    6.79
 -96934.472    70.204     7.19    8.51
 -96553.945    76.013    15.27    8.71
 -96173.335    79.824    10.01    7.68
 -95792.642    83.398     9.39    6.79
 -95411.866    84.026     1.65    5.98
 -95031.007    81.971    -5.39    6.20
 -94650.064    77.622   -11.42    8.76
 -94269.039    69.805   -20.51   10.27
 -93894.032    62.058   -20.66   10.21
 -93528.734    54.501   -20.68    8.25
 -93163.361    50.670   -10.49    5.15
 -92797.912    49.343    -3.63    3.61
 -92432.387    49.097    -0.67    3.55
 -92066.788    48.828    -0.74    3.76
 -91701.112    48.972     0.39    3.58
 -91335.361    48.231    -2.02    3.57
 -90969.534    48.503     0.74    2.63
 -90603.632    49.409     2.48    4.07
 -90237.654    50.196     2.15    4.84
 -89871.600    51.940     4.76    4.81
 -89505.470    54.230     6.25    5.35
 -89139.264    55.859     4.45    7.11
 -88772.983    57.789     5.27    7.87
 -88406.625    55.336    -6.69    9.23
 -88040.192    52.558    -7.58    9.09
 -87673.682    48.190   -11.92    6.50
 -87307.096    46.157    -5.55    4.00
 -86940.434    44.536    -4.42    3.34
 -86573.696    43.763    -2.11    3.35
 -86206.881    42.680    -2.95    3.43
 -85839.991    42.473    -0.57    3.02
 -85473.024    43.249     2.11    3.44
 -85105.980    44.621     3.74    3.85
 -84738.860    45.806     3.23    3.40
 -84371.664    45.877     0.19    3.00
 -84004.391    46.076     0.54    3.19
 -83637.041    46.235     0.43    3.61
 -83269.615    46.513     0.76    3.63
 -82902.112    47.680     3.17    3.56
 -82534.533    49.232     4.22    3.90
 -82166.876    50.007     2.11    3.62
 -81799.143    50.188     0.49    3.41
 -81431.333    49.547    -1.74    3.33
 -81063.446    48.162    -3.77    2.55
 -80695.482    47.347    -2.21    2.33
 -80327.441    45.941    -3.82    2.67
 -79959.323    45.342    -1.62    2.51
 -79591.128    44.486    -2.33    3.19
 -79222.855    43.031    -3.95    4.96
 -78854.506    43.300     0.73    5.88
 -78486.079    43.545     0.67    5.19
 -78117.575    43.683     0.37    4.65
 -77748.993    43.253    -1.17    4.22
 -77380.334    44.004     2.04    5.54
 -77011.598    54.941    29.66   22.52
 -76642.784    77.167    60.26   40.10
 -76273.893   111.800    93.88   47.12
 -75904.924   146.711    94.61   42.24
 -75535.877   178.241    85.43   27.35
 -75166.753   187.920    26.22   19.75
 -74797.551   181.675   -16.91   27.45
 -74428.271   156.538   -68.07   42.21
 -74058.913   124.515   -86.70   44.15
 -73689.477    90.076   -93.22   35.06
 -73319.964    67.472   -61.17   24.64
 -72950.372    51.298   -43.76   14.58
 -72580.703    45.301   -16.22    8.07
 -72210.955    42.908    -6.47    5.27
 -71841.129    41.399    -4.08    4.58
 -71471.225    39.963    -3.88    4.57
 -71101.243    37.573    -6.46    3.95
 -70731.183    35.951    -4.38    3.32
 -70361.044    35.662    -0.78    3.09
 -69990.827    35.345    -0.86    2.96
 -69620.531    34.528    -2.21    3.48
 -69250.157    33.243    -3.47    3.45
 -68879.704    32.151    -2.95    3.29
 -68509.173    32.549     1.07    3.55
 -68138.563    35.812     8.80    6.57
 -67767.875    39.889    11.00    9.16
 -67397.107    44.267    11.81    9.22
 -67026.261    48.758    12.11    8.87
 -66655.337    54.756    16.17   13.66
 -66284.333    64.206    25.47   18.86
 -65913.250    75.300    29.90   23.10
 -65542.089    89.982    39.56   25.03
 -65170.848   102.611    34.02   23.91
 -64799.528   117.982    41.39   21.97
 -64428.129   127.185    24.78   20.24
 -64056.651   133.005    15.66   14.51
 -63685.094   131.746    -3.39   11.99
 -63313.458   124.149   -20.44   13.73
 -62941.742   114.013   -27.27   13.40
 -62569.947   104.130   -26.58   12.07
 -62198.072    95.513   -23.17   10.24
 -61826.118    85.886   -25.88   14.21
 -61454.084    77.095   -23.63   15.03
 -61081.971    70.685   -17.22   10.86
 -60709.778    68.867    -4.89    7.72
 -60337.506    71.635     7.44    9.24
 -59965.153    79.118    20.09    9.97
 -59592.721    86.256    19.17    8.26
 -59220.210    92.961    18.00    7.72
 -58847.618    98.868    15.85    9.60
 -58474.946   104.667    15.56    8.73
 -58102.195   107.961     8.84    6.90
 -57729.363   110.113     5.77    4.92
 -57356.451   109.301    -2.18    5.06
 -56983.459   106.539    -7.41    4.55
 -56610.387   103.506    -8.13    5.05
 -56237.235   100.475    -8.12    5.33
 -55864.002    97.420    -8.18    6.32
 -55490.689    92.855   -12.23    6.98
 -55117.296    86.982   -15.73   10.12
 -54743.822    79.368   -20.39   12.39
 -54370.268    69.703   -25.87   13.85
 -53996.633    63.077   -17.73   10.45
 -53622.918    60.195    -7.71    7.96
 -53249.122    59.730    -1.24   11.46
 -52875.245    61.709     5.29   12.59
 -52501.287    64.775     8.20   13.77
 -52127.249    68.593    10.21   13.83
 -51753.130    69.410     2.18   14.12
 -51378.930    67.180    -5.96   15.91
 -51004.649    63.472    -9.91   14.80
 -50630.287    58.515   -13.24   11.53
 -50255.844    55.693    -7.54    9.47
 -49881.319    56.172     1.28   10.92
 -49506.714    65.746    25.56   18.21
 -49132.028    84.343    49.63   27.62
 -48757.260   107.768    62.50   33.90
 -48382.410   130.515    60.68   32.94
 -48007.480   154.961    65.20   38.73
 -47632.468   168.005    34.78   43.51
 -47257.374   170.583     6.87   47.06
 -46882.199   161.879   -23.20   46.72
 -46506.943   155.332   -17.44   40.68
 -46131.605   152.520    -7.49   34.71
 -45756.185   153.219     1.86   27.97
 -45380.683   164.288    29.48   24.68
 -45005.100   182.618    48.80   26.24
 -44629.434   193.909    30.06   26.64
 -44253.687   205.246    30.17   21.13
 -43877.858   211.246    15.97   17.71
 -43501.947   208.559    -7.15   22.05
 -43125.954   200.806   -20.62   22.61
 -42749.878   194.993   -15.46   19.85
 -42373.721   189.318   -15.09   14.03
 -41997.481   186.629    -7.15   11.24
 -41621.159   183.338    -8.74   14.66
 -41244.755   175.539   -20.72   18.14
 -40868.268   163.263   -32.60   19.98
 -40491.699   149.332   -36.99   16.60
 -40115.047   138.815   -27.92   13.54
 -39738.313   135.186    -9.63   13.82
 -39361.497   134.354    -2.21   17.42
 -38984.597   134.800     1.18   19.72
 -38607.615   128.840   -15.81   20.04
 -38230.550   122.985   -15.53   16.69
 -37853.403   121.736    -3.31   15.29
 -37476.172   121.564    -0.46   14.67
 -37098.859   126.695    13.60   16.46
 -36721.462   137.047    27.43   17.20
 -36343.983   156.614    51.83   27.32
 -35966.421   179.188    59.79   33.03
 -35588.775   194.274    39.94   29.36
 -35211.046   195.551     3.38   28.53
 -34833.234   186.147   -24.89   29.14
 -34455.339   172.817   -35.27   20.31
 -34077.360   165.104   -20.41   20.05
 -33699.298   160.425   -12.38   19.85
 -33321.153   149.610   -28.60   18.83
 -32942.924   135.734   -36.69   21.67
 -32564.611   118.765   -44.85   20.88
 -32186.215   108.838   -26.23   15.54
 -31807.735   104.652   -11.06   10.81
 -31429.171   110.951    16.64   16.09
 -31050.524   121.053    26.68   16.04
 -30671.793   125.522    11.80   11.80
 -30292.978   126.751     3.24   11.46
 -29914.079   119.507   -19.12   16.59
 -29535.096   108.532   -28.96   16.39
 -29156.028   103.363   -13.64   14.41
 -28776.877   102.388    -2.57   15.44
 -28397.642   100.930    -3.85   16.60
 -28018.322    92.388   -22.52   18.86
 -27638.918    79.665   -33.54   22.03
 -27259.430    63.001   -43.91   19.83
 -26879.857    49.518   -35.52   15.90
 -26500.200    40.530   -23.67    9.85
 -26120.459    40.858     0.86    8.78
 -25740.632    47.693    17.99   10.90
 -25360.722    54.023    16.66   10.08
 -24980.726    60.734    17.66    8.96
 -24600.646    66.297    14.64   10.71
 -24220.481    73.014    17.67   12.29
 -23840.232    78.512    14.46   10.52
 -23459.897    82.637    10.85    7.92
 -23079.477    83.728     2.87    7.16
 -22698.973    83.649    -0.21    7.71
 -22318.383    80.930    -7.14   11.25
 -21937.708    71.857   -23.83   17.17
 -21556.948    58.652   -34.68   20.28
 -21176.103    40.092   -48.73   19.41
 -20795.173    28.481   -30.48   16.38
 -20414.157    20.562   -20.78    9.08
 -20033.056    20.665     0.27    8.68
 -19651.869    26.445    15.16    9.20
 -19271.145    31.332    12.84    6.98
 -18906.084    36.222    13.39    7.21
 -18540.946    41.226    13.70    9.34
 -18175.730    48.435    19.74   10.03
 -17810.437    55.060    18.13    8.99
 -17445.068    60.683    15.39    8.97
 -17079.620    67.471    18.57   10.49
 -16714.096    73.796    17.30   10.87
 -16348.494    81.086    19.94   11.55
 -15982.814    89.160    22.08   12.52
 -15617.057    97.713    23.38   10.08
 -15251.223   101.624    10.69    6.75
 -14885.311    98.225    -9.29    9.94
 -14519.321    91.716   -17.78   14.57
 -14153.253    88.097    -9.89   16.60
 -13787.108    85.450    -7.23   18.56
 -13420.885    86.556     3.02   18.88
 -13054.584    87.844     3.52   16.41
 -12688.205    86.522    -3.61   12.47
 -12321.748    78.270   -22.52   12.99
 -11955.213    66.583   -31.89   16.41
 -11588.600    55.357   -30.62   16.46
 -11221.909    41.961   -36.53   14.07
 -10855.140    31.399   -28.80   11.62
 -10488.293    22.111   -25.32    9.63
 -10121.367    17.188   -13.42    6.21
  -9754.363    15.702    -4.05    4.20
  -9387.281    19.950    11.57    6.86
  -9020.120    26.107    16.77    9.21
  -8652.881    32.144    16.44    9.14
  -8285.563    35.982    10.45    7.23
  -7918.167    39.232     8.85    5.46
  -7550.692    40.180     2.58    5.64
  -7183.139    43.016     7.72    7.02
  -6815.507    48.455    14.80    7.61
  -6447.796    53.783    14.49    6.65
  -6080.006    60.620    18.59    9.87
  -5712.138    67.097    17.61   13.82
  -5344.190    76.384    25.24   17.51
  -4976.164    86.644    27.88   16.15
  -4608.058    96.868    27.77   12.18
  -4239.874   101.040    11.33    8.31
  -3871.610    97.702    -9.06   13.69
  -3503.267    83.110   -39.61   23.96
  -3134.845    62.667   -55.49   26.52
  -2766.344    38.624   -65.25   24.11
  -2397.764    22.385   -44.06   17.64
  -2029.104    10.092   -33.34    8.87
  -1660.365     4.799   -14.35    3.48
  -1291.546     2.357    -6.62    2.21
   -922.648     0.960    -3.79    2.27
   -553.670    -0.251    -3.28    1.62
   -184.612    -0.434    -0.50    1.79
    184.525     1.025     3.95    3.36
    553.742     2.920     5.13    3.53
    923.038     4.520     4.33    2.74
   1292.415     5.590     2.90    1.23
   1661.871     5.400    -0.51    1.37
   2031.407     6.993     4.31    4.46
   2401.023     8.930     5.24    5.10
   2770.719    10.234     3.53    4.75
   3140.496    11.304     2.89    4.06
   3510.352    11.694     1.05    3.34
   3880.289    10.950    -2.01    2.92
   4250.305    10.991     0.11    2.51
   4620.402    10.777    -0.58    1.88
   4990.580    10.910     0.36    1.76
   5360.838    12.012     2.98    1.70
   5731.176    12.630     1.67    1.49
   6101.595    13.014     1.04    1.86
   6472.094    12.590    -1.14    2.12
   6842.674    12.093    -1.34    1.95
   7213.334    12.593     1.35    2.17
   7584.075    13.246     1.76    2.76
   7954.897    13.799     1.49    3.41
   8325.800    13.718    -0.22    3.81
   8696.784    11.569    -5.79    4.45
   9067.848     9.799    -4.77    3.81
   9438.993     8.440    -3.66    2.14
   9810.220     8.570     0.35    2.12
  10181.527     9.249     1.83    2.46
  10552.916     9.080    -0.46    2.39
  10924.386     8.365    -1.93    2.54
  11295.937     7.971    -1.06    2.33
  11667.569     8.267     0.80    2.70
  12039.283     8.900     1.70    2.77
  12411.078    10.526     4.37    2.97
  12782.954    12.410     5.07    3.05
  13154.912    13.597     3.19    2.61
  13526.951    13.787     0.51    2.32
  13899.072    12.090    -4.56    3.08
  14271.275    10.097    -5.36    3.10
  14643.559     9.688    -1.10    3.08
  15015.926     9.756     0.18    3.09
  15388.373     9.820     0.17    2.91
  15760.903     9.638    -0.49    2.33
  16133.515     8.981    -1.77    2.00
  16506.208     8.236    -2.00    1.70
  16878.984     8.354     0.32    2.12
  17251.842     8.795     1.18    2.52
  17624.782     9.220     1.14    2.83
  17997.804     8.910    -0.83    2.69
  18370.908     8.389    -1.40    2.33
  18744.094     8.890     1.34    2.66
  19117.363    10.138     3.35    4.06
  19490.715    12.306     5.81    4.24
  19864.148    14.225     5.14    2.86
  20237.664    13.220    -2.69    3.70
  20611.263    11.234    -5.32    3.61
  20984.945    10.270    -2.58    3.06
  21358.709     9.836    -1.16    2.76
  21732.555    10.491     1.75    2.64
  22106.485    10.104    -1.04    2.38
  22480.497     9.180    -2.47    2.69
  22854.592     8.033    -3.07    2.97
  23228.770     6.718    -3.51    2.77
  23603.032     5.688    -2.75    2.10
  23977.376     4.940    -2.00    0.10
  24351.803     4.930    -0.03    0.00
  24726.313     4.930     0.00    0.00
  25100.907     4.930     0.00    0.00
  25475.584     4.930     0.00    0.00
  25850.344     4.930     0.00    0.00
  26225.188     4.930     0.00    0.00
  26600.115     4.930     0.00    0.00
  26975.125     4.930     0.00    0.00
  27350.219     4.930     0.00    0.00
  27725.397     5.583     1.74    2.08
  28100.658     9.077     9.31    7.37
  28476.003    12.879    10.13    9.40
  28851.431    18.476    14.91   10.07
  29226.944    22.720    11.30    8.61
  29602.540    26.670    10.52    4.65
  29978.220    28.250     4.21    2.08
  30353.985    28.992     1.97    1.66
  30729.833    30.061     2.85    2.25
  31105.765    31.695     4.35    3.15
  31481.782    33.480     4.75    3.59
  31857.883    35.590     5.61    3.76
  32234.068    36.981     3.70    3.41
  32610.337    37.082     0.27    3.97
  32986.690    35.680    -3.73    4.60
  33363.129    33.734    -5.17    3.59
  33739.651    33.710    -0.06    2.87
  34116.258    35.202     3.96    2.92
  34492.950    37.060     4.93    2.60
  34869.726    38.767     4.53    2.50
  35246.587    39.860     2.90    2.16
  35623.533    40.175     0.84    2.11
  36000.564    38.260    -5.08    4.18
  36377.679    35.471    -7.40    5.15
  36754.879    33.340    -5.65    4.63
  37132.165    33.450     0.29    5.08
  37509.535    35.890     6.47    6.30
  37886.991    39.051     8.38    6.06
  38264.531    41.930     7.63    4.82
  38642.157    42.536     1.60    3.79
  39019.869    40.130    -6.37    5.60
  39397.665    37.445    -7.11    5.59
  39775.547    35.899    -4.09    4.53
  40153.514    36.920     2.70    4.49
  40531.567    40.440     9.31    3.75
  40909.705    42.534     5.54    2.21
  41287.929    43.061     1.39    1.96
  41666.239    42.514    -1.45    2.36
  42044.634    41.528    -2.61    2.42
  42423.116    41.029    -1.32    2.08
  42801.683    41.257     0.60    2.40
  43180.335    42.130     2.31    2.22
  43559.074    41.550    -1.53    2.77
  43937.899    40.499    -2.77    3.69
  44316.810    38.940    -4.11    4.10
  44695.807    37.750    -3.14    3.83
  45074.890    37.059    -1.82    3.24
  45454.060    36.742    -0.84    2.40
  45833.316    36.336    -1.07    2.49
  46212.658    35.861    -1.25    2.73
  46592.086    34.034    -4.81    3.53
  46971.602    31.420    -6.89    4.02
  47351.203    29.672    -4.60    4.14
  47730.891    29.556    -0.31    4.52
  48110.666    29.703     0.39    4.26
  48490.528    30.410     1.86    3.94
  48870.476    31.104     1.82    3.61
  49250.511    32.732     4.29    4.26
  49630.633    34.219     3.91    4.65
  50010.842    36.165     5.12    5.04
  50391.138    37.021     2.25    5.22
  50771.521    34.360    -7.00    6.88
  51151.991    31.385    -7.82    7.36
  51532.549    29.480    -5.00    6.14
  51913.193    28.726    -1.98    5.21
  52293.925    29.410     1.80    6.51
  52674.744    28.082    -3.49    8.26
  53055.651    23.960   -10.82    8.67
  53436.645    19.530   -11.63    6.52
  53817.727    17.011    -6.61    3.84
  54198.896    16.736    -0.72    3.13
  54580.153    17.990     3.29    3.25
  54961.498    18.890     2.36    2.85
  55342.930    19.290     1.05    2.43
  55713.172    18.950    -0.92    2.21
  56078.071    18.526    -1.16    1.93
  56443.048    18.097    -1.18    1.41
  56808.105    18.463     1.00    1.70
  57173.241    19.312     2.33    1.85
  57538.456    19.491     0.49    1.59
  57903.751    20.280     2.16    2.42
  58269.124    21.356     2.94    2.82
  58634.577    22.267     2.49    2.81
  59000.108    23.039     2.11    2.63
  59365.720    23.586     1.50    2.04
  59731.410    23.811     0.62    2.59
  60097.181    24.630     2.24    3.21
  60463.030    26.067     3.93    2.91
  60828.959    26.700     1.73    2.33
  61194.968    26.257    -1.21    2.32
  61561.057    25.623    -1.73    1.79
  61927.225    25.260    -0.99    1.46
  62293.473    25.852     1.62    1.60
  62659.801    26.900     2.86    1.53
  63026.208    27.655     2.06    1.38
  63392.696    27.415    -0.65    1.65
  63759.263    26.920    -1.35    1.90
  64125.911    26.254    -1.82    2.10
  64492.639    25.263    -2.70    1.72
  64859.446    24.574    -1.88    1.27
  65226.334    24.440    -0.36    1.13
  65593.302    24.665     0.61    1.69
  65960.351    24.989     0.88    1.85
  66327.480    25.328     0.92    2.04
  66694.689    25.643     0.86    1.88
  67061.979    25.551    -0.25    1.78
  67429.349    25.656     0.28    1.54
  67796.799    25.556    -0.27    1.59
  68164.331    25.819     0.71    1.67
  68531.942    25.930     0.30    1.67
  68899.635    26.357     1.16    1.53
  69267.408    27.474     3.04    1.87
  69635.263    28.707     3.35    2.07
  70003.198    29.801     2.98    2.01
  70371.214    31.071     3.45    1.78
  70739.311    32.660     4.32    1.89
  71107.488    33.760     2.99    1.97
  71475.747    35.185     3.87    2.36
  71844.088    36.376     3.23    2.51
  72212.509    37.857     4.02    2.25
  72581.011    38.714     2.33    2.61
  72949.595    39.920     3.27    3.26
  73318.260    42.326     6.53    3.89
  73687.007    44.534     5.99    3.73
  74055.835    46.738     5.98    2.84
  74424.745    47.381     1.74    2.25
  74793.736    47.597     0.58    1.80
  75162.808    47.058    -1.46    1.76
  75531.963    46.930    -0.35    1.77
  75901.199    47.910     2.66    2.68
  76270.516    49.540     4.41    2.97
  76639.916    50.386     2.29    2.50
  77009.398    49.762    -1.69    2.76
  77378.961    48.554    -3.27    3.06
  77748.606    47.192    -3.68    2.89
  78118.334    45.877    -3.56    2.34
  78488.143    44.783    -2.96    2.06
  78858.035    44.054    -1.97    1.98
  79228.009    44.283     0.62    2.32
  79598.065    44.991     1.91    3.12
  79968.203    47.280     6.19    4.65
  80338.424    48.695     3.82    5.05
  80708.728    49.142     1.21    6.40
  81079.113    47.567    -4.25    7.56
  81449.581    44.655    -7.86    7.88
  81820.132    41.250    -9.19    6.32
  82190.766    39.348    -5.13    3.77
  82561.482    38.587    -2.05    2.47
  82932.281    38.510    -0.21    2.75
  83303.162    37.732    -2.10    3.90
  83674.127    36.163    -4.23    3.92
  84045.174    34.172    -5.37    2.58
  84416.305    33.156    -2.74    1.46
  84787.518    32.836    -0.86    1.20
  85158.814    32.782    -0.15    1.51
  85530.194    32.250    -1.43    2.10
  85901.657    31.344    -2.44    2.39
  86273.203    30.772    -1.54    2.47
  86644.832    29.603    -3.14    2.45
  87016.545    29.156    -1.20    2.08
  87388.341    29.504     0.94    2.76
  87760.220    28.156    -3.63    4.75
  88132.183    24.253   -10.49    8.29
  88504.230    19.610   -12.48    8.66
  88876.360    16.190    -9.19    6.22
  89248.574    16.322     0.35    5.52
  89620.872    18.320     5.37    4.75
  89993.253    19.273     2.56    3.04
  90365.719    18.930    -0.92    3.88
  90738.268    17.116    -4.87    5.65
  91110.901    15.283    -4.92    5.77
  91483.618    15.197    -0.23    5.91
  91856.420    17.656     6.59    7.03
  92229.305    21.153     9.38    7.03
  92602.275    24.373     8.63    6.06
  92975.328    25.675     3.49    5.08
  93348.467    26.508     2.23    5.35
  93721.689    27.620     2.98    4.51
  94094.996    28.843     3.28    3.74
  94468.387    30.048     3.23    3.96
  94841.863    30.146     0.26    5.20
  95215.424    29.254    -2.39    5.87
  95589.069    27.538    -4.59    6.12
  95962.799    26.087    -3.88    4.60
  96336.613    25.624    -1.24    3.88
  96710.513    26.144     1.39    4.37
  97084.497    27.267     3.00    4.50
  97458.566    28.469     3.21    4.61
  97832.720    29.200     1.96    4.68
  98206.959    28.309    -2.38    4.84
  98581.284    25.760    -6.81    5.08
  98955.693    21.732   -10.76    4.11
  99330.188    19.920    -4.84    2.91
  99704.768    19.732    -0.50    3.25
 100079.433    21.047     3.51    4.08
 100454.184    22.724     4.48    3.97
 100829.020    24.478     4.68    3.69
 101203.941    26.188     4.56    3.70
 101578.948    27.610     3.79    3.34
 101954.041    28.315     1.88    2.58
 102329.220    26.185    -5.68    4.49
 102704.484    22.779    -9.08    5.30
 103079.834    19.247    -9.41    4.86
 103455.269    16.637    -6.95    3.14
 103830.791    15.224    -3.76    1.54
 104206.399    14.415    -2.15    1.28
 104582.092    13.616    -2.13    1.86
 104957.872    13.372    -0.65    2.17
 105333.738    13.390     0.05    2.71
 105709.690    13.656     0.71    2.90
 106085.728    13.680     0.07    2.97
 106461.853    13.363    -0.84    2.96
 106838.064    13.830     1.24    3.01
 107214.362    14.475     1.71    2.88
 107590.745    15.216     1.97    2.30
 107967.216    15.610     1.05    2.04
 108343.773    14.600    -2.68    2.17
 108720.417    13.144    -3.87    2.42
 109097.147    12.880    -0.70    2.19
 109473.965    13.518     1.70    2.62
 109850.869    14.214     1.85    2.97
 110227.860    14.979     2.03    2.51
 110604.938    14.587    -1.04    2.63
 110982.103    13.871    -1.90    3.05
 111359.355    13.518    -0.94    2.72
 111736.694    13.782     0.70    3.03
 112114.120    14.707     2.45    3.02
 112491.634    14.784     0.21    2.35
 112869.235    14.151    -1.68    1.65
 113246.923    13.170    -2.60    1.51
 113624.699    13.250     0.21    1.72
 114002.562    13.112    -0.37    1.79
 114380.513    12.649    -1.23    1.52
 114758.552    12.389    -0.69    1.90
 115136.678    12.017    -0.98    2.10
 115514.892    11.835    -0.48    2.05
 115893.193    12.113     0.73    1.94
 116271.583    13.149     2.74    1.82
 116650.060    14.142     2.62    2.13
 117028.626    14.732     1.56    2.27
 117407.279    16.910     5.75    4.36
 117786.021    19.050     5.65    5.42
 118164.851    20.960     5.04    5.22
 118543.769    21.724     2.02    4.83
 118922.775    21.619    -0.28    4.47
 119301.869    20.534    -2.86    3.13
 119681.052    21.054     1.37    3.12
 120060.324    21.430     0.99    3.69
 120439.684    21.558     0.34    4.49
 120819.132    21.930     0.98    4.45
 121198.670    23.059     2.97    4.17
 121578.295    23.969     2.40    4.74
 121958.010    22.959    -2.66    4.91
 122337.814    21.474    -3.91    4.99
 122717.706    20.791    -1.80    4.82
 123097.687    20.151    -1.69    4.49
 123477.758    19.353    -2.10    3.10
 123857.917    19.959     1.60    2.98
 124238.166    20.456     1.31    2.70
 124618.504    21.555     2.89    2.78
 124998.931    23.379     4.79    2.34
 125379.447    24.416     2.72    2.09
 125760.053    25.104     1.81    1.78
 126140.748    25.532     1.13    1.95
 126521.533    24.461    -2.81    2.18
 126902.407    23.587    -2.30    2.38
 127283.371    23.420    -0.44    2.76
 127664.425    24.115     1.82    2.98
 128045.568    27.440     8.73    4.89
 128426.801    31.979    11.91    6.72
 128808.124    35.829    10.10    5.55
 129189.537    37.074     3.27    4.29
 129571.040    34.736    -6.13    6.15
 129952.633    30.911   -10.03    6.37
 130329.070    27.656    -8.65    4.51
 130693.726    25.901    -4.81    3.71
 131058.464    24.701    -3.29    5.57
 131423.282    22.277    -6.65    6.34
 131788.181    20.406    -5.13    5.26
 132153.160    19.848    -1.53    4.80
 132518.221    22.832     8.18    6.20
 132883.363    26.852    11.01    7.09
 133248.586    30.508    10.01    8.39
 133613.889    34.170    10.03    8.74
 133979.274    36.083     5.24    8.53
 134344.741    34.997    -2.97    8.19
 134710.288    34.503    -1.35    5.91
 135075.917    35.260     2.07    4.28
 135441.627    36.832     4.30    4.67
 135807.419    38.491     4.54    4.64
 136173.292    41.124     7.20    4.84
 136539.246    43.670     6.96    5.33
 136905.282    45.639     5.38    5.17
 137271.400    47.017     3.76    5.65
 137637.599    48.182     3.18    6.54
 138003.880    49.190     2.75    7.56
 138370.243    50.793     4.38    8.55
 138736.688    52.574     4.86    8.09
 139103.215    54.782     6.02    7.16
 139469.824    57.235     6.69    6.00
 139836.514    59.026     4.89    5.48
 140203.287    61.752     7.43    7.29
 140570.142    66.017    11.63   10.09
 140937.079    73.257    19.73   14.13
 141304.098    82.767    25.91   15.95
 141671.200    92.773    27.26   14.62
 142038.384   101.716    24.36   10.07
 142405.650   105.454    10.18    5.86
 142772.999   105.486     0.09    6.11
 143140.430   100.759   -12.87    8.56
 143507.944    93.465   -19.85    9.72
 143875.540    85.469   -21.75   10.02
 144243.219    79.047   -17.47    9.29
 144610.981    71.969   -19.25    8.18
 144978.826    67.332   -12.61    6.97
 145346.753    63.796    -9.61    5.28
 145714.763    61.168    -7.14    3.47
 146082.857    59.494    -4.55    2.90
 146451.033    57.463    -5.52    3.04
 146819.292    55.063    -6.52    3.59
 147187.635    52.318    -7.45    4.24
 147556.060    49.978    -6.35    3.31
 147924.569    48.693    -3.49    1.71
 148293.162    49.690     2.70    2.25
 148661.837    51.395     4.63    3.39
 149030.596    54.497     8.41    4.81
 149399.438    56.755     6.12    5.07
 149768.364    58.911     5.84    5.11
 150137.373    61.194     6.19    5.56
 150506.466    64.093     7.86    7.07
 150875.643    67.844    10.16   10.09
 151244.904    70.267     6.56   12.47
 151614.248    73.192     7.92   13.93
 151983.676    72.508    -1.85   13.28
 152353.188    69.610    -7.85   11.40
 152722.784    65.401   -11.39    7.77
 153092.464    62.587    -7.61    5.83
 153462.228    62.397    -0.51    5.11
 153832.076    63.880     4.01    5.36
 154202.008    66.892     8.14    7.48
 154572.025    67.930     2.80    9.25
 154942.126    67.124    -2.18    9.99
 155312.311    63.565    -9.62    9.50
 155682.580    58.980   -12.38    6.77
 156052.934    55.817    -8.54    4.19
 156423.373    54.787    -2.78    3.36
 156793.896    54.997     0.57    3.04
 157164.504    55.357     0.97    2.85
 157535.197    56.416     2.86    3.02
 157905.974    56.206    -0.57    3.18
 158276.836    55.862    -0.93    3.20
 158647.783    55.353    -1.37    3.79
 159018.815    53.950    -3.78    4.56
 159389.932    52.762    -3.20    3.97
 159761.134    53.657     2.41    4.14
 160132.421    57.295     9.80    6.76
 160503.793    62.074    12.87    8.89
 160875.251    69.159    19.07    8.89
 161246.793    74.458    14.27    7.02
 161618.421    77.485     8.14    4.93
 161990.135    76.625    -2.31    5.67
 162361.934    71.726   -13.18    8.60
 162733.818    64.016   -20.73   10.76
 163105.788    56.910   -19.10    8.44
 163477.844    50.536   -17.14    5.48
 163849.985    47.367    -8.52    4.89
 164222.212    45.008    -6.34    4.73
 164594.525    42.738    -6.10    3.38
 164966.924    40.881    -4.99    2.79
 165339.408    39.911    -2.60    3.16
 165711.979    39.583    -0.88    3.20
 166084.635    39.540    -0.12    3.19
 166457.378    39.356    -0.49    2.83
 166830.207    40.241     2.38    4.05
 167203.122    40.574     0.89    4.65
 167576.123    39.843    -1.96    5.05
 167949.211    37.969    -5.02    5.97
 168322.385    36.187    -4.77    5.59
 168695.646    34.340    -4.95    4.15
 169068.993    33.102    -3.32    2.35
 169442.427    32.873    -0.61    2.69
 169815.947    33.818     2.53    3.30
 170189.554    35.864     5.48    4.06
 170563.247    37.555     4.53    3.81
 170937.028    38.270     1.91    3.25
 171310.895    37.430    -2.25    2.55
 171684.850    37.469     0.10    3.10
 172058.891    38.797     3.55    4.10
 172433.019    40.224     3.82    4.69
 172807.235    41.911     4.51    4.91
 173181.537    43.160     3.34    4.75
 173555.927    42.136    -2.74    4.35
 173930.404    41.158    -2.61    4.60
 174304.969    39.644    -4.04    4.53
 174679.621    39.776     0.35    4.64
 175054.360    42.864     8.24    6.03
 175429.187    46.968    10.95    5.82
 175804.101    50.416     9.20    4.74
 176179.103    52.553     5.70    4.31
 176554.193    55.783     8.61    5.40
 176929.371    59.043     8.69    7.36
 177304.636    61.542     6.66    8.22
 177679.990    64.373     7.54    7.90
 178055.431    64.702     0.88    8.60
 178430.960    62.279    -6.45    8.69
 178806.578    58.479   -10.12    6.70
 179182.283    55.911    -6.84    3.87
 179558.077    54.478    -3.81    3.78
 179933.959    52.521    -5.21    5.38
 180309.929    48.749   -10.03    8.54
 180685.988    42.221   -17.36   11.12
 181062.135    36.796   -14.42   10.86
 181438.371    30.621   -16.41    6.17
