-120750.692    19.989     0.00    3.71
-120383.901    21.990     5.46    5.67
-120017.192    24.154     5.90    6.23
-119650.564    26.364     6.03    5.90
-119284.018    27.935     4.28    6.84
-118917.553    28.587     1.78    6.65
-118551.170    26.480    -5.75    6.66
-118184.868    25.654    -2.26    5.27
-117818.647    28.019     6.46    7.96
-117452.508    29.797     4.86    9.07
-117086.450    32.317     6.88    8.41
-116720.473    33.690     3.75    7.45
-116354.578    34.188     1.36    6.97
-115988.763    32.798    -3.80    7.68
-115623.030    31.110    -4.61    7.72
-115257.377    28.932    -5.96    7.00
-114891.806    28.362    -1.56    5.73
-114526.315    30.005     4.50    5.93
-114160.905    32.288     6.25    6.86
-113795.576    34.129     5.04    6.60
-113430.328    30.740    -9.28    8.70
-113065.160    26.033   -12.89    8.06
-112700.073    21.259   -13.08    4.37
-112335.066    19.663    -4.37    2.31
-111970.140    19.776     0.31    2.83
-111605.295    20.204     1.17    3.56
-111240.529    20.023    -0.50    3.81
-110858.867    18.254    -4.64    5.17
-110477.244    15.282    -7.79    5.75
-110095.710    13.186    -5.50    4.72
-109714.267    13.443     0.67    5.12
-109332.912    15.199     4.61    4.98
-108951.648    17.069     4.91    4.20
-108570.472    18.759     4.43    4.14
-108189.386    21.668     7.63    4.89
-107808.389    24.166     6.56    4.37
-107427.482    25.454     3.38    3.52
-107046.663    25.262    -0.50    3.82
-106665.934    24.697    -1.49    3.68
-106285.294    24.552    -0.38    3.48
-105904.743    24.507    -0.12    3.36
-105524.280    23.692    -2.14    3.24
-105143.907    23.055    -1.68    3.36
-104763.622    21.993    -2.79    2.88
-104383.426    20.915    -2.84    0.72
-104003.319    20.856    -0.15    0.28
-103623.300    20.817    -0.10    0.00
-103243.370    20.797    -0.05    0.20
-102863.528    20.663    -0.35    2.27
-102483.775    20.718     0.14    2.85
-102104.110    20.550    -0.44    2.95
-101724.533    20.267    -0.74    2.53
-101345.044    20.644     0.99    2.31
-100965.644    21.727     2.85    3.32
-100586.332    24.011     6.02    5.69
-100207.108    25.807     4.74    5.86
 -99827.972    27.351     4.07    4.88
 -99448.924    28.891     4.06    3.20
 -99069.964    27.626    -3.34    3.67
 -98691.091    25.684    -5.13    4.68
 -98312.306    22.560    -8.25    6.11
 -97933.609    19.409    -8.32    4.60
 -97555.000    19.176    -0.61    4.52
 -97176.478    20.115     2.48    4.66
 -96798.044    22.312     5.81    4.26
 -96419.697    24.297     5.25    2.71
 -96041.438    24.493     0.52    2.06
 -95663.266    24.659     0.44    2.70
 -95285.181    25.905     3.30    4.61
 -94907.183    26.567     1.75    4.89
 -94529.273    25.895    -1.78    5.29
 -94151.450    25.047    -2.25    5.46
 -93773.713    22.827    -5.88    3.53
 -93396.064    23.569     1.97    4.70
 -93018.502    27.025     9.15    7.57
 -92641.026    28.619     4.22    6.93
 -92263.638    28.564    -0.14    6.37
 -91886.336    25.572    -7.93    7.37
 -91509.120    23.025    -6.75    6.26
 -91131.992    23.438     1.10    6.18
 -90754.950    26.070     6.98    6.00
 -90377.994    27.836     4.69    5.20
 -90001.125    29.359     4.04    3.77
 -89624.342    29.474     0.31    2.52
 -89247.646    29.205    -0.71    3.55
 -88871.036    29.963     2.01    4.09
 -88494.512    29.631    -0.88    5.46
 -88118.074    28.895    -1.96    6.61
 -87741.722    29.617     1.92    7.51
 -87365.457    29.974     0.95    7.58
 -86989.277    30.237     0.70    6.97
 -86613.183    30.797     1.49    6.00
 -86237.176    30.758    -0.10    5.98
 -85861.254    31.097     0.90    6.02
 -85485.417    31.565     1.24    4.97
 -85109.667    31.297    -0.71    3.88
 -84734.002    31.574     0.74    4.31
 -84358.422    32.536     2.56    4.81
 -83982.929    33.069     1.42    4.75
 -83607.520    33.129     0.16    5.21
 -83232.197    34.629     4.00    5.21
 -82856.960    35.958     3.54    4.58
 -82481.807    36.526     1.51    2.77
 -82106.740    37.261     1.96    3.83
 -81731.758    37.114    -0.39    5.14
 -81356.861    35.177    -5.17    5.62
 -80982.050    32.982    -5.86    5.91
 -80607.323    32.886    -0.26    5.90
 -80232.681    32.707    -0.48    5.88
 -79858.124    33.062     0.95    5.33
 -79483.652    32.755    -0.82    4.88
 -79109.265    32.084    -1.79    4.56
 -78734.962    32.219     0.36    4.44
 -78360.744    34.435     5.92    4.97
 -77986.611    35.860     3.81    4.81
 -77612.562    36.739     2.35    4.98
 -77238.598    36.727    -0.03    4.99
 -76864.718    35.533    -3.19    4.98
 -76490.923    34.447    -2.90    4.95
 -76117.212    32.847    -4.28    5.24
 -75743.585    30.857    -5.33    5.98
 -75370.042    30.564    -0.78    6.21
 -74996.584    30.219    -0.93    6.69
 -74623.209    31.528     3.51    5.68
 -74249.919    31.758     0.62    4.82
 -73876.713    29.817    -5.20    3.54
 -73503.590    29.346    -1.26    3.12
 -73130.552    28.645    -1.88    3.53
 -72757.597    28.160    -1.30    3.59
 -72384.726    26.676    -3.98    3.27
 -72011.939    24.777    -5.09    3.23
 -71639.235    25.233     1.22    5.11
 -71266.615    26.897     4.47    6.01
 -70894.078    28.101     3.23    6.37
 -70521.625    27.049    -2.82    7.15
 -70149.256    24.827    -5.97    7.58
 -69776.970    22.057    -7.44    7.07
 -69404.767    21.530    -1.42    6.66
 -69032.647    24.259     7.33    8.96
 -68660.611    27.101     7.64    9.82
 -68288.658    26.817    -0.76   10.64
 -67916.787    23.699    -8.38   10.79
 -67545.000    18.197   -14.80    5.98
 -67173.296    15.817    -6.40    0.00
 -66801.675    15.817     0.00    0.00
 -66430.137    15.817     0.00    0.00
 -66058.681    17.680     5.01    4.59
 -65687.309    22.797    13.78    8.77
 -65316.019    27.660    13.10    8.39
 -64944.811    31.338     9.91    5.82
 -64573.687    32.562     3.30    3.89
 -64202.644    32.127    -1.17    4.24
 -63831.685    31.737    -1.05    4.28
 -63460.807    30.540    -3.23    4.05
 -63090.013    29.746    -2.14    4.10
 -62719.300    28.926    -2.21    3.67
 -62348.670    28.275    -1.76    3.60
 -61978.122    28.748     1.27    3.50
 -61607.656    29.307     1.51    3.34
 -61237.272    29.297    -0.02    2.83
 -60866.971    29.187    -0.30    3.95
 -60496.751    27.431    -4.74    5.14
 -60126.613    25.738    -4.57    5.45
 -59756.557    24.362    -3.72    4.71
 -59386.584    26.258     5.12    4.34
 -59016.691    28.072     4.90    5.08
 -58646.881    30.827     7.45    5.82
 -58277.152    33.796     8.03    5.35
 -57907.505    35.209     3.82    4.76
 -57537.940    35.717     1.37    4.46
 -57168.456    35.997     0.76    4.05
 -56799.053    36.490     1.34    4.18
 -56429.732    40.837    11.77    8.17
 -56060.492    46.886    16.38    9.94
 -55691.334    51.419    12.28    9.44
 -55322.257    53.302     5.10    7.92
 -54953.261    53.777     1.29    7.18
 -54584.346    54.137     0.98    5.95
 -54215.512    54.371     0.64    5.57
 -53846.760    54.403     0.09    5.18
 -53478.088    54.203    -0.54    4.53
 -53109.497    53.209    -2.70    3.84
 -52740.988    51.332    -5.09    3.02
 -52372.559    49.742    -4.32    2.83
 -52004.210    48.084    -4.50    2.98
 -51635.943    47.241    -2.29    3.67
 -51267.756    47.437     0.53    3.83
 -50899.650    47.197    -0.65    3.96
 -50531.624    45.582    -4.39    4.24
 -50163.679    44.797    -2.13    3.92
 -49795.815    43.754    -2.83    3.15
 -49428.031    42.936    -2.23    3.14
 -49060.327    43.460     1.43    3.48
 -48692.703    42.916    -1.48    4.07
 -48325.160    43.647     1.99    5.28
 -47957.697    46.817     8.63    5.72
 -47590.314    47.288     1.28    5.87
 -47223.011    45.987    -3.54    7.26
 -46855.789    42.074   -10.66    7.29
 -46488.646    38.307   -10.26    5.08
 -46121.583    37.131    -3.20    4.76
 -45754.600    37.427     0.81    5.02
 -45387.697    37.837     1.12    4.86
 -45020.874    38.647     2.21    5.04
 -44654.131    39.700     2.87    5.58
 -44287.467    41.484     4.86    6.56
 -43920.883    42.536     2.87    7.19
 -43554.378    42.698     0.44    7.09
 -43187.953    43.337     1.74    6.83
 -42821.608    45.067     4.72    6.26
 -42455.341    46.947     5.13    5.65
 -42089.155    49.592     7.22    3.28
 -41723.047    49.447    -0.40    3.70
 -41357.019    49.922     1.30    3.78
 -40991.070    49.550    -1.02    3.79
 -40625.201    49.021    -1.44    3.72
 -40259.410    48.348    -1.84    3.08
 -39893.699    47.381    -2.64    3.34
 -39528.066    45.600    -4.87    4.10
 -39162.513    43.707    -5.18    3.46
 -38797.038    42.514    -3.26    2.84
 -38431.642    41.787    -1.99    2.79
 -38066.326    42.989     3.29    3.10
 -37701.087    46.312     9.10    5.13
 -37335.928    49.327     8.26    5.79
 -36970.847    52.370     8.34    4.05
 -36605.845    54.778     6.60    3.66
 -36229.651    55.411     1.68    4.38
 -35848.195    54.597    -2.13    5.01
 -35466.826    53.098    -3.93    5.50
 -35085.545    51.513    -4.16    5.35
 -34704.351    50.059    -3.81    3.91
 -34323.244    49.797    -0.69    3.39
 -33942.224    50.343     1.43    2.97
 -33561.291    52.461     5.56    4.05
 -33180.445    54.449     5.22    3.36
 -32799.686    55.387     2.46    3.24
 -32419.014    55.745     0.94    3.37
 -32038.429    54.487    -3.31    3.93
 -31657.931    52.223    -5.95    4.53
 -31277.519    48.467    -9.87    5.51
 -30897.194    44.629   -10.09    6.50
 -30516.955    37.717   -18.18    8.11
 -30136.804    30.582   -18.77    9.40
 -29756.738    20.378   -26.85   11.87
 -29376.759    12.508   -20.71   11.11
 -28996.866     6.007   -17.11    8.66
 -28617.060     1.827   -11.01    3.17
 -28237.340     0.918    -2.39    1.01
 -27857.706     0.817    -0.27    0.00
 -27478.158     0.817     0.00    0.00
 -27098.696     1.980     3.07    2.54
 -26719.320     3.677     4.47    3.45
 -26340.031     4.611     2.46    3.18
 -25960.827     4.837     0.60    2.62
 -25581.709     4.037    -2.11    1.96
 -25202.676     3.597    -1.16    1.28
 -24823.730     3.796     0.53    1.39
 -24444.869     4.487     1.82    1.91
 -24066.093     4.837     0.92    2.07
 -23687.404     5.117     0.74    2.00
 -23308.799     5.667     1.45    1.88
 -22930.281     6.605     2.48    2.73
 -22551.847     8.948     6.19    4.58
 -22173.499    11.980     8.01    5.04
 -21795.236    14.317     6.18    4.36
 -21417.059    15.348     2.73    3.15
 -21038.966    14.292    -2.79    3.60
 -20660.959    12.044    -5.95    3.39
 -20283.036     8.929    -8.24    4.26
 -19905.199     6.038    -7.65    4.49
 -19527.447     3.579    -6.51    4.16
 -19149.779     1.115    -6.53    2.50
 -18772.196     0.107    -2.67    0.98
 -18394.698    -0.150    -0.68    0.23
 -18017.285     0.668     2.17    2.04
 -17639.956     2.390     4.56    4.26
 -17262.712     5.617     8.55    6.49
 -16885.553     6.687     2.84    6.62
 -16508.478     5.017    -4.43    6.45
 -16131.487     3.217    -4.77    5.45
 -15754.581     2.686    -1.41    4.92
 -15377.759     4.878     5.82    6.33
 -15001.021     8.150     8.69    6.30
 -14624.368    10.432     6.06    5.38
 -14247.798    10.605     0.46    4.76
 -13871.313    10.397    -0.55    4.69
 -13494.912     9.261    -3.02    4.71
 -13118.595     9.598     0.90    4.76
 -12742.361    10.917     3.51    4.42
 -12366.212    13.039     5.64    3.13
 -11990.146    14.531     3.97    2.17
 -11614.164    13.999    -1.42    3.47
 -11238.266    11.745    -6.00    5.00
 -10862.452     8.837    -7.74    5.63
 -10486.721     6.353    -6.61    4.59
 -10111.073     5.696    -1.75    3.55
  -9735.509     6.306     1.63    3.01
  -9360.029     9.467     8.42    4.78
  -8984.632    12.274     7.48    4.40
  -8609.318    14.327     5.47    3.66
  -8234.087    14.610     0.76    4.46
  -7858.940    12.696    -5.10    5.92
  -7483.876    10.754    -5.18    6.97
  -7108.895     8.989    -4.71    6.99
  -6733.997     8.797    -0.51    6.56
  -6359.181    10.059     3.37    6.67
  -5984.449     9.661    -1.06    6.54
  -5609.800     8.221    -3.84    6.48
  -5235.234     5.787    -6.50    6.42
  -4860.750     3.182    -6.96    3.97
  -4486.349     2.990    -0.51    3.25
  -4112.031     4.154     3.11    3.86
  -3737.795     5.059     2.42    3.69
  -3363.642     5.562     1.34    3.94
  -2989.571     5.623     0.16    4.43
  -2615.583     5.839     0.58    5.01
  -2241.677     7.017     3.15    5.03
  -1867.854     6.575    -1.18    5.01
  -1494.113     4.407    -5.80    4.12
  -1120.454     2.868    -4.12    2.11
   -746.877     1.867    -2.68    1.57
   -373.383     0.950    -2.46    2.28
      0.030    -0.183    -3.03    2.77
    373.360    -1.336    -3.09    2.61
    746.609    -2.610    -3.41    1.60
   1119.776    -3.183    -1.54    0.00
   1492.860    -3.183     0.00    0.00
   1865.863    -3.183     0.00    0.00
   2238.785    -3.183     0.00    0.00
   2611.624    -3.183     0.00    0.00
   2984.382    -3.183     0.00    0.00
   3357.058    -3.183     0.00    0.00
   3729.653    -2.951     0.62    0.82
   4102.166    -0.733     5.96    4.84
   4474.598     3.088    10.26    8.57
   4846.949     9.140    16.25   10.28
   5219.218    14.531    14.48    9.26
   5591.405    19.623    13.68    5.89
   5963.512    19.928     0.82    5.13
   6335.538    17.033    -7.78    7.38
   6707.482    12.157   -13.11    9.56
   7079.345     6.013   -16.52    8.28
   7451.127     3.257    -7.41    5.63
   7822.829     8.165    13.20   12.82
   8194.449    18.950    29.02   17.62
   8565.988    29.585    28.63   15.72
   8937.447    38.999    25.34    8.55
   9308.825    41.195     5.91    6.88
   9680.122    38.198    -8.07    8.97
  10051.339    33.302   -13.19   10.44
  10422.475    26.123   -19.34    8.29
  10793.530    20.878   -14.13    4.77
  11164.505    18.498    -6.42    4.04
  11535.400    15.174    -8.96    6.09
  11906.214    11.708    -9.35    5.55
  12276.948     8.039    -9.90    5.21
  12647.601     5.744    -6.19    4.31
  13018.174     8.718     8.03    8.06
  13388.667    14.379    15.28   11.31
  13759.080    22.704    22.47   10.91
  14129.413    30.429    20.86    8.42
  14499.666    37.807    19.92    8.66
  14869.839    45.225    20.04   13.35
  15239.932    54.491    25.04   16.74
  15609.945    64.209    26.26   17.15
  15979.878    74.317    27.32   17.97
  16349.732    83.898    25.90   17.88
  16719.505    92.147    22.31   16.55
  17089.199    99.756    20.58   11.95
  17458.814   105.539    15.65   11.61
  17828.349   112.302    18.30   12.20
  18197.804   118.460    16.67    9.69
  18567.180   122.451    10.81    6.17
  18936.476   121.827    -1.69    7.97
  19305.693   117.284   -12.30   11.61
  19674.831   107.947   -25.29   15.03
  20043.890    97.192   -29.14   14.68
  20412.869    85.587   -31.45   11.74
  20781.769    76.494   -24.65    9.86
  21150.590    68.088   -22.79    9.48
  21519.332    62.160   -16.07    9.68
  21887.995    55.570   -17.88   10.20
  22256.579    48.827   -18.29   11.44
  22625.084    40.023   -23.89   14.78
  22993.510    30.023   -27.14   17.88
  23361.858    24.215   -15.77   15.31
  23730.126    21.868    -6.37   10.69
  24098.316    23.756     5.13    8.64
  24466.427    28.411    12.64    6.78
  24834.460    32.256    10.45    5.86
  25202.414    36.754    12.23    6.45
  25570.290    40.868    11.18    5.95
  25938.087    45.078    11.45    5.54
  26305.805    50.695    15.27    8.59
  26673.446    56.942    16.99   12.01
  27041.008    67.281    28.13   18.09
  27408.491    79.373    32.90   21.55
  27775.897    99.388    54.48   33.63
  28143.224   120.126    56.45   38.44
  28510.473   138.070    48.86   30.92
  28877.645   144.776    18.26   23.22
  29244.738   144.300    -1.29   15.40
  29611.753   136.858   -20.28   11.24
  29978.690   134.041    -7.68    9.45
  30345.550   134.807     2.09    9.72
  30712.331   136.919     5.76    9.36
  31079.035   140.477     9.70    9.55
  31445.661   142.756     6.22   10.97
  31812.209   145.806     8.32   10.47
  32178.680   147.446     4.47    8.58
  32545.073   145.723    -4.70   10.73
  32911.389   140.033   -15.53   13.32
  33277.627   131.625   -22.96   14.11
  33643.788   122.343   -25.35   12.98
  34009.871   114.088   -22.55   10.32
  34375.877   107.115   -19.05    8.43
  34741.806   102.494   -12.63   10.94
  35107.658    99.480    -8.24   13.79
  35473.432    96.929    -6.97   17.20
  35839.129    97.746     2.23   20.28
  36204.749    99.202     3.98   23.32
  36570.292   102.827     9.92   28.07
  36935.758   106.211     9.26   35.28
  37301.148   107.487     3.49   34.49
  37666.460   106.487    -2.74   30.64
  38031.695   107.756     3.47   25.71
  38402.835   108.680     2.49   20.03
  38784.123   110.374     4.44   15.71
  39165.325   111.889     3.98   13.83
  39546.443   110.633    -3.30   11.54
  39927.476   109.645    -2.59    8.58
  40308.424   109.797     0.40    9.34
  40689.287   110.848     2.76   12.30
  41070.065   115.640    12.58   15.48
  41450.759   119.528    10.21   17.48
  41831.368   121.797     5.96   16.11
  42211.892   122.914     2.94   12.91
  42592.331   126.383     9.12   12.04
  42972.687   131.192    12.64   12.15
  43352.957   139.661    22.27   12.69
  43733.143   147.317    20.14   12.41
  44113.245   152.463    13.54   13.48
  44493.263   155.140     7.04   14.13
  44873.196   156.928     4.71   14.52
  45253.045   159.743     7.41   15.57
  45632.810   160.952     3.18   13.46
  46012.490   159.375    -4.15   11.14
  46392.087   158.521    -2.25   10.62
  46771.600   155.763    -7.27   17.02
  47151.029   153.968    -4.73   23.04
  47530.374   148.775   -13.69   28.47
  47909.635   148.786     0.03   32.22
  48288.812   156.030    19.10   34.17
  48667.906   165.705    25.52   34.83
  49046.916   171.731    15.90   30.13
  49425.842   171.031    -1.85   23.84
  49804.685   166.085   -13.06   19.13
  50183.445   160.477   -14.81   14.08
  50562.121   160.133    -0.91   15.49
  50940.713   167.184    18.63   21.26
  51319.223   176.417    24.39   24.37
  51697.649   192.133    41.53   27.08
  52075.991   204.003    31.37   22.18
  52454.251   206.202     5.82   16.87
  52832.428   201.859   -11.48   16.63
  53210.521   196.600   -13.91   15.86
  53588.532   196.164    -1.15   17.94
  53966.459   203.683    19.89   24.33
  54344.304   213.039    24.76   30.67
  54722.065   222.044    23.84   31.94
  55099.744   220.807    -3.28   31.65
  55477.341   212.425   -22.20   35.07
  55854.854   193.196   -50.93   35.47
  56232.285   173.015   -53.47   31.24
  56609.634   161.629   -30.17   24.91
  56986.900   162.175     1.45   24.13
  57364.083   171.984    26.00   25.56
  57741.184   188.817    44.64   27.55
  58118.203   204.920    42.71   29.94
  58495.139   224.338    51.51   30.30
  58871.993   248.552    64.25   39.49
  59248.765   277.924    77.96   43.81
  59625.455   295.643    47.04   43.51
  60002.062   307.649    31.88   43.38
  60378.588   308.942     3.44   46.16
  60755.031   298.242   -28.42   46.78
  61131.393   287.705   -28.00   40.72
  61507.673   277.873   -26.13   31.53
  61883.871   264.827   -34.67   22.69
  62259.987   256.350   -22.54   15.70
  62636.022   246.736   -25.57   19.21
  63011.974   231.904   -39.45   30.31
  63387.846   211.460   -54.39   32.68
  63763.635   192.366   -50.81   18.66
  64139.343   187.504   -12.94   15.86
  64514.970   190.300     7.44   19.84
  64890.515   198.276    21.24   22.19
  65265.979   204.879    17.59   20.95
  65641.362   212.338    19.87   21.22
  66016.663   211.285    -2.80   24.87
  66391.883   203.859   -19.79   27.75
  66767.022   197.859   -15.99   22.69
  67142.080   199.400     4.11   19.11
  67517.057   206.459    18.82   19.80
  67891.952   214.501    21.45   14.50
  68266.767   215.484     2.62   14.07
  68641.501   206.901   -22.90   17.90
  69016.155   196.734   -27.14   16.51
  69390.727   187.598   -24.39   16.19
  69765.219   180.205   -19.74   18.45
  70139.630   170.600   -25.65   18.38
  70513.960   163.411   -19.20   16.33
  70888.210   157.059   -16.97   10.39
  71262.379   153.776    -8.77   13.41
  71636.468   151.176    -6.95   16.37
  72010.476   150.130    -2.80   16.16
  72384.404   149.795    -0.90   17.89
  72758.251   148.838    -2.56   17.10
  73132.019   146.387    -6.56   16.11
  73505.706   139.301   -18.96   16.59
  73879.313   132.354   -18.60   13.50
  74252.840   130.036    -6.21   10.24
  74626.286   129.941    -0.25   10.42
  74999.653   129.785    -0.42   10.77
  75372.940   125.984   -10.18   12.41
  75746.147   121.511   -11.98   13.48
  76119.274   118.119    -9.09   10.12
  76492.321   121.419     8.85   11.99
  76865.288   129.776    22.40   16.67
  77238.176   140.741    29.40   15.22
  77610.984   144.157     9.16   13.15
  77983.713   143.947    -0.56   12.52
  78356.361   140.585    -9.02   11.99
  78728.931   142.241     4.45   15.78
  79101.421   148.603    17.08   19.89
  79473.831   154.567    16.01   20.75
  79846.162   157.147     6.93   19.93
  80218.414   156.540    -1.63   18.59
  80590.587   155.754    -2.11   16.46
  80962.680   158.960     8.61   17.76
  81334.694   163.796    13.00   18.84
  81706.629   166.463     7.17   15.07
  82078.485   165.354    -2.98   13.37
  82450.262   158.933   -17.27   13.10
  82821.960   151.434   -20.17   12.50
  83193.579   149.025    -6.48   14.09
  83565.119   150.368     3.61   16.53
  83936.581   154.413    10.89   16.71
  84307.964   160.795    17.18   15.43
  84679.267   163.714     7.86   15.02
  85050.493   162.682    -2.78   13.44
  85421.639   156.785   -15.89   14.07
  85792.708   147.743   -24.37   12.54
  86163.697   139.480   -22.27   10.08
  86534.608   133.411   -16.36    8.21
  86905.441   125.452   -21.46    9.23
  87276.195   118.075   -19.90   11.92
  87646.871   111.741   -17.09   10.14
  88017.469   110.515    -3.31    8.98
  88387.989   114.919    11.89   11.11
  88758.430   123.745    23.82   12.49
  89128.793   135.261    31.09   14.51
  89499.078   145.670    28.11   16.38
  89869.286   155.359    26.17   15.82
  90239.415   165.421    27.18   14.02
  90609.466   175.966    28.49   15.77
  90979.439   187.765    31.89   20.44
  91349.335   198.973    30.30   20.37
  91719.153   212.977    37.86   22.82
  92088.893   222.704    26.31   26.85
  92458.555   231.206    23.00   31.66
  92828.140   234.455     8.79   36.49
  93197.647   232.161    -6.21   41.57
  93567.076   226.580   -15.11   41.29
  93936.428   218.036   -23.13   39.17
  94305.703   211.470   -17.78   31.64
  94674.900   211.754     0.77   25.49
  95044.020   222.306    28.59   24.83
  95413.063   235.754    36.44   26.52
  95782.028   254.327    50.33   23.53
  96150.916   264.150    26.63   19.97
  96519.727   268.017    10.48   18.95
  96888.461   262.221   -15.72   22.26
  97257.118   249.544   -34.38   22.10
  97625.697   235.209   -38.89   24.99
  97994.200   222.043   -35.73   24.71
  98362.626   205.932   -43.73   24.79
  98730.975   192.327   -36.93   23.27
  99099.247   175.147   -46.65   20.55
  99467.443   161.312   -37.57   19.59
  99835.562   150.958   -28.12   15.02
 100203.604   149.477    -4.03   13.34
 100571.569   153.980    12.24   16.34
 100939.458   163.421    25.66   15.08
 101307.270   170.339    18.81    7.96
 101675.006   167.379    -8.05   10.70
 102042.666   159.964   -20.17   14.78
 102410.248   149.849   -27.52   13.67
 102777.755   144.998   -13.20   10.87
 103145.185   145.398     1.09   11.85
 103512.540   151.952    17.84   15.16
 103879.817   162.317    28.22   13.30
 104247.019   168.807    17.67   12.56
 104614.145   172.545    10.18   12.01
 104981.194   173.091     1.49   11.91
 105348.168   174.051     2.62   14.17
 105715.065   177.964    10.67   16.78
 106081.887   182.625    12.71   20.02
 106448.633   192.580    27.14   22.36
 106815.303   200.354    21.20   22.40
 107181.897   207.371    19.14   17.65
 107548.415   197.765   -26.21   24.25
 107914.858   180.650   -46.70   33.51
 108281.225   152.900   -75.74   38.65
 108647.517   128.217   -67.38   33.32
 109013.733   105.764   -61.31   18.52
 109379.873    96.722   -24.69    9.62
 109745.938    94.132    -7.07    5.57
 110111.928    96.596     6.73    5.86
 110477.842    99.991     9.28    5.40
 110843.681   103.333     9.13    6.90
 111209.444   108.208    13.33    7.32
 111575.133   115.417    19.71    8.53
 111940.746   122.659    19.81    9.19
 112306.284   130.094    20.34    9.55
 112671.747   136.307    17.00    9.58
 113038.214   143.284    19.04   10.60
 113419.334   151.077    20.45   12.71
 113800.371   161.312    26.86   14.51
 114181.325   175.922    38.35   18.90
 114562.197   194.697    49.29   22.58
 114942.986   216.525    57.32   27.85
 115323.692   246.301    78.20   33.96
 115704.316   279.985    88.49   46.42
 116084.857   325.051   118.42   53.12
 116465.315   359.661    90.96   45.26
 116845.692   386.551    70.69   29.38
 117225.985   382.364   -11.01   39.88
 117606.197   356.219   -68.76   55.58
 117986.326   317.369  -102.19   57.27
 118366.373   272.473  -118.12   50.30
 118746.338   241.062   -82.66   44.16
 119126.220   207.200   -89.13   35.88
 119506.021   180.996   -68.99   29.02
 119885.739   158.101   -60.29   22.45
 120265.376   147.670   -27.48   12.92
 120644.930   147.775     0.28   11.38
 121024.403   153.017    13.81   10.01
 121403.794   160.912    20.81    9.02
 121783.103   167.227    16.65    9.05
 122162.331   175.870    22.79   16.22
 122541.477   186.498    28.03   19.92
 122920.541   193.742    19.11   24.28
 123299.523   200.774    18.55   27.61
 123678.424   212.722    31.53   33.79
 124057.244   236.417    62.54   48.77
 124435.982   280.062   115.23   74.68
 124814.639   321.881   110.43   86.11
 125193.215   372.753   134.37   83.15
 125571.710   395.402    59.83   74.62
 125950.123   390.902   -11.89   66.91
 126328.455   361.179   -78.56   59.68
 126706.706   321.051  -106.08   50.07
 127084.876   289.484   -83.47   39.92
 127462.965   263.301   -69.24   31.57
 127840.973   249.892   -35.47   25.30
 128218.900   243.922   -15.80   23.40
 128596.746   243.881    -0.11   19.75
 128974.512   250.934    18.67   20.91
 129352.197   259.049    21.48   25.47
 129729.801   261.870     7.47   23.47
 130107.324   258.049   -10.12   21.17
 130484.767   262.296    11.25   25.98
 130862.130   272.083    25.93   36.46
 131239.411   281.290    24.40   47.51
 131616.613   289.657    22.18   52.13
 131993.734   278.423   -29.79   45.22
 132370.775   264.030   -38.17   31.07
 132747.735   259.391   -12.30   18.82
 133124.616   271.376    31.80   34.59
 133501.416   305.849    91.48   61.86
 133878.136   336.743    82.00   65.04
 134254.776   348.937    32.37   59.73
 134631.336   327.417   -57.14   73.05
 135007.816   286.978  -107.40   60.13
 135384.216   272.051   -39.65   39.51
 135760.536   294.219    58.90   53.58
 136136.776   340.775   123.73   60.85
 136512.937   393.447   140.01   61.78
 136889.018   424.817    83.40   60.70
 137265.019   434.729    26.36   56.47
 137640.940   405.679   -77.27   64.77
 138016.782   359.617  -122.54   66.42
 138392.545   314.512  -120.02   50.07
 138768.228   282.373   -85.54   26.79
 139143.832   270.952   -30.40   29.21
 139519.356   265.872   -13.53   36.29
 139894.801   263.198    -7.12   34.55
 140270.166   254.595   -22.92   31.24
 140645.453   239.966   -38.98   27.33
 141020.660   226.408   -36.13   29.93
 141395.788   210.236   -43.11   28.00
 141770.837   195.124   -40.29   26.27
 142145.807   181.017   -37.62   23.56
 142520.698   169.217   -31.47   19.59
 142895.510   159.051   -27.12   14.16
 143270.244   152.246   -18.16   10.96
 143644.898   145.828   -17.13    9.97
 144019.474   141.317   -12.04    8.48
 144393.971   135.627   -15.19    7.25
 144768.389   130.506   -13.68    6.27
 145142.729   126.985    -9.40    6.40
 145516.990   123.312    -9.82    6.80
 145891.172   120.104    -8.57    6.16
 146265.276   117.753    -6.28    5.28
 146639.302   117.473    -0.75    4.24
 147013.249   117.952     1.28    3.82
 147387.118   119.169     3.25    3.57
 147760.908   119.253     0.23    3.93
 148134.621   119.110    -0.38    4.05
 148508.255   119.376     0.71    3.67
 148881.811   120.696     3.53    4.50
 149255.289   122.934     5.99    7.26
 149628.689   128.408    14.66   11.05
 150002.011   135.274    18.39   17.63
 150375.254   148.162    34.52   27.39
 150748.420   163.580    41.31   29.26
 151121.509   180.112    44.31   24.84
 151494.519   192.501    33.21   16.03
 151867.452   198.399    15.81   15.67
 152240.306   198.680     0.75   16.12
 152613.084   196.312    -6.35   14.65
 152985.783   192.638    -9.86    9.54
 153358.405   191.106    -4.11    6.46
 153730.950   193.679     6.91    7.38
 154103.417   195.795     5.68    7.54
 154475.807   199.700    10.48    7.83
 154848.119   204.913    14.00    8.68
 155220.354   209.873    13.32    7.92
 155592.512   212.880     8.08    6.51
 155964.592   212.147    -1.97    8.73
 156336.595   209.647    -6.72   10.12
 156708.522   205.361   -11.52   10.58
 157080.371   201.996    -9.05    9.98
 157452.143   198.953    -8.18    8.75
 157823.838   196.236    -7.31    9.59
 158195.456   194.369    -5.03    9.85
 158566.997   193.657    -1.91    9.52
 158938.461   191.542    -5.69    9.34
 159309.849   186.575   -13.37   11.98
 159681.159   180.176   -17.23   14.06
 160052.394   170.741   -25.41   12.16
 160423.551   164.774   -16.07    9.79
 160794.632   160.625   -11.18    7.06
 161165.636   158.752    -5.05    6.06
 161536.564   155.398    -9.04    5.31
 161907.415   152.419    -8.03    5.63
 162278.190   149.696    -7.34    5.80
 162648.888   148.806    -2.40    7.21
 163019.510   149.081     0.74    7.85
 163390.056   150.720     4.42    7.53
 163760.525   151.965     3.36    5.56
 164130.919   150.902    -2.87    4.52
 164501.236   148.217    -7.25    5.17
 164871.477   146.062    -5.82    4.70
 165241.642   145.717    -0.93    4.47
 165611.731   148.226     6.78    5.86
 165981.744   151.059     7.66    5.94
 166351.681   154.572     9.50    4.98
 166721.543   156.089     4.10    4.17
 167091.328   155.795    -0.79    4.04
 167461.038   153.773    -5.47    4.44
 167830.672   151.006    -7.49    5.06
 168200.230   146.391   -12.48    5.30
 168569.713   142.750    -9.85    4.40
 168939.120   141.059    -4.58    4.83
 169308.451   138.950    -5.71    5.68
 169677.707   135.638    -8.97    7.93
 170046.888   132.564    -8.32    8.35
 170415.993   131.996    -1.54    7.66
 170785.023   133.172     3.19    8.26
 171153.977   136.322     8.54    6.94
 171522.856   136.322    -0.00    5.74
 171891.660   136.426     0.28    4.72
 172260.389   135.924    -1.36    3.75
 172629.043   135.750    -0.47    3.71
 172997.621   135.470    -0.76    3.07
 173366.125   135.681     0.57    2.51
 173734.553   135.168    -1.39    2.93
 174102.907   134.184    -2.67    2.87
 174471.186   133.774    -1.11    2.83
 174839.389   133.172    -1.64    3.18
 175207.518   132.838    -0.91    3.44
 175575.572   131.838    -2.72    3.70
 175943.552   131.121    -1.95    3.11
 176311.457   130.344    -2.11    2.43
 176679.287   129.506    -2.28    3.57
 177047.042   128.038    -3.99    4.02
 177414.723   126.374    -4.53    3.95
 177782.330   125.434    -2.56    3.09
 178149.862   125.228    -0.56    2.35
 178517.320   125.625     1.08    2.50
 178884.703   126.432     2.20    3.22
 179252.012   127.828     3.80    6.32
 179619.247   128.839     2.75    9.72
 179986.407   128.763    -0.21    9.59
 180353.493   127.784    -2.66    8.52
 180720.505   127.098    -1.87    8.18
 181087.443   127.112     0.04    7.39
 181454.307   127.989     2.39    7.34
 181821.097   129.115     3.07    6.56
 182187.813   130.237     3.06    4.77
 182554.455   131.623     3.78    5.90
 182921.024   133.487     5.08    7.29
 183287.518   136.785     9.00    8.64
 183653.939   138.306     4.15    8.32
 184020.285   138.684     1.03    6.76
 184386.559   138.338    -0.94    5.98
 184752.758   140.090     4.78    6.81
 185118.884   142.700     7.13    7.91
 185484.936   146.938    11.58    7.03
 185850.915   149.417     6.77    5.21
 186216.820   150.173     2.06    4.99
 186582.652   150.204     0.09    4.95
 186948.411   150.473     0.73    4.76
 187314.096   151.399     2.53    4.95
 187679.707   153.339     5.30    4.72
 188057.189   155.515     5.76    4.74
 188438.064   157.150     4.29    4.98
 188818.859   159.412     5.94    4.44
 189199.572   162.104     7.07    5.05
 189580.206   165.373     8.59    5.77
 189960.759   168.860     9.16    4.86
 190341.231   172.894    10.60    4.79
 190721.624   177.838    13.00    7.61
 191101.935   185.491    20.12   11.80
 191482.167   193.838    21.95   14.46
 191862.318   203.180    24.57   17.54
 192242.389   211.828    22.75   20.31
 192622.380   220.039    21.61   21.35
 193002.291   229.306    24.39   24.22
 193382.122   237.328    21.12   24.72
 193761.872   245.226    20.79   24.65
 194141.543   255.728    27.66   23.52
 194521.134   266.075    27.25   24.40
 194900.645   270.817    12.49   27.55
 195280.077   265.043   -15.22   33.75
 195659.428   248.187   -44.43   35.72
 196038.700   232.924   -40.23   27.65
 196417.893   228.523   -11.60   18.85
 196797.005   234.176    14.91   23.59
 197176.038   247.989    36.44   34.39
 197554.992   265.224    45.47   40.95
 197933.866   289.556    64.21   42.99
 198312.661   312.905    61.63   40.49
 198691.377   335.317    59.17   30.46
 199070.013   346.652    29.93   21.94
 199448.570   353.871    19.07   19.82
 199827.047   352.673    -3.17   20.87
 200205.446   342.817   -26.04   25.35
 200583.765   334.469   -22.06   25.81
 200962.006   330.172   -11.36   25.38
 201340.167   327.828    -6.20   24.44
 201718.250   326.408    -3.76   22.08
 202096.253   321.976   -11.72   21.59
 202474.178   315.140   -18.09   22.28
 202852.024   316.424     3.40   30.32
 203229.791   323.295    18.19   29.11
 203607.479   321.203    -5.54   28.33
 203985.089   307.634   -35.93   32.75
 204362.620   286.266   -56.59   28.09
 204740.073   265.871   -54.03   21.47
 205117.447   254.120   -31.13   16.19
 205494.743   256.129     5.32   17.94
 205871.960   267.237    29.44   27.11
 206249.099   291.784    65.08   39.53
 206626.159   319.658    73.91   34.54
 207003.141   334.578    39.57   24.09
 207380.045   337.215     7.00   26.86
 207756.871   328.382   -23.44   31.80
 208133.619   321.306   -18.78   26.98
 208510.289   327.263    15.81   30.20
 208886.880   343.567    43.29   37.61
 209263.394   361.937    48.78   37.98
 209639.829   383.300    56.74   41.91
 210016.187   397.523    37.79   46.67
 210392.467   415.884    48.79   50.71
 210768.669   434.795    50.26   44.83
 211144.794   450.373    41.41   34.20
 211520.840   458.643    21.99   25.67
 211896.809   459.450     2.15   28.67
 212272.701   452.958   -17.27   36.53
 212648.515   439.017   -37.09   39.52
 213024.251   433.491   -14.71   35.20
 213399.910   433.873     1.02   28.35
 213775.491   444.828    29.16   28.69
 214150.996   464.751    53.05   36.84
 214526.422   485.328    54.80   36.87
 214901.772   498.697    35.61   28.60
 215277.044   497.100    -4.26   26.87
 215652.239   484.795   -32.79   31.81
 216027.357   466.377   -49.09   34.22
 216402.398   441.365   -66.68   40.29
 216777.362   413.136   -75.27   39.31
 217152.249   387.473   -68.44   31.48
 217527.059   368.073   -51.75   19.28
 217901.792   364.176   -10.40   17.32
 218276.448   368.084    10.43   22.28
 218651.028   380.610    33.44   25.63
 219025.530   393.839    35.32   22.29
 219399.956   406.817    34.65   26.85
 219774.305   423.794    45.34   28.42
 220148.578   438.548    39.41   26.29
 220522.774   455.749    45.96   23.12
 220896.894   470.623    39.75   23.19
 221270.937   485.487    39.73   21.34
 221644.903   486.154     1.78   18.39
 222018.794   477.737   -22.51   22.77
 222392.608   457.371   -54.47   31.69
 222766.345   428.001   -78.57   34.27
 223140.007   410.078   -47.96   26.57
 223513.592   406.715    -9.00   23.33
 223887.101   420.213    36.13   29.82
 224260.534   442.503    59.68   24.25
 224633.891   455.187    33.97   17.38
 225007.172   457.852     7.14   20.28
 225380.376   445.643   -32.71   32.05
 225753.505   427.980   -47.33   35.29
 226126.559   412.180   -42.35   31.31
 226499.536   399.396   -34.27   25.22
 226872.437   387.360   -32.27   24.99
 227245.263   369.487   -47.93   30.74
 227618.013   343.938   -68.53   37.30
 227990.687   316.010   -74.93   38.36
 228363.286   285.762   -81.17   30.73
 228735.809   266.669   -51.24   22.34
 229108.257   251.193   -41.55   15.49
 229480.629   244.233   -18.69   13.97
 229852.926   243.817    -1.12   21.78
 230225.148   244.751     2.51   25.99
 230597.294   252.045    19.60   27.89
 230969.365   260.246    22.04   24.47
 231341.360   264.641    11.81   20.23
 231713.281   260.926    -9.99   21.74
 232085.126   248.106   -34.47   29.12
 232456.896   236.219   -31.97   28.21
 232828.591   221.544   -39.47   21.88
 233200.211   212.140   -25.30   16.29
 233571.756   207.541   -12.37   13.07
 233943.227   201.978   -14.97   10.78
 234314.622   198.587    -9.13   10.60
 234685.942   194.408   -11.25    9.62
 235057.188   190.249   -11.20    6.66
 235428.359   185.980   -11.50    6.40
 235799.455   183.626    -6.34    7.52
 236170.477   182.589    -2.80    8.60
 236541.424   181.624    -2.60    8.68
 236912.296   179.817    -4.87    7.99
 237283.094   175.177   -12.51    8.96
 237653.818   171.322   -10.39    8.25
 238024.467   172.377     2.85   10.24
 238395.041   175.021     7.13   10.63
 238765.541   176.652     4.40    9.20
 239135.967   177.861     3.26    7.62
 239506.319   180.301     6.59    8.31
 239876.597   185.541    14.15    8.96
 240246.800   191.295    15.54    7.92
 240616.929   196.143    13.09    7.19
 240986.984   200.839    12.69    7.64
 241356.965   207.104    16.93   10.64
 241726.872   213.850    18.23   12.14
 242096.706   219.717    15.86   12.63
 242466.465   224.839    13.85   12.11
 242836.150   229.849    13.55   12.98
 243205.762   235.106    14.22   13.31
 243575.300   239.980    13.19   14.23
 243944.764   245.660    15.37   13.67
 244314.154   250.630    13.45   14.57
 244683.471   254.920    11.61   15.43
 245052.714   256.969     5.55   16.43
 245421.884   257.541     1.55   18.30
 245790.980   258.656     3.02   19.87
 246160.003   261.186     6.86   20.75
 246528.952   265.371    11.34   22.07
 246897.828   269.576    11.40   24.22
 247266.630   270.322     2.02   25.43
 247635.359   269.098    -3.32   26.54
 248004.015   269.773     1.83   24.18
 248372.598   275.665    15.98   23.54
 248741.108   288.517    34.87   25.14
 249109.544   304.893    44.44   24.92
 249477.908   326.794    59.44   31.06
 249846.198   347.317    55.71   38.69
 250214.415   359.875    34.10   36.60
 250582.560   363.233     9.12   33.28
 250950.632   357.346   -15.99   32.02
 251318.630   347.674   -26.28   25.09
 251686.556   338.317   -25.43   18.26
 252054.409   338.037    -0.76   18.52
 252422.190   341.794    10.21   21.76
 252789.897   346.652    13.21   24.12
 253157.532   348.896     6.10   27.57
 253525.095   349.917     2.78   31.08
 253892.585   347.589    -6.33   29.78
 254260.002   348.909     3.59   27.96
 254627.347   345.719    -8.68   29.96
 254994.620   342.196    -9.59   32.28
 255361.820   337.447   -12.93   31.81
 255728.947   333.840    -9.82   28.66
 256096.003   329.395   -12.11   22.17
 256462.986   329.050    -0.94   14.61
 256829.897   329.161     0.30   11.23
 257196.736   326.896    -6.17   14.59
 257563.502   318.421   -23.10   29.21
 257930.197   311.395   -19.16   36.70
 258296.819   319.107    21.03   43.17
 258663.370   337.355    49.77   45.89
 259029.849   372.771    96.62   51.58
 259396.255   425.993   145.22   67.87
 259762.590   458.793    89.52   59.87
 260128.853   451.537   -19.81   64.87
 260495.044   414.715  -100.54   82.55
 260861.163   349.257  -178.75   72.79
 261227.211   306.692  -116.26   45.04
 261593.187   291.300   -42.05   35.37
 261959.091   303.584    33.56   62.27
 262324.924   334.295    83.93   85.66
 262698.041   359.328    67.08   84.43
 263078.755   374.132    38.88   75.74
 263459.390   380.506    16.74   59.31
 263839.947   371.839   -22.77   43.46
 264220.426   352.695   -50.31   48.06
 264600.826   314.473  -100.46   56.88
 264981.148   275.135  -103.41   52.93
 265361.392   237.861   -98.01   38.98
 265741.558   212.985   -65.42   27.26
 266121.645   195.388   -46.29   24.53
 266501.654   185.073   -27.14   28.13
 266881.585   171.883   -34.71   29.59
 267261.438   155.917   -42.02   26.01
 267641.214   138.454   -45.97   20.61
 268020.911   124.862   -35.79   13.21
 268400.530   115.578   -24.45    8.78
 268780.071   110.162   -14.27    6.69
 269159.535   108.213    -5.14    7.77
 269538.921   104.091   -10.86    9.46
 269918.229    98.553   -14.60   11.46
 270297.459    93.710   -12.77    9.58
 270676.612    92.235    -3.89    6.86
 271055.688    93.946     4.51    8.47
 271434.685   101.421    19.72   14.41
 271813.606   110.234    23.25   18.39
 272192.448   122.300    31.84   22.98
 272571.214   132.526    26.99   20.99
 272949.902   135.772     8.57   18.86
 273328.513   137.608     4.85   16.55
 273707.047   137.861     0.67   13.71
 274085.503   144.093    16.46   14.80
 274463.882   156.883    33.80   21.20
 274842.185   177.306    53.97   26.24
 275220.410   198.421    55.82   29.18
 275598.558   213.795    40.65   24.10
 275976.629   212.006    -4.73   26.15
 276354.624   200.860   -29.48   27.33
 276732.541   193.739   -18.84   20.73
 277110.382   200.602    18.16   27.78
 277488.145   215.406    39.18   27.28
 277865.833   225.671    27.17   20.68
 278243.443   223.150    -6.67   23.59
 278620.977   216.692   -17.10   21.76
 278998.434   214.257    -6.45   17.05
 279375.815   223.408    24.24   17.83
 279753.119   237.828    38.21   19.48
 280130.347   256.839    50.39   22.07
 280507.498   272.927    42.65   23.50
 280884.573   293.050    53.36   34.27
 281261.571   307.317    37.83   42.72
 281638.494   308.539     3.24   45.91
 282015.340   298.896   -25.58   47.06
 282392.110   286.592   -32.65   37.73
 282768.804   293.669    18.78   40.14
 283145.422   328.495    92.45   62.33
 283521.963   366.345   100.50   55.65
 283898.429   380.716    38.16   47.89
 284274.819   354.850   -68.71   70.95
 284651.133   303.030  -137.67   64.00
 285027.371   269.260   -89.74   35.43
 285403.533   265.509    -9.97   37.17
 285779.620   282.124    44.17   53.39
 286155.631   306.491    64.79   59.16
 286531.566   315.929    25.10   57.80
 286907.425   308.284   -20.34   50.69
 287283.209   280.125   -74.92   45.64
 287658.917   248.073   -85.29   43.49
 288034.550   225.916   -58.97   28.69
 288410.108   224.817    -2.93   25.91
 288785.590   246.487    57.70   40.33
 289160.996   290.053   116.02   50.07
 289536.328   323.078    87.97   44.00
 289911.584   345.739    60.37   40.63
 290286.764   353.317    20.19   39.75
 290661.870   346.650   -17.77   34.34
 291036.901   336.684   -26.57   27.02
 291411.856   327.550   -24.35   26.54
 291786.736   319.435   -21.64   28.08
 292161.542   330.692    30.03   47.94
 292536.272   347.985    46.14   52.75
 292910.928   359.737    31.36   46.87
 293285.509   349.727   -26.72   46.93
 293660.014   321.772   -74.63   42.07
 294034.445   292.196   -78.97   34.39
 294408.802   279.794   -33.12   27.56
 294783.083   286.739    18.55   32.05
 295157.290   314.231    73.45   46.63
 295531.423   356.109   111.91   53.84
 295905.481   404.173   128.47   52.59
 296279.464   426.628    60.03   36.87
 296653.373   424.660    -5.26   40.04
 297027.207   392.361   -86.38   62.48
 297400.967   339.300  -141.93   66.44
 297774.653   286.070  -142.42   63.40
 298148.265   237.442  -130.13   47.59
 298521.802   205.984   -84.20   31.67
 298895.265   195.212   -28.84   19.63
 299268.654   210.671    41.39   37.48
 299641.968   250.150   105.73   60.04
 300015.209   291.154   109.83   57.01
 300388.376   321.443    81.15   41.79
 300761.468   337.120    42.01   33.77
 301134.487   348.793    31.29   34.20
 301507.432   372.795    64.34   36.63
 301880.303   390.031    46.22   28.27
 302253.100   385.556   -12.00   30.92
 302625.823   363.736   -58.53   45.53
 302998.473   319.993  -117.36   55.49
 303371.049   273.440  -124.92   47.50
 303743.551   237.608   -96.17   37.94
 304115.980   208.922   -77.01   31.04
 304488.335   187.165   -58.42   28.78
 304860.617   174.468   -34.10   24.23
 305232.825   173.300    -3.14   18.56
 305604.960   184.656    30.51   25.49
 305977.021   212.081    73.69   34.57
 306349.009   238.897    72.07   32.44
 306720.924   265.446    71.37   30.99
 307092.766   286.760    57.31   28.89
 307464.534   305.528    50.47   28.57
 307836.229   321.374    42.62   29.91
 308207.851   339.491    48.74   29.57
 308579.400   351.854    33.27   26.78
 308950.876   361.371    25.61   24.40
