# NaN NaN NaN ;Mean Elev.(m), Avg Gradient(m/km), RMS Gradient(m/km) - SRTM1     
#  116.241 -14.690  31.281 ;Mean Elev.(m), Avg Gradient(m/km), RMS Gradient(m/km) - ASTER GDEM
#  123.471 -14.171  32.509 ;Mean Elev.(m), Avg Gradient(m/km), RMS Gradient(m/km) - GMTED2010 
  7    97.516 52448.03836319 46.08 154.331466  64.323119 15.419
  7    97.513 52448.03836383 45.64 154.328626  64.319999 15.419
  8   111.566 52483.03835133 46.83 154.334210  64.325422 18.704
  8   111.537 52483.03835198 45.41 154.331370  64.322302 18.704
  8   111.748 52483.03835262 41.65 154.328530  64.319192 18.704
  9   111.230 52518.03830922 44.01 154.331025  64.323541 16.964
  9   111.589 52518.03830987 42.51 154.328175  64.320431 16.964
 10   109.679 52553.03835949 33.34 154.340556  64.319310 21.905
 10   110.509 52553.03836013 37.88 154.337716  64.316190 21.905
 11   110.371 52588.03833889 27.27 154.338206  64.323057 14.240
 11   110.562 52588.03833953 33.49 154.335366  64.319947 14.240
 11   110.528 52588.03834018 36.19 154.332526  64.316827 14.240
 11   110.618 52588.03834082 32.09 154.329686  64.313707 14.240
 12   111.995 52623.03829552 18.39 154.331773  64.325349  9.379
 12   110.567 52623.03829616 20.07 154.328933  64.322229  9.379
 13   111.945 52658.03831078 15.65 154.340483  64.319603  9.047
 13   112.016 52658.03831142 16.59 154.337642  64.316484  4.215
 15   111.870 52728.03833229 15.71 154.341848  64.321839  3.453
 15   110.785 52728.03833293 16.42 154.339008  64.318719  3.453
 15   110.578 52728.03833358 15.93 154.336158  64.315599  3.453
 20   109.799 52903.03844440 32.13 154.335041  64.323889 19.523
 20   109.783 52903.03844505 32.94 154.332201  64.320769 19.523
 20   110.504 52903.03844569 28.84 154.329361  64.317649 19.523
 22   111.415 52973.03841631 16.30 154.341039  64.320445  8.426
 22   111.753 52973.03841695 17.18 154.338199  64.317325  8.426
 23   111.249 53008.03842527 12.98 154.332169  64.322693  7.546
 23   111.563 53008.03842592 12.72 154.329319  64.319573  7.546
 25   112.406 53078.03841460 11.33 154.332140  64.325076  6.864
 25   111.024 53078.03841524 11.47 154.329290  64.321966  6.864
 26   111.251 53113.03838557 20.69 154.342747  64.319862  9.307
 26   111.567 53113.03838622 19.35 154.339897  64.316742  9.307
 27   111.059 53148.03842995 38.50 154.336444  64.321399 20.530
 27   111.336 53148.03843060 38.62 154.333594  64.318279 20.530
 27   111.510 53148.03843124 36.66 154.330754  64.315158  8.546
 28   114.366 53183.03842990 37.50 154.342909  64.319550 17.340
 28   113.889 53183.03843054 33.10 154.340059  64.316430 17.340
 29   111.355 53218.03845359 37.58 154.337256  64.323384 17.703
 29   111.674 53218.03845424 36.87 154.334416  64.320264 17.703
 29   111.771 53218.03845488 39.59 154.331576  64.317154 17.703
 31   110.627 53288.03843194 49.23 154.344049  64.322244 10.605
 31   110.882 53288.03843259 44.03 154.341209  64.319124 10.605
 31   111.123 53288.03843323 42.32 154.338361  64.316008 14.139
 32   110.427 53323.03840830 23.54 154.343453  64.319912  7.285
 32   110.561 53323.03840895 23.19 154.340603  64.316792  7.285
 33   111.593 53358.03837312 17.22 154.333339  64.321368  9.779
 33   112.004 53358.03837376 16.86 154.330499  64.318258  9.779
 35   111.991 53428.03838298 14.51 154.335445  64.322753  8.180
 35   111.901 53428.03838363 14.33 154.332605  64.319643  8.180
 35   111.851 53428.03838427 13.42 154.329765  64.316523  8.180
 37   111.417 53498.03847231 30.27 154.335237  64.324530 16.643
 37   111.560 53498.03847296 37.14 154.332387  64.321410 16.643
 37   111.547 53498.03847360 33.36 154.329547  64.318290 16.643
 38   111.392 53533.03845500 38.78 154.336716  64.320630 16.641
 38   111.463 53533.03845565 38.61 154.333876  64.317510 16.641
 38   111.842 53533.03845629 35.34 154.331037  64.314396  6.747
 39   110.364 53568.03847328 40.96 154.331232  64.325406 20.269
 39   110.431 53568.03847393 43.71 154.328382  64.322286 20.269
 40   111.897 53603.03841869 43.92 154.331567  64.325290 16.539
 40   112.211 53603.03841933 43.33 154.328727  64.322170 16.539
 41   109.693 53638.03841723 49.96 154.344086  64.320699 15.050
 41   110.282 53638.03841787 44.24 154.341236  64.317579 15.050
 41   110.715 53638.03841852 47.29 154.338396  64.314459 15.050
 42   109.943 53673.03843770 32.13 154.335769  64.322784 12.865
 42   110.047 53673.03843834 39.66 154.332929  64.319674 12.865
 42   110.122 53673.03843899 34.65 154.330089  64.316554 12.865
 43   110.043 53708.03836889 22.43 154.335844  64.324153  9.354
 43   110.216 53708.03836953 26.49 154.333004  64.321033  9.354
 43   110.815 53708.03837018 21.63 154.330164  64.317913  9.354
 45   111.392 53778.03830752 17.92 154.342680  64.318717  9.189
 45   111.896 53778.03830816 16.57 154.339840  64.315597  9.189
 47   112.112 53848.03833795 12.62 154.343824  64.321206  9.074
 47   111.826 53848.03833860 14.01 154.340984  64.318096  9.074
 47   111.965 53848.03833924 13.12 154.338134  64.314976  9.074
 49   110.644 53918.03841934 28.17 154.331687  64.323719 19.525
 49   110.781 53918.03841998 35.12 154.328847  64.320599 19.525
 54   111.204 54093.03837548 14.25 154.330341  64.325274  7.418
 54   111.569 54093.03837612 12.95 154.327501  64.322154  7.418
 56   112.170 54163.03834537  9.59 154.333703  64.321869  6.137
 56   111.811 54163.03834601 10.55 154.330863  64.318759  6.137
 56   112.044 54163.03834666  9.57 154.328023  64.315639  6.137
 58   112.812 54233.03835846 34.70 154.342658  64.321758 21.013
 58   112.992 54233.03835910 42.62 154.339818  64.318648 21.013
 58   113.002 54233.03835975 45.28 154.336978  64.315528 21.013
 59   114.262 54268.03837757 39.40 154.337784  64.320494 19.216
 59   113.631 54268.03837822 36.32 154.334944  64.317384 19.216
 59   113.398 54268.03837886 37.31 154.332094  64.314264 19.216
 60   111.129 54303.03838153 47.52 154.338178  64.320628 18.735
 60   111.315 54303.03838218 44.61 154.335338  64.317518 18.735
 60   111.433 54303.03838282 41.58 154.332488  64.314398 18.735
 61   111.742 54338.03836658 43.39 154.335790  64.324160 18.681
 61   111.778 54338.03836722 45.56 154.332940  64.321040 18.681
 61   111.991 54338.03836787 40.81 154.330100  64.317930 18.681
 62   111.755 54373.03831512 43.12 154.341845  64.317901 19.279
 62   111.779 54373.03831576 46.76 154.338995  64.314791 19.279
 63   110.274 54408.03831274 36.13 154.334427  64.320821 14.421
 63   110.623 54408.03831338 32.39 154.331587  64.317701 14.421
 65   111.295 54478.03830169 15.44 154.339148  64.321281  9.750
 65   110.029 54478.03830234 16.76 154.336298  64.318161  9.750
 65   110.471 54478.03830298 14.36 154.333458  64.315051  9.750
 67   111.897 54548.03831530 11.66 154.334295  64.322857  7.018
 67   111.460 54548.03831594 11.62 154.331460  64.319735  3.521
 67   111.650 54548.03831659 10.66 154.328620  64.316625  3.521
 68   111.999 54583.03828558 11.40 154.342351  64.322256  5.651
 68   112.040 54583.03828622 11.52 154.339507  64.319135  4.504
 68   111.530 54583.03828687 12.42 154.336657  64.316025  4.504
 69   113.842 54618.03830635 46.34 154.339948  64.321750 13.091
 69   114.001 54618.03830700 35.53 154.337101  64.318630  9.436
 69   113.722 54618.03830764 35.85 154.334261  64.315520  9.436
 69   114.014 54618.03830829 38.60 154.331421  64.312400  9.436
 70   111.438 54653.03831822 36.44 154.337792  64.322881 14.937
 70   111.509 54653.03831886 41.10 154.334943  64.319761 11.974
 70   111.707 54653.03831951 39.12 154.332103  64.316651 11.974
 71   111.190 54688.03830746 43.98 154.334919  64.324553 18.618
 71   111.235 54688.03830811 50.03 154.332079  64.321443 18.618
 71   111.324 54688.03830875 38.37 154.329229  64.318323 18.618
 73   109.171 54758.03828367 43.82 154.335988  64.322236 15.085
 73   109.793 54758.03828431 45.04 154.333138  64.319116 15.085
 73   109.945 54758.03828496 35.92 154.330298  64.316006 15.085
 75   112.021 54828.03828182 14.92 154.340019  64.320956  6.915
 75   111.964 54828.03828246 15.54 154.337172  64.317836  4.305
 75   111.667 54828.03828311 16.94 154.334332  64.314726  4.305
 75   111.935 54828.03828375 14.34 154.331492  64.311606  4.305
 77   111.645 54898.03828153 10.80 154.335368  64.324158  5.447
 77   111.677 54898.03828217 11.34 154.332526  64.321039  3.608
 77   111.691 54898.03828282 10.72 154.329686  64.317929  3.608
 78   111.635 54933.03824862 12.17 154.342427  64.318894  3.513
 78   111.824 54933.03824927 11.16 154.339587  64.315784  3.513
 79   113.306 54968.03828240 41.32 154.339992  64.322634 15.696
 79   113.344 54968.03828305 42.49 154.337142  64.319514 15.696
 79   113.144 54968.03828369 46.15 154.334303  64.316392 12.609
 79   113.258 54968.03828434 42.06 154.331463  64.313282 12.609
 80   111.880 55003.03830266 42.80 154.336297  64.321902 15.731
 80   111.964 55003.03830331 44.67 154.333450  64.318782 12.438
 80   111.845 55003.03830395 42.69 154.330610  64.315672 12.438
 81   109.946 55038.03828930 40.08 154.339148  64.321496 16.926
 81   110.033 55038.03828995 44.20 154.336304  64.318375 13.471
 81   110.168 55038.03829059 46.73 154.333464  64.315265 13.471
 82   111.554 55073.03827505 34.52 154.331621  64.322372 17.002
 82   111.396 55073.03827570 35.67 154.328771  64.319252 17.002
 84   109.688 55143.03822614 19.94 154.335768  64.323865  8.059
 84   110.055 55143.03822679 21.91 154.332926  64.320745  4.202
 84   110.268 55143.03822743 23.59 154.330086  64.317635  4.202
 86   110.797 55213.03822113 14.13 154.336721  64.321175  7.279
 86   111.820 55213.03822177 13.46 154.333882  64.318056  3.378
 86   110.099 55213.03822242 13.29 154.331042  64.314946  3.378
 88   111.829 55283.03821472 12.17 154.333170  64.322479  6.677
 88   111.639 55283.03821536 12.03 154.330335  64.319366  4.414
 89   109.171 55318.03818431 24.62 154.336435  64.321680  8.185
 89   109.129 55318.03818496 18.18 154.333591  64.318568  7.510
 89   109.596 55318.03818560 13.28 154.330751  64.315448  7.510
 90   111.671 55353.03818743 38.20 154.334533  64.321587 19.519
 90   111.788 55353.03818807 37.69 154.331699  64.318465 10.897
 90   111.864 55353.03818872 40.57 154.328849  64.315355 10.897
 92   111.735 55423.03820526 38.16 154.336930  64.320073 22.994
 92   111.557 55423.03820590 40.30 154.334080  64.316963 22.994
 92   111.773 55423.03820655 43.40 154.331240  64.313843 22.994
 93   113.591 55458.03817696 37.19 154.333739  64.324824 17.711
 93   113.186 55458.03817760 33.56 154.330899  64.321714 17.711
 93   112.939 55458.03817825 36.29 154.328059  64.318594 17.711
