# NaN NaN NaN ;Mean Elev.(m), Avg Gradient(m/km), RMS Gradient(m/km) - SRTM1     
#   -3.705  -1.275   8.517 ;Mean Elev.(m), Avg Gradient(m/km), RMS Gradient(m/km) - ASTER GDEM
#   11.548  -0.745   7.533 ;Mean Elev.(m), Avg Gradient(m/km), RMS Gradient(m/km) - GMTED2010 
  7     9.910 52459.41693510 17.79 157.799492  68.350090 13.012
  7     9.635 52459.41693575 16.61 157.795662  68.353130 13.012
  7     9.925 52459.41693639 18.92 157.791822  68.356160 13.012
  7     7.216 52459.41693704 25.75 157.787992  68.359200 13.012
  9     8.831 52529.41690525 18.02 157.784497  68.345141 27.964
  9    11.032 52529.41690590 12.78 157.780667  68.348181 27.964
  9    12.154 52529.41690654 13.08 157.776827  68.351211 27.964
 10     1.950 52564.41692936 36.31 157.794094  68.351366 11.150
 10     2.376 52564.41693001 39.39 157.790264  68.354406 11.150
 10     1.224 52564.41693065 43.23 157.786424  68.357436 11.150
 11    33.005 52599.41695537 17.08 157.798966  68.348285  7.937
 11     8.894 52599.41695602 18.61 157.795136  68.351315  7.937
 11     9.133 52599.41695666 21.16 157.791306  68.354355  7.937
 11     8.522 52599.41695731 26.38 157.787466  68.357395  7.937
 12    34.734 52634.41690836 13.65 157.791229  68.344369  5.767
 12    32.030 52634.41690900 12.91 157.787399  68.347399  5.767
 12    29.655 52634.41690965 16.07 157.783559  68.350439  5.767
 12     9.878 52634.41691029 16.27 157.779729  68.353479  5.767
 13    45.483 52669.41692067 10.20 157.798365  68.348691  5.570
 13    30.744 52669.41692131 12.43 157.794535  68.351731  5.570
 13     8.946 52669.41692196 14.24 157.790698  68.354761  3.828
 13     9.176 52669.41692260 15.16 157.786868  68.357801  3.828
 14    46.043 52704.41690577  8.49 157.793719  68.347189  3.760
 14    31.136 52704.41690642  8.97 157.789889  68.350229  3.760
 14    27.506 52704.41690706 11.29 157.786049  68.353259  3.760
 14     9.828 52704.41690771 12.26 157.782219  68.356299  3.760
 15    44.313 52739.41694318  8.13 157.799565  68.352424  5.094
 15    28.252 52739.41694383  9.77 157.795735  68.355464  5.094
 15    24.839 52739.41694447 12.17 157.791905  68.358504  5.094
 16     9.759 52774.41689283 12.80 157.812422  68.354604  9.872
 16     6.679 52774.41689347 13.74 157.808592  68.357644  9.872
 16     6.930 52774.41689412 14.25 157.804762  68.360684  9.872
 16     6.812 52774.41689476 13.09 157.800923  68.363718  3.097
 17    10.045 52809.41696446 22.12 157.787048  68.345352 24.766
 17    10.940 52809.41696511 16.70 157.783208  68.348382 24.766
 17    12.260 52809.41696575 15.93 157.779378  68.351422 24.766
 18     5.015 52844.41702125 44.90 157.788971  68.346217 31.723
 18     5.087 52844.41702190 45.54 157.785131  68.349247 31.723
 18     5.164 52844.41702254 45.49 157.781301  68.352287 31.723
 20     8.948 52914.41701761 17.86 157.809948  68.353495  9.248
 20     5.401 52914.41701826 18.51 157.806108  68.356535  9.248
 20     4.255 52914.41701890 18.77 157.802278  68.359575  9.248
 20     8.556 52914.41701955 18.66 157.798448  68.362605  9.248
 21    47.559 52949.41697538 11.48 157.790053  68.343951  4.733
 21    45.421 52949.41697603 13.96 157.786213  68.346991  4.733
 21    30.234 52949.41697667 14.45 157.782383  68.350031  4.733
 21    21.517 52949.41697732 15.47 157.778543  68.353061  4.733
 22    37.380 52984.41700407 11.19 157.796895  68.351134  4.243
 22    28.693 52984.41700471 14.54 157.793065  68.354174  4.243
 22     9.435 52984.41700536 15.65 157.789225  68.357214  4.243
 23   339.211 53019.41699558  9.88 157.805663  68.351593  5.745
 23   323.244 53019.41699623 12.40 157.801833  68.354633  5.745
 23   302.784 53019.41699687 14.32 157.798003  68.357663  5.745
 23   303.056 53019.41699752 14.74 157.794163  68.360703  5.745
 24    46.003 53054.41698004  7.96 157.794073  68.347553  4.647
 24    43.321 53054.41698069  9.81 157.790233  68.350593  4.647
 24    27.894 53054.41698133 11.28 157.786403  68.353623  4.647
 24    23.369 53054.41698198 12.30 157.782567  68.356657  2.871
 25    45.890 53089.41701769  7.06 157.801159  68.350587  4.086
 25    43.107 53089.41701834  7.98 157.797329  68.353627  4.086
 25    26.690 53089.41701898 10.05 157.793496  68.356661  2.920
 25     9.962 53089.41701963 11.94 157.789666  68.359701  2.920
 26    46.056 53124.41698779  5.25 157.790731  68.347650  4.245
 26    42.969 53124.41698844  6.66 157.786901  68.350680  4.245
 26    27.683 53124.41698908  9.01 157.783065  68.353716  2.905
 27    10.946 53159.41704680 46.48 157.792319  68.345388 24.573
 27    11.049 53159.41704744 47.64 157.788494  68.348421 28.449
 27    11.055 53159.41704809 46.37 157.784654  68.351461 28.449
 27    10.814 53159.41704873 49.40 157.780824  68.354491 28.449
 28     8.551 53194.41704319 46.65 157.798782  68.352292 14.684
 28     8.630 53194.41704384 47.09 157.794942  68.355332 14.684
 28     8.648 53194.41704448 47.45 157.791112  68.358362 14.684
 30     5.878 53264.41700618 43.88 157.807647  68.354701 30.983
 30     5.992 53264.41700682 44.84 157.803817  68.357741 30.983
 30     6.000 53264.41700747 44.80 157.799977  68.360771 30.983
 30     5.835 53264.41700811 45.25 157.796147  68.363811 30.983
 31     2.808 53299.41704947 29.93 157.787870  68.343144 11.905
 31     2.974 53299.41705011 31.84 157.784040  68.346184 11.905
 31     3.264 53299.41705076 31.14 157.780210  68.349214 11.905
 31     3.003 53299.41705140 30.08 157.776370  68.352252  6.147
 32    45.175 53334.41702109  8.43 157.797444  68.350771  4.985
 32    28.923 53334.41702173 11.75 157.793614  68.353811  4.985
 32    26.201 53334.41702238 12.26 157.789774  68.356840  2.916
 33    44.690 53369.41696207  8.23 157.810921  68.354913  4.405
 33    28.538 53369.41696272 11.77 157.807091  68.357953  4.405
 33     8.526 53369.41696336 12.19 157.803253  68.360987  2.580
 33     9.134 53369.41696401 12.44 157.799423  68.364027  2.580
 34    33.963 53404.41699305  8.06 157.795214  68.347040  4.398
 34    44.620 53404.41699369  6.74 157.791384  68.350080  4.398
 34    29.031 53404.41699434  8.23 157.787554  68.353110  4.398
 34    25.752 53404.41699498 10.38 157.783714  68.356146  2.740
 35    45.793 53439.41698140  5.16 157.809075  68.352397  5.339
 35    29.712 53439.41698204  9.04 157.805245  68.355437  5.339
 35     9.164 53439.41698269 10.39 157.801413  68.358472  2.657
 35     9.496 53439.41698333 11.13 157.797573  68.361512  2.657
 36    46.166 53474.41704130  5.53 157.791557  68.345198  4.978
 36    43.634 53474.41704194  7.65 157.787727  68.348228  4.978
 36    29.354 53474.41704259  6.08 157.783897  68.351265  2.899
 36    26.157 53474.41704323  8.81 157.780057  68.354305  2.899
 37    50.825 53509.41706127  4.64 157.797088  68.349022  8.405
 37    48.262 53509.41706192  3.40 157.793258  68.352062  8.405
 37    46.444 53509.41706256  3.17 157.789421  68.355093 18.132
 37    41.672 53509.41706321  3.01 157.785581  68.358133 18.132
 38     5.095 53544.41707580 47.43 157.796727  68.349919 21.496
 38     5.518 53544.41707645 46.46 157.792896  68.352953 18.251
 38     5.231 53544.41707709 48.14 157.789056  68.355993 18.251
 38     5.568 53544.41707773 44.98 157.785226  68.359023 18.251
 39    10.235 53579.41705539 13.24 157.801860  68.352588 25.862
 39     9.946 53579.41705603 13.78 157.798030  68.355628 25.862
 39    10.659 53579.41705668 14.20 157.794200  68.358661 11.172
 39    12.111 53579.41705732 15.31 157.790360  68.361701 11.172
 40     9.606 53614.41700891 25.46 157.808516  68.351536 28.995
 40     9.867 53614.41700955 14.54 157.804686  68.354576 28.995
 40     9.446 53614.41701020 16.28 157.800855  68.357612 17.703
 40    10.602 53614.41701084 14.93 157.797025  68.360652 17.703
 40    10.276 53614.41701149 20.94 157.793195  68.363682 17.703
 41     8.800 53649.41701582 19.21 157.795036  68.346890 16.287
 41     8.369 53649.41701647 17.78 157.791196  68.349930 16.287
 42    33.623 53684.41702907 15.04 157.797749  68.348075  6.915
 42    31.040 53684.41702972 15.79 157.793919  68.351115  6.915
 42     9.382 53684.41703036 19.53 157.790089  68.354155  6.915
 42     9.617 53684.41703101 21.79 157.786253  68.357185  4.066
 43     7.831 53719.41695644 18.03 157.809851  68.353817  6.341
 43     8.293 53719.41695708 17.49 157.806011  68.356857  6.341
 43     8.231 53719.41695773 21.19 157.802180  68.359890  3.265
 43     8.616 53719.41695837 20.74 157.798350  68.362930  3.265
 44    47.318 53754.41687842  9.27 157.796168  68.346704  5.126
 44    45.235 53754.41687906 11.16 157.792328  68.349744  5.126
 44    29.017 53754.41687971 12.69 157.788498  68.352774  5.126
 44    26.549 53754.41688035 13.86 157.784663  68.355817  3.243
 45    46.468 53789.41690902  7.19 157.804219  68.351242  5.033
 45    43.247 53789.41690966 10.27 157.800389  68.354282  5.033
 45     9.434 53789.41691030 12.10 157.796554  68.357312  2.772
 45     9.502 53789.41691095 13.22 157.792714  68.360352  2.772
 46    46.518 53824.41686442  4.41 157.786449  68.346323  3.839
 46    42.689 53824.41686506  7.11 157.782609  68.349353  3.839
 47    46.560 53859.41695764  2.04 157.790697  68.347118  5.234
 47    44.982 53859.41695828  1.25 157.786857  68.350148  5.234
 47    42.238 53859.41695893  0.75 157.783027  68.353188  5.234
 49     7.743 53929.41702957 31.22 157.792677  68.346031 28.141
 49     6.141 53929.41703022 22.05 157.788837  68.349061 28.141
 49     6.383 53929.41703086 23.77 157.785007  68.352101 28.141
 49     6.443 53929.41703151 31.17 157.781177  68.355141 28.141
 50    10.880 53964.41700995 12.96 157.797340  68.350950 13.226
 50    10.661 53964.41701059 13.46 157.793500  68.353980 13.226
 50     7.846 53964.41701124 18.28 157.789670  68.357020 13.226
 51     9.153 53999.41696245 18.56 157.784456  68.343341 15.144
 51     9.151 53999.41696310 16.18 157.780616  68.346381 15.144
 51    10.941 53999.41696374 16.43 157.776786  68.349411 15.144
 54    45.976 54104.41695917  7.49 157.808457  68.354035  5.480
 54    42.365 54104.41695981  8.02 157.804617  68.357065  5.480
 54    26.252 54104.41696046  9.73 157.800787  68.360105  5.480
 54     9.235 54104.41696110 10.38 157.796957  68.363145  5.480
 55    46.588 54139.41693335  7.16 157.792943  68.346900  4.898
 55    44.086 54139.41693400  7.52 157.789103  68.349930  4.898
 55    42.549 54139.41693464  5.97 157.785273  68.352970  4.898
 55    39.878 54139.41693528  6.76 157.781443  68.356000  4.898
 56    46.525 54174.41693800  6.16 157.804243  68.351874  4.290
 56    44.332 54174.41693864  4.45 157.800403  68.354904  4.290
 56    42.117 54174.41693929  5.85 157.796573  68.357944  4.290
 56    38.229 54174.41693993  6.42 157.792743  68.360984  4.290
 57    47.154 54209.41693936  5.66 157.793736  68.345547  4.316
 57    45.613 54209.41694000  4.79 157.789906  68.348587  4.316
 57    42.813 54209.41694065  4.44 157.786066  68.351627  4.316
 57    39.939 54209.41694129  3.73 157.782236  68.354657  4.316
 58    10.146 54244.41697090 43.84 157.798146  68.348596 21.083
 58    10.581 54244.41697154 47.29 157.794316  68.351626 21.083
 58     9.536 54244.41697218 47.99 157.790476  68.354666 21.083
 58    10.773 54244.41697283 44.75 157.786646  68.357706 21.083
 59     9.343 54279.41698308 17.92 157.797091  68.349626 18.018
 59     9.169 54279.41698373 18.46 157.793251  68.352656 18.018
 59     8.373 54279.41698437 18.10 157.789421  68.355696 18.018
 59     7.705 54279.41698502 22.03 157.785591  68.358726 18.018
 60    10.242 54314.41698272 16.40 157.801900  68.350338 15.927
 60     9.679 54314.41698336 14.64 157.798070  68.353368 15.927
 60    10.139 54314.41698401 14.80 157.794230  68.356408 15.927
 60     7.529 54314.41698465 18.14 157.790400  68.359448 15.927
 61     7.279 54349.41695258 30.26 157.807150  68.352503 28.971
 61     7.183 54349.41695322 39.69 157.803320  68.355533 28.971
 61     6.635 54349.41695387 43.53 157.799490  68.358573 28.971
 61     6.946 54349.41695451 45.40 157.795660  68.361613 28.971
 62     9.688 54384.41692044 22.16 157.796148  68.346920 13.826
 62     9.572 54384.41692108 20.31 157.792308  68.349960 13.826
 62    10.236 54384.41692173 18.59 157.788478  68.352990 13.826
 62    10.687 54384.41692237 21.59 157.784638  68.356030 13.826
 63     8.605 54419.41690228 16.52 157.803005  68.352823  7.112
 63     8.616 54419.41690292 16.75 157.799175  68.355853  7.112
 63     9.202 54419.41690357 17.15 157.795345  68.358893  7.112
 63     9.462 54419.41690421 19.33 157.791505  68.361923  7.112
 64    35.993 54454.41689128  8.29 157.790747  68.344239  6.561
 64    33.324 54454.41689193  7.69 157.786917  68.347269  6.561
 64    30.553 54454.41689257  8.30 157.783087  68.350309  6.561
 64    28.135 54454.41689322  9.11 157.779247  68.353349  6.561
 65    32.732 54489.41690143  7.53 157.802474  68.350845  3.606
 65    30.128 54489.41690207  9.35 157.798644  68.353885  3.606
 65    26.747 54489.41690272 10.97 157.794804  68.356925  3.606
 65     9.504 54489.41690336 11.67 157.790974  68.359955  3.606
 66    45.862 54524.41690480  6.92 157.795568  68.348068  3.365
 66    31.096 54524.41690544  8.12 157.791738  68.351108  3.365
 66    27.813 54524.41690609  9.05 157.787908  68.354138  3.365
 66    22.859 54524.41690673 10.18 157.784068  68.357178  3.365
 67    46.039 54559.41691066  6.05 157.805956  68.350856  3.119
 67    29.430 54559.41691130  9.54 157.802126  68.353886  3.119
 67    27.283 54559.41691195 10.16 157.798296  68.356926  3.119
 67    21.765 54559.41691259 10.18 157.794456  68.359966  3.119
 68     1.968 54594.41690130 22.31 157.796414  68.350258  7.570
 68     1.894 54594.41690194 24.00 157.792584  68.353298  7.570
 68     1.630 54594.41690259 21.28 157.788754  68.356328  7.570
 69     9.801 54629.41691584 19.95 157.796468  68.351458 23.166
 69     9.516 54629.41691648 19.57 157.792638  68.354498 23.166
 69    10.093 54629.41691713 20.41 157.788808  68.357528 23.166
 70     6.505 54664.41692228 43.36 157.796223  68.348708 15.719
 70     6.554 54664.41692293 46.49 157.792393  68.351738 15.719
 70     6.220 54664.41692357 48.25 157.788553  68.354778 15.719
 70     6.026 54664.41692422 48.31 157.784723  68.357808 15.719
 71     3.541 54699.41689426 34.83 157.808830  68.352206 26.372
 71     2.895 54699.41689491 19.39 157.805002  68.355243 10.026
 72    13.922 54734.41688003 28.08 157.792402  68.345456 29.364
 72     9.510 54734.41688068 15.52 157.788572  68.348486 29.364
 72    11.686 54734.41688132 13.14 157.784742  68.351526 29.364
 72    14.696 54734.41688197 13.02 157.780902  68.354556 29.364
 73     8.676 54769.41687490 18.69 157.796602  68.354629  6.324
 73     1.267 54769.41687619 25.38 157.788932  68.360699  6.324
 74    33.254 54804.41687426 14.06 157.789718  68.347239  5.379
 74    30.527 54804.41687490 15.66 157.785878  68.350279  5.379
 74     9.644 54804.41687555 16.31 157.782048  68.353309  5.379
 75    46.486 54839.41686814  8.46 157.800143  68.348932  4.008
 75    44.024 54839.41686879 10.74 157.796313  68.351972  4.008
 75     9.254 54839.41686943 12.90 157.792473  68.355002  4.008
 75     9.442 54839.41687008 13.31 157.788643  68.358042  4.008
 77    45.882 54909.41687469  6.89 157.806820  68.351665  3.076
 77    43.780 54909.41687533  7.60 157.802990  68.354695  3.076
 77    41.134 54909.41687598  7.88 157.799150  68.357735  3.076
 77    25.200 54909.41687662 10.31 157.795320  68.360775  3.076
 78    45.611 54944.41686686  8.62 157.793491  68.345543  3.776
 78    44.129 54944.41686750  8.81 157.789661  68.348583  3.776
 78    41.845 54944.41686815  6.39 157.785821  68.351613  3.776
 78    27.584 54944.41686879  7.88 157.781991  68.354653  3.776
 79     8.333 54979.41689490 32.97 157.794340  68.352595 18.132
 79     8.451 54979.41689554 30.62 157.790500  68.355625 18.132
 79     8.874 54979.41689619 28.49 157.786670  68.358665 18.132
 80     4.790 55014.41689822 29.58 157.799697  68.349246 18.150
 80     5.188 55014.41689886 21.39 157.795857  68.352286 18.150
 80     8.115 55014.41689951 18.80 157.792027  68.355316 18.150
 80     7.176 55014.41690015 24.02 157.788197  68.358356 18.150
 81     8.933 55049.41689216 16.92 157.797954  68.350536 11.726
 81     8.767 55049.41689281 17.32 157.794124  68.353566 11.726
 81     8.867 55049.41689345 18.45 157.790294  68.356606 11.726
 81     9.462 55049.41689410 22.49 157.786454  68.359636 11.726
 83     1.823 55119.41682354 42.01 157.793739  68.346920 11.779
 83     1.823 55119.41682418 39.06 157.789909  68.349950 11.779
 83     2.147 55119.41682483 34.21 157.786079  68.352990 11.779
 83     1.931 55119.41682547 32.62 157.782239  68.356030 11.779
 84    32.605 55154.41681937 12.03 157.801451  68.351119  4.183
 84    29.863 55154.41682001 14.81 157.797611  68.354159  4.183
 84     8.845 55154.41682066 18.00 157.793781  68.357189  4.183
 84     9.161 55154.41682130 18.24 157.789951  68.360229  4.183
 85    45.716 55189.41681307  9.62 157.790166  68.347187  5.505
 85    30.857 55189.41681371 12.03 157.786326  68.350227  5.505
 85     9.443 55189.41681436 14.27 157.782496  68.353257  5.505
 86    46.401 55224.41681871  9.01 157.801981  68.349728  3.405
 86    30.668 55224.41681935 11.65 157.798151  68.352768  3.405
 86    28.109 55224.41682000 12.35 157.794321  68.355798  3.405
 86     9.202 55224.41682064 12.41 157.790491  68.358838  3.405
 87    46.538 55259.41680870  9.32 157.798761  68.347828  3.592
 87    44.278 55259.41680935  8.53 157.794921  68.350868  3.592
 87    42.289 55259.41680999 10.35 157.791091  68.353898  3.592
 87    25.837 55259.41681063 12.00 157.787261  68.356938  3.592
 88    36.282 55294.41680610  9.49 157.804191  68.354082  3.080
 88    27.837 55294.41680675 10.58 157.800351  68.357122  3.080
 88    24.525 55294.41680739 12.42 157.796521  68.360152  3.080
 88     9.515 55294.41680804 13.49 157.792691  68.363192  3.080
 90     9.985 55364.41678621 17.60 157.801268  68.352983 11.963
 90     9.667 55364.41678685 17.26 157.797438  68.356023 11.963
 90    10.117 55364.41678750 18.51 157.793598  68.359063 11.963
 91     8.444 55399.41679564 29.16 157.793125  68.345570 20.108
 91     9.548 55399.41679628 14.95 157.789295  68.348600 20.108
 91    10.673 55399.41679693 11.79 157.785455  68.351640 20.108
 91    11.754 55399.41679757 13.79 157.781625  68.354670 20.108
 92     9.289 55434.41680247 14.82 157.799678  68.351838  6.820
 92     9.595 55434.41680312 12.72 157.795848  68.354868  6.820
 92     7.216 55434.41680376 19.24 157.792018  68.357908  6.820
 93     9.032 55469.41675751 45.48 157.811344  68.353887 29.660
 93     8.904 55469.41675815 45.96 157.807513  68.356924 15.023
 93     8.822 55469.41675879 46.39 157.803673  68.359964 15.023
 93    10.044 55469.41675944 44.75 157.799843  68.362994 15.023
