# NaN NaN NaN ;Mean Elev.(m), Avg Gradient(m/km), RMS Gradient(m/km) - SRTM1     
#   64.341 -23.149  52.999 ;Mean Elev.(m), Avg Gradient(m/km), RMS Gradient(m/km) - ASTER GDEM
#  144.781 -23.551  55.281 ;Mean Elev.(m), Avg Gradient(m/km), RMS Gradient(m/km) - GMTED2010 
  8 152.643373  64.826671    72.991    72.598  3 52505.04421894 41.852
 11 152.644319  64.826586    73.270    73.233  3 52610.04420749 15.412
 13 152.648093  64.825693    74.602    74.602  2 52680.04417434  8.840
 23 152.637353  64.825561    75.299    75.299  2 53030.04426560  9.681
 29 152.646456  64.826167    73.208    73.208  2 53240.04430984 37.475
 32 152.645091  64.826378    72.598    72.277  3 53345.04429052 15.449
 36 152.646733  64.825864    75.131    75.131  2 53485.04434640  7.447
 38 152.641851  64.826686    74.675    75.583  3 53555.04436533 40.542
 42 152.643635  64.827742    73.358    73.358  2 53695.04428995 20.241
 43 152.640118  64.827603    73.520    73.520  2 53730.04421294 15.757
 45 152.644176  64.826973    77.878    77.878  2 53800.04418423  7.751
 49 152.642046  64.827628    74.924    74.924  2 53940.04431343 41.507
 53 152.644513  64.827952    74.864    74.864  2 54080.04427950 11.682
 54 152.635880  64.828309    75.202    75.202  2 54115.04421464  9.996
 56 152.637445  64.827838    73.869    73.869  2 54185.04420569  9.615
 60 152.650974  64.827602    74.895    74.895  2 54325.04426034 42.439
 61 152.636346  64.827243    74.182    74.182  2 54360.04421451 39.291
 63 152.642253  64.825476    72.808    72.808  2 54430.04416491 15.524
 65 152.645116  64.825918    75.080    75.062  3 54500.04417637  8.962
 71 152.642775  64.827713    72.124    72.124  2 54710.04415829 43.578
 73 152.647415  64.826269    72.549    72.269  3 54780.04414265 22.536
 75 152.643762  64.825940    73.207    73.207  2 54850.04414133 12.555
 81 152.648053  64.825642    71.631    71.631  2 55060.04417017 36.918
 82 152.636773  64.828122    72.561    72.561  2 55095.04412208 41.341
 84 152.645539  64.825768    74.484    74.484  2 55165.04408416 13.163
 86 152.641477  64.827877    75.627    75.627  2 55235.04408955  8.102
 87 152.648849  64.824624    75.837    75.837  2 55270.04409866  9.386
 88 152.637479  64.826261    74.526    74.526  2 55305.04407056  9.987
 90 152.645885  64.825580    73.737    73.737  2 55375.04406235 42.910
 92 152.647257  64.825389    75.852    75.852  2 55445.04407871 41.908
