# NaN NaN NaN ;Mean Elev.(m), Avg Gradient(m/km), RMS Gradient(m/km) - SRTM1     
#   -3.705  -1.275   8.517 ;Mean Elev.(m), Avg Gradient(m/km), RMS Gradient(m/km) - ASTER GDEM
#   11.548  -0.745   7.533 ;Mean Elev.(m), Avg Gradient(m/km), RMS Gradient(m/km) - GMTED2010 
  7 157.793742  68.354645     9.172     9.773  4 52459.41693607 21.459
  9 157.780664  68.348178    10.672    11.032  3 52529.41690590 15.344
 10 157.790261  68.354403     1.850     1.950  3 52564.41693001 40.544
 11 157.793218  68.352837    14.888     9.013  4 52599.41695634 22.360
 12 157.785479  68.348921    26.574    30.843  4 52634.41690933 14.967
 13 157.792617  68.353246    23.587    19.960  4 52669.41692164 13.391
 14 157.787969  68.351744    28.628    29.321  4 52704.41690674 10.534
 15 157.795735  68.355464    32.468    28.252  3 52739.41694383 10.343
 16 157.806675  68.359162     7.545     6.871  4 52774.41689380 13.507
 17 157.783211  68.348385    11.082    10.940  3 52809.41696511 19.189
 18 157.785134  68.349250     5.089     5.087  3 52844.41702190 45.320
 20 157.804195  68.358053     6.790     6.979  4 52914.41701858 18.464
 21 157.784298  68.348509    36.183    37.828  4 52949.41697635 14.067
 22 157.793062  68.354174    25.169    28.693  3 52984.41700471 14.168
 23 157.799915  68.356148   317.074   313.150  4 53019.41699655 13.219
 24 157.788319  68.352107    35.147    35.608  4 53054.41698101 10.629
 25 157.795412  68.355144    31.412    34.899  4 53089.41701866  9.674
 26 157.786899  68.350682    38.902    42.969  3 53124.41698844  7.255
 27 157.786573  68.349940    10.966    10.998  4 53159.41704776 47.653
 28 157.794945  68.355329     8.610     8.630  3 53194.41704384 47.076
 30 157.801897  68.359256     5.926     5.935  4 53264.41700715 44.721
 31 157.782123  68.347699     3.012     2.988  4 53299.41705044 30.819
 32 157.793611  68.353807    33.433    28.923  3 53334.41702173 11.112
 33 157.805172  68.359470    22.722    18.836  4 53369.41696304 11.444
 34 157.789467  68.351594    33.342    31.497  4 53404.41699402  8.556
 35 157.803326  68.356955    23.541    19.604  4 53439.41698236  9.446
 36 157.785809  68.349749    36.328    36.494  4 53474.41704226  7.212
 37 157.791337  68.353578    46.801    47.353  4 53509.41706224  3.605
 38 157.790976  68.354472     5.353     5.375  4 53544.41707677 46.907
 39 157.796112  68.357144    10.738    10.447  4 53579.41705636 14.201
 40 157.800855  68.357612     9.959     9.942  5 53614.41701020 20.628
 41 157.793116  68.348410     8.585     8.585  2 53649.41701615 18.554
 42 157.792002  68.352632    20.916    20.329  4 53684.41703004 18.901
 43 157.804098  68.358373     8.243     8.262  4 53719.41695741 19.658
 44 157.790414  68.351260    37.030    37.126  4 53754.41687939 12.069
 45 157.798469  68.355797    27.163    26.375  4 53789.41690998 11.229
 46 157.784529  68.347838    44.604    44.604  2 53824.41686474  5.967
 47 157.786860  68.350151    44.593    44.982  3 53859.41695828  1.379
 49 157.786924  68.350583     6.678     6.413  4 53929.41703054 28.797
 50 157.793503  68.353983     9.796    10.661  3 53964.41701059 15.613
 51 157.780619  68.346378     9.749     9.153  3 53999.41696310 17.194
 54 157.802705  68.358587    30.957    34.309  4 54104.41696014  9.066
 55 157.787190  68.351450    43.275    43.318  4 54139.41693432  6.890
 56 157.798490  68.356426    42.801    43.225  4 54174.41693897  5.783
 57 157.787986  68.350105    43.880    44.213  4 54209.41694033  4.711
 58 157.792396  68.353149    10.259    10.364  4 54244.41697186 46.299
 59 157.791338  68.354176     8.647     8.771  4 54279.41698405 19.497
 60 157.796150  68.354890     9.397     9.909  4 54314.41698368 16.236
 61 157.801405  68.357056     7.011     7.065  4 54349.41695355 42.278
 62 157.790393  68.351475    10.046     9.962  4 54384.41692141 20.866
 63 157.797258  68.357373     8.971     8.909  4 54419.41690324 17.592
 64 157.784999  68.348792    32.001    31.938  4 54454.41689225  8.377
 65 157.796724  68.355402    24.778    28.438  4 54489.41690240 10.156
 66 157.789821  68.352623    31.908    29.455  4 54524.41690576  8.731
 67 157.800208  68.355408    31.129    28.357  4 54559.41691163  9.271
 68 157.792584  68.353295     1.831     1.894  3 54594.41690194 22.677
 69 157.792638  68.354495     9.803     9.801  3 54629.41691648 19.990
 70 157.790473  68.353258     6.326     6.362  4 54664.41692325 47.008
 71 157.806916  68.353724     3.218     3.218  2 54699.41689459 31.942
 72 157.786654  68.350006    12.454    12.804  4 54734.41688100 22.547
 73 157.792767  68.357664     4.971     4.971  2 54769.41687554 23.213
 74 157.785881  68.350276    24.475    30.527  3 54804.41687490 15.442
 75 157.794393  68.353487    27.302    26.733  4 54839.41686911 11.746
 77 157.801070  68.356217    38.999    42.457  4 54909.41687565  8.376
 78 157.787741  68.350098    39.792    42.987  4 54944.41686782  8.023
 79 157.790503  68.355628     8.553     8.451  3 54979.41689554 31.074
 80 157.793945  68.353801     6.317     6.182  4 55014.41689919 25.358
 81 157.792207  68.355086     9.007     8.900  4 55049.41689313 19.427
 83 157.787991  68.351472     1.931     1.877  4 55119.41682450 38.513
 84 157.795698  68.355674    20.118    19.512  4 55154.41682033 16.435
 85 157.786329  68.350224    28.672    30.857  3 55189.41681371 12.376
 86 157.796236  68.354283    28.595    29.388  4 55224.41681967 11.552
 87 157.793009  68.352383    39.736    43.284  4 55259.41680967 10.250
 88 157.798439  68.358637    24.540    26.181  4 55294.41680707 11.769
 90 157.797435  68.356023     9.923     9.985  3 55364.41678685 17.823
 91 157.787375  68.350120    10.105    10.111  4 55399.41679660 23.495
 92 157.795848  68.354871     8.700     9.289  3 55434.41680312 16.467
 93 157.805593  68.358442     9.200     8.968  4 55469.41675847 45.687
