# NaN NaN NaN ;Mean Elev.(m), Avg Gradient(m/km), RMS Gradient(m/km) - SRTM1     
#  -12.869  -0.029  24.869 ;Mean Elev.(m), Avg Gradient(m/km), RMS Gradient(m/km) - ASTER GDEM
#    8.000  -0.901  22.085 ;Mean Elev.(m), Avg Gradient(m/km), RMS Gradient(m/km) - GMTED2010 
  7 156.155834  67.923489     0.174     0.156  5 52446.42286340 51.368
  8 156.161539  67.929059     6.595     6.607  6 52481.42285510 50.295
  9 156.167871  67.938522     6.462     5.163  4 52516.42280897 28.226
 11 156.165161  67.935258     4.389     4.357  5 52586.42282994 33.843
 12 156.164502  67.936766     4.709     5.980  5 52621.42280587 30.132
 15 156.163085  67.928578    10.489    10.361  5 52726.42283517 20.810
 17 156.160177  67.924525    10.245    10.260  5 52796.42280978 50.987
 18 156.161371  67.923472     7.166     7.163  6 52831.42287773 52.596
 19 156.163988  67.930922     7.932     8.410  5 52866.42292245 24.310
 20 156.161986  67.933330     3.719     3.660  5 52901.42294946 51.175
 21 156.166811  67.937906     3.429     1.667  5 52936.42289083 32.021
 22 156.159659  67.924359    10.402    10.382  6 52971.42291383 21.005
 23 156.161035  67.926508    10.619    10.635  6 53006.42292734 18.279
 25 156.163195  67.929463    10.505    10.561  5 53076.42291310 16.978
 27 156.160616  67.924454     2.949     2.947  5 53146.42292559 33.125
 28 156.163763  67.931508    11.450    11.734  5 53181.42293327 19.712
 29 156.161876  67.928823     7.485     7.499  5 53216.42295580 23.222
 30 156.164426  67.936553    10.932    11.084  5 53251.42293559 18.289
 32 156.165277  67.931892     2.059     2.067  5 53321.42290496 27.352
 33 156.168234  67.939787     4.492     4.106  5 53356.42287497 21.613
 35 156.165610  67.935968     9.961     9.714  5 53426.42288370 16.880
 36 156.160398  67.923458    10.886    10.872  6 53461.42289339 14.802
 37 156.160006  67.921777    10.251    10.934  6 53496.42297153 14.229
 38 156.165661  67.933577    10.785    11.609  5 53531.42295177 22.334
 39 156.161754  67.929679     9.094    10.274  6 53566.42297592 24.292
 40 156.165456  67.938007     7.101     7.107  5 53601.42292108 51.831
 43 156.167629  67.939144     2.859     1.092  5 53706.42287163 26.868
 44 156.174105  67.943462     6.955     8.373  4 53741.42278506 23.735
 45 156.162424  67.930344    10.257    10.327  5 53776.42280633 19.488
 46 156.170185  67.941040    10.293    10.140  5 53811.42278727 17.705
 47 156.156112  67.923304    10.286    10.339  5 53846.42283358 17.239
 48 156.161920  67.928665     6.456     6.474  6 53881.42285786 37.082
 49 156.159887  67.924972    11.400    11.637  6 53916.42291712 21.599
 50 156.160000  67.926432     7.454     6.879  5 53951.42292389 29.804
 52 156.159206  67.923499     3.355     3.262  6 54021.42290022 45.591
 53 156.164704  67.931926    10.380    10.163  5 54056.42289318 20.831
 54 156.166551  67.936663    10.571    10.356  5 54091.42287882 16.066
 55 156.151579  67.925968    10.486    10.422  3 54126.42280890 16.214
 56 156.162132  67.930798    10.465    10.402  5 54161.42284597 15.430
 57 156.158119  67.923557    10.865    10.854  6 54196.42281023 13.802
 58 156.160938  67.928299    11.455    11.441  6 54231.42285864  1.390
 59 156.161164  67.930432    10.605    10.631  5 54266.42287654 50.524
 60 156.163046  67.930594     8.365     7.938  5 54301.42288114 24.482
 61 156.164709  67.933717    11.337    11.211  4 54336.42286930 17.338
 62 156.160473  67.924271     5.974     5.972  5 54371.42281241 51.211
 63 156.162422  67.932088     2.432     2.448  5 54406.42281381 35.821
 65 156.161825  67.930149    10.734    10.712  5 54476.42280140 14.868
 66 156.154806  67.924309    10.675    10.744  5 54511.42278701 14.551
 67 156.163486  67.932661    10.802    10.979  5 54546.42281602 15.055
 68 156.161175  67.929720    10.898    10.941  5 54581.42278357 13.449
 69 156.163387  67.929996    12.362    12.292  5 54616.42280485 28.802
 70 156.160931  67.928417     9.456    10.165  6 54651.42281745 23.539
 71 156.162997  67.935116     8.137     8.571  5 54686.42281073 22.492
 72 156.154231  67.924271     3.906     3.912  3 54721.42276244 49.144
 73 156.162817  67.929682     3.987     3.964  6 54756.42278450 45.412
 75 156.161697  67.926854    10.678    10.657  6 54826.42278112 17.744
 76 156.158644  67.922670    10.818    10.849  6 54861.42274907 16.651
 77 156.163419  67.931357    10.676    10.546  6 54896.42278240 15.685
 78 156.159413  67.922651    10.946    10.952  6 54931.42274616 15.606
 79 156.161550  67.929890     2.111     2.053  5 54966.42278304 33.109
 80 156.161098  67.928121    12.363    12.580  6 55001.42280263 18.922
 81 156.161689  67.930426     4.068     4.096  5 55036.42278902 41.834
 82 156.164205  67.935683     6.620     4.834  5 55071.42277809 23.986
 83 156.154662  67.924268     8.800    10.167  4 55106.42272010 33.544
 84 156.163629  67.930443    10.457    10.349  5 55141.42272695 22.264
 85 156.151660  67.925432    10.008    10.008  2 55176.42268970 19.624
 86 156.162070  67.928899    10.352    10.373  6 55211.42272138 19.169
 87 156.159410  67.924134    10.574    10.630  6 55246.42269322 18.450
 88 156.162189  67.933497     9.959     9.559  5 55281.42271599 18.275
 89 156.162021  67.928609    10.556    10.653  5 55316.42268267 15.981
 90 156.162333  67.933917    11.867    11.736  5 55351.42268796 19.600
 91 156.158399  67.921864     8.208     9.365  5 55386.42268093 24.200
 92 156.162150  67.930743     4.522     4.226  5 55421.42270564 33.124
 93 156.165368  67.935977    11.662    11.945  5 55456.42268139 18.356
