# NaN NaN NaN ;Mean Elev.(m), Avg Gradient(m/km), RMS Gradient(m/km) - SRTM1     
#  -11.323  -7.810  19.015 ;Mean Elev.(m), Avg Gradient(m/km), RMS Gradient(m/km) - ASTER GDEM
#    6.301  -6.135  24.798 ;Mean Elev.(m), Avg Gradient(m/km), RMS Gradient(m/km) - GMTED2010 
  9    14.724 52535.42474246 22.95 155.857151  67.564847 21.185
  9    14.092 52535.42474311 17.57 155.853551  67.567897 21.185
  9    15.110 52535.42474375 17.22 155.849951  67.570957 21.185
  9    15.483 52535.42474439 21.68 155.846351  67.574007 21.185
 10     5.188 52570.42477431 33.90 155.873075  67.566305 13.950
 10     5.012 52570.42477495 36.95 155.869475  67.569365 13.950
 10     4.989 52570.42477560 38.71 155.865875  67.572415 13.950
 10     4.114 52570.42477624 36.57 155.862275  67.575475 13.950
 12    11.491 52640.42473565 22.03 155.863661  67.566857  5.190
 12    12.541 52640.42473629 21.62 155.860061  67.569917  5.190
 12    13.706 52640.42473694 22.24 155.856461  67.572967  5.190
 13    10.927 52675.42472776 18.96 155.883194  67.568965  8.211
 13    12.965 52675.42472840 19.18 155.879604  67.572015  8.211
 13    13.728 52675.42472905 19.77 155.876004  67.575075  8.211
 13    14.806 52675.42472969 19.65 155.872406  67.578130  7.252
 14    12.103 52710.42474910 17.73 155.867430  67.566335 10.107
 14    13.302 52710.42474974 17.36 155.863830  67.569385 10.107
 14    13.892 52710.42475038 18.66 155.860230  67.572445 10.107
 14    14.414 52710.42475103 19.73 155.856630  67.575495 10.107
 15    10.605 52745.42477705 16.63 155.876473  67.567136  9.506
 15    11.764 52745.42477769 17.25 155.872873  67.570186  9.506
 15    12.490 52745.42477834 17.52 155.869273  67.573246  9.506
 15    14.637 52745.42477898 17.54 155.865673  67.576296  9.506
 16   118.476 52780.42471440  0.18 155.860161  67.566070  2.508
 16   112.945 52780.42471505  1.11 155.856561  67.569120  2.508
 16   107.193 52780.42471569  2.39 155.852961  67.572180  2.508
 18     4.750 52850.42484817 30.80 155.868345  67.565802  8.333
 18    13.707 52850.42484882 15.23 155.864745  67.568852  8.333
 19     7.663 52885.42488324 21.47 155.873518  67.567284 23.797
 19    11.716 52885.42488389 19.03 155.869928  67.570344 23.797
 19    14.937 52885.42488453 14.20 155.866318  67.573394 23.797
 20     5.772 52920.42483904 28.40 155.885626  67.568660 17.249
 20     3.924 52920.42483968 39.61 155.882036  67.571720 17.249
 20     3.130 52920.42484033 37.74 155.878436  67.574770 17.249
 20    13.887 52920.42484097 24.20 155.874836  67.577830 17.249
 21     4.129 52955.42480317 23.46 155.869384  67.566748  8.381
 21    10.929 52955.42480382 24.41 155.865784  67.569798  8.381
 21    12.864 52955.42480446 24.26 155.862184  67.572858  8.381
 21    13.357 52955.42480511 23.75 155.858584  67.575908  8.381
 22    10.777 52990.42481677 21.26 155.879157  67.568726  7.668
 22    11.147 52990.42481742 23.26 155.875554  67.571778  3.637
 22     5.000 52990.42481806 24.99 155.871964  67.574838  3.637
 22    12.525 52990.42481871 22.50 155.868354  67.577888  3.637
 23    13.496 53025.42478976 18.07 155.887966  67.573004  4.783
 23    14.224 53025.42479041 17.72 155.884376  67.576064  4.783
 23    15.046 53025.42479105 17.86 155.880776  67.579114  4.783
 26    16.092 53130.42479937  3.45 155.874730  67.567649  9.876
 26    16.265 53130.42480002  3.12 155.871140  67.570709  9.876
 26    16.654 53130.42480066  3.72 155.867540  67.573759  9.876
 26    18.469 53130.42480131  4.24 155.863930  67.576819  9.876
 28     8.307 53200.42487238 29.76 155.873123  67.568547 15.193
 28    10.670 53200.42487303 18.45 155.869523  67.571597 15.193
 28    14.450 53200.42487367 19.88 155.865923  67.574657 15.193
 29    12.532 53235.42484226 18.24 155.887196  67.571900 15.515
 29    13.952 53235.42484291 18.29 155.883596  67.574950 15.515
 29    13.951 53235.42484355 19.67 155.879996  67.578010 15.515
 30    11.467 53270.42480453 43.53 155.857825  67.567151 23.291
 30    12.037 53270.42480518 41.62 155.854225  67.570211 23.291
 30    12.635 53270.42480582 41.62 155.850625  67.573261 23.291
 33    11.286 53375.42476616 12.78 155.886862  67.575485  5.140
 33    12.844 53375.42476681 13.14 155.883272  67.578545  5.140
 33    14.061 53375.42476745 12.29 155.879672  67.581595  5.140
 34    12.146 53410.42480934 12.07 155.876523  67.567655  5.713
 34    11.613 53410.42480998 12.21 155.872923  67.570705  5.713
 34    13.110 53410.42481062 13.32 155.869323  67.573765  5.713
 34    13.455 53410.42481127 12.81 155.865723  67.576815  5.713
 35    11.206 53445.42479261 11.70 155.888691  67.573435  5.072
 35    11.698 53445.42479326 11.55 155.885091  67.576495  5.072
 35    13.346 53445.42479390 11.96 155.881491  67.579545  5.072
 36    10.201 53480.42487434 10.79 155.863893  67.565988  5.298
 36    11.873 53480.42487498 11.69 155.860293  67.569038  5.298
 36    12.667 53480.42487563 10.93 155.856693  67.572098  5.298
 36    13.299 53480.42487627 11.16 155.853093  67.575148  5.298
 38    14.166 53550.42489976 18.79 155.872736  67.569478 21.635
 38    16.614 53550.42490041 14.62 155.869136  67.572528 21.635
 38    18.196 53550.42490105 15.43 155.865536  67.575588 21.635
 39     9.330 53585.42485909 42.58 155.882225  67.570398 18.951
 39     9.262 53585.42485973 46.49 155.878625  67.573448 18.951
 39     9.062 53585.42486037 47.94 155.875025  67.576508 18.951
 41     5.032 53655.42484531 41.03 155.869703  67.565874 18.503
 41     3.446 53655.42484595 43.45 155.866103  67.568934 18.503
 41     4.983 53655.42484659 31.94 155.862503  67.571984 18.503
 41    14.536 53655.42484724 29.20 155.858903  67.575044 18.503
 42     4.539 53690.42483753 24.27 155.876443  67.569229  5.018
 42     4.253 53690.42483817 26.00 155.872843  67.572279  5.018
 45    13.101 53795.42472491 14.10 155.884789  67.571688  6.096
 45    14.985 53795.42472556 13.25 155.881189  67.574748  6.096
 45    15.186 53795.42472620 14.28 155.877599  67.577798  6.096
 48    13.927 53900.42480793 42.44 155.874873  67.566917 22.245
 48    13.312 53900.42480858 44.90 155.871273  67.569967 22.245
 48    13.822 53900.42480922 42.55 155.867673  67.573027 22.245
 48    14.754 53900.42480987 41.28 155.864083  67.576077 22.245
 50    11.264 53970.42481781 39.83 155.879155  67.567778 15.740
 50    10.723 53970.42481846 37.05 155.875556  67.570838 31.624
 50    10.883 53970.42481910 39.18 155.871956  67.573888 31.624
 50    10.286 53970.42481974 41.58 155.868356  67.576948 31.624
 51    71.628 54005.42479626 11.72 155.860541  67.568859 25.951
 51    66.756 54005.42479691 13.14 155.856941  67.571909 25.951
 52     5.816 54040.42482522 20.23 155.874413  67.566290  5.580
 52     5.924 54040.42482587 21.95 155.870813  67.569350  5.580
 52    11.888 54040.42482651 22.26 155.867212  67.572401  3.699
 52    13.630 54040.42482716 20.78 155.863612  67.575461  3.699
 53    12.542 54075.42482051 18.35 155.877827  67.571902  6.062
 53    13.063 54075.42482116 19.97 155.874237  67.574952  6.062
 53    13.815 54075.42482180 19.14 155.870637  67.578012  6.062
 58    15.549 54250.42479443 44.57 155.874119  67.566640  8.918
 58    15.741 54250.42479507 41.08 155.870515  67.569697 11.745
 58    16.607 54250.42479572 40.53 155.866915  67.572747 11.745
 58    16.547 54250.42479636 38.94 155.863315  67.575807 11.745
 59    10.440 54285.42480128 18.01 155.879624  67.568768  5.341
 59    13.782 54285.42480192 15.11 155.876026  67.571826 22.962
 59    15.286 54285.42480257 14.45 155.872426  67.574876 22.962
 59    16.513 54285.42480321 16.66 155.868826  67.577936 22.962
 60     8.966 54320.42479841  7.95 155.878770  67.568713  6.575
 60     8.870 54320.42479906 16.18 155.875170  67.571769 26.039
 60     8.318 54320.42479970 23.63 155.871570  67.574819 26.039
 60     9.219 54320.42480035 32.83 155.867970  67.577879 26.039
 63    13.218 54425.42471008 16.53 155.882744  67.568620  4.538
 63    14.221 54425.42471073 17.25 155.879154  67.571680  4.538
 63    14.572 54425.42471137 17.79 155.875552  67.574736  6.620
 63    16.188 54425.42471202 18.36 155.871952  67.577786  6.620
 69    10.584 54635.42473576 31.69 155.875451  67.568286  8.375
 69    97.064 54635.42473641 17.13 155.871851  67.571346  8.375
 69    15.782 54635.42473705 16.44 155.868253  67.574400  9.619
 69    17.293 54635.42473769 19.95 155.864653  67.577450  9.619
 70     8.363 54670.42474025 19.90 155.877002  67.569738  6.491
 70    16.347 54670.42474090 11.89 155.873402  67.572798  6.491
 70    16.366 54670.42474154 13.77 155.869804  67.575854 15.100
 72     8.746 54740.42470312 41.44 155.872568  67.566342  5.902
 72     6.618 54740.42470377 41.14 155.868968  67.569402  5.902
 72    14.453 54740.42470441 20.09 155.865370  67.572454 29.526
 73     5.245 54775.42468336 24.89 155.882154  67.570424  6.915
 73     5.417 54775.42468400 24.97 155.878554  67.573474  6.915
 73    13.297 54775.42468465 24.61 155.874964  67.576534  6.915
 74    12.898 54810.42469698 20.88 155.865496  67.567324 14.505
 74    13.174 54810.42469763 21.80 155.861886  67.570384 14.505
 74    14.418 54810.42469827 22.76 155.858289  67.573432  5.415
 76    25.893 54880.42470018 17.15 155.870708  67.568288  2.319
 76    23.018 54880.42470083 18.28 155.867114  67.571340  7.334
 76    21.212 54880.42470147 19.28 155.863514  67.574400  7.334
 76    15.686 54880.42470212 20.06 155.859904  67.577450  7.334
 79    11.840 54985.42471821 27.08 155.871169  67.569124  4.857
 79    11.203 54985.42471885 40.65 155.867575  67.572179 26.131
 79    11.568 54985.42471950 46.68 155.863975  67.575229 26.131
 80    14.523 55020.42471185 10.33 155.880061  67.568375  3.560
 80    13.272 55020.42471250 15.27 155.876461  67.571425  3.560
 80    13.705 55020.42471314 16.52 155.872861  67.574485  3.560
 80    15.437 55020.42471379 17.79 155.869262  67.577539 27.297
 81     7.278 55055.42470848 20.29 155.882710  67.567560 12.571
 81     6.840 55055.42470913 21.32 155.879120  67.570610 12.571
 81     6.538 55055.42470977 20.94 155.875520  67.573670 12.571
 81    14.628 55055.42471042 20.74 155.871919  67.576727 31.789
 82    11.687 55090.42466769 40.44 155.886354  67.569918  6.766
 82     8.432 55090.42466833 51.77 155.882754  67.572978  6.766
 83     5.082 55125.42464656 29.15 155.875563  67.566696 15.577
 83     4.897 55125.42464720 35.56 155.871963  67.569756 15.577
 83     4.394 55125.42464784 38.17 155.868364  67.572808  7.451
 83     2.850 55125.42464849 34.94 155.864764  67.575868  7.451
 84     4.411 55160.42462902 26.06 155.880434  67.570345  7.524
 84     4.401 55160.42462966 27.91 155.876834  67.573395  7.524
 87    13.940 55265.42463383 16.40 155.866771  67.574999  6.013
 87    14.818 55265.42463447 19.01 155.863171  67.578049  6.013
 88    10.397 55300.42461391 17.28 155.886809  67.570773  4.008
 88    12.081 55300.42461455 16.88 155.883209  67.573833  4.008
 88    14.104 55300.42461520 17.30 155.879609  67.576883  4.008
 88    14.742 55300.42461584 17.39 155.876009  67.579943  4.008
 91     8.897 55405.42461745 17.63 155.873010  67.566956  7.076
 91    13.707 55405.42461810 14.46 155.869410  67.570016  7.076
 91    14.571 55405.42461874 15.50 155.865810  67.573068  8.498
 91    16.871 55405.42461939 16.05 155.862210  67.576128  8.498
 92    10.092 55440.42461791 35.37 155.883076  67.568276 13.902
 92    11.759 55440.42461855 28.73 155.879486  67.571326 13.902
 92     9.573 55440.42461920 32.66 155.875886  67.574386 13.902
 92    10.430 55440.42461984 31.72 155.872284  67.577443 33.385
