# NaN NaN NaN ;Mean Elev.(m), Avg Gradient(m/km), RMS Gradient(m/km) - SRTM1     
#   -8.191     NaN     NaN ;Mean Elev.(m), Avg Gradient(m/km), RMS Gradient(m/km) - ASTER GDEM
#    1.687  -0.252   2.259 ;Mean Elev.(m), Avg Gradient(m/km), RMS Gradient(m/km) - GMTED2010 
  7    -9.244 52448.03744775 34.46 159.081646  68.691217 45.771
  7    -9.314 52448.03744839 47.65 159.077696  68.688187 45.771
  7    -9.333 52448.03744904 51.66 159.073756  68.685157 45.771
  7    -9.353 52448.03744968 51.06 159.069816  68.682127 45.771
  7    -9.379 52448.03745032 51.38 159.065876  68.679107 45.771
  7    -9.398 52448.03745097 51.05 159.061936  68.676077 45.771
  7    -9.419 52448.03745161 52.92 159.057996  68.673047 45.771
  7    -9.439 52448.03745226 51.68 159.054066  68.670017 45.771
  7    -9.454 52448.03745290 53.45 159.050126  68.666997 45.771
  7    -9.471 52448.03745355 52.98 159.046196  68.663967 45.771
  7    -9.488 52448.03745419 53.04 159.042256  68.660937 45.771
  7    -9.503 52448.03745484 53.57 159.038326  68.657907 45.771
  7    -9.523 52448.03745548 53.29 159.034396  68.654877 45.771
  7    -9.533 52448.03745613 52.52 159.030466  68.651847 45.771
  8     3.158 52483.03743654 22.80 159.079832  68.690645 36.602
  8     3.098 52483.03743718 22.35 159.075882  68.687615 36.602
  8     3.265 52483.03743783 18.22 159.071942  68.684585 36.602
  8     3.139 52483.03743847 17.69 159.068002  68.681563  3.058
  8     3.509 52483.03743912 14.40 159.064072  68.678533  3.058
  8     6.227 52483.03743976 13.48 159.060132  68.675503  3.058
  8     6.349 52483.03744041 13.42 159.056192  68.672473  3.058
  8     6.268 52483.03744105 12.88 159.052262  68.669453  3.058
  8     6.314 52483.03744170 12.68 159.048322  68.666423  3.058
  8     6.314 52483.03744234 12.07 159.044392  68.663393  3.058
  8     6.664 52483.03744299 11.76 159.040462  68.660363  3.058
  8     6.525 52483.03744363 11.92 159.036532  68.657333  3.058
  8    30.711 52483.03744428 11.19 159.032592  68.654303  3.058
  8    38.604 52483.03744492 11.60 159.028672  68.651283  3.058
  9     3.041 52518.03739443 18.68 159.074455  68.689002 39.545
  9     4.064 52518.03739507 15.46 159.070515  68.685972 39.545
  9     5.125 52518.03739572 14.09 159.066583  68.682948  3.959
  9     2.166 52518.03739636 14.94 159.062643  68.679918  3.959
  9     5.776 52518.03739701 13.27 159.058703  68.676888  3.959
  9     3.037 52518.03739765 14.99 159.054773  68.673858  3.959
  9     4.968 52518.03739830 14.59 159.050833  68.670838  3.959
  9     6.004 52518.03739894 13.35 159.046903  68.667808  3.959
  9    25.585 52518.03739959 11.75 159.042973  68.664778  3.959
  9    28.062 52518.03740023 11.73 159.039033  68.661748  3.959
  9    30.032 52518.03740088 10.76 159.035103  68.658718  3.959
  9    31.546 52518.03740152 10.72 159.031173  68.655688  3.959
  9    39.645 52518.03740217 10.54 159.027253  68.652668  3.959
 10     4.744 52553.03744276 23.28 159.098999  68.693172  7.124
 10     4.129 52553.03744340 23.93 159.095049  68.690142  7.124
 10     3.839 52553.03744405 21.48 159.091109  68.687122  7.124
 10     6.427 52553.03744469 18.48 159.087159  68.684092  7.124
 10     7.110 52553.03744534 18.22 159.083219  68.681062  7.124
 10     7.139 52553.03744598 18.31 159.079279  68.678032  7.124
 10     6.655 52553.03744792 17.18 159.067459  68.668952  7.124
 10     6.237 52553.03744856 16.78 159.063529  68.665922  7.124
 10     5.452 52553.03744921 17.00 159.059589  68.662902  7.124
 10    16.357 52553.03744985 16.53 159.055659  68.659872  7.124
 10    17.104 52553.03745050 17.20 159.051719  68.656842  7.124
 10    17.356 52553.03745114 15.77 159.047789  68.653812  7.124
 10    18.766 52553.03745179 14.54 159.043859  68.650792  7.124
 11     0.242 52588.03742345 30.60 159.086864  68.691205 13.536
 11     0.267 52588.03742409 30.44 159.082914  68.688185 13.536
 11     0.175 52588.03742474 31.38 159.078974  68.685155 13.536
 11     0.179 52588.03742538 28.68 159.075034  68.682125 13.536
 11     0.154 52588.03742603 30.19 159.071094  68.679095 13.536
 11     0.201 52588.03742667 29.31 159.067164  68.676075 13.536
 11     0.220 52588.03742732 28.01 159.063224  68.673045 13.536
 11     0.122 52588.03742796 30.03 159.059294  68.670015 13.536
 11     0.155 52588.03742860 31.49 159.055354  68.666985 13.536
 11     0.152 52588.03742925 31.88 159.051424  68.663955 13.536
 11     0.074 52588.03742989 30.56 159.047484  68.660935 13.536
 11     0.149 52588.03743054 31.79 159.043554  68.657905 13.536
 11     0.060 52588.03743118 32.52 159.039624  68.654875 13.536
 11     0.137 52588.03743183 30.27 159.035694  68.651845 13.536
 12     0.706 52623.03738072 22.04 159.075845  68.690707  4.685
 12     0.561 52623.03738137 22.84 159.071905  68.687677  4.685
 12     0.583 52623.03738201 24.28 159.067965  68.684647  4.685
 12     0.549 52623.03738266 24.86 159.064025  68.681617  4.685
 12     0.518 52623.03738330 24.68 159.060095  68.678587  4.685
 12     0.589 52623.03738395 23.81 159.056155  68.675567  4.685
 12     0.567 52623.03738459 24.72 159.052225  68.672537  4.685
 12     0.521 52623.03738523 25.66 159.048291  68.669506  5.756
 12     0.392 52623.03738588 26.78 159.044351  68.666476  5.756
 12     0.448 52623.03738717 25.37 159.036491  68.660426  5.756
 12     0.488 52623.03738781 24.70 159.032561  68.657396  5.756
 12     0.574 52623.03738846 22.54 159.028631  68.654366  5.756
 13     3.765 52658.03739469 15.92 159.093112  68.690717  2.514
 13     3.591 52658.03739534 16.48 159.089172  68.687697  2.514
 13     0.328 52658.03739598 17.17 159.085221  68.684662  3.546
 13     5.523 52658.03739663 17.36 159.081281  68.681642  3.546
 13     5.539 52658.03739727 17.02 159.077341  68.678612  3.546
 13     0.436 52658.03739792 17.52 159.073411  68.675582  3.546
 13     0.569 52658.03739856 17.62 159.069471  68.672552  3.546
 13     0.569 52658.03739921 17.79 159.065531  68.669532  3.546
 13     0.160 52658.03739985 18.46 159.061601  68.666502  3.546
 13     1.706 52658.03740050 18.05 159.057661  68.663472  3.546
 13    27.165 52658.03740114 18.49 159.053731  68.660442  3.546
 13    28.944 52658.03740179 18.18 159.049801  68.657412  3.546
 13    32.736 52658.03740243 17.09 159.045861  68.654392  3.546
 13    33.913 52658.03740307 17.81 159.041931  68.651362  3.546
 13    36.312 52658.03740372 16.78 159.038001  68.648332  3.546
 15     4.135 52728.03741620 13.76 159.095008  68.692889  2.525
 15     4.009 52728.03741685 14.19 159.091068  68.689869  2.525
 15     3.170 52728.03741749 14.73 159.087128  68.686839  2.525
 15     2.812 52728.03741814 14.62 159.083188  68.683809  2.525
 15     6.555 52728.03741878 14.77 159.079248  68.680779  2.525
 15     4.070 52728.03741943 14.71 159.075308  68.677759  2.525
 15     4.047 52728.03742007 15.24 159.071368  68.674729  2.525
 15     5.464 52728.03742072 15.17 159.067428  68.671699  2.525
 15     1.064 52728.03742136 15.40 159.063498  68.668669  2.525
 15    28.641 52728.03742201 10.10 159.059558  68.665649  2.525
 15    30.866 52728.03742265  9.36 159.055628  68.662619  2.525
 15    33.105 52728.03742330 10.10 159.051698  68.659589  2.525
 15    35.615 52728.03742394 10.46 159.047758  68.656559  2.525
 15    36.550 52728.03742458 12.15 159.043828  68.653529  2.525
 15    38.117 52728.03742523 12.88 159.039898  68.650509  2.525
 15    39.707 52728.03742587 13.41 159.035968  68.647479  2.525
 16     4.682 52763.03743345  2.12 159.045760  68.677574  3.683
 16     4.167 52763.03743409  8.56 159.041820  68.674544  3.683
 16     4.377 52763.03743474  4.91 159.037890  68.671524  3.683
 16     4.013 52763.03743538  4.44 159.033960  68.668494  3.683
 17     5.163 52798.03739833 25.83 159.113238  68.693397 33.114
 17     5.196 52798.03739897 20.63 159.109298  68.690367 33.114
 17     7.066 52798.03739962 18.75 159.105348  68.687340 17.441
 17     7.612 52798.03740026 18.45 159.101408  68.684310 17.441
 17     5.142 52798.03740542 42.10 159.069898  68.660090 17.441
 17     4.898 52798.03740607 26.54 159.065958  68.657070 17.441
 17     4.538 52798.03740671 20.52 159.062028  68.654040 17.441
 17     4.664 52798.03740736 17.58 159.058098  68.651010 17.441
 17     4.735 52798.03740800 17.35 159.054168  68.647980 17.441
 17     4.375 52798.03740864 17.58 159.050228  68.644950 17.441
 18     4.668 52833.03746883 23.74 159.114289  68.695055 28.243
 18     4.091 52833.03746948 22.10 159.110339  68.692025 28.243
 18     3.681 52833.03747012 17.63 159.106399  68.688995 28.243
 18     3.245 52833.03747077 16.92 159.102449  68.685975 28.243
 18     7.227 52833.03747141 15.44 159.098511  68.682945 14.033
 18     5.665 52833.03747657 14.15 159.067001  68.658725 14.033
 18     3.222 52833.03747721 13.79 159.063071  68.655695 14.033
 18     3.183 52833.03747786 14.19 159.059131  68.652675 14.033
 18     3.158 52833.03747850 13.21 159.055201  68.649645 14.033
 18     7.293 52833.03747915 11.94 159.051271  68.646615 14.033
 19     0.800 52868.03751191 47.23 159.104015  68.694190 31.533
 19     0.706 52868.03751255 51.24 159.100065  68.691160 31.533
 19     0.743 52868.03751320 48.09 159.096125  68.688140 31.533
 19     0.831 52868.03751384 41.13 159.092185  68.685106 10.019
 19     0.661 52868.03751448 23.86 159.088245  68.682076 10.019
 19     0.042 52868.03751513 24.28 159.084305  68.679056 10.019
 19     6.619 52868.03751835 26.18 159.064615  68.663916 10.019
 19     0.561 52868.03751900 25.33 159.060685  68.660886 10.019
 19     0.479 52868.03751964 25.49 159.056755  68.657856 10.019
 19     0.677 52868.03752029 24.65 159.052815  68.654836 10.019
 19     0.405 52868.03752093 23.63 159.048885  68.651806 10.019
 19     0.470 52868.03752158 22.64 159.044955  68.648776 10.019
 19     0.614 52868.03752222 20.25 159.041025  68.645746 10.019
 20     0.863 52903.03752961 36.74 159.079991  68.689139 30.651
 20     0.765 52903.03753025 33.82 159.076051  68.686119 30.651
 20     0.932 52903.03753090 37.21 159.072111  68.683089 30.651
 20     0.970 52903.03753154 36.03 159.068171  68.680059 30.651
 20     0.814 52903.03753218 38.55 159.064233  68.677034 21.956
 20     0.975 52903.03753283 38.07 159.060293  68.674004 21.956
 20     0.827 52903.03753347 42.88 159.056363  68.670974 21.956
 20     0.964 52903.03753412 42.34 159.052423  68.667944 21.956
 20     0.892 52903.03753476 41.00 159.048493  68.664924 21.956
 20     0.679 52903.03753541 41.51 159.044563  68.661894 21.956
 20     0.682 52903.03753605 41.88 159.040623  68.658864 21.956
 20     0.723 52903.03753670 41.18 159.036693  68.655834 21.956
 20     0.904 52903.03753734 42.13 159.032763  68.652804 21.956
 20     0.867 52903.03753799 44.07 159.028833  68.649774 21.956
 21     0.246 52938.03746815 39.33 159.063529  68.687583 10.674
 21     0.161 52938.03746879 43.56 159.059589  68.684553 10.674
 21     0.207 52938.03746943 43.77 159.055649  68.681533 10.674
 21     0.229 52938.03747008 41.19 159.051719  68.678503 10.674
 21     0.025 52938.03747072 40.26 159.047776  68.675471 16.656
 21     0.131 52938.03747137 39.15 159.043846  68.672441 16.656
 21     0.086 52938.03747201 38.89 159.039916  68.669421 16.656
 21     0.172 52938.03747266 38.17 159.035976  68.666391 16.656
 21     0.120 52938.03747330 40.53 159.032046  68.663361 16.656
 21     0.230 52938.03747395 40.73 159.028116  68.660331 16.656
 21     0.246 52938.03747459 38.12 159.024186  68.657301 16.656
 22     0.069 52973.03750022 22.53 159.094814  68.691372  3.934
 22     0.178 52973.03750087 23.24 159.090874  68.688342  3.934
 22     0.112 52973.03750151 23.92 159.086934  68.685322  3.934
 22     0.167 52973.03750216 23.94 159.082994  68.682289  5.709
 22     0.018 52973.03750280 24.29 159.079044  68.679269  5.709
 22    -0.059 52973.03750345 24.05 159.075114  68.676239  5.709
 22    -0.032 52973.03750409 23.84 159.071174  68.673209  5.709
 22    -0.018 52973.03750474 23.61 159.067234  68.670179  5.709
 22     0.049 52973.03750538 23.61 159.063294  68.667159  5.709
 22     0.026 52973.03750602 22.99 159.059364  68.664129  5.709
 22     0.135 52973.03750667 24.03 159.055424  68.661099  5.709
 22     0.043 52973.03750731 25.19 159.051494  68.658069  5.709
 22     0.088 52973.03750796 26.23 159.047564  68.655039  5.709
 22     0.177 52973.03750860 24.74 159.043624  68.652019  5.709
 23     2.651 53008.03750983 16.58 159.081207  68.690837  2.412
 23     2.250 53008.03751048 16.30 159.077267  68.687817  2.412
 23     0.543 53008.03751112 16.38 159.073327  68.684787  2.412
 23     0.789 53008.03751177 16.70 159.069387  68.681757  2.412
 23     0.858 53008.03751241 16.61 159.065448  68.678736  3.429
 23     1.286 53008.03751306 16.98 159.061508  68.675706  3.429
 23     0.525 53008.03751370 17.44 159.057568  68.672676  3.429
 23     0.405 53008.03751435 17.00 159.053638  68.669646  3.429
 23    24.739 53008.03751499 17.19 159.049708  68.666626  3.429
 23    29.587 53008.03751564 16.66 159.045768  68.663596  3.429
 23    31.279 53008.03751628 17.01 159.041838  68.660566  3.429
 23    32.881 53008.03751693 16.99 159.037908  68.657536  3.429
 23    34.953 53008.03751757 16.19 159.033978  68.654506  3.429
 23    36.916 53008.03751821 16.20 159.030048  68.651476  3.429
 24     0.643 53043.03746548 15.40 159.102252  68.691661  2.634
 24     0.198 53043.03746613 15.98 159.098302  68.688631  2.634
 24     0.249 53043.03746677 15.74 159.094362  68.685601  2.634
 24     0.264 53043.03746742 15.78 159.090412  68.682581  2.634
 24     0.081 53043.03746806 16.29 159.086476  68.679549  3.103
 24     0.068 53043.03747129 16.69 159.066776  68.664409  3.103
 24     0.245 53043.03747193 17.35 159.062846  68.661389  3.103
 24    29.210 53043.03747258 16.54 159.058906  68.658359  3.103
 24    34.565 53043.03747322 16.09 159.054976  68.655329  3.103
 24    32.425 53043.03747387 15.69 159.051046  68.652299  3.103
 24    34.136 53043.03747451 15.24 159.047106  68.649279  3.103
 24    40.610 53043.03747515 14.21 159.043176  68.646249  3.103
 25     1.987 53078.03749980 15.80 159.077411  68.690182  2.341
 25     0.547 53078.03750045 16.23 159.073471  68.687152  2.341
 25     0.464 53078.03750109 16.58 159.069528  68.684124  3.335
 25     0.371 53078.03750174 17.10 159.065588  68.681104  3.335
 25     0.152 53078.03750238 17.29 159.061648  68.678074  3.335
 25     0.342 53078.03750302 17.39 159.057718  68.675044  3.335
 25     0.266 53078.03750367 17.29 159.053778  68.672014  3.335
 25     0.399 53078.03750431 16.86 159.049848  68.668994  3.335
 25     0.127 53078.03750496 17.52 159.045908  68.665964  3.335
 25     2.500 53078.03750560 16.90 159.041978  68.662934  3.335
 25    31.407 53078.03750625 15.63 159.038048  68.659904  3.335
 25    33.021 53078.03750689 14.65 159.034108  68.656874  3.335
 25    35.703 53078.03750754 14.68 159.030178  68.653854  3.335
 25    37.211 53078.03750818 13.91 159.026258  68.650824  3.335
 26     2.398 53113.03746884 13.81 159.101800  68.693704  2.484
 26     2.197 53113.03746949 13.89 159.097850  68.690674  2.484
 26     0.283 53113.03747013 14.59 159.093910  68.687644  2.484
 26     0.246 53113.03747078 15.01 159.089970  68.684624  2.484
 26     0.178 53113.03747142 14.67 159.086018  68.681593  2.973
 26    -0.007 53113.03747207 14.84 159.082078  68.678563  2.973
 26    -0.007 53113.03747465 15.34 159.066328  68.666453  2.973
 26     0.752 53113.03747529 15.18 159.062388  68.663433  2.973
 26    28.230 53113.03747593 14.54 159.058448  68.660403  2.973
 26    27.435 53113.03747658 14.95 159.054518  68.657373  2.973
 26    29.860 53113.03747722 14.36 159.050588  68.654343  2.973
 26    32.746 53113.03747787 13.97 159.046648  68.651323  2.973
 26    38.900 53113.03747851 13.18 159.042718  68.648293  2.973
 27     6.340 53148.03751387  0.06 159.090004  68.692556  3.907
 27     6.671 53148.03751516  1.15 159.082124  68.686496  3.907
 27     7.097 53148.03751580  0.88 159.078176  68.683469 19.016
 27     4.553 53148.03751645  3.23 159.074236  68.680449 19.016
 27     2.990 53148.03751709  5.18 159.070296  68.677419 19.016
 27    -3.166 53148.03751774 11.04 159.066366  68.674389 19.016
 27    -2.233 53148.03751838 12.53 159.062426  68.671359 19.016
 27    -1.141 53148.03751903 14.00 159.058486  68.668339 19.016
 27    -0.652 53148.03751967 17.22 159.054556  68.665309 19.016
 27    -0.175 53148.03752032 20.10 159.050616  68.662279 19.016
 27     0.065 53148.03752096 18.79 159.046686  68.659249 19.016
 27     0.239 53148.03752161 18.55 159.042756  68.656219 19.016
 27     0.363 53148.03752225 19.21 159.038816  68.653199 19.016
 27     0.185 53148.03752290 16.60 159.034886  68.650169 19.016
 28     4.538 53183.03751317 29.89 159.099392  68.693812 35.226
 28     4.731 53183.03751381 22.33 159.095452  68.690782 35.226
 28     4.783 53183.03751446 20.27 159.091512  68.687752 35.226
 28     6.834 53183.03751510 20.96 159.087562  68.684732 35.226
 28     7.398 53183.03751575 20.21 159.083622  68.681702 35.226
 28     7.544 53183.03751639 24.80 159.079682  68.678672 35.226
 28     7.504 53183.03751704 26.65 159.075752  68.675650 10.089
 28     7.223 53183.03751833 30.79 159.067872  68.669590 10.089
 28     7.266 53183.03751897 31.79 159.063942  68.666560 10.089
 28     7.449 53183.03751962 22.86 159.060002  68.663540 10.089
 28    10.160 53183.03752026 16.17 159.056072  68.660510 10.089
 28    16.910 53183.03752091 15.11 159.052142  68.657480 10.089
 28    17.910 53183.03752155 14.26 159.048212  68.654450 10.089
 28    18.162 53183.03752220 13.89 159.044272  68.651420 10.089
 29     5.321 53218.03753815 18.31 159.086572  68.691547 35.035
 29     5.229 53218.03753880 17.85 159.082632  68.688517 35.035
 29     6.253 53218.03753944 17.46 159.078692  68.685487 35.035
 29     6.899 53218.03754009 16.04 159.074752  68.682457 35.035
 29     7.160 53218.03754073 16.08 159.070808  68.679427  4.703
 29     7.160 53218.03754137 17.51 159.066868  68.676407  4.703
 29     7.165 53218.03754202 17.32 159.062938  68.673377  4.703
 29     7.922 53218.03754266 16.33 159.058998  68.670347  4.703
 29     7.056 53218.03754331 18.16 159.055068  68.667317  4.703
 29    16.631 53218.03754395 14.79 159.051128  68.664297  4.703
 29    19.998 53218.03754460 13.50 159.047198  68.661267  4.703
 29    23.222 53218.03754524 13.82 159.043268  68.658237  4.703
 29    29.934 53218.03754589 13.26 159.039338  68.655207  4.703
 29    31.965 53218.03754653 12.33 159.035408  68.652177  4.703
 29    36.322 53218.03754718 11.66 159.031478  68.649157  4.703
 30     4.818 53253.03751726 19.48 159.064135  68.687560 31.411
 30     5.691 53253.03751791 16.87 159.060195  68.684530 31.411
 30     5.917 53253.03751855 16.08 159.056255  68.681500 31.411
 30     5.947 53253.03751920 16.19 159.052320  68.678472 10.486
 30     6.374 53253.03751984 15.14 159.048380  68.675442 10.486
 30     6.718 53253.03752048 15.19 159.044450  68.672412 10.486
 30     7.251 53253.03752113 15.39 159.040510  68.669392 10.486
 30     7.612 53253.03752177 14.07 159.036580  68.666362 10.486
 30    17.997 53253.03752242 12.62 159.032650  68.663332 10.486
 30    21.831 53253.03752306 11.77 159.028720  68.660302 10.486
 30    19.409 53253.03752371 13.54 159.024790  68.657272 10.486
 31     2.213 53288.03751586 44.07 159.099966  68.692953 19.498
 31     2.132 53288.03751650 44.11 159.096016  68.689923 19.498
 31     2.087 53288.03751715 43.93 159.092076  68.686903 19.498
 31     2.088 53288.03751779 48.07 159.088130  68.683874 32.922
 31     2.082 53288.03751844 45.09 159.084190  68.680844 32.922
 31     2.125 53288.03751908 38.81 159.080250  68.677824 32.922
 31     2.077 53288.03752102 41.23 159.068430  68.668734 32.922
 31     1.947 53288.03752166 46.80 159.064490  68.665714 32.922
 31     2.108 53288.03752230 44.43 159.060560  68.662684 32.922
 31     1.999 53288.03752295 41.47 159.056620  68.659654 32.922
 31     2.079 53288.03752359 47.29 159.052690  68.656624 32.922
 31     2.082 53288.03752424 43.53 159.048750  68.653604 32.922
 31     2.097 53288.03752488 41.31 159.044820  68.650574 32.922
 31     2.087 53288.03752553 44.30 159.040890  68.647544 32.922
 32     4.459 53323.03749222 14.27 159.095781  68.691103  3.008
 32     4.184 53323.03749286 14.56 159.091841  68.688073  3.008
 32     3.372 53323.03749351 14.46 159.087901  68.685053  3.008
 32     1.592 53323.03749415 15.42 159.083961  68.682023  3.008
 32     0.631 53323.03749480 15.75 159.080021  68.678993  3.008
 32     6.756 53323.03749544 15.67 159.076075  68.675972  6.384
 32     6.493 53323.03749673 16.14 159.068205  68.669912  6.384
 32     0.423 53323.03749738 16.43 159.064265  68.666882  6.384
 32     0.292 53323.03749802 17.06 159.060335  68.663862  6.384
 32     1.429 53323.03749867 16.64 159.056405  68.660832  6.384
 32     1.949 53323.03749931 17.48 159.052475  68.657802  6.384
 32    -8.987 53323.03749996 34.80 159.048535  68.654772  6.384
 32    31.306 53323.03750060 16.76 159.044605  68.651742  6.384
 32    32.545 53323.03750125 15.26 159.040675  68.648712  6.384
 33     4.879 53358.03745768 11.37 159.080030  68.689838  2.105
 33     5.810 53358.03745832 11.63 159.076090  68.686808  2.105
 33     5.999 53358.03745897 12.24 159.072150  68.683778  2.105
 33     6.135 53358.03745961 12.42 159.068211  68.680754  3.103
 33     5.830 53358.03746026 12.84 159.064271  68.677724  3.103
 33     6.248 53358.03746090 12.54 159.060341  68.674694  3.103
 33     5.161 53358.03746155 12.53 159.056401  68.671664  3.103
 33     4.402 53358.03746219 13.48 159.052471  68.668644  3.103
 33    23.691 53358.03746284 12.93 159.048541  68.665614  3.103
 33    29.965 53358.03746348 12.23 159.044601  68.662584  3.103
 33    32.026 53358.03746413 12.67 159.040671  68.659554  3.103
 33    33.498 53358.03746477 12.12 159.036741  68.656524  3.103
 33    34.964 53358.03746542 11.59 159.032811  68.653494  3.103
 33    37.542 53358.03746606 11.24 159.028891  68.650474  3.103
 34     4.801 53393.03747198 10.71 159.104019  68.692811  2.092
 34     4.493 53393.03747263 10.71 159.100079  68.689781  2.092
 34     6.240 53393.03747327 10.69 159.096129  68.686751  2.092
 34     7.093 53393.03747392 10.86 159.092189  68.683731  2.092
 34     7.220 53393.03747456 10.81 159.088248  68.680700  2.766
 34    26.744 53393.03747843 11.27 159.064618  68.662540  2.766
 34    27.695 53393.03747907 11.52 159.060678  68.659510  2.766
 34    29.911 53393.03747972 11.33 159.056748  68.656480  2.766
 34    36.816 53393.03748036 10.07 159.052818  68.653450  2.766
 34    38.476 53393.03748101 10.07 159.048878  68.650430  2.766
 34    40.470 53393.03748165  9.26 159.044948  68.647400  2.766
 35     4.568 53428.03746754 11.06 159.083167  68.691102  1.983
 35     5.005 53428.03746819 10.85 159.079227  68.688072  1.983
 35     5.560 53428.03746883 10.65 159.075287  68.685042  1.983
 35     6.200 53428.03746948 10.56 159.071350  68.682020  2.746
 35     6.245 53428.03747012 10.77 159.067410  68.678990  2.746
 35     6.706 53428.03747077 10.83 159.063470  68.675960  2.746
 35    17.956 53428.03747141 10.44 159.059540  68.672930  2.746
 35    22.127 53428.03747206 11.16 159.055600  68.669910  2.746
 35    25.071 53428.03747270 10.77 159.051670  68.666880  2.746
 35    27.957 53428.03747335 10.68 159.047740  68.663850  2.746
 35    31.683 53428.03747399  9.98 159.043810  68.660820  2.746
 35    32.400 53428.03747464 10.19 159.039880  68.657790  2.746
 35    35.372 53428.03747528  9.43 159.035950  68.654760  2.746
 35    37.206 53428.03747592  8.83 159.032020  68.651740  2.746
 36     4.795 53463.03748513  9.49 159.108034  68.692596  1.973
 36     4.486 53463.03748578  9.86 159.104095  68.689569  2.562
 36     5.475 53463.03748642  9.62 159.100145  68.686539  2.562
 36     6.964 53463.03748707  9.68 159.096205  68.683519  2.562
 36    28.926 53463.03749158  9.99 159.068635  68.662319  2.562
 36    27.326 53463.03749222  9.56 159.064695  68.659299  2.562
 36    33.521 53463.03749287  9.28 159.060765  68.656269  2.562
 36    36.515 53463.03749351  9.02 159.056825  68.653239  2.562
 36    40.164 53463.03749416  8.71 159.052895  68.650209  2.562
 36    41.907 53463.03749480  8.25 159.048965  68.647179  2.562
 36    42.527 53463.03749545  9.68 159.045035  68.644159  2.562
 37     5.624 53498.03755752  5.76 159.081935  68.689594  2.174
 37     5.507 53498.03755816  5.81 159.077995  68.686574  2.174
 37     5.082 53498.03755881  6.52 159.074055  68.683544  2.174
 37     5.395 53498.03755945  6.18 159.070115  68.680514  2.174
 37     6.441 53498.03756009  6.49 159.066168  68.677483  3.616
 37     7.055 53498.03756074  6.27 159.062228  68.674463  3.616
 37     6.834 53498.03756138  6.51 159.058298  68.671433  3.616
 37     8.913 53498.03756203  6.34 159.054358  68.668403  3.616
 37     6.898 53498.03756267  6.56 159.050428  68.665373  3.616
 37    31.577 53498.03756332  5.91 159.046488  68.662353  3.616
 37    32.594 53498.03756396  6.42 159.042558  68.659323  3.616
 37    38.698 53498.03756461  5.94 159.038628  68.656293  3.616
 37    37.799 53498.03756525  5.94 159.034698  68.653263  3.616
 37    41.340 53498.03756590  4.69 159.030758  68.650233  3.616
 38     3.019 53533.03753892 32.79 159.088599  68.692051 37.725
 38     2.914 53533.03753956 27.34 159.084659  68.689021 37.725
 38     2.960 53533.03754021 28.80 159.080719  68.685991 37.725
 38     2.973 53533.03754085 26.91 159.076779  68.682970  4.290
 38     6.757 53533.03754150 24.95 159.072839  68.679940  4.290
 38     6.804 53533.03754214 24.46 159.068899  68.676910  4.290
 38     7.132 53533.03754278 22.77 159.064969  68.673880  4.290
 38     7.067 53533.03754343 22.29 159.061029  68.670860  4.290
 38     6.974 53533.03754407 23.13 159.057099  68.667830  4.290
 38     6.985 53533.03754472 20.19 159.053159  68.664800  4.290
 38     6.277 53533.03754536 19.11 159.049229  68.661770  4.290
 38     4.667 53533.03754601 18.87 159.045299  68.658740  4.290
 38    17.845 53533.03754665 18.13 159.041359  68.655710  4.290
 38    18.500 53533.03754730 17.58 159.037429  68.652690  4.290
 38    18.809 53533.03754794 15.95 159.033509  68.649660  4.290
 39     5.227 53568.03755849 21.10 159.076721  68.690561 18.981
 39     4.617 53568.03755913 18.49 159.072781  68.687531 18.981
 39     2.298 53568.03755978 17.66 159.068841  68.684511 18.981
 39     3.218 53568.03756042 15.96 159.064901  68.681481 18.981
 39     1.912 53568.03756107 16.64 159.060961  68.678451 18.981
 39     1.935 53568.03756171 16.87 159.057021  68.675421 18.981
 39     1.630 53568.03756235 17.31 159.053091  68.672401 18.981
 39     5.849 53568.03756300 16.93 159.049151  68.669371 18.981
 39     4.436 53568.03756364 16.48 159.045221  68.666341 18.981
 39     6.066 53568.03756429 13.86 159.041281  68.663311 18.981
 39    17.951 53568.03756493 14.17 159.037351  68.660281 18.981
 39    28.130 53568.03756558 13.97 159.033421  68.657261 18.981
 39    38.891 53568.03756622 11.87 159.029494  68.654225 10.886
 40     2.971 53603.03750389 24.87 159.075456  68.690734 38.737
 40     2.774 53603.03750454 25.31 159.071516  68.687704 38.737
 40     2.578 53603.03750518 20.41 159.067576  68.684674 38.737
 40     5.141 53603.03750582 16.23 159.063635  68.681649  4.122
 40     5.258 53603.03750647 15.71 159.059695  68.678619  4.122
 40     6.130 53603.03750711 15.44 159.055765  68.675589  4.122
 40     6.387 53603.03750776 14.59 159.051825  68.672559  4.122
 40     6.996 53603.03750840 14.48 159.047895  68.669539  4.122
 40    16.643 53603.03750905 13.23 159.043965  68.666509  4.122
 40    17.641 53603.03750969 13.01 159.040035  68.663479  4.122
 40    18.656 53603.03751034 12.86 159.036095  68.660449  4.122
 40    19.028 53603.03751098 14.72 159.032165  68.657419  4.122
 40    19.340 53603.03751163 16.57 159.028235  68.654389  4.122
 41     1.676 53638.03750114 30.67 159.099040  68.691545 35.575
 41     1.592 53638.03750179 22.82 159.095090  68.688515 35.575
 41     6.122 53638.03750243 18.61 159.091150  68.685485 35.575
 41     7.322 53638.03750308 16.84 159.087210  68.682465 35.575
 41     7.451 53638.03750372 20.92 159.083260  68.679431 11.622
 41     7.343 53638.03750630 30.93 159.067510  68.667321 11.622
 41     7.238 53638.03750695 23.06 159.063570  68.664291 11.622
 41     6.618 53638.03750759 14.04 159.059640  68.661271 11.622
 41     9.992 53638.03750824 12.70 159.055700  68.658241 11.622
 42     0.183 53673.03752226 30.60 159.085629  68.690775 10.195
 42     0.175 53673.03752290 32.28 159.081689  68.687745 10.195
 42     0.278 53673.03752355 31.56 159.077739  68.684715 10.195
 42     0.221 53673.03752419 30.53 159.073807  68.681689 17.063
 42     0.258 53673.03752484 31.70 159.069867  68.678669 17.063
 42     0.216 53673.03752548 32.23 159.065927  68.675639 17.063
 42     0.183 53673.03752613 31.52 159.061987  68.672609 17.063
 42     0.139 53673.03752677 32.90 159.058047  68.669579 17.063
 42     0.160 53673.03752742 33.28 159.054117  68.666559 17.063
 42     0.160 53673.03752806 33.29 159.050177  68.663529 17.063
 42     0.206 53673.03752871 34.67 159.046247  68.660499 17.063
 42     0.116 53673.03752935 35.39 159.042317  68.657469 17.063
 42     0.206 53673.03753000 33.61 159.038377  68.654439 17.063
 42     0.244 53673.03753064 33.48 159.034447  68.651419 17.063
 42     0.161 53673.03753128 29.61 159.030517  68.648389 17.063
 43    -0.115 53708.03745409 25.36 159.079484  68.689536  5.058
 43    -0.233 53708.03745474 25.79 159.075544  68.686506  5.058
 43    -0.228 53708.03745538 26.57 159.071604  68.683476  5.058
 43    -0.208 53708.03745603 26.89 159.067668  68.680451  7.739
 43    -0.281 53708.03745667 26.80 159.063728  68.677421  7.739
 43    -0.319 53708.03745732 27.19 159.059798  68.674391  7.739
 43    -0.368 53708.03745796 27.24 159.055858  68.671361  7.739
 43    -0.290 53708.03745861 27.19 159.051928  68.668341  7.739
 43    -0.369 53708.03745925 28.17 159.047998  68.665311  7.739
 43    -0.334 53708.03745989 27.52 159.044058  68.662281  7.739
 43    -0.294 53708.03746054 27.05 159.040128  68.659251  7.739
 43    -0.270 53708.03746118 25.57 159.036198  68.656221  7.739
 43    -0.174 53708.03746183 24.48 159.032268  68.653191  7.739
 43    -0.304 53708.03746247 22.91 159.028348  68.650171  7.739
 44     0.273 53743.03736588 21.59 159.063679  68.688398  3.928
 44     0.156 53743.03736652 21.73 159.059739  68.685378  3.928
 44     0.207 53743.03736716 23.98 159.055799  68.682348  3.928
 44     0.220 53743.03736781 24.07 159.051867  68.679317  6.625
 44     0.201 53743.03736845 23.32 159.047927  68.676287  6.625
 44     0.093 53743.03736910 25.27 159.043997  68.673257  6.625
 44     0.085 53743.03736974 25.12 159.040067  68.670237  6.625
 44     0.150 53743.03737039 24.72 159.036137  68.667207  6.625
 44     0.137 53743.03737103 23.93 159.032197  68.664177  6.625
 44     0.171 53743.03737168 24.60 159.028277  68.661147  6.625
 45     4.190 53778.03739079 14.44 159.099001  68.692885  2.425
 45     4.044 53778.03739143 14.89 159.095061  68.689855  2.425
 45     1.684 53778.03739208 15.42 159.091121  68.686825  2.425
 45     0.300 53778.03739272 15.26 159.087181  68.683795  2.425
 45     0.431 53778.03739337 15.36 159.083235  68.680768  3.348
 45     0.470 53778.03739401 15.63 159.079295  68.677748  3.348
 45     0.247 53778.03739595 16.63 159.067485  68.668658  3.348
 45     0.152 53778.03739659 17.42 159.063555  68.665638  3.348
 45     2.450 53778.03739724 17.21 159.059615  68.662608  3.348
 45     2.331 53778.03739788 16.82 159.055685  68.659578  3.348
 45    27.598 53778.03739852 16.88 159.051755  68.656548  3.348
 45    30.234 53778.03739917 16.91 159.047825  68.653518  3.348
 45    31.960 53778.03739981 16.18 159.043895  68.650498  3.348
 45    39.490 53778.03740046 14.86 159.039955  68.647468  3.348
 46     3.746 53813.03736771 15.02 159.067836  68.689505  2.986
 46     3.041 53813.03736835 15.60 159.063896  68.686485  2.986
 46     0.412 53813.03736900 17.04 159.059956  68.683455  2.986
 46     0.466 53813.03736964 16.43 159.056016  68.680425  2.986
 46     0.447 53813.03737028 16.10 159.052086  68.677395  2.986
 46     0.522 53813.03737093 17.41 159.048146  68.674365  2.986
 46     0.337 53813.03737157 17.89 159.044216  68.671345  2.986
 46     0.217 53813.03737222 18.80 159.040286  68.668309  3.821
 46     0.280 53813.03737286 18.65 159.036356  68.665279  3.821
 46     0.396 53813.03737415 16.83 159.028496  68.659229  3.821
 46    30.012 53813.03737480 16.16 159.024566  68.656199  3.821
 47     2.480 53848.03742186 13.36 159.098775  68.692106  2.525
 47     3.982 53848.03742251 14.04 159.094825  68.689076  2.525
 47     4.126 53848.03742315 13.62 159.090885  68.686046  2.525
 47     0.520 53848.03742380 13.98 159.086945  68.683016  2.525
 47     4.673 53848.03742444 14.27 159.083005  68.679996  2.525
 47     0.512 53848.03742509 14.27 159.079065  68.676966  2.525
 47     0.344 53848.03742702 15.57 159.067246  68.667887  3.277
 47     0.181 53848.03742766 16.30 159.063306  68.664857  3.277
 47     2.146 53848.03742831 15.66 159.059376  68.661827  3.277
 47     1.374 53848.03742895 16.26 159.055436  68.658797  3.277
 47     0.516 53848.03742960 16.79 159.051506  68.655777  3.277
 47    31.161 53848.03743024 15.50 159.047576  68.652747  3.277
 47    37.656 53848.03743089 14.47 159.043636  68.649717  3.277
 47    39.013 53848.03743153 13.31 159.039706  68.646687  3.277
 49     5.226 53918.03750454 25.61 159.077620  68.688922 30.506
 49     4.746 53918.03750518 23.85 159.073680  68.685892 30.506
 49     4.176 53918.03750583 23.85 159.069740  68.682862 30.506
 49     3.815 53918.03750647 24.60 159.065800  68.679832 30.506
 49     3.572 53918.03750712 25.14 159.061860  68.676812 30.506
 49     3.691 53918.03750776 29.12 159.057920  68.673782 30.506
 49     3.701 53918.03750841 32.27 159.053986  68.670755  6.027
 49     3.633 53918.03750905 26.33 159.050046  68.667725  6.027
 49     3.377 53918.03750970 26.88 159.046116  68.664695  6.027
 49     3.340 53918.03751034 26.21 159.042176  68.661675  6.027
 49     3.445 53918.03751098 24.55 159.038246  68.658645  6.027
 49     3.550 53918.03751163 23.38 159.034316  68.655615  6.027
 49    14.090 53918.03751227 22.96 159.030386  68.652585  6.027
 50     2.364 53953.03750783 31.34 159.074608  68.689362 41.133
 50     2.463 53953.03750847 24.67 159.070668  68.686332 41.133
 50     2.352 53953.03750912 33.30 159.066728  68.683302 41.133
 50     2.343 53953.03750976 41.72 159.062788  68.680272 41.133
 50     2.300 53953.03751041 42.71 159.058848  68.677242 41.133
 50     2.312 53953.03751105 44.38 159.054908  68.674222 41.133
 50     2.390 53953.03751170 40.53 159.050968  68.671192 41.133
 50     2.391 53953.03751234 44.41 159.047040  68.668164 17.561
 50     2.434 53953.03751299 44.90 159.043100  68.665134 17.561
 50     2.369 53953.03751363 45.06 159.039170  68.662104 17.561
 50     2.372 53953.03751427 45.66 159.035240  68.659074 17.561
 50     2.397 53953.03751492 44.57 159.031310  68.656054 17.561
 50     2.416 53953.03751556 41.13 159.027370  68.653024 17.561
 52     1.129 54023.03748624 43.67 159.102927  68.691929 13.593
 52     1.007 54023.03748689 40.16 159.098977  68.688909 13.593
 52     0.829 54023.03748753 31.09 159.095037  68.685879 13.593
 52     0.798 54023.03748818 28.18 159.091087  68.682849 13.593
 52     0.763 54023.03748882 24.90 159.087147  68.679819 13.593
 52     0.701 54023.03749204 23.66 159.067458  68.664688 22.070
 52     1.028 54023.03749269 31.93 159.063518  68.661658 22.070
 52     1.160 54023.03749333 45.35 159.059588  68.658628 22.070
 52     1.130 54023.03749398 50.38 159.055658  68.655608 22.070
 52     1.032 54023.03749462 53.89 159.051718  68.652578 22.070
 52     1.105 54023.03749527 47.28 159.047788  68.649548 22.070
 52     1.007 54023.03749591 52.74 159.043858  68.646518 22.070
 53     0.456 54058.03747905 19.49 159.098562  68.691221  4.065
 53     0.515 54058.03747970 20.47 159.094622  68.688201  4.065
 53     0.498 54058.03748034 20.47 159.090682  68.685171  4.065
 53     0.375 54058.03748099 20.87 159.086732  68.682141  4.065
 53     0.215 54058.03748163 20.58 159.082802  68.679111  4.065
 53     0.220 54058.03748421 21.07 159.067050  68.667007  4.553
 53     0.167 54058.03748485 21.90 159.063110  68.663977  4.553
 53     0.386 54058.03748550 22.86 159.059180  68.660947  4.553
 53     0.288 54058.03748614 22.68 159.055250  68.657917  4.553
 53     0.277 54058.03748679 21.94 159.051320  68.654897  4.553
 53     0.134 54058.03748743 21.75 159.047380  68.651867  4.553
 54     5.250 54093.03746068 12.59 159.074151  68.690667  2.292
 54     5.306 54093.03746132 12.78 159.070211  68.687647  2.292
 54     5.597 54093.03746197 13.09 159.066271  68.684617  2.292
 54     4.861 54093.03746261 13.32 159.062331  68.681587  2.292
 54     5.547 54093.03746326 14.14 159.058401  68.678557  2.292
 54     2.427 54093.03746390 13.72 159.054461  68.675527  2.292
 54    21.145 54093.03746455 13.32 159.050531  68.672507  2.292
 54     4.092 54093.03746519 13.73 159.046591  68.669475  3.378
 54    24.742 54093.03746584 14.05 159.042661  68.666445  3.378
 54    30.582 54093.03746648 12.60 159.038731  68.663425  3.378
 54    32.416 54093.03746712 12.97 159.034801  68.660395  3.378
 54    34.181 54093.03746777 12.07 159.030871  68.657365  3.378
 54    35.205 54093.03746841 12.88 159.026941  68.654335  3.378
 55     4.590 54128.03739583 12.68 159.111090  68.693638  2.461
 55     4.674 54128.03739648 12.42 159.107150  68.690618  2.461
 55     4.331 54128.03739712 13.41 159.103200  68.687588  2.461
 55     6.491 54128.03739777 12.71 159.099260  68.684558  2.461
 55    27.330 54128.03740292 12.45 159.067743  68.660340  2.744
 55    29.167 54128.03740357 12.52 159.063803  68.657310  2.744
 55    30.983 54128.03740421 12.04 159.059873  68.654290  2.744
 55    32.637 54128.03740486 11.87 159.055943  68.651260  2.744
 55    39.972 54128.03740550 11.15 159.052013  68.648230  2.744
 55    41.382 54128.03740615 10.82 159.048073  68.645200  2.744
 56     5.599 54163.03742993 10.16 159.081964  68.690070  1.911
 56     6.749 54163.03743057 10.30 159.078024  68.687040  1.911
 56     7.009 54163.03743122 10.42 159.074084  68.684010  1.911
 56     6.641 54163.03743186 11.05 159.070139  68.680980  2.812
 56    15.724 54163.03743251 11.17 159.066199  68.677960  2.812
 56     6.953 54163.03743315 11.24 159.062269  68.674930  2.812
 56     6.040 54163.03743380 11.47 159.058329  68.671900  2.812
 56    23.666 54163.03743444 11.61 159.054399  68.668870  2.812
 56    27.235 54163.03743509 11.06 159.050459  68.665850  2.812
 56    30.143 54163.03743573 10.47 159.046529  68.662820  2.812
 56    32.024 54163.03743637 11.14 159.042599  68.659790  2.812
 56    34.081 54163.03743702 10.48 159.038659  68.656760  2.812
 56    35.857 54163.03743766 10.00 159.034729  68.653730  2.812
 56    39.650 54163.03743831  9.24 159.030809  68.650710  2.812
 57     5.037 54198.03739900  9.56 159.101299  68.691628  1.995
 57     5.810 54198.03739965  9.87 159.097349  68.688598  1.995
 57     7.187 54198.03740029  9.90 159.093409  68.685578  1.995
 57     7.620 54198.03740094 10.21 159.089465  68.682546  2.574
 57     7.486 54198.03740158 10.25 159.085525  68.679516  2.574
 57    26.575 54198.03740481 10.31 159.065835  68.664386  2.574
 57    27.885 54198.03740545 10.90 159.061895  68.661356  2.574
 57    29.969 54198.03740610 10.66 159.057965  68.658326  2.574
 57    35.090 54198.03740674 10.62 159.054035  68.655296  2.574
 57    36.408 54198.03740739 10.37 159.050095  68.652276  2.574
 57    40.444 54198.03740803  9.15 159.046165  68.649246  2.574
 57    42.107 54198.03740867  9.33 159.042235  68.646216  2.574
 58     5.780 54233.03744237  3.16 159.096630  68.692952  2.137
 58     5.420 54233.03744302  3.34 159.092690  68.689922  2.137
 58     5.921 54233.03744366  3.16 159.088740  68.686892  2.137
 58     6.533 54233.03744431  3.07 159.084800  68.683862  2.137
 58     7.189 54233.03744495  3.29 159.080865  68.680834  2.363
 58     7.257 54233.03744560  3.26 159.076925  68.677814  2.363
 58     7.355 54233.03744624  3.09 159.072985  68.674784  2.363
 58     7.474 54233.03744689  3.24 159.069045  68.671754  2.363
 58     7.250 54233.03744753  2.77 159.065105  68.668724  2.363
 58     6.820 54233.03744818  3.21 159.061175  68.665704  2.363
 58     6.666 54233.03744882  3.08 159.057235  68.662674  2.363
 58     6.306 54233.03744947  3.07 159.053305  68.659644  2.363
 58     5.516 54233.03745011  3.44 159.049375  68.656614  2.363
 58     5.538 54233.03745076  3.30 159.045445  68.653584  2.363
 59     5.216 54268.03746149 39.41 159.090350  68.691799 36.048
 59     5.213 54268.03746213 37.17 159.086410  68.688769 36.048
 59     5.261 54268.03746278 34.63 159.082460  68.685739 36.048
 59     5.190 54268.03746342 43.42 159.078520  68.682709 36.048
 59     5.161 54268.03746407 44.43 159.074579  68.679688 17.172
 59     5.238 54268.03746471 42.16 159.070649  68.676658 17.172
 59     5.181 54268.03746536 44.54 159.066709  68.673628 17.172
 59     5.147 54268.03746600 44.20 159.062769  68.670598 17.172
 59     5.112 54268.03746665 44.41 159.058839  68.667578 17.172
 59     4.950 54268.03746729 34.52 159.054899  68.664548 17.172
 59     4.779 54268.03746794 29.98 159.050969  68.661518 17.172
 59     4.647 54268.03746858 26.13 159.047039  68.658488 17.172
 59     4.576 54268.03746923 24.54 159.043109  68.655458 17.172
 59     4.827 54268.03746987 23.59 159.039179  68.652428 17.172
 59     5.245 54268.03747052 38.31 159.035249  68.649408 17.172
 60     3.369 54303.03746545 35.69 159.090701  68.691843 32.882
 60     3.192 54303.03746609 22.62 159.086761  68.688823 32.882
 60     3.175 54303.03746674 20.82 159.082821  68.685793 32.882
 60     3.433 54303.03746738 20.37 159.078871  68.682763 32.882
 60     3.431 54303.03746803 21.95 159.074942  68.679743 11.435
 60     3.250 54303.03746867 25.32 159.071002  68.676713 11.435
 60     3.282 54303.03746932 29.97 159.067062  68.673683 11.435
 60     3.228 54303.03746996 35.52 159.063122  68.670653 11.435
 60     3.349 54303.03747061 41.43 159.059192  68.667623 11.435
 60     3.213 54303.03747125 35.91 159.055252  68.664603 11.435
 60     3.267 54303.03747189 28.78 159.051322  68.661573 11.435
 60     3.244 54303.03747254 27.59 159.047392  68.658543 11.435
 60     3.138 54303.03747318 23.79 159.043462  68.655513 11.435
 60     3.198 54303.03747383 26.27 159.039532  68.652483 11.435
 60     3.279 54303.03747447 21.72 159.035602  68.649463 11.435
 61     3.573 54338.03745178 20.82 159.080564  68.689446 33.012
 61     3.214 54338.03745243 19.61 159.076624  68.686416 33.012
 61     6.173 54338.03745307 15.94 159.072684  68.683386 33.012
 61     6.508 54338.03745372 15.02 159.068749  68.680363  3.600
 61     6.768 54338.03745436 14.52 159.064809  68.677333  3.600
 61     6.786 54338.03745501 14.25 159.060869  68.674303  3.600
 61     6.828 54338.03745565 13.48 159.056939  68.671273  3.600
 61     6.755 54338.03745630 13.88 159.052999  68.668253  3.600
 61     8.235 54338.03745694 13.66 159.049069  68.665223  3.600
 61    27.309 54338.03745758 13.40 159.045139  68.662193  3.600
 61    29.090 54338.03745823 12.32 159.041209  68.659163  3.600
 61    30.619 54338.03745887 12.13 159.037269  68.656133  3.600
 61    31.322 54338.03745952 13.94 159.033349  68.653113  3.600
 61    34.693 54338.03746016 14.52 159.029419  68.650083  3.600
 62     2.283 54373.03739838 31.70 159.098757  68.692021 34.339
 62     2.342 54373.03739903 46.62 159.094817  68.689001 34.339
 62     2.220 54373.03739967 51.69 159.090867  68.685971 34.339
 62     2.296 54373.03740032 51.91 159.086927  68.682941 34.339
 62     2.305 54373.03740096 51.39 159.082987  68.679911 34.339
 62     2.101 54373.03740161 41.83 159.079052  68.676883 30.208
 62     2.271 54373.03740354 51.64 159.067232  68.667803 30.208
 62     2.236 54373.03740418 51.28 159.063302  68.664773 30.208
 62     2.170 54373.03740483 52.66 159.059362  68.661753 30.208
 62     2.127 54373.03740547 51.90 159.055432  68.658723 30.208
 62     2.123 54373.03740612 53.16 159.051502  68.655693 30.208
 62     2.124 54373.03740676 53.17 159.047572  68.652663 30.208
 62     2.125 54373.03740741 51.66 159.043632  68.649633 30.208
 62     2.102 54373.03740805 53.43 159.039702  68.646613 30.208
 63     0.436 54408.03739665 31.11 159.086517  68.692082  8.826
 63     0.481 54408.03739729 33.33 159.082577  68.689052  8.826
 63     0.386 54408.03739794 32.55 159.078637  68.686032  8.826
 63     0.470 54408.03739858 33.06 159.074697  68.683002  8.826
 63     0.466 54408.03739923 32.66 159.070757  68.679972  8.826
 63     0.466 54408.03739987 32.35 159.066814  68.676950 13.419
 63     0.391 54408.03740052 32.83 159.062874  68.673920 13.419
 63     0.403 54408.03740116 35.25 159.058944  68.670890 13.419
 63     0.324 54408.03740180 36.76 159.055004  68.667860 13.419
 63     0.314 54408.03740245 35.42 159.051074  68.664840 13.419
 63     0.408 54408.03740309 35.53 159.047144  68.661810 13.419
 63     0.479 54408.03740374 35.48 159.043214  68.658780 13.419
 63     0.443 54408.03740438 36.02 159.039274  68.655750 13.419
 63     0.500 54408.03740503 33.44 159.035344  68.652720 13.419
 63     0.439 54408.03740567 34.95 159.031414  68.649690 13.419
 64     4.579 54443.03735816 15.84 159.112932  68.694371  2.601
 64     4.227 54443.03735880 15.99 159.108982  68.691351  2.601
 64     3.807 54443.03735945 16.68 159.105042  68.688321  2.601
 64     5.694 54443.03736009 16.00 159.101092  68.685291  2.601
 64     5.862 54443.03736074 16.18 159.097152  68.682261  2.601
 64     0.242 54443.03736589 16.89 159.065648  68.658049  3.222
 64    29.204 54443.03736654 16.26 159.061708  68.655019  3.222
 64    30.594 54443.03736718 17.45 159.057778  68.651989  3.222
 64    31.924 54443.03736783 15.84 159.053848  68.648959  3.222
 64    35.399 54443.03736847 15.16 159.049918  68.645939  3.222
 65     4.247 54478.03738560 14.55 159.091933  68.692441  2.394
 65     4.476 54478.03738625 14.54 159.087993  68.689411  2.394
 65     5.481 54478.03738689 14.57 159.084043  68.686391  2.394
 65     1.529 54478.03738753 15.29 159.080103  68.683361  2.394
 65     6.054 54478.03738818 14.42 159.076163  68.680331  2.394
 65     6.543 54478.03738882 14.68 159.072233  68.677311  2.394
 65     7.040 54478.03738947 13.81 159.068293  68.674281  2.394
 65    20.556 54478.03739011 14.06 159.064353  68.671251  2.394
 65    13.335 54478.03739076 14.11 159.060418  68.668226  2.871
 65    25.888 54478.03739140 13.56 159.056478  68.665196  2.871
 65    30.194 54478.03739205 13.28 159.052548  68.662166  2.871
 65    31.278 54478.03739269 13.17 159.048618  68.659136  2.871
 65    35.012 54478.03739334 12.78 159.044688  68.656116  2.871
 65    37.779 54478.03739398 12.54 159.040758  68.653086  2.871
 65    39.776 54478.03739463 12.22 159.036828  68.650056  2.871
 66     4.619 54513.03737343 13.61 159.110394  68.694267  2.301
 66     4.646 54513.03737407 13.54 159.106454  68.691237  2.301
 66     4.115 54513.03737471 13.54 159.102499  68.688211  2.596
 66     6.277 54513.03737536 13.82 159.098559  68.685181  2.596
 66     6.926 54513.03737600 13.71 159.094619  68.682161  2.596
 66    29.559 54513.03738052 12.88 159.067049  68.660961  2.596
 66    33.253 54513.03738116 12.47 159.063109  68.657941  2.596
 66    36.838 54513.03738181 12.10 159.059179  68.654911  2.596
 66    39.211 54513.03738245 11.93 159.055249  68.651881  2.596
 66    40.753 54513.03738310 11.75 159.051309  68.648851  2.596
 66    42.176 54513.03738374 11.83 159.047379  68.645831  2.596
 67     4.750 54548.03739986 12.64 159.082630  68.691169  2.006
 67     4.254 54548.03740050 13.36 159.078683  68.688141  2.608
 67     5.504 54548.03740115 13.39 159.074743  68.685121  2.608
 67     5.851 54548.03740179 13.50 159.070803  68.682091  2.608
 67     6.059 54548.03740244 13.22 159.066873  68.679061  2.608
 67     6.777 54548.03740308 13.29 159.062933  68.676031  2.608
 67    19.002 54548.03740373 13.15 159.058993  68.673011  2.608
 67    23.249 54548.03740437 12.48 159.055063  68.669981  2.608
 67    26.183 54548.03740501 12.37 159.051123  68.666951  2.608
 67    29.112 54548.03740566 11.96 159.047193  68.663921  2.608
 67    30.951 54548.03740630 11.93 159.043253  68.660891  2.608
 67    35.586 54548.03740695 11.36 159.039323  68.657871  2.608
 67    36.862 54548.03740759 11.30 159.035393  68.654841  2.608
 67    39.365 54548.03740824 10.50 159.031463  68.651811  2.608
 68     4.562 54583.03737014 12.06 159.092204  68.690437  2.066
 68     5.744 54583.03737078 11.64 159.088272  68.687412  2.429
 68     6.027 54583.03737143 11.98 159.084322  68.684392  2.429
 68     6.648 54583.03737207 11.71 159.080382  68.681362  2.429
 68     6.705 54583.03737272 12.18 159.076442  68.678332  2.429
 68    17.139 54583.03737336 11.99 159.072502  68.675302  2.429
 68    19.527 54583.03737401 12.08 159.068572  68.672272  2.429
 68    21.935 54583.03737465 11.82 159.064632  68.669252  2.429
 68    25.209 54583.03737530 11.60 159.060692  68.666222  2.429
 68    27.152 54583.03737594 11.10 159.056762  68.663192  2.429
 68    32.451 54583.03737659 10.95 159.052832  68.660162  2.429
 68    34.434 54583.03737723 10.57 159.048892  68.657132  2.429
 68    35.861 54583.03737788 10.93 159.044962  68.654112  2.429
 68    39.190 54583.03737852 10.37 159.041032  68.651082  2.429
 68    41.028 54583.03737917 10.49 159.037102  68.648052  2.429
 69     7.353 54618.03739027 25.61 159.093125  68.692900 36.267
 69     6.891 54618.03739091 24.36 159.089185  68.689880 36.267
 69     6.940 54618.03739156 20.28 159.085243  68.686844  7.545
 69     7.376 54618.03739220 20.80 159.081303  68.683824  7.545
 69     7.551 54618.03739285 23.87 159.077363  68.680794  7.545
 69     7.475 54618.03739349 26.82 159.073423  68.677764  7.545
 69     7.542 54618.03739413 25.99 159.069483  68.674734  7.545
 69     7.403 54618.03739478 24.69 159.065553  68.671714  7.545
 69     7.250 54618.03739542 28.90 159.061613  68.668684  7.545
 69     7.181 54618.03739607 23.17 159.057673  68.665654  7.545
 69     7.006 54618.03739671 22.37 159.053743  68.662624  7.545
 69     6.818 54618.03739736 19.65 159.049813  68.659594  7.545
 69     6.960 54618.03739800 18.09 159.045873  68.656574  7.545
 69    17.861 54618.03739865 16.18 159.041943  68.653544  7.545
 69     7.372 54618.03739929 19.35 159.038013  68.650514  7.545
 70     5.570 54653.03740278 16.48 159.087205  68.691004 29.037
 70     4.983 54653.03740342 17.70 159.083259  68.687979  3.431
 70     6.069 54653.03740407 14.44 159.079319  68.684959  3.431
 70     6.611 54653.03740471 14.27 159.075379  68.681929  3.431
 70     6.758 54653.03740535 14.35 159.071439  68.678899  3.431
 70     7.018 54653.03740600 13.27 159.067499  68.675869  3.431
 70     6.925 54653.03740664 13.58 159.063569  68.672849  3.431
 70     6.962 54653.03740729 13.72 159.059629  68.669819  3.431
 70     9.035 54653.03740793 13.06 159.055689  68.666789  3.431
 70     9.897 54653.03740858 11.55 159.051759  68.663759  3.431
 70    10.056 54653.03740922 11.18 159.047829  68.660729  3.431
 70    18.977 54653.03740987 10.81 159.043889  68.657709  3.431
 70    33.925 54653.03741051 10.03 159.039959  68.654679  3.431
 70    36.021 54653.03741116 10.07 159.036029  68.651649  3.431
 70    37.639 54653.03741180  9.97 159.032099  68.648619  3.431
 71     5.004 54688.03739267 15.35 159.079827  68.689882 32.739
 71     4.859 54688.03739331 15.39 159.075887  68.686852 32.739
 71     4.117 54688.03739396 15.72 159.071949  68.683830  4.068
 71     3.241 54688.03739460 15.48 159.068009  68.680800  4.068
 71     6.321 54688.03739525 14.16 159.064069  68.677770  4.068
 71     6.514 54688.03739589 13.44 159.060139  68.674740  4.068
 71     6.530 54688.03739653 12.87 159.056199  68.671720  4.068
 71     6.338 54688.03739718 14.88 159.052259  68.668690  4.068
 71     5.817 54688.03739782 15.12 159.048329  68.665660  4.068
 71     4.329 54688.03739847 15.02 159.044399  68.662630  4.068
 71     4.776 54688.03739911 12.99 159.040469  68.659600  4.068
 71    18.215 54688.03739976 12.14 159.036529  68.656580  4.068
 71    34.835 54688.03740040 11.08 159.032609  68.653550  4.068
 71    36.095 54688.03740105 10.96 159.028679  68.650520  4.068
 72     1.395 54723.03734933 24.77 159.107517  68.692231 27.269
 72     1.268 54723.03734997 20.03 159.103567  68.689211 27.269
 72     1.223 54723.03735062 21.04 159.099625  68.686182 11.042
 72     1.387 54723.03735126 21.80 159.095685  68.683152 11.042
 72     0.917 54723.03735577 23.39 159.068105  68.661962 11.042
 72     0.665 54723.03735642 20.18 159.064175  68.658932 11.042
 72     0.766 54723.03735706 18.11 159.060235  68.655912 11.042
 72     0.950 54723.03735771 17.34 159.056305  68.652882 11.042
 72     1.055 54723.03735835 16.10 159.052375  68.649852 11.042
 72     1.268 54723.03735900 15.06 159.048445  68.646822 11.042
 72     1.489 54723.03735964 13.95 159.044515  68.643792 11.042
 73     1.244 54758.03736823 44.75 159.084564  68.690328 31.484
 73     1.385 54758.03736887 40.66 159.080624  68.687298 31.484
 73     1.463 54758.03736952 40.99 159.076684  68.684268 31.484
 73     1.462 54758.03737016 46.82 159.072744  68.681238 31.484
 73     1.460 54758.03737080 40.88 159.068804  68.678218 31.484
 73     1.405 54758.03737145 43.30 159.064864  68.675188 31.484
 73     1.436 54758.03737209 46.67 159.060934  68.672158 31.484
 73     1.347 54758.03737274 45.48 159.056994  68.669128 31.484
 73     1.376 54758.03737338 42.15 159.053064  68.666108 31.484
 73     1.358 54758.03737403 46.14 159.049124  68.663078 31.484
 73     1.411 54758.03737467 49.68 159.045194  68.660048 31.484
 73     1.367 54758.03737532 50.26 159.041264  68.657018 31.484
 73     1.339 54758.03737596 41.55 159.037334  68.653988 31.484
 73     1.281 54758.03737661 41.49 159.033404  68.650958 31.484
 74     0.175 54793.03734294 24.61 159.106763  68.692167  3.561
 74     0.213 54793.03734358 25.09 159.102818  68.689142 10.583
 74     0.251 54793.03734423 27.17 159.098878  68.686112 10.583
 74     0.266 54793.03734487 26.70 159.094928  68.683082 10.583
 74     0.327 54793.03734938 30.91 159.067358  68.661892 10.583
 74     0.234 54793.03735003 33.65 159.063418  68.658872 10.583
 74     0.180 54793.03735067 34.19 159.059488  68.655842 10.583
 74     0.182 54793.03735132 31.34 159.055558  68.652812 10.583
 74     0.040 54793.03735196 28.65 159.051618  68.649782 10.583
 74     0.039 54793.03735261 27.33 159.047688  68.646752 10.583
 74     0.061 54793.03735325 23.72 159.043758  68.643732 10.583
 75     3.641 54828.03736573 15.49 159.093217  68.692104  2.236
 75     4.022 54828.03736638 16.34 159.089277  68.689074  2.236
 75     5.178 54828.03736702 16.56 159.085336  68.686049  3.603
 75     5.358 54828.03736767 16.88 159.081396  68.683029  3.603
 75     5.912 54828.03736831 16.32 159.077456  68.679999  3.603
 75     5.874 54828.03736896 17.42 159.073516  68.676969  3.603
 75     6.521 54828.03736960 16.89 159.069576  68.673939  3.603
 75     5.213 54828.03737025 17.24 159.065636  68.670919  3.603
 75     0.058 54828.03737089 18.18 159.061706  68.667889  3.603
 75     1.322 54828.03737153 18.28 159.057766  68.664859  3.603
 75     2.358 54828.03737218 17.34 159.053836  68.661829  3.603
 75    27.573 54828.03737282 18.03 159.049906  68.658799  3.603
 75    32.629 54828.03737347 16.75 159.045966  68.655779  3.603
 75    31.046 54828.03737411 17.30 159.042036  68.652749  3.603
 75    35.214 54828.03737476 16.64 159.038106  68.649719  3.603
 76     3.037 54863.03733654 14.09 159.106986  68.694441  2.311
 76     3.287 54863.03733719 14.43 159.103046  68.691411  2.311
 76     4.196 54863.03733783 15.02 159.099101  68.688383  3.248
 76     5.013 54863.03733848 15.48 159.095161  68.685353  3.248
 76     0.378 54863.03733912 15.41 159.091221  68.682333  3.248
 76     0.304 54863.03734299 16.88 159.067581  68.664163  3.248
 76     0.406 54863.03734363 17.43 159.063651  68.661133  3.248
 76    28.441 54863.03734428 17.22 159.059711  68.658113  3.248
 76    30.306 54863.03734492 16.69 159.055781  68.655083  3.248
 76    31.893 54863.03734557 16.25 159.051851  68.652053  3.248
 76    37.422 54863.03734621 15.46 159.047921  68.649023  3.248
 76    39.954 54863.03734686 14.30 159.043991  68.645993  3.248
 77     3.750 54898.03736673 13.52 159.080363  68.689229  3.076
 77     3.410 54898.03736738 13.46 159.076423  68.686209  3.076
 77     0.278 54898.03736802 14.15 159.072483  68.683179  3.076
 77     0.214 54898.03736867 15.10 159.068543  68.680149  3.076
 77     4.121 54898.03736931 14.39 159.064603  68.677119  3.076
 77     1.379 54898.03736996 14.43 159.060663  68.674099  3.076
 77     0.157 54898.03737060 15.10 159.056733  68.671069  3.076
 77     0.434 54898.03737125 14.75 159.052793  68.668039  3.076
 77    24.328 54898.03737189 14.94 159.048863  68.665009  3.076
 77    26.293 54898.03737254 14.34 159.044933  68.661979  3.076
 77    29.429 54898.03737318 14.57 159.040993  68.658959  3.076
 77    33.717 54898.03737382 13.81 159.037063  68.655929  3.076
 77    35.732 54898.03737447 12.90 159.033133  68.652899  3.076
 77    37.281 54898.03737511 12.45 159.029203  68.649869  3.076
 78     3.285 54933.03733189 12.47 159.100098  68.693033  2.136
 78     3.479 54933.03733254 12.71 159.096158  68.690013  2.136
 78     4.327 54933.03733318 13.68 159.092209  68.686980  3.148
 78     0.987 54933.03733383 13.75 159.088269  68.683950  3.148
 78     0.767 54933.03733447 13.86 159.084329  68.680930  3.148
 78     5.634 54933.03733512 13.82 159.080389  68.677900  3.148
 78     0.286 54933.03733705 15.04 159.068569  68.668820  3.148
 78     0.243 54933.03733770 15.46 159.064639  68.665790  3.148
 78     0.853 54933.03733834 14.99 159.060699  68.662760  3.148
 78    28.643 54933.03733899 14.56 159.056769  68.659730  3.148
 78    30.379 54933.03733963 14.48 159.052829  68.656710  3.148
 78    31.491 54933.03734027 14.79 159.048899  68.653680  3.148
 78    37.539 54933.03734092 13.38 159.044969  68.650650  3.148
 78    39.068 54933.03734156 12.51 159.041039  68.647620  3.148
 79     1.164 54968.03736696 29.53 159.089633  68.690846 18.739
 79     5.433 54968.03736761 19.07 159.085693  68.687816 18.739
 79     4.971 54968.03736825 16.48 159.081744  68.684798  9.539
 79     4.478 54968.03736890 16.76 159.077804  68.681768  9.539
 79     6.772 54968.03736954 14.57 159.073864  68.678738  9.539
 79     6.972 54968.03737019 15.77 159.069934  68.675708  9.539
 79     6.991 54968.03737083 14.95 159.065994  68.672678  9.539
 79     7.048 54968.03737148 16.37 159.062054  68.669658  9.539
 79     6.993 54968.03737212 16.82 159.058124  68.666628  9.539
 79     6.853 54968.03737277 14.47 159.054184  68.663598  9.539
 79     6.289 54968.03737341 12.41 159.050254  68.660568  9.539
 79     5.542 54968.03737406 13.47 159.046314  68.657548  9.539
 79     4.828 54968.03737470 12.90 159.042384  68.654518  9.539
 79     0.435 54968.03737535 16.67 159.038454  68.651488  9.539
 79     0.503 54968.03737599 21.05 159.034524  68.648458  9.539
 80     4.940 55003.03738722 19.85 159.085503  68.689990 29.986
 80     4.854 55003.03738787 18.22 159.081562  68.686965  4.647
 80     4.414 55003.03738851 17.07 159.077622  68.683945  4.647
 80     6.095 55003.03738916 15.98 159.073682  68.680915  4.647
 80     6.934 55003.03738980 15.05 159.069742  68.677885  4.647
 80     6.849 55003.03739045 17.49 159.065802  68.674855  4.647
 80     6.980 55003.03739109 15.76 159.061872  68.671835  4.647
 80     6.940 55003.03739174 16.18 159.057932  68.668805  4.647
 80     6.914 55003.03739238 14.99 159.053992  68.665775  4.647
 80     6.411 55003.03739303 14.21 159.050062  68.662745  4.647
 80    10.451 55003.03739367 13.06 159.046132  68.659715  4.647
 80    32.376 55003.03739432 11.84 159.042192  68.656695  4.647
 80    34.206 55003.03739496 10.90 159.038262  68.653665  4.647
 80    35.595 55003.03739560 10.55 159.034332  68.650635  4.647
 81     1.489 55038.03737322 26.47 159.092066  68.692753 29.005
 81     1.214 55038.03737386 25.48 159.088116  68.689723 29.005
 81     1.983 55038.03737451 18.36 159.084179  68.686696  4.888
 81     1.854 55038.03737515 16.46 159.080239  68.683676  4.888
 81     1.389 55038.03737579 16.15 159.076299  68.680646  4.888
 81     6.560 55038.03737644 16.80 159.072359  68.677616  4.888
 81     6.582 55038.03737708 16.73 159.068419  68.674586  4.888
 81     6.499 55038.03737773 16.38 159.064479  68.671566  4.888
 81     6.708 55038.03737837 16.78 159.060549  68.668536  4.888
 81     6.295 55038.03737902 16.59 159.056609  68.665506  4.888
 81     3.658 55038.03737966 14.69 159.052679  68.662476  4.888
 81     3.595 55038.03738031 14.56 159.048749  68.659446  4.888
 81     1.304 55038.03738095 15.59 159.044809  68.656426  4.888
 81    30.884 55038.03738160 12.73 159.040879  68.653396  4.888
 81     1.861 55038.03738224 12.82 159.036949  68.650366  4.888
 82     5.101 55073.03735961 15.27 159.079408  68.690837 33.578
 82     5.283 55073.03736026 14.38 159.075468  68.687807 33.578
 82     5.650 55073.03736090 14.49 159.071529  68.684785  4.624
 82     2.593 55073.03736155 14.89 159.067589  68.681755  4.624
 82     6.104 55073.03736219 14.11 159.063649  68.678725  4.624
 82     6.592 55073.03736284 12.45 159.059719  68.675695  4.624
 82     6.617 55073.03736348 11.87 159.055779  68.672675  4.624
 82     6.499 55073.03736413 11.78 159.051849  68.669645  4.624
 82     6.027 55073.03736477 14.53 159.047909  68.666615  4.624
 82    16.952 55073.03736542 11.15 159.043979  68.663585  4.624
 82    18.317 55073.03736606 11.10 159.040049  68.660555  4.624
 82    18.305 55073.03736671 12.24 159.036119  68.657525  4.624
 82    30.960 55073.03736735 11.14 159.032189  68.654505  4.624
 82    32.001 55073.03736800 11.81 159.028259  68.651475  4.624
 83     4.191 55108.03730526 28.36 159.103406  68.692704 20.778
 83     3.832 55108.03730590 26.58 159.099456  68.689684 20.778
 83     3.274 55108.03730655 23.63 159.095522  68.686656 10.392
 83     6.289 55108.03730719 18.80 159.091572  68.683626 10.392
 83     6.930 55108.03730783 21.81 159.087632  68.680606 10.392
 83     6.641 55108.03731170 14.36 159.064002  68.662436 10.392
 83     6.415 55108.03731235 13.83 159.060072  68.659406 10.392
 84     3.605 55143.03731070 21.44 159.084741  68.691983  2.593
 84     0.157 55143.03731135 23.35 159.080802  68.688957  9.701
 84    -0.031 55143.03731199 24.14 159.076862  68.685937  9.701
 84     0.058 55143.03731264 26.35 159.072922  68.682907  9.701
 84     0.152 55143.03731328 27.57 159.068982  68.679877  9.701
 84     0.078 55143.03731393 30.61 159.065042  68.676847  9.701
 84     0.081 55143.03731457 33.13 159.061102  68.673827  9.701
 84    -0.018 55143.03731521 31.88 159.057172  68.670797  9.701
 84     0.034 55143.03731586 31.97 159.053232  68.667767  9.701
 84    -0.016 55143.03731650 32.66 159.049302  68.664737  9.701
 84     0.017 55143.03731715 31.90 159.045372  68.661707  9.701
 84    -0.023 55143.03731779 29.77 159.041442  68.658687  9.701
 84     0.076 55143.03731844 28.88 159.037502  68.655657  9.701
 84     0.018 55143.03731973 25.42 159.029642  68.649597  9.701
 85     3.862 55178.03727676 16.94 159.112567  68.694565  2.671
 85     3.743 55178.03727741 17.58 159.108617  68.691535  2.671
 85     3.417 55178.03727805 17.39 159.104674  68.688508  3.667
 85     0.929 55178.03727869 18.56 159.100734  68.685478  3.667
 85     0.299 55178.03727934 18.62 159.096784  68.682458  3.667
 85     1.128 55178.03728450 20.27 159.065274  68.658238  3.667
 85     0.947 55178.03728514 20.92 159.061344  68.655208  3.667
 85    29.937 55178.03728579 19.91 159.057414  68.652178  3.667
 85    31.753 55178.03728643 20.10 159.053474  68.649148  3.667
 85    38.164 55178.03728708 17.55 159.049544  68.646128  3.667
 85    41.462 55178.03728772 17.45 159.045614  68.643098  3.667
 86     3.771 55213.03730504 15.80 159.089227  68.692332  2.103
 86     3.496 55213.03730569 16.14 159.085287  68.689302  2.103
 86     3.994 55213.03730633 16.30 159.081337  68.686276  2.944
 86     1.064 55213.03730698 16.74 159.077397  68.683256  2.944
 86     1.081 55213.03730762 16.61 159.073457  68.680226  2.944
 86     5.159 55213.03730827 16.35 159.069527  68.677196  2.944
 86     6.089 55213.03730891 15.81 159.065587  68.674166  2.944
 86     5.096 55213.03730956 16.33 159.061647  68.671146  2.944
 86    13.465 55213.03731020 16.86 159.057717  68.668116  2.944
 86    24.805 55213.03731085 16.27 159.053777  68.665086  2.944
 86    29.550 55213.03731149 15.52 159.049847  68.662056  2.944
 86    31.562 55213.03731214 16.01 159.045917  68.659026  2.944
 86    32.533 55213.03731278 16.24 159.041977  68.656006  2.944
 86    34.255 55213.03731343 15.85 159.038047  68.652976  2.944
 86    39.677 55213.03731407 14.77 159.034117  68.649946  2.944
 87     3.111 55248.03727832 14.39 159.102379  68.693330  2.163
 87     2.523 55248.03727897 15.11 159.098439  68.690310  2.163
 87     2.034 55248.03727961 15.81 159.094491  68.687281  2.764
 87     6.088 55248.03728026 15.36 159.090551  68.684251  2.764
 87     4.697 55248.03728090 15.42 159.086611  68.681231  2.764
 87    23.843 55248.03728413 15.26 159.066921  68.666091  2.764
 87    27.012 55248.03728477 14.95 159.062981  68.663061  2.764
 87    28.334 55248.03728542 15.30 159.059051  68.660031  2.764
 87    33.712 55248.03728606 15.01 159.055111  68.657011  2.764
 87    36.150 55248.03728670 14.19 159.051181  68.653981  2.764
 87    37.935 55248.03728735 14.12 159.047251  68.650951  2.764
 87    41.006 55248.03728799 13.72 159.043321  68.647921  2.764
 88     4.397 55283.03729928 13.90 159.081493  68.690832  1.977
 88     4.281 55283.03729992 14.23 159.077545  68.687813  2.761
 88     4.569 55283.03730057 14.54 159.073605  68.684783  2.761
 88     2.363 55283.03730121 14.17 159.069665  68.681753  2.761
 88     4.802 55283.03730186 14.81 159.065735  68.678723  2.761
 88     5.757 55283.03730250 14.53 159.061795  68.675693  2.761
 88     3.941 55283.03730315 14.78 159.057855  68.672673  2.761
 88    21.332 55283.03730379 14.98 159.053925  68.669643  2.761
 88    27.007 55283.03730443 13.84 159.049985  68.666613  2.761
 88    27.165 55283.03730508 14.46 159.046055  68.663583  2.761
 88    30.934 55283.03730572 13.52 159.042125  68.660553  2.761
 88    33.569 55283.03730637 13.54 159.038185  68.657533  2.761
 88    35.086 55283.03730701 13.51 159.034255  68.654503  2.761
 88    40.076 55283.03730766 12.88 159.030325  68.651473  2.761
 89     3.867 55318.03726887 13.31 159.085491  68.689993  2.159
 89     3.492 55318.03726952 13.87 159.081552  68.686965  3.341
 89     0.693 55318.03727016 13.94 159.077612  68.683945  3.341
 89     0.580 55318.03727081 13.90 159.073672  68.680915  3.341
 89     0.222 55318.03727145 14.74 159.069732  68.677885  3.341
 89     0.402 55318.03727210 14.18 159.065792  68.674855  3.341
 89     0.241 55318.03727274 15.06 159.061852  68.671835  3.341
 89     0.192 55318.03727338 14.85 159.057922  68.668805  3.341
 89     0.176 55318.03727403 15.39 159.053982  68.665775  3.341
 89     0.106 55318.03727467 15.66 159.050052  68.662745  3.341
 89     0.217 55318.03727532 15.66 159.046122  68.659715  3.341
 89     0.219 55318.03727596 15.47 159.042182  68.656695  3.341
 89     0.372 55318.03727661 15.26 159.038252  68.653665  3.341
 89     0.287 55318.03727725 14.62 159.034322  68.650635  3.341
 90     5.484 55353.03727199 22.45 159.082744  68.689843 15.664
 90     5.300 55353.03727264 21.90 159.078799  68.686815  5.111
 90     4.984 55353.03727328 21.44 159.074859  68.683795  5.111
 90     4.953 55353.03727392 21.52 159.070919  68.680765  5.111
 90     4.997 55353.03727457 22.19 159.066979  68.677735  5.111
 90     4.848 55353.03727521 23.24 159.063049  68.674705  5.111
 90     4.795 55353.03727586 24.47 159.059109  68.671685  5.111
 90     4.746 55353.03727650 25.12 159.055179  68.668655  5.111
 90     4.732 55353.03727715 25.70 159.051239  68.665625  5.111
 90     5.010 55353.03727779 24.56 159.047309  68.662595  5.111
 90     5.041 55353.03727844 25.43 159.043379  68.659565  5.111
 90     5.052 55353.03727908 25.65 159.039449  68.656545  5.111
 90     5.137 55353.03727973 31.27 159.035519  68.653515  5.111
 90     5.216 55353.03728037 36.99 159.031579  68.650485  5.111
 91     4.010 55388.03726798 25.46 159.102414  68.692985 32.755
 91     2.193 55388.03726862 22.89 159.098464  68.689965 32.755
 91     3.185 55388.03726927 15.19 159.094528  68.686936  8.268
 91     6.655 55388.03726991 14.92 159.090578  68.683906  8.268
 91     7.599 55388.03727056 13.67 159.086638  68.680886  8.268
 91     7.547 55388.03727443 12.66 159.063008  68.662716  8.268
 91    41.228 55388.03727765 12.69 159.043348  68.647576  8.268
 92     2.970 55423.03728917 20.36 159.089239  68.691429  7.961
 92     2.819 55423.03728982 17.80 159.085299  68.688399  7.961
 92     3.334 55423.03729046 13.83 159.081359  68.685369  7.961
 92     2.148 55423.03729111 14.17 159.077419  68.682339  7.961
 92     6.652 55423.03729175 15.10 159.073479  68.679319  7.961
 92     6.892 55423.03729239 13.29 159.069539  68.676289  7.961
 92     6.745 55423.03729304 13.50 159.065599  68.673259  7.961
 92     6.793 55423.03729368 14.77 159.061669  68.670229  7.961
 92     9.059 55423.03729433 16.79 159.057729  68.667199  7.961
 92     1.311 55423.03729497 15.76 159.053799  68.664179  7.961
 92     2.650 55423.03729562 15.05 159.049859  68.661149  7.961
 92     3.397 55423.03729626 13.17 159.045929  68.658119  7.961
 92    32.349 55423.03729691 12.74 159.041999  68.655089  7.961
 92    34.738 55423.03729755 11.93 159.038069  68.652059  7.961
 92    36.775 55423.03729820 10.13 159.034142  68.649031 13.354
 93     5.017 55458.03726216 22.45 159.078148  68.690153 34.392
 93     4.574 55458.03726281 19.49 159.074198  68.687123 34.392
 93     5.511 55458.03726345 15.49 159.070259  68.684101  5.057
 93     6.274 55458.03726410 14.92 159.066329  68.681071  5.057
 93     6.637 55458.03726474 14.32 159.062389  68.678041  5.057
 93     6.709 55458.03726539 15.30 159.058449  68.675011  5.057
 93     6.908 55458.03726603 14.70 159.054519  68.671991  5.057
 93    25.116 55458.03726668 15.27 159.050579  68.668961  5.057
 93    29.431 55458.03726732 14.90 159.046649  68.665931  5.057
 93    29.734 55458.03726797 13.43 159.042719  68.662901  5.057
 93    17.960 55458.03726861 17.11 159.038789  68.659871  5.057
 93    18.583 55458.03726926 15.28 159.034859  68.656841  5.057
 93    18.128 55458.03726990 20.69 159.030929  68.653811  5.057
 93    18.842 55458.03727055 19.21 159.026999  68.650791  5.057
