-185517.597   154.856     0.00   55.31
-185141.593   196.102   109.68   55.67
-184765.507   223.413    72.61   32.12
-184389.339   224.493     2.87   23.04
-184013.089   210.900   -36.12   25.97
-183636.757   194.573   -43.38   20.41
-183260.343   186.425   -21.64   13.01
-182883.847   193.431    18.61   18.16
-182507.268   203.390    26.44   18.16
-182130.607   206.006     6.95   19.45
-181753.863   201.540   -11.85   23.33
-181377.037   194.982   -17.40   21.63
-181000.129   195.720     1.96   20.69
-180623.138   204.289    22.72   19.51
-180246.064   210.336    16.04   13.80
-179868.908   204.079   -16.59   20.31
-179491.669   189.940   -37.47   27.33
-179114.347   172.901   -45.15   22.38
-178736.942   163.330   -25.36   12.66
-178359.455   164.850     4.03   14.12
-177981.884   172.493    20.24   17.67
-177604.231   184.202    31.00   22.15
-177226.495   193.058    23.44   26.99
-176848.675   204.952    31.48   31.72
-176470.772   212.821    20.82   33.98
-176092.786   222.035    24.37   31.61
-175714.717   237.891    41.93   33.18
-175336.565   260.020    58.51   32.52
-174958.329   274.058    37.11   25.36
-174580.009   277.962    10.32   19.50
-174201.607   263.533   -38.13   29.88
-173823.120   232.814   -81.15   34.93
-173444.550   204.924   -73.66   34.49
-173065.897   180.385   -64.80   25.47
-172687.160   168.104   -32.42   12.35
-172308.339   169.285     3.12   12.20
-171929.434   175.727    17.00   15.92
-171550.445   181.256    14.59   15.71
-171171.373   179.829    -3.76   17.86
-170792.216   175.171   -12.28   21.32
-170412.975   169.677   -14.49   21.68
-170033.651   165.254   -11.66   21.32
-169654.242   160.969   -11.29   19.29
-169274.749   156.075   -12.89   16.40
-168895.172   150.911   -13.60   13.44
-168515.510   146.656   -11.21   10.64
-168135.764   143.048    -9.50    6.86
-167755.934   140.961    -5.49    5.15
-167376.019   138.545    -6.36    4.58
-166996.020   136.815    -4.55    4.44
-166615.936   137.564     1.97    5.68
-166235.768   137.968     1.06    6.78
-165855.514   135.707    -5.95    7.91
-165475.177   133.677    -5.34    8.80
-165094.754   131.605    -5.45    7.55
-164714.246   131.489    -0.31    4.65
-164333.654   135.140     9.59    6.77
-163952.976   139.419    11.24    6.19
-163572.214   141.595     5.71    5.96
-163191.366   144.814     8.45    9.74
-162810.433   151.217    16.81   18.49
-162429.416   164.048    33.67   29.22
-162048.312   178.831    38.79   32.66
-161667.124   189.403    27.73   30.16
-161297.005   191.706     6.22   27.54
-160931.911   188.304    -9.32   26.39
-160566.741   184.156   -11.36   23.31
-160201.494   183.901    -0.70   18.62
-159836.169   190.044    16.81   16.00
-159470.768   194.937    13.39   14.29
-159105.289   204.564    26.34   19.20
-158739.733   215.474    29.84   25.21
-158374.099   231.172    42.93   30.77
-158008.389   246.370    41.55   32.43
-157642.601   265.028    51.00   31.91
-157276.735   281.646    45.41   31.89
-156910.792   296.666    41.04   27.64
-156544.771   302.535    16.03   20.30
-156178.673   295.176   -20.10   23.96
-155812.497   276.509   -50.97   27.07
-155446.244   253.838   -61.89   29.20
-155079.912   227.032   -73.17   31.01
-154713.503   201.340   -70.11   30.22
-154347.016   183.470   -48.75   19.51
-153980.451   179.036   -12.10   12.87
-153613.809   187.048    21.85   19.45
-153247.088   206.079    51.89   28.11
-152880.289   224.363    49.84   33.17
-152513.412   243.482    52.11   34.01
-152146.457   260.767    47.10   33.99
-151779.424   277.593    45.84   34.61
-151412.312   300.687    62.90   34.50
-151045.123   319.989    52.56   27.82
-150677.855   331.982    32.65   19.65
-150310.508   330.931    -2.86   25.85
-149943.083   320.623   -28.05   33.47
-149575.580   308.777   -32.23   32.02
-149207.998   303.395   -14.64   29.77
-148840.337   307.309    10.64   25.18
-148472.598   317.264    27.07   26.37
-148104.780   335.656    50.00   29.16
-147736.884   352.013    44.46   27.17
-147368.908   369.845    48.46   26.59
-147000.854   385.146    41.57   31.90
-146632.721   399.036    37.73   35.33
-146264.509   414.056    40.79   39.29
-145896.218   424.007    27.02   44.37
-145527.848   427.983    10.79   50.06
-145159.399   433.687    15.48   51.59
-144790.871   448.862    41.17   55.26
-144422.263   461.858    35.25   57.60
-144053.577   471.140    25.17   60.35
-143684.811   478.439    19.79   58.16
-143315.965   483.935    14.90   52.35
-142947.041   475.302   -23.40   44.48
-142578.036   465.824   -25.68   46.69
-142208.953   459.819   -16.27   44.69
-141839.790   454.901   -13.32   42.78
-141470.547   462.262    19.93   38.09
-141101.224   462.893     1.71   33.14
-140731.822   452.364   -28.50   39.06
-140362.340   435.226   -46.38   45.45
-139992.779   418.550   -45.12   42.26
-139623.137   417.416    -3.07   40.68
-139253.416   423.917    17.58   36.72
-138883.614   434.080    27.48   32.55
-138513.733   447.806    37.11   33.39
-138143.772   472.242    66.04   41.25
-137773.730   488.373    43.59   43.09
-137403.608   488.604     0.62   47.31
-137033.406   471.789   -45.42   54.71
-136663.124   445.408   -71.24   52.00
-136292.762   432.942   -33.66   42.77
-135922.319   438.826    15.88   43.36
-135551.796   449.064    27.63   37.02
-135181.192   454.028    13.39   40.02
-134810.508   443.676   -27.92   52.27
-134439.743   424.666   -51.27   55.25
-134068.897   394.727   -80.73   47.08
-133697.971   375.716   -51.25   40.18
-133326.964   353.958   -58.64   28.67
-132955.877   345.962   -21.55   24.08
-132584.708   351.250    14.24   29.85
-132213.459   364.323    35.21   26.97
-131842.129   370.770    17.36   19.22
-131470.717   363.403   -19.83   27.14
-131099.225   349.866   -36.44   27.72
-130727.652   336.207   -36.76   24.16
-130355.997   327.646   -23.03   24.47
-129984.261   329.758     5.68   24.83
-129612.444   336.166    17.23   23.66
-129240.546   340.927    12.80   22.85
-128868.567   343.474     6.85   22.21
-128496.505   331.986   -30.87   31.00
-128124.363   310.100   -58.80   37.94
-127752.139   280.315   -80.01   38.46
-127379.833   245.030   -94.77   40.03
-127007.446   211.460   -90.14   36.12
-126634.977   193.136   -49.19   24.71
-126262.426   189.728    -9.15   24.21
-125889.794   204.293    39.08   38.86
-125517.080   221.962    47.40   40.45
-125144.284   242.442    54.93   39.26
-124771.406   260.006    47.10   39.70
-124398.446   285.252    67.69   40.40
-124025.403   301.962    44.79   35.62
-123652.279   309.323    19.73   24.80
-123279.073   298.006   -30.32   34.14
-122905.784   273.677   -65.17   36.66
-122532.413   251.326   -59.86   32.13
-122158.960   236.220   -40.45   29.08
-121785.425   224.386   -31.68   31.57
-121411.807   215.582   -23.56   33.19
-121038.106   201.434   -37.86   33.99
-120664.323   189.503   -31.92   31.66
-120290.458   177.496   -32.11   28.58
-119916.510   168.656   -23.64   23.95
-119542.479   168.646    -0.03   27.00
-119168.365   173.646    13.36   35.38
-118794.169   187.171    36.14   45.13
-118419.889   203.370    43.28   48.84
-118045.527   227.573    64.64   44.98
-117671.082   237.736    27.14   34.23
-117296.554   235.435    -6.14   27.55
-116921.943   209.226   -69.96   44.91
-116547.248   174.866   -91.69   43.20
-116172.471   153.838   -56.11   24.06
-115797.610   149.312   -12.07   15.16
-115422.666   157.886    22.87   17.34
-115047.639   165.615    20.61   19.07
-114672.528   167.019     3.74   24.34
-114297.333   165.176    -4.91   27.83
-113922.056   159.716   -14.55   26.95
-113546.694   153.268   -17.18   22.55
-113171.249   147.391   -15.65   16.46
-112795.721   149.416     5.39   15.45
-112420.108   159.140    25.89   24.09
-112044.412   173.999    39.55   33.58
-111668.632   190.595    44.16   37.69
-111292.768   201.343    28.59   37.01
-110916.820   201.367     0.07   35.43
-110540.788   197.726    -9.68   28.80
-110164.672   194.550    -8.44   22.19
-109788.472   198.373    10.16   21.47
-109412.188   212.218    36.79   27.56
-109035.820   224.886    33.65   32.66
-108659.367   231.656    17.98   35.63
-108282.830   234.996     8.87   31.93
-107906.208   242.375    19.59   29.07
-107529.502   257.626    40.48   29.96
-107152.712   277.020    51.47   32.90
-106775.837   304.396    72.63   31.62
-106398.877   327.893    62.33   33.91
-106021.833   351.828    63.48   29.19
-105644.704   360.840    23.89   22.72
-105267.490   351.886   -23.73   34.71
-104890.191   327.316   -65.12   50.31
-104512.808   304.606   -60.17   46.89
-104135.339   302.413    -5.81   46.16
-103757.786   329.156    70.83   61.18
-103380.147   363.009    89.64   59.40
-103002.423   391.181    74.58   42.45
-102624.614   396.896    15.12   31.83
-102246.720   386.289   -28.07   34.39
-101868.740   372.230   -37.19   39.57
-101490.676   355.350   -44.65   44.83
-101112.525   343.754   -30.66   45.82
-100734.290   329.573   -37.49   42.94
-100355.968   320.866   -23.01   41.65
 -99977.561   313.416   -19.69   41.55
 -99599.069   310.458    -7.82   44.33
 -99220.491   305.280   -13.68   45.46
 -98841.827   290.329   -39.48   41.97
 -98463.077   273.343   -44.84   35.76
 -98084.241   256.236   -45.16   29.99
 -97705.320   243.808   -32.80   21.80
 -97326.312   240.280    -9.31   19.56
 -96947.218   240.198    -0.22   19.82
 -96568.039   235.795   -11.61   19.24
 -96188.773   226.047   -25.70   17.76
 -95809.421   223.666    -6.28   20.77
 -95429.982   224.093     1.13   30.38
 -95050.457   228.026    10.36   34.48
 -94670.846   231.035     7.93   39.60
 -94291.149   236.666    14.83   46.49
 -93911.365   245.272    22.66   53.51
 -93531.494   261.356    42.34   63.54
 -93151.537   268.171    17.94   69.79
 -92771.493   263.786   -11.54   70.90
 -92391.362   255.952   -20.61   69.45
 -92011.145   247.316   -22.71   57.97
 -91630.840   243.319   -10.51   60.04
 -91250.449   254.963    30.61   71.05
 -90869.971   254.522    -1.16   78.32
 -90489.405   250.246   -11.24   80.13
 -90108.753   231.312   -49.74   75.83
 -89728.014   207.764   -61.85   64.59
 -89347.187   184.850   -60.17   51.00
 -88966.273   166.636   -47.81   32.51
 -88585.271   155.993   -27.93   15.32
 -88204.183   154.666    -3.48   14.33
 -87823.006   155.503     2.20   15.95
 -87441.743   155.260    -0.64   16.07
 -87060.392   155.727     1.23   16.03
 -86684.539   157.804     5.53   18.04
 -86319.683   162.586    13.10   19.41
 -85954.749   169.996    20.30   20.48
 -85589.736   175.329    14.61   19.55
 -85224.643   174.189    -3.12   17.23
 -84859.472   174.440     0.69   16.31
 -84494.222   180.605    16.88   24.50
 -84128.893   186.393    15.84   30.12
 -83763.485   197.864    31.39   30.58
 -83397.997   207.982    27.68   30.11
 -83032.431   215.735    21.21   34.23
 -82666.785   220.625    13.37   35.74
 -82301.060   215.596   -13.75   31.69
 -81935.255   213.426    -5.93   28.67
 -81569.371   218.755    14.56   32.67
 -81203.408   233.121    39.25   38.38
 -80837.365   245.755    34.51   38.45
 -80471.243   244.536    -3.33   36.63
 -80105.041   228.376   -44.13   36.40
 -79738.759   202.930   -69.47   38.74
 -79372.398   178.858   -65.70   31.12
 -79005.957   168.504   -28.25   24.48
 -78639.436   176.476    21.75   38.92
 -78272.836   196.302    54.08   45.64
 -77906.155   207.930    31.71   40.61
 -77539.394   201.838   -16.61   37.55
 -77172.554   184.379   -47.59   33.55
 -76805.633   169.587   -40.31   25.51
 -76438.632   157.210   -33.72   19.40
 -76071.551   150.040   -19.53   20.03
 -75704.390   141.092   -24.37   19.45
 -75337.149   129.519   -31.51   16.58
 -74969.827   119.032   -28.55   14.21
 -74602.425   111.372   -20.85   13.54
 -74234.942   104.717   -18.11   11.41
 -73867.379   101.121    -9.78   11.25
 -73499.736   106.136    13.64   25.48
 -73132.012   111.870    15.59   32.05
 -72764.207   111.087    -2.13   31.33
 -72396.321   110.278    -2.20   28.71
 -72028.355   109.519    -2.06   21.24
 -71660.308   117.525    21.75   25.22
 -71292.180   142.076    66.69   33.83
 -70923.971   169.266    73.84   37.95
 -70555.682   193.894    66.87   44.44
 -70187.311   216.136    60.38   46.45
 -69818.859   239.978    64.71   49.07
 -69450.326   271.901    86.62   56.34
 -69081.712   309.161   101.08   54.70
 -68713.017   340.696    85.53   41.31
 -68344.240   348.717    21.75   38.86
 -67975.382   328.002   -56.15   53.94
 -67606.443   303.921   -65.27   50.96
 -67237.422   279.811   -65.33   37.04
 -66868.320   264.250   -42.16   32.28
 -66499.136   248.093   -43.76   38.67
 -66129.871   227.764   -55.05   36.27
 -65760.524   214.353   -36.31   25.97
 -65391.095   222.048    20.83   31.45
 -65021.585   239.913    48.35   35.07
 -64651.993   262.676    61.59   27.61
 -64282.319   275.999    36.04   22.90
 -63912.563   287.993    32.44   16.35
 -63542.725   290.028     5.50   22.61
 -63172.805   287.187    -7.68   31.41
 -62802.802   264.012   -62.63   47.79
 -62432.718   232.969   -83.88   53.76
 -62062.552   193.705  -106.07   48.94
 -61692.303   162.068   -85.45   37.66
 -61321.972   136.696   -68.51   19.38
 -60951.559   127.254   -25.49   11.90
 -60581.063   122.398   -13.11    6.70
 -60210.485   121.626    -2.08    6.71
 -59839.824   120.073    -4.19    7.19
 -59469.081   115.282   -12.92    8.51
 -59098.255   109.656   -15.17    8.64
 -58727.347   103.943   -15.40    7.76
 -58356.356   100.418    -9.50    7.49
 -57985.282    98.586    -4.94    6.49
 -57614.125    96.725    -5.01    5.77
 -57242.885    93.625    -8.35    5.73
 -56871.562    90.481    -8.47    6.20
 -56500.157    87.830    -7.14    5.45
 -56128.668    89.009     3.17    6.00
 -55757.096    90.426     3.81    5.73
 -55385.441    92.558     5.74    5.06
 -55013.703    92.846     0.77    5.31
 -54641.881    92.019    -2.22    7.47
 -54269.976    89.428    -6.97    9.68
 -53897.988    85.446   -10.71   10.11
 -53525.916    81.666   -10.16    9.00
 -53153.761    76.708   -13.32    9.62
 -52781.522    72.879   -10.29    8.33
 -52409.200    71.847    -2.77    8.07
 -52036.794    71.528    -0.86    7.82
 -51664.304    70.379    -3.09    8.85
 -51291.730    65.274   -13.70   14.81
 -50919.073    55.976   -24.95   17.91
 -50546.331    44.077   -31.92   14.66
 -50173.506    36.260   -20.97    9.30
 -49800.597    32.536    -9.99    4.73
 -49427.604    29.879    -7.12    4.20
 -49054.526    27.624    -6.04    6.47
 -48681.365    26.694    -2.49    6.80
 -48308.119    25.475    -3.27    7.43
 -47934.789    25.597     0.33    7.35
 -47561.374    26.777     3.16    6.92
 -47187.875    26.753    -0.06    7.09
 -46814.292    25.507    -3.33    7.47
 -46440.624    24.303    -3.22    7.91
 -46066.872    24.804     1.34    7.81
 -45693.035    24.408    -1.06    7.82
 -45319.113    23.450    -2.56    8.08
 -44945.107    26.264     7.52    7.73
 -44571.015    26.598     0.89    7.61
 -44196.839    28.086     3.98    7.23
 -43822.578    31.345     8.71    4.42
 -43448.232    32.838     3.99    1.78
 -43073.801    32.774    -0.17    1.64
 -42699.285    32.474    -0.80    1.60
 -42324.684    32.558     0.22    1.55
 -41949.998    32.547    -0.03    1.43
 -41575.226    32.567     0.05    1.41
 -41200.369    33.005     1.17    1.09
 -40825.427    32.963    -0.11    1.09
 -40450.399    32.676    -0.77    1.10
 -40075.286    32.274    -1.07    1.11
 -39700.087    32.365     0.24    1.33
 -39324.803    32.289    -0.20    1.48
 -38949.433    32.299     0.03    1.40
 -38573.977    31.972    -0.87    1.41
 -38198.436    31.899    -0.20    1.32
 -37822.808    31.852    -0.12    1.37
 -37447.095    31.666    -0.50    1.44
 -37071.296    31.479    -0.50    1.39
 -36695.411    31.306    -0.46    1.75
 -36319.440    31.309     0.01    1.76
 -35943.382    31.418     0.29    1.63
 -35567.239    31.726     0.82    1.48
 -35191.009    32.126     1.06    1.65
 -34814.693    32.209     0.22    1.88
 -34438.290    32.379     0.45    1.95
 -34061.802    32.433     0.14    2.12
 -33685.226    32.477     0.12    1.92
 -33308.565    32.742     0.70    2.19
 -32931.816    33.218     1.26    2.83
 -32554.981    33.112    -0.28    3.06
 -32178.059    33.074    -0.10    3.40
 -31801.051    33.906     2.21    5.01
 -31423.955    35.554     4.37    5.95
 -31046.773    37.323     4.69    6.20
 -30669.504    39.525     5.84    6.36
 -30292.148    43.559    10.69    7.35
 -29914.705    44.933     3.64    6.29
 -29537.174    43.132    -4.77    8.26
 -29159.557    41.359    -4.69    9.06
 -28781.852    40.911    -1.19    9.35
 -28404.060    42.141     3.26    9.67
 -28026.180    44.795     7.02    8.01
 -27648.214    44.372    -1.12    7.37
 -27270.159    43.814    -1.47    6.69
 -26892.017    44.733     2.43    6.88
 -26513.788    46.058     3.50    7.03
 -26135.471    46.617     1.48    8.79
 -25757.066    43.835    -7.35   12.12
 -25378.573    35.967   -20.79   13.52
 -24999.993    32.646    -8.77   12.75
 -24621.325    32.083    -1.49   11.47
 -24242.568    36.239    10.97   11.46
 -23863.724    39.403     8.35    9.27
 -23484.791    42.875     9.16    7.21
 -23105.771    45.012     5.64    6.66
 -22726.662    45.775     2.01    7.05
 -22347.465    47.271     3.95    6.94
 -21968.180    44.745    -6.66   10.34
 -21588.806    38.617   -16.15   15.58
 -21209.344    32.816   -15.29   14.66
 -20829.793    26.754   -15.97   11.43
 -20450.154    25.745    -2.66   10.38
 -20070.426    27.964     5.84    9.59
 -19690.610    29.274     3.45    7.86
 -19310.704    30.894     4.26    4.49
 -18930.710    30.230    -1.75    3.54
 -18550.627    27.577    -6.98    5.64
 -18170.455    24.705    -7.56    6.66
 -17790.194    23.161    -4.06    7.42
 -17409.844    23.541     1.00    8.39
 -17029.405    30.176    17.44   11.19
 -16648.877    36.694    17.13   12.51
 -16268.259    44.916    21.60   11.87
 -15887.553    52.215    19.17    9.57
 -15506.756    59.232    18.43    8.29
 -15125.871    66.233    18.38    8.38
 -14744.896    70.676    11.66    8.26
 -14363.831    72.377     4.46    7.04
 -13982.677    73.176     2.10    6.71
 -13601.433    74.435     3.30    8.43
 -13220.099    74.758     0.85   10.10
 -12838.676    76.656     4.98   10.81
 -12457.162    76.434    -0.58   13.01
 -12075.559    74.734    -4.46   13.31
 -11710.502    72.329    -6.59   15.04
 -11345.807    70.166    -5.93   15.63
 -10981.032    67.842    -6.37   15.61
 -10616.177    66.264    -4.33   14.17
 -10251.240    65.852    -1.13   13.96
  -9886.223    67.635     4.89   12.09
  -9521.125    65.947    -4.62   11.03
  -9155.946    66.864     2.51   11.76
  -8790.686    68.223     3.72   12.58
  -8425.345    67.858    -1.00   12.82
  -8059.923    66.787    -2.93   11.97
  -7694.420    66.502    -0.78   11.61
  -7328.836    62.182   -11.82    9.93
  -6963.171    62.810     1.72   10.54
  -6597.424    63.617     2.21   10.41
  -6231.596    57.783   -15.95   10.31
  -5865.687    53.761   -10.99   11.54
  -5499.696    50.789    -8.12   11.89
  -5133.624    45.156   -15.39    9.94
  -4767.471    39.076   -16.60    8.80
  -4401.235    33.889   -14.16   10.29
  -4034.919    27.752   -16.75    9.06
  -3668.520    21.824   -16.18    4.53
  -3302.040    20.041    -4.87    2.85
  -2935.478    21.064     2.79    3.91
  -2568.834    22.156     2.98    4.02
  -2202.108    21.339    -2.23    4.62
  -1835.300    18.460    -7.85    5.51
  -1468.411    14.161   -11.72    6.13
  -1101.439     8.836   -14.51    6.26
   -734.385     4.481   -11.86    5.92
   -367.249     1.151    -9.07    3.91
     -0.030     0.313    -2.28    2.32
    367.270     3.083     7.54    5.88
    734.653     7.365    11.65    6.81
   1102.118    10.813     9.38    5.37
   1469.666    13.385     7.00    1.24
   1837.296    12.839    -1.49    1.15
   2205.009    11.220    -4.40    3.85
   2572.805    11.281     0.16    3.65
   2940.683    11.521     0.65    3.50
   3308.644    11.772     0.68    3.09
   3676.687    12.521     2.03    2.21
   4044.814    11.986    -1.45    2.71
   4413.023    11.609    -1.02    2.72
   4781.315    11.656     0.13    2.25
   5149.691    12.108     1.23    1.77
   5518.149    11.694    -1.12    2.42
   5886.690    10.191    -4.08    3.18
   6255.315     9.427    -2.07    3.10
   6624.023     9.125    -0.82    2.91
   6992.814    10.989     5.05    4.03
   7361.688    12.868     5.09    3.30
   7730.646    13.753     2.40    2.66
   8099.687    13.316    -1.18    2.70
   8468.812    12.578    -2.00    2.68
   8838.020    11.401    -3.19    2.21
   9207.312    10.676    -1.96    1.84
   9576.688    10.860     0.50    1.78
   9946.147    11.596     1.99    1.86
  10315.690    12.194     1.62    1.72
  10685.317    12.303     0.29    1.88
  11055.028    12.501     0.53    2.39
  11424.823    12.637     0.37    2.26
  11794.701    12.715     0.21    2.19
  12164.664    12.889     0.47    2.00
  12534.711    12.819    -0.19    1.83
  12904.842    11.816    -2.71    1.79
  13275.058    10.996    -2.22    1.74
  13645.358    10.244    -2.03    1.77
  14015.742    10.112    -0.36    1.66
  14386.210    10.466     0.95    1.94
  14756.763    10.656     0.51    1.81
  15127.400    10.891     0.63    1.61
  15498.122    11.137     0.66    1.53
  15868.929    11.250     0.31    1.28
  16239.820    10.932    -0.86    1.42
  16610.796    10.743    -0.51    1.50
  16981.857    10.704    -0.11    1.35
  17353.003    10.999     0.80    1.29
  17724.234    11.537     1.45    1.10
  18095.549    11.911     1.01    0.87
  18466.950    11.921     0.03    0.93
  18838.436    11.896    -0.07    0.91
  19210.007    11.989     0.25    0.94
  19581.663    12.113     0.33    0.87
  19953.404    12.284     0.46    0.70
  20325.231    12.381     0.26    0.57
  20697.143    12.231    -0.40    0.72
  21069.141    12.191    -0.11    0.84
  21441.224    11.986    -0.55    0.99
  21813.392    11.819    -0.45    1.31
  22185.646    11.989     0.46    1.60
  22557.986    12.332     0.92    1.98
  22930.412    12.425     0.25    2.15
  23302.923    12.399    -0.07    1.79
  23675.521    12.103    -0.80    1.58
  24048.204    11.856    -0.66    0.87
  24420.973    11.903     0.13    1.02
  24793.828    12.770     2.32    2.27
  25166.770    14.105     3.58    2.87
  25539.797    15.142     2.78    3.42
  25912.911    16.072     2.49    3.43
  26286.111    17.821     4.69    4.77
  26659.397    18.802     2.63    5.58
  27032.770    19.262     1.23    5.28
  27406.229    18.637    -1.67    5.42
  27779.774    18.355    -0.75    5.80
  28153.406    19.347     2.66    5.54
  28527.125    19.738     1.04    5.22
  28900.931    18.925    -2.17    4.60
  29274.823    17.789    -3.04    3.39
  29648.802    18.608     2.19    4.49
  30022.867    21.111     6.69    6.10
  30397.020    24.791     9.83    5.70
  30771.260    25.714     2.47    6.42
  31145.587    23.442    -6.07    9.17
  31520.001    19.189   -11.36   11.59
  31894.502    15.793    -9.07   11.96
  32269.090    13.845    -5.20   10.43
  32643.765    16.278     6.50   10.18
  33018.528    19.637     8.96    8.55
  33393.378    19.901     0.70    5.58
  33768.316    19.113    -2.10    4.93
  34143.341    18.578    -1.43    5.07
  34518.454    20.127     4.13    5.64
  34893.655    20.141     0.04    5.13
  35268.943    19.021    -2.98    5.56
  35644.319    17.656    -3.64    5.86
  36019.782    15.462    -5.84    5.15
  36395.334    15.117    -0.92    5.58
  36770.974    15.504     1.03    7.48
  37146.701    14.377    -3.00    7.42
  37522.517    12.095    -6.07    5.39
  37898.421    10.780    -3.50    1.25
  38274.413    10.834     0.14    1.12
  38650.493    11.656     2.19    2.37
  39026.661    14.916     8.67    6.17
  39402.918    22.618    20.47   11.85
  39779.264    31.098    22.53   14.04
  40155.697    37.093    15.93   11.05
  40532.220    38.789     4.51    9.45
  40908.831    37.092    -4.51    9.70
  41285.531    32.925   -11.06    6.97
  41662.319    31.568    -3.60    5.56
  42039.196    35.504    10.44    8.46
  42416.162    38.738     8.58   10.32
  42793.217    38.427    -0.82   10.05
  43170.361    38.020    -1.08   10.40
  43547.594    35.850    -5.75    9.00
  43924.917    32.930    -7.74    6.61
  44302.328    34.589     4.40    8.08
  44679.829    39.935    14.16    9.13
  45057.419    44.970    13.34    8.54
  45435.098    46.406     3.80   12.12
  45812.866    47.214     2.14   14.68
  46190.725    46.084    -2.99   15.19
  46568.672    44.656    -3.78   12.43
  46946.710    44.942     0.76    7.05
  47324.837    43.636    -3.45    2.97
  47703.054    44.275     1.69    3.59
  48081.360    45.074     2.11    4.28
  48459.757    46.198     2.97    4.77
  48838.243    50.044    10.16    5.30
  49216.819    52.363     6.13    7.36
  49595.486    54.040     4.43    8.18
  49974.242    54.934     2.36    7.90
  50353.089    52.190    -7.24    7.70
  50732.026    47.399   -12.64    9.03
  51111.053    43.339   -10.71   11.19
  51490.171    38.742   -12.13   11.68
  51869.379    33.980   -12.56    8.36
  52248.678    31.560    -6.38    4.64
  52628.067    32.877     3.47    5.80
  53007.547    35.589     7.15    6.11
  53387.117    36.694     2.91    5.43
  53766.779    37.637     2.48    5.00
  54146.531    37.780     0.38    4.70
  54526.374    39.793     5.30    9.08
  54906.308    44.818    13.23   15.14
  55286.333    51.786    18.34   19.49
  55666.449    55.929    10.90   19.28
  56046.656    57.197     3.33   17.63
  56426.954    53.989    -8.43   15.16
  56807.344    45.370   -22.66    9.23
  57187.825    41.513   -10.14    5.32
  57568.397    41.595     0.22    7.70
  57949.061    41.850     0.67   10.38
  58329.816    41.460    -1.03   11.68
  58710.663    42.345     2.32   12.25
  59091.602    40.811    -4.03   10.95
  59472.632    41.882     2.81   10.76
  59853.754    43.983     5.51   11.75
  60234.968    42.703    -3.36   14.17
  60616.274    41.514    -3.12   16.07
  60997.672    36.713   -12.59   16.77
  61379.162    29.916   -17.82   10.90
  61760.744    28.387    -4.01    6.39
  62142.419    29.569     3.10    7.17
  62524.185    30.970     3.67    7.45
  62895.444    32.062     2.94    7.31
  63259.896    32.626     1.55    6.43
  63624.431    33.213     1.61    6.08
  63989.048    34.588     3.77    5.01
  64353.748    35.599     2.77    3.78
  64718.530    36.477     2.41    3.01
  65083.394    36.754     0.76    3.24
  65448.342    35.429    -3.63    3.29
  65813.372    34.891    -1.47    2.56
  66178.485    35.862     2.66    2.49
  66543.680    36.740     2.41    2.78
  66908.959    37.676     2.56    3.05
  67274.320    38.323     1.77    2.66
  67639.765    38.161    -0.44    2.95
  68005.292    37.329    -2.28    3.23
  68370.903    36.892    -1.20    2.70
  68736.597    37.214     0.88    2.24
  69102.374    37.721     1.39    2.44
  69468.234    38.319     1.63    2.78
  69834.178    38.929     1.67    2.67
  70200.205    38.856    -0.20    2.70
  70566.315    38.342    -1.40    3.32
  70932.509    38.128    -0.58    3.86
  71298.787    38.002    -0.34    4.73
  71665.148    37.002    -2.73    5.55
  72031.593    36.464    -1.47    6.37
  72398.121    36.799     0.91    6.74
  72764.734    37.095     0.81    5.63
  73131.430    36.666    -1.17    3.75
  73498.210    35.795    -2.37    2.77
  73865.074    35.339    -1.24    2.38
  74232.022    35.354     0.04    5.14
  74599.054    35.627     0.74    7.78
  74966.171    35.108    -1.42    8.45
  75333.371    33.422    -4.59    7.87
  75700.656    30.319    -8.45    4.13
  76068.025    29.665    -1.78    2.47
  76435.478    29.858     0.52    2.88
  76803.016    29.703    -0.42    3.33
  77170.639    29.486    -0.59    3.56
  77538.345    29.009    -1.30    3.66
  77906.137    29.341     0.90    3.87
  78274.013    29.112    -0.62    4.38
  78641.974    28.996    -0.32    4.29
  79010.019    29.497     1.36    4.76
  79378.150    30.310     2.21    5.86
  79746.365    30.731     1.14    6.41
  80114.665    31.207     1.29    6.30
  80483.050    33.045     4.99    6.08
  80851.521    33.477     1.17    5.36
  81220.076    35.194     4.66    4.25
  81588.717    35.675     1.30    3.85
  81957.443    33.381    -6.22    4.95
  82326.254    30.429    -8.00    5.55
  82695.150    27.636    -7.57    4.44
  83064.132    25.867    -4.79    2.09
  83433.199    25.246    -1.68    1.33
  83802.352    25.099    -0.40    1.07
  84171.591    25.161     0.17    1.07
  84540.915    26.181     2.76    2.39
  84910.325    28.056     5.08    3.21
  85279.820    30.022     5.32    3.86
  85649.402    33.142     8.44    5.39
  86019.069    35.749     7.05    6.22
  86388.822    36.580     2.25    6.62
  86758.661    36.491    -0.24    6.05
  87128.587    33.962    -6.84    5.22
  87498.598    30.722    -8.76    4.40
  87868.696    28.774    -5.26    3.71
  88238.879    27.983    -2.14    2.94
  88609.149    27.553    -1.16    2.54
  88979.506    28.213     1.78    2.91
  89349.949    29.674     3.95    3.98
  89720.478    31.329     4.47    4.60
  90091.094    33.382     5.54    4.25
  90461.797    33.930     1.48    3.48
  90832.586    34.263     0.90    3.48
  91203.462    34.581     0.86    3.13
  91574.424    34.080    -1.35    2.77
  91945.474    34.261     0.49    2.40
  92316.610    34.309     0.13    2.12
  92687.834    34.684     1.01    2.38
  93059.144    35.736     2.83    2.29
  93430.542    36.795     2.85    2.31
  93802.026    36.618    -0.48    2.51
  94173.598    35.105    -4.07    3.67
  94545.257    33.245    -5.00    3.75
  94917.004    30.983    -6.09    2.61
  95288.838    29.880    -2.97    2.20
  95660.759    30.340     1.24    2.33
  96032.768    31.417     2.90    2.64
  96404.864    31.955     1.44    3.20
  96777.048    33.133     3.16    3.00
  97149.320    34.011     2.36    2.56
  97521.679    34.279     0.72    2.77
  97894.126    33.812    -1.25    3.06
  98266.661    31.758    -5.51    4.34
  98639.284    29.048    -7.27    4.89
  99011.995    26.792    -6.05    3.89
  99384.795    26.151    -1.72    3.12
  99757.682    26.911     2.04    3.54
 100130.657    27.863     2.55    3.14
 100503.721    26.239    -4.35    5.86
 100876.873    22.860    -9.06    8.73
 101250.113    19.424    -9.20    9.89
 101623.442    16.292    -8.39    8.90
 101996.859    15.344    -2.54    7.14
 102370.365    17.233     5.06    8.83
 102743.959    21.721    12.02   10.11
 103117.643    26.656    13.21    9.71
 103491.414    28.894     5.99    7.26
 103865.275    28.805    -0.24    5.51
 104239.225    26.839    -5.26    4.79
 104613.263    24.120    -7.27    4.03
 104987.391    21.734    -6.38    2.38
 105361.607    20.908    -2.21    2.06
 105735.913    20.392    -1.38    2.17
 106110.308    18.730    -4.44    4.24
 106484.792    14.721   -10.71    7.92
 106859.365     9.813   -13.10    8.45
 107234.028     7.815    -5.33    7.47
 107608.780     6.992    -2.19    5.45
 107983.622     6.369    -1.66    4.36
 108358.553     6.262    -0.29    3.83
 108733.574     5.508    -2.01    3.03
 109108.685     5.543     0.09    2.93
 109483.885     7.739     5.85    4.18
 109859.175     9.506     4.71    4.41
 110234.555     9.955     1.20    4.41
 110610.025    10.443     1.30    4.27
 110985.585     9.284    -3.08    4.21
 111361.235     8.874    -1.09    3.96
 111736.975     8.066    -2.15    4.05
 112112.806     6.573    -3.97    3.88
 112488.726     5.836    -1.96    3.37
 112864.737     6.867     2.74    4.58
 113240.839     8.184     3.50    5.42
 113617.031     9.731     4.11    5.57
 113993.313     9.179    -1.47    4.89
 114369.686     8.207    -2.58    3.35
 114746.150     7.693    -1.37    1.99
 115122.704     8.079     1.02    2.52
 115499.349    10.247     5.76    5.02
 115876.085    13.359     8.26    6.05
 116252.912    17.922    12.11    7.70
 116629.830    20.303     6.32    7.27
 117006.839    18.820    -3.93    8.74
 117383.939    16.732    -5.54    8.63
 117761.130    14.509    -5.89    6.94
 118138.412    12.002    -6.65    5.61
 118515.786     9.581    -6.41    4.89
 118893.251     8.238    -3.56    3.50
 119270.807     7.392    -2.24    2.37
 119648.455     7.740     0.92    2.27
 120026.195     8.437     1.84    1.72
 120404.026     8.283    -0.41    1.72
 120781.949     7.714    -1.51    1.74
 121159.964     7.491    -0.59    1.54
 121538.070     7.598     0.28    1.63
 121916.268     7.774     0.47    1.62
 122294.559     7.722    -0.14    1.60
 122672.941     7.544    -0.47    1.65
 123051.416     7.258    -0.76    1.74
 123429.982     9.378     5.60    5.85
 123808.641    11.871     6.58    7.54
 124187.392    16.986    13.51    8.94
 124566.236    20.142     8.33    7.84
 124945.171    19.541    -1.59    8.21
 125324.200    15.638   -10.30    8.98
 125703.321    10.714   -12.99    6.72
 126082.534     7.410    -8.71    3.52
 126461.841     6.704    -1.86    3.63
 126841.240     7.263     1.47    5.47
 127220.731     8.014     1.98    6.49
 127600.316     7.674    -0.90    5.98
 127979.994     6.628    -2.76    3.41
 128359.765     5.674    -2.51    1.62
 128739.628     5.338    -0.89    1.23
 129119.585     4.980    -0.94    1.15
 129499.636     4.952    -0.07    1.22
 129879.779     5.048     0.25    1.11
 130260.016     5.008    -0.11    1.00
 130640.346     5.094     0.23    0.91
 131020.770     4.849    -0.65    1.03
 131401.288     4.745    -0.27    1.25
 131781.899     5.647     2.37    2.57
 132162.603     6.291     1.69    2.60
 132543.402     7.038     1.96    2.19
 132924.294     7.656     1.62    1.81
 133305.280     7.406    -0.66    1.18
 133686.361     7.439     0.09    1.26
 134067.535     7.684     0.64    1.17
 134448.803     7.788     0.27    1.14
 134830.166     7.710    -0.20    1.18
 135211.623     7.760     0.13    1.29
 135593.174     8.298     1.41    2.06
 135974.819     8.867     1.49    2.35
 136356.559     9.860     2.60    2.65
 136738.394     9.656    -0.53    2.91
 137120.323     8.862    -2.08    3.05
 137498.282     8.096    -2.02    2.68
 137862.488     7.918    -0.49    2.55
 138226.778     8.463     1.50    2.60
 138591.153     8.880     1.14    2.29
 138955.612    10.537     4.55    4.72
 139320.155    11.193     1.80    5.09
 139684.783    11.896     1.93    5.11
 140049.495    12.243     0.95    5.02
 140414.292    10.469    -4.86    4.20
 140779.173     8.961    -4.13    1.83
 141144.139     9.070     0.30    1.80
 141509.189     9.396     0.89    2.04
 141874.324    10.206     2.22    2.30
 142239.544    10.443     0.65    2.42
 142604.849     9.887    -1.52    3.09
 142970.239     8.395    -4.09    3.44
 143335.713     6.983    -3.86    3.47
 143701.273     5.465    -4.15    2.81
 144066.918     5.008    -1.25    2.83
 144432.647     5.313     0.84    4.37
 144798.463     5.041    -0.74    4.09
 145164.363     4.137    -2.47    2.06
 145530.349     3.998    -0.38    1.77
 145896.420     4.174     0.48    1.81
 146262.576     4.067    -0.29    1.73
 146628.818     4.335     0.73    1.76
 146995.146     4.396     0.17    1.98
 147361.559     4.196    -0.54    2.02
 147728.058     3.813    -1.05    2.04
 148094.642     3.243    -1.56    1.81
 148461.313     3.005    -0.65    1.56
 148828.069     2.973    -0.09    1.66
 149194.911     3.520     1.49    1.80
 149561.839     4.267     2.04    1.99
 149928.853     4.860     1.61    1.79
 150295.953     4.929     0.19    1.67
 150663.140     5.416     1.33    1.69
 151030.412     5.656     0.65    1.85
 151397.771     5.387    -0.73    2.13
 151765.216     5.041    -0.94    2.16
 152132.748     4.494    -1.49    2.00
 152500.366     3.779    -1.95    1.66
 152868.071     3.468    -0.84    1.62
 153235.862     3.301    -0.46    1.44
 153603.740     3.229    -0.20    1.58
 153971.704     2.913    -0.86    1.42
 154339.755     2.439    -1.29    1.01
 154707.894     2.269    -0.46    1.11
 155076.119     1.889    -1.03    1.30
 155444.430     1.546    -0.93    1.01
 155812.829     1.447    -0.27    0.81
 156181.315     2.749     3.53    3.24
 156549.889     5.738     8.11    5.77
 156918.549     9.666    10.66    6.55
 157287.296    13.445    10.25    5.10
 157656.131    15.915     6.70    2.16
 158025.053    16.656     2.01    0.00
 158394.063    16.656     0.00    0.00
 158763.160    16.656     0.00    0.00
 159132.345    16.656     0.00    0.00
 159501.617    16.656     0.00    0.00
 159870.978    16.656     0.00    0.00
 160240.425    16.674     0.05    0.30
 160609.961    16.571    -0.28    0.59
 160979.584    16.431    -0.38    0.92
 161349.296    16.329    -0.28    1.12
 161719.095    16.557     0.62    0.57
 162088.983    16.387    -0.46    1.07
 162458.958    16.115    -0.74    1.60
 162829.022    16.183     0.19    1.99
 163199.174    17.229     2.82    2.80
 163569.414    17.501     0.74    3.10
 163939.743    16.897    -1.63    3.61
 164310.160    16.227    -1.81    3.35
 164680.666    15.501    -1.96    2.03
 165051.260    15.783     0.76    1.57
 165421.943    15.728    -0.15    1.79
 165792.714    14.764    -2.60    2.34
 166163.574    13.332    -3.86    2.49
 166534.523    12.683    -1.75    2.20
 166905.561    13.874     3.21    3.24
 167276.688    15.169     3.49    3.42
 167647.904    16.039     2.34    2.94
 168019.209    15.320    -1.94    3.32
 168390.603    15.044    -0.74    3.05
 168762.086    14.901    -0.38    2.66
 169133.658    14.761    -0.38    2.54
 169505.320    15.494     1.97    1.91
