# NaN NaN NaN ;Mean Elev.(m), Avg Gradient(m/km), RMS Gradient(m/km) - SRTM1     
#    7.700  -7.515  19.155 ;Mean Elev.(m), Avg Gradient(m/km), RMS Gradient(m/km) - ASTER GDEM
#   31.493  -6.811  17.106 ;Mean Elev.(m), Avg Gradient(m/km), RMS Gradient(m/km) - GMTED2010 
  6    24.175 52439.43657964 24.25 152.497329  66.738700 27.833
  6    23.816 52439.43658029 22.73 152.493960  66.741780 18.027
  6    23.935 52439.43658093 29.26 152.490580  66.744850 18.027
  7    24.386 52474.43657771 24.36 152.504906  66.737049 16.359
  7    22.016 52474.43657836 34.05 152.501536  66.740119 16.359
  7    23.298 52474.43657900 39.91 152.498156  66.743199 16.359
  8    19.371 52509.43654090 29.75 152.516078  66.740072 15.565
  8    17.241 52509.43654154 35.58 152.512698  66.743142 15.565
  8    19.085 52509.43654219 31.78 152.509329  66.746215 18.623
  9    35.670 52544.43654115 27.15 152.499293  66.739247 12.594
  9    33.032 52544.43654179 33.69 152.495913  66.742327 12.594
  9    30.848 52544.43654244 42.70 152.492533  66.745397 12.594
 10    15.350 52579.43657891 28.34 152.503333  66.736737 17.364
 10    15.441 52579.43657956 36.87 152.499963  66.739817 17.364
 10    15.322 52579.43658020 36.36 152.496583  66.742887 17.364
 11    14.837 52614.43654609 25.54 152.513998  66.739272  7.765
 11    14.748 52614.43654673 26.81 152.510618  66.742342  7.765
 11    21.641 52614.43654738 24.32 152.507248  66.745422  7.765
 12    15.612 52649.43652629 22.77 152.505827  66.738260  6.030
 12    15.052 52649.43652693 22.82 152.502447  66.741330  6.030
 12    14.795 52649.43652758 22.33 152.499067  66.744410  6.030
 13    15.480 52684.43650766 19.75 152.520748  66.738975  8.767
 13    15.756 52684.43650831 20.97 152.517373  66.742048  6.414
 13    20.934 52684.43650895 19.45 152.514003  66.745128  6.414
 14    15.283 52719.43656127 19.28 152.504266  66.737675  4.061
 14    16.228 52719.43656191 19.33 152.500886  66.740755  4.061
 14    20.512 52719.43656255 18.79 152.497516  66.743825  4.061
 15    14.871 52754.43658558 19.21 152.506883  66.737420  5.542
 15    15.643 52754.43658623 18.48 152.503513  66.740490  5.542
 15    20.370 52754.43658687 18.03 152.500143  66.743560  5.542
 18    17.519 52859.43664968 36.81 152.503684  66.736639 26.552
 18    22.116 52859.43665033 33.98 152.500314  66.739709 26.552
 18    18.036 52859.43665097 28.64 152.496934  66.742789 26.552
 19    17.062 52894.43668082 48.03 152.507715  66.737713 28.614
 19    16.921 52894.43668146 52.88 152.504345  66.740783 28.614
 19    16.908 52894.43668211 51.69 152.500965  66.743853 28.614
 20    14.840 52929.43663080 46.08 152.518499  66.740827 14.307
 20    14.736 52929.43663144 47.58 152.515119  66.743907 14.307
 20    14.571 52929.43663209 37.36 152.511749  66.746977 14.307
 21    14.779 52964.43661705 23.49 152.499402  66.737252  6.982
 21    14.627 52964.43661770 25.59 152.496022  66.740332  6.982
 21    14.591 52964.43661834 28.34 152.492642  66.743402  6.982
 22    15.306 52999.43665282 20.43 152.504969  66.736630  4.883
 22    14.964 52999.43665347 24.00 152.501589  66.739710  4.883
 22    15.018 52999.43665411 22.52 152.498219  66.742780  4.883
 23    14.829 53034.43660404 20.77 152.517958  66.739548  6.530
 23    14.676 53034.43660469 22.39 152.514588  66.742618  6.530
 23    14.676 53034.43660533 20.20 152.511208  66.745698  6.530
 24    14.794 53069.43662101 22.39 152.505922  66.738775  5.176
 24    14.739 53069.43662165 23.49 152.502552  66.741855  5.176
 24    14.689 53069.43662230 22.12 152.499172  66.744925  5.176
 25    15.532 53104.43660580 15.38 152.520816  66.740113  4.215
 25    16.820 53104.43660645 15.32 152.517446  66.743193  4.215
 25    23.168 53104.43660709 15.60 152.514076  66.746263  4.215
 26    18.805 53139.43662646 32.87 152.502876  66.738236 12.901
 26    16.332 53139.43662711 37.03 152.499506  66.741306 12.901
 26    17.305 53139.43662775 39.23 152.496126  66.744376 12.901
 27    23.006 53174.43666415 42.61 152.503194  66.739134 20.159
 27    21.138 53174.43666480 44.88 152.499814  66.742204 20.159
 27    21.847 53174.43666544 41.34 152.496434  66.745284 20.159
 28    21.790 53209.43668087 19.24 152.509008  66.738003 34.634
 28    23.049 53209.43668151 17.30 152.505638  66.741083 34.634
 28    23.239 53209.43668216 18.97 152.502258  66.744153 34.634
 29    19.199 53244.43664852 21.49 152.516420  66.738706 16.776
 29    22.286 53244.43664916 20.42 152.513040  66.741786 16.776
 29    19.053 53244.43664981 29.51 152.509670  66.744856 16.776
 31    16.162 53314.43665068 24.07 152.505801  66.736838  7.763
 31    15.941 53314.43665132 26.55 152.502421  66.739918  7.763
 31    15.865 53314.43665197 26.18 152.499051  66.742988  7.763
 34    14.965 53419.43659812 23.67 152.515115  66.740262  6.888
 34    15.078 53419.43659876 19.66 152.511743  66.743332  5.119
 34    14.817 53419.43659941 19.79 152.508363  66.746412  5.119
 36    16.750 53489.43668924  4.81 152.498445  66.737782  3.343
 36    21.702 53489.43668988  5.44 152.495065  66.740862  3.343
 36    22.091 53489.43669052  5.42 152.491695  66.743932  3.343
 37    22.799 53524.43667560 40.95 152.509898  66.739356 17.159
 37    21.590 53524.43667624 41.85 152.506525  66.742428  9.777
 37    19.234 53524.43667689 42.19 152.503145  66.745508  9.777
 38    19.947 53559.43670242 43.66 152.504723  66.738568 21.025
 38    19.721 53559.43670306 44.88 152.501347  66.741641 22.212
 38    19.939 53559.43670371 43.98 152.497967  66.744721 22.212
 41    14.607 53664.43665679 33.71 152.502119  66.738506 25.568
 41    14.708 53664.43665743 38.14 152.498748  66.741585 11.559
 41    14.623 53664.43665808 37.99 152.495368  66.744655 11.559
 42    14.757 53699.43661404 26.88 152.515422  66.739578 10.064
 42    14.745 53699.43661468 27.78 152.512042  66.742658 10.064
 42    23.206 53699.43661533 26.87 152.508672  66.745728 10.064
 43    14.654 53734.43653633 23.29 152.526769  66.741521  7.352
 43    14.690 53734.43653698 25.13 152.523399  66.744591  7.352
 43    18.333 53734.43653762 22.87 152.520029  66.747661  7.352
 44    14.759 53769.43652109 23.89 152.509033  66.738647  6.314
 44    14.641 53769.43652173 23.44 152.505653  66.741717  6.314
 44    14.497 53769.43652237 26.15 152.502273  66.744797  6.314
 45    14.746 53804.43651633 20.13 152.521567  66.740292  6.369
 45    14.850 53804.43651697 21.66 152.518197  66.743362  6.369
 45    20.615 53804.43651762 20.55 152.514820  66.746435  9.473
 49    24.658 53944.43664965 23.09 152.502370  66.737298 26.452
 49    18.540 53944.43665030 29.19 152.499000  66.740368 26.452
 49    19.324 53944.43665094 33.48 152.495620  66.743448 26.452
 50    26.011 53979.43659802 20.26 152.518834  66.737744 16.910
 50    25.608 53979.43659867 18.13 152.515464  66.740824 16.910
 50    25.918 53979.43659931 18.13 152.512084  66.743894 16.910
 52    15.679 54049.43661784 21.45 152.514123  66.738240 12.211
 52    15.406 54049.43661849 22.56 152.510753  66.741320 12.211
 52    21.511 54049.43661913 21.56 152.507373  66.744390 12.211
 54    15.750 54119.43653897 15.71 152.525637  66.741926  4.050
 54    16.197 54119.43653962 15.66 152.522267  66.744996  4.050
 55    17.972 54154.43656674 15.69 152.506957  66.739130  5.702
 55    21.180 54154.43656739 14.60 152.503577  66.742200  5.702
 55    22.623 54154.43656803 15.83 152.500207  66.745280  5.702
 56    18.179 54189.43653425 13.99 152.523239  66.739426  6.037
 56    18.167 54189.43653489 14.91 152.519869  66.742496  6.037
 56    19.470 54189.43653554 14.36 152.516499  66.745566  6.037
 57    25.333 54224.43657713  4.92 152.504238  66.737078  4.405
 57    25.173 54224.43657778  4.24 152.500868  66.740148  4.405
 57    25.345 54224.43657842  4.00 152.497488  66.743228  4.405
 59    20.249 54294.43660137 40.21 152.509742  66.738017 17.422
 59    19.778 54294.43660201 34.93 152.506372  66.741087 17.422
 59    19.936 54294.43660266 33.76 152.502992  66.744167 17.422
 60    25.115 54329.43659537 17.25 152.514934  66.740124 20.590
 60    20.746 54329.43659601 23.42 152.511564  66.743194 20.590
 60    20.271 54329.43659666 36.04 152.508184  66.746274 20.590
 61    21.524 54364.43654128 36.02 152.523220  66.740261 20.981
 61    21.765 54364.43654193 42.11 152.519850  66.743331 20.981
 61    21.707 54364.43654257 42.17 152.516480  66.746401 20.981
 62    16.079 54399.43653578 26.73 152.510184  66.737292  6.941
 62    16.236 54399.43653643 30.45 152.506804  66.740362  6.941
 62    16.237 54399.43653707 30.52 152.503434  66.743432  6.941
 63    15.671 54434.43649380 23.44 152.519142  66.740718  6.182
 63    15.179 54434.43649444 25.04 152.515772  66.743788  6.182
 63    21.825 54434.43649509 22.51 152.512392  66.746868  6.182
 64    19.789 54469.43651929 16.57 152.503167  66.738173  3.559
 64    20.905 54469.43651994 16.59 152.499787  66.741243  3.559
 64    21.261 54469.43652058 16.92 152.496407  66.744323  3.559
 65    19.567 54504.43650851 15.72 152.517924  66.740678  3.953
 65    14.980 54504.43650916 19.10 152.514544  66.743748  3.953
 65    21.771 54504.43650980 15.76 152.511174  66.746828  3.953
 66    18.681 54539.43653403 15.57 152.513290  66.737079  4.208
 66    15.978 54539.43653467 17.05 152.509918  66.740159  3.702
 66    20.170 54539.43653532 17.02 152.506538  66.743229  3.702
 67    18.278 54574.43650908 13.46 152.521303  66.740139  4.677
 67    20.394 54574.43650972 13.06 152.517933  66.743209  4.677
 67    20.973 54574.43651037 13.41 152.514553  66.746279  4.677
 69    19.824 54644.43653462 41.58 152.511798  66.737386 21.259
 69    18.974 54644.43653527 44.01 152.508418  66.740456 21.259
 69    19.003 54644.43653591 44.92 152.505050  66.743527 17.579
 70    17.333 54679.43653642 43.90 152.509745  66.738226 28.415
 70    16.396 54679.43653706 52.54 152.506365  66.741296 28.415
 70    16.211 54679.43653771 51.73 152.502990  66.744367 20.560
 71    28.225 54714.43648775 20.58 152.524856  66.739490 12.989
 71    17.773 54714.43648839 23.06 152.521486  66.742570 12.989
 71    18.061 54714.43648904 25.87 152.518116  66.745640 12.989
 72    16.574 54749.43650644 49.85 152.503670  66.737884 24.962
 72    16.505 54749.43650709 52.44 152.500294  66.740962 19.143
 72    16.484 54749.43650773 51.88 152.496914  66.744032 19.143
 73    14.882 54784.43647602 32.05 152.515367  66.740089 13.635
 73    14.811 54784.43647667 29.95 152.511987  66.743159 13.635
 73    23.009 54784.43647731 28.61 152.508612  66.746229 11.387
 74    15.268 54819.43649895 21.25 152.504753  66.737624  5.473
 74    15.368 54819.43649959 20.80 152.501378  66.740702  4.589
 74    23.061 54819.43650024 20.92 152.497998  66.743772  4.589
 76    14.707 54889.43650329 18.54 152.509975  66.737257  4.222
 76    15.983 54889.43650393 18.93 152.506595  66.740327  4.222
 76    17.164 54889.43650458 18.75 152.503226  66.743396  4.089
 77    14.616 54924.43647230 19.95 152.521841  66.740922  4.118
 77    14.638 54924.43647295 18.93 152.518471  66.743992  4.118
 77    14.712 54924.43647359 19.64 152.515101  66.747062  4.118
 78    15.095 54959.43650153 33.83 152.502473  66.738408 18.693
 78    15.101 54959.43650217 34.95 152.499103  66.741488 18.693
 78    15.148 54959.43650282 40.86 152.495723  66.744558 18.693
 79    21.157 54994.43652324 42.97 152.507970  66.738066 11.409
 79    21.740 54994.43652388 45.46 152.504591  66.741139 17.529
 79    21.024 54994.43652453 44.40 152.501221  66.744219 17.529
 80    16.654 55029.43651328 46.93 152.511271  66.739119 12.071
 80    17.347 55029.43651392 48.23 152.507893  66.742190 25.633
 80    16.873 55029.43651457 49.14 152.504523  66.745270 25.633
 81    16.133 55064.43650411 39.96 152.515706  66.736811 30.236
 81    15.914 55064.43650475 38.38 152.512326  66.739891 30.236
 81    16.170 55064.43650540 26.43 152.508956  66.742961 30.236
 81    15.954 55064.43650604 24.41 152.505580  66.746033 21.735
 82    16.375 55099.43644906 26.61 152.522852  66.741566 19.780
 82    16.279 55099.43644970 28.34 152.519482  66.744646 19.780
 83    14.491 55134.43644892 33.37 152.505422  66.737587 10.333
 83    14.587 55134.43644957 37.97 152.502052  66.740665  9.278
 83    14.412 55134.43645021 34.99 152.498672  66.743735  9.278
 84    14.755 55169.43641325 29.77 152.517991  66.740244  8.771
 84    14.647 55169.43641390 29.18 152.514621  66.743314  8.771
 84    14.328 55169.43641454 27.97 152.511241  66.746386  6.155
 85    14.654 55204.43644202 22.75 152.504761  66.737807  9.250
 85    14.518 55204.43644266 26.07 152.501387  66.740876  5.664
 85    14.611 55204.43644331 25.38 152.498007  66.743956  5.664
 86    14.497 55239.43641999 25.08 152.518360  66.740116  6.219
 86    14.510 55239.43642064 24.66 152.514990  66.743196  6.219
 86    20.739 55239.43642128 20.53 152.511610  66.746266  6.219
 87    14.555 55274.43643559 18.55 152.513472  66.737453  6.027
 87    14.997 55274.43643624 20.67 152.510095  66.740525  5.066
 87    14.941 55274.43643688 19.71 152.506725  66.743605  5.066
 88    16.444 55309.43640323 16.34 152.523469  66.738794  7.480
 88    17.586 55309.43640388 15.11 152.520099  66.741874  7.480
 88    16.362 55309.43640452 16.25 152.516719  66.744944  7.480
 89    25.383 55344.43640394 42.61 152.512389  66.737501 14.460
 89    25.266 55344.43640459 43.22 152.509009  66.740571 14.460
 89    24.905 55344.43640523 44.32 152.505636  66.743643 19.914
 90    21.050 55379.43639831 42.25 152.517089  66.737860 13.546
 90    21.155 55379.43639895 42.92 152.513719  66.740930 13.546
 90    21.042 55379.43639960 44.50 152.510344  66.744003 21.968
 91    15.483 55414.43642398 36.21 152.504967  66.736967 35.109
 91    15.396 55414.43642462 41.12 152.501593  66.740036 18.156
 91    15.516 55414.43642527 30.35 152.498213  66.743116 18.156
 92    17.897 55449.43641127 26.58 152.516623  66.739067 19.921
 92    18.147 55449.43641192 44.03 152.513243  66.742147 19.921
 92    18.203 55449.43641256 50.07 152.509873  66.745217 19.921
 93    15.753 55484.43633710 36.16 152.527452  66.740607 19.878
 93    15.683 55484.43633774 48.10 152.524082  66.743677 19.878
 93    16.542 55484.43633839 42.61 152.520712  66.746757 19.878
