# NaN NaN NaN ;Mean Elev.(m), Avg Gradient(m/km), RMS Gradient(m/km) - SRTM1     
#   -3.919 -10.658  15.252 ;Mean Elev.(m), Avg Gradient(m/km), RMS Gradient(m/km) - ASTER GDEM
#    9.599  -3.839  21.258 ;Mean Elev.(m), Avg Gradient(m/km), RMS Gradient(m/km) - GMTED2010 
  8 157.460224  68.039364     6.667     6.826  3 52478.41888943 46.300
 11 157.466159  68.040577     1.364     1.688  3 52583.41887334 36.128
 12 157.472308  68.041706    18.189    18.189  2 52618.41884846 23.858
 13 157.464857  68.041382     7.234     9.019  3 52653.41882494 19.966
 14 157.476762  68.042035     7.620     7.088  3 52688.41882423 18.771
 15 157.463146  68.039843     7.148     6.748  3 52723.41887004 18.270
 16 157.461690  68.041775     4.576     2.863  3 52758.41889143 18.334
 17 157.454602  68.037930    11.429    11.376  4 52793.41884411 43.573
 18 157.458123  68.038125     7.956     8.287  4 52828.41891168 44.939
 19 157.463383  68.039144     7.446     8.902  3 52863.41895662 16.658
 20 157.465542  68.042276     6.167     4.052  3 52898.41898657 19.600
 22 157.454465  68.040237     0.615     0.615  2 52968.41894110 26.639
 23 157.461426  68.038598     5.702     4.911  4 53003.41896278 18.087
 24 157.470641  68.044142     7.020     7.020  2 53038.41891268 18.072
 25 157.463686  68.041036     3.733     3.733  2 53073.41894017 18.134
 26 157.475193  68.043681    17.120     9.612  3 53108.41891281 14.251
 29 157.463031  68.040143     7.965     7.731  3 53213.41899044 42.572
 32 157.464139  68.039836     2.711     2.773  4 53318.41894841 18.773
 33 157.477163  68.042567    16.457     7.862  3 53353.41891487 12.258
 34 157.450748  68.038289    10.535    10.290  3 53388.41891262 10.398
 35 157.471748  68.041653    12.156     9.020  4 53423.41891257 10.869
 36 157.456445  68.038525     7.191     7.439  4 53458.41891766 11.966
 37 157.457502  68.036282     2.430     2.430  2 53493.41900259 20.117
 38 157.469378  68.041404    77.091    78.246  4 53528.41898091  1.323
 39 157.463988  68.040676    32.340    17.873  3 53563.41901072 10.320
 40 157.474578  68.043214     7.750     8.112  3 53598.41895152 38.283
 41 157.447159  68.038176    36.958    37.360  3 53633.41894723 13.944
 42 157.460238  68.038042     2.738     2.863  3 53668.41896876 30.891
 44 157.483566  68.048577     1.071     1.071  2 53738.41882171 25.817
 45 157.466289  68.039123     2.477     1.220  3 53773.41883523 20.289
 46 157.478295  68.044214     7.037     7.682  3 53808.41882207 16.960
 49 157.459048  68.037099     7.865     8.019  3 53913.41894470 43.422
 51 157.472926  68.041918    10.341    10.302  4 53983.41889887 42.109
 52 157.454903  68.039024     4.467     2.924  3 54018.41892958 35.067
 53 157.468468  68.042400     2.389     2.389  2 54053.41892240 21.809
 54 157.473033  68.041077    10.930     7.686  3 54088.41891376 16.167
 55 157.451470  68.037655     9.141     9.462  4 54123.41883647 15.746
 56 157.463913  68.040470     9.418     9.349  3 54158.41887767 14.001
 57 157.451126  68.039012    10.116    10.159  3 54193.41883761 11.845
 58 157.463719  68.038760     9.887    10.040  3 54228.41888955  4.691
 59 157.462841  68.040063    30.754    30.540  3 54263.41890840 21.967
 60 157.464441  68.040217     9.228     9.256  4 54298.41891299 44.838
 65 157.462538  68.039279    10.885     9.982  3 54473.41883196 13.596
 66 157.452560  68.038207    17.103    10.316  3 54508.41881418 11.536
 67 157.467439  68.040415     7.915     8.144  3 54543.41884650 14.465
 68 157.462087  68.038310    16.945     9.503  3 54578.41881600 12.579
 69 157.468325  68.039661    14.504    14.803  3 54613.41883685 38.881
 70 157.463357  68.037654    81.155    81.155  2 54648.41884392  0.612
 71 157.467335  68.043499    12.227    12.227  2 54683.41884466 13.220
 73 157.465293  68.036655    28.140    28.140  2 54753.41881634 13.865
 74 157.452207  68.037749     6.726     9.336  3 54788.41878243 26.894
 75 157.459959  68.039444     4.721     3.863  4 54823.41881195 20.350
 76 157.450474  68.038713     6.874     7.101  3 54858.41877781 19.983
 77 157.467021  68.041197     8.128     7.908  3 54893.41881419 16.128
 78 157.452290  68.038154     7.225     7.446  3 54928.41877605 16.880
 80 157.463408  68.040480     8.091     7.461  3 54998.41883450 28.484
 81 157.460483  68.039259    11.190    11.082  3 55033.41882331 14.543
 83 157.450978  68.038779    52.053    49.111  3 55103.41875044  3.393
 84 157.463618  68.040502     6.615     7.933  3 55138.41875866 23.733
 85 157.450619  68.038871     6.116     6.119  4 55173.41871953 21.583
 86 157.460802  68.040141    17.223     9.489  3 55208.41875338 15.771
 87 157.454316  68.037563    23.657    30.644  3 55243.41872371 14.611
 88 157.468823  68.041405     7.786     7.534  3 55278.41874722 18.012
 89 157.459140  68.041710     7.832     7.832  2 55313.41871056 17.512
 90 157.469355  68.040969    67.260    67.481  3 55348.41871770  4.325
 91 157.455664  68.038183     7.356     7.349  3 55383.41870830 42.490
 92 157.460501  68.040879    10.341    10.341  2 55418.41873687 15.857
 93 157.474240  68.042269    24.953    22.021  3 55453.41871673 13.045
 94 157.479799  68.045612     3.308     3.632  3 55488.41863802 40.687
