# NaN NaN NaN ;Mean Elev.(m), Avg Gradient(m/km), RMS Gradient(m/km) - SRTM1     
#    4.734  -2.207   8.686 ;Mean Elev.(m), Avg Gradient(m/km), RMS Gradient(m/km) - ASTER GDEM
#    5.344  -3.165   9.836 ;Mean Elev.(m), Avg Gradient(m/km), RMS Gradient(m/km) - GMTED2010 
  7 158.148439  68.633311     8.038     8.921  4 52475.41502328 19.691
  8 158.166681  68.633917     8.338     8.249  3 52510.41497979 15.857
  9 158.144971  68.631651     8.352     8.220  4 52545.41499187 25.189
 10 158.147839  68.633384     1.025     1.268  4 52580.41502119 35.876
 11 158.163759  68.632523     5.237     5.457  4 52615.41498921 23.839
 12 158.152823  68.632605     6.750     5.893  3 52650.41496781 19.787
 13 158.166989  68.633920     8.489     8.620  4 52685.41495425 18.015
 14 158.150526  68.633124     8.104     7.736  4 52720.41500572 15.688
 15 158.152976  68.632936     7.881     8.234  3 52755.41502953 14.721
 16 158.136719  68.632295     8.615     8.486  4 52790.41497865 25.990
 17 158.144418  68.632717     8.510     8.491  4 52825.41504815 46.427
 19 158.155702  68.632449     3.674     3.653  4 52895.41512421 46.919
 20 158.167762  68.633907     1.210     1.281  4 52930.41507285 42.454
 21 158.144825  68.631112     6.715     5.796  4 52965.41506532 20.336
 23 158.165768  68.633574     9.704     9.834  4 53035.41504794 14.973
 24 158.152248  68.633305     8.247     8.139  4 53070.41506779 15.712
 25 158.168367  68.635185     8.202     7.922  4 53105.41504958 13.810
 26 158.149046  68.631440    33.970    34.601  4 53140.41507414  2.783
 27 158.152535  68.632115     8.250     8.145  3 53175.41510726 23.090
 28 158.154405  68.633405     4.906     4.867  4 53210.41512558 47.512
 29 158.162291  68.634069     6.386     6.718  4 53245.41509344 34.207
 30 158.138371  68.631535     9.381     8.816  3 53280.41507664 15.537
 31 158.150102  68.633335     6.439     6.286  4 53315.41509285 18.793
 32 158.163437  68.633733     8.272     7.450  3 53350.41505825 14.773
 33 158.140341  68.631978     9.283     9.166  4 53385.41503929 12.088
 34 158.163811  68.632514     9.786     9.686  4 53420.41504331 12.064
 35 158.141268  68.630761    10.044     9.639  4 53455.41504930 11.769
 36 158.140726  68.635321    22.205    22.205  2 53490.41513540  2.892
 37 158.156929  68.633468     6.464     6.492  4 53525.41511890 47.514
 38 158.152218  68.633302     5.934     4.952  4 53560.41514661 21.202
 39 158.169197  68.635450     8.221     8.252  4 53595.41508481 20.953
 41 158.148952  68.632627     1.511     1.474  4 53665.41510179 32.961
 42 158.164255  68.632882     0.789     0.835  4 53700.41505513 27.780
 43 158.177739  68.634729     1.036     1.081  4 53735.41497713 21.185
 44 158.153915  68.633925     5.589     5.275  4 53770.41496676 17.874
 45 158.170120  68.634062     6.733     6.631  4 53805.41495945 16.052
 47 158.148174  68.635513    24.832    24.832  2 53875.41502731  3.601
 48 158.143543  68.633074     8.749     8.671  4 53910.41507419 22.535
 49 158.149708  68.632194     7.769     7.530  4 53945.41509377 21.764
 50 158.162958  68.634911     6.412     6.413  4 53980.41504060 35.490
 51 158.139769  68.632079     3.032     2.872  3 54015.41505961 43.843
 52 158.161321  68.632342     6.110     6.850  4 54050.41506080 19.344
 53 158.159947  68.634637     8.950     8.789  4 54085.41505349 12.936
 54 158.175532  68.636171     9.011     8.760  4 54120.41498023 12.126
 55 158.153596  68.633428    10.480     9.180  4 54155.41501136 10.917
 56 158.172292  68.633523    10.526    10.441  4 54190.41497668  9.809
 57 158.150467  68.632334     9.514     9.323  3 54225.41502236  8.417
 58 158.154650  68.632712     7.730     7.550  3 54260.41504265 25.772
 59 158.157104  68.632354     5.909     5.004  4 54295.41504629 36.978
 60 158.162328  68.634546     6.953     7.246  4 54330.41503914 23.175
 61 158.170327  68.634996     3.628     3.607  4 54365.41498350 46.158
 62 158.154956  68.634154     1.372     1.314  4 54400.41498080 29.932
 63 158.166893  68.634209     8.706     7.683  3 54435.41493790 14.779
 64 158.149049  68.632643    11.177     9.873  3 54470.41496449 13.434
 65 158.167975  68.634013    10.249    10.250  4 54505.41495147 12.590
 66 158.156465  68.634216     9.196     9.340  4 54540.41497953 12.400
 67 158.168362  68.635319     9.280     8.948  4 54575.41495296 11.554
 68 158.155347  68.633979     8.300     7.877  4 54610.41497171 26.868
 69 158.154805  68.634245    13.503    12.964  4 54645.41497925 16.029
 70 158.157889  68.632724     2.779     2.892  4 54680.41498025 46.650
 71 158.173553  68.633447     1.920     1.964  4 54715.41493029 30.034
 72 158.150408  68.631664     3.042     2.672  4 54750.41495089 40.893
 73 158.163938  68.634239     1.078     1.072  4 54785.41491942 26.390
 74 158.149746  68.632565     6.883     5.843  4 54820.41494420 18.800
 75 158.164905  68.633205     7.453     6.793  4 54855.41491573 15.073
 76 158.156459  68.632914     7.747     7.423  4 54890.41494806 13.818
 77 158.170173  68.634801     6.750     6.632  4 54925.41491488 14.445
 78 158.149895  68.632361     3.856     3.545  3 54960.41494648 12.312
 79 158.155599  68.632100     7.124     6.906  4 54995.41496782 27.893
 80 158.158073  68.632791     5.216     4.068  4 55030.41495765 28.620
 81 158.160330  68.634577     7.269     7.716  4 55065.41494848 19.337
 82 158.170645  68.635903     7.195     7.196  4 55100.41489111 19.818
 83 158.151933  68.632041     0.660     0.719  4 55135.41489329 34.689
 84 158.166336  68.634491     6.275     5.958  4 55170.41485668 19.147
 85 158.151195  68.631907     7.702     7.059  4 55205.41488667 17.821
 86 158.166918  68.634516     8.638     8.581  4 55240.41486280 15.218
 87 158.159280  68.633492     8.762     8.654  3 55275.41488066 13.749
 88 158.170680  68.633350     9.310     9.676  4 55310.41484668 13.453
 89 158.159788  68.632030     8.377     8.052  3 55345.41484930 23.160
 90 158.161259  68.634706     8.994     8.762  4 55380.41484302 18.023
 91 158.148313  68.633299     6.962     7.094  4 55415.41486945 22.209
 92 158.165040  68.633648     6.597     6.889  4 55450.41485452 18.733
 93 158.174230  68.635798     2.832     3.063  4 55485.41477929 45.867
