# NaN NaN NaN ;Mean Elev.(m), Avg Gradient(m/km), RMS Gradient(m/km) - SRTM1     
#    4.369   0.006   8.452 ;Mean Elev.(m), Avg Gradient(m/km), RMS Gradient(m/km) - ASTER GDEM
#    2.092  -0.184   3.261 ;Mean Elev.(m), Avg Gradient(m/km), RMS Gradient(m/km) - GMTED2010 
  7     4.108 52445.03349142 37.84 160.306653  68.528249 28.979
  7     4.036 52445.03349206 24.77 160.302763  68.525209 28.979
  7     5.214 52445.03349271 21.03 160.298873  68.522179 28.979
  8     1.368 52480.03348409 25.57 160.307099  68.527419 22.961
  8     1.575 52480.03348473 20.56 160.303209  68.524389 22.961
  8     2.684 52480.03348538 25.16 160.299319  68.521359 22.961
  9     4.935 52515.03343237 13.45 160.306440  68.527694 18.951
  9     4.891 52515.03343301 13.41 160.302550  68.524664 18.951
  9     4.598 52515.03343366 22.91 160.298670  68.521634 18.951
 11    -0.016 52585.03345809 33.26 160.318618  68.527146  9.311
 11    -0.061 52585.03345873 35.79 160.314728  68.524116  9.311
 11    -0.023 52585.03345938 34.84 160.310838  68.521086  9.311
 12     0.697 52620.03343854 26.75 160.297674  68.527652  6.132
 12     0.686 52620.03343918 27.13 160.293794  68.524612  6.132
 12     0.735 52620.03343983 27.48 160.289904  68.521582  6.132
 13     1.784 52655.03342700 19.42 160.327046  68.527893  3.282
 13     2.793 52655.03342764 19.69 160.323156  68.524863  3.282
 13     3.496 52655.03342829 19.98 160.319266  68.521833  3.282
 14     2.522 52690.03342099 18.70 160.297572  68.527787  2.921
 14     3.003 52690.03342164 18.80 160.293682  68.524757  2.921
 14     3.516 52690.03342228 18.89 160.289802  68.521727  2.921
 15     1.370 52725.03346456 19.26 160.315052  68.525886  2.720
 15     3.293 52725.03346520 18.48 160.311162  68.522856  2.720
 15     4.286 52725.03346585 18.36 160.307282  68.519816  2.720
 16     0.549 52760.03348362 12.05 160.288822  68.526661  3.256
 16     0.966 52760.03348426 10.68 160.284932  68.523631  3.256
 16     0.666 52760.03348491 10.64 160.281052  68.520601  3.256
 17     4.001 52795.03343812 36.40 160.334223  68.527741 31.077
 17     3.868 52795.03343877 29.98 160.330333  68.524711 31.077
 17     3.979 52795.03343941 45.34 160.326443  68.521681 31.077
 18     2.762 52830.03350511 44.63 160.335153  68.527024 29.658
 18     2.635 52830.03350576 27.40 160.331263  68.523994 29.658
 18     2.842 52830.03350640 36.56 160.327373  68.520964 29.658
 19     4.275 52865.03354965 17.21 160.328175  68.526430 18.317
 19     3.277 52865.03355030 15.68 160.324285  68.523400 18.317
 19     5.530 52865.03355094 14.02 160.320395  68.520370 18.317
 20     0.252 52900.03357932 24.22 160.304545  68.526298 22.566
 20     0.441 52900.03357997 24.72 160.300655  68.523268 22.566
 20     2.148 52900.03358061 34.74 160.296765  68.520238 22.566
 21     0.270 52935.03352217 42.83 160.295636  68.528000 16.110
 21     0.396 52935.03352281 47.01 160.291756  68.524960 16.110
 21     0.296 52935.03352346 48.13 160.287866  68.521930 16.110
 21     0.209 52935.03352410 42.11 160.283986  68.518900 16.110
 22    -0.013 52970.03353960 28.82 160.322128  68.527581  5.458
 22     0.061 52970.03354024 29.12 160.318238  68.524551  5.458
 22     0.019 52970.03354089 29.05 160.314348  68.521521  5.458
 23     2.595 53005.03355731 19.46 160.304909  68.526899  3.092
 23    -0.047 53005.03355796 19.97 160.301029  68.523869  3.092
 23     1.396 53005.03355860 19.69 160.297139  68.520839  3.092
 24     0.912 53040.03350628 18.06 160.329728  68.527022  2.731
 24     1.232 53040.03350692 18.02 160.325838  68.523992  2.731
 24     2.281 53040.03350757 18.14 160.321948  68.520962  2.731
 25    -0.040 53075.03353873 17.67 160.305355  68.526984  2.905
 25    -0.082 53075.03353938 17.50 160.301465  68.523954  2.905
 25     0.451 53075.03354002 18.03 160.297575  68.520924  2.905
 26     0.447 53110.03350794 15.14 160.324943  68.527660  2.643
 26     0.338 53110.03350859 15.44 160.321053  68.524630  2.643
 26    -0.044 53110.03350923 15.67 160.317163  68.521590  2.643
 28     3.441 53180.03356232 32.23 160.317861  68.527682 27.085
 28     3.259 53180.03356296 20.29 160.313971  68.524642 27.085
 28     5.822 53180.03356361 22.62 160.310081  68.521612 27.085
 29     4.849 53215.03358482 14.66 160.310447  68.526242 20.247
 29     5.645 53215.03358546 16.14 160.306557  68.523212 20.247
 29     5.788 53215.03358611 22.75 160.302667  68.520182 20.247
 30     4.875 53250.03355525 15.93 160.300799  68.527990 26.308
 30     4.904 53250.03355589 15.56 160.296909  68.524960 26.308
 30     5.818 53250.03355654 17.17 160.293029  68.521930 26.308
 31     1.494 53285.03355186 45.37 160.321954  68.526368 27.682
 31     1.416 53285.03355250 49.44 160.318064  68.523338 27.682
 31     1.384 53285.03355315 49.20 160.314174  68.520298 27.682
 32     1.823 53320.03353612 14.21 160.325695  68.527893  2.659
 32     2.217 53320.03353676 14.60 160.321805  68.524863  2.659
 32     3.493 53320.03353741 14.00 160.317915  68.521833  2.659
 33     2.679 53355.03350487 10.74 160.306903  68.527119  2.426
 33     2.963 53355.03350551 10.86 160.303023  68.524089  2.426
 33     1.442 53355.03350616 11.53 160.299133  68.521049  2.426
 34     1.844 53390.03351120 10.18 160.326369  68.525980  2.109
 34     3.217 53390.03351184 10.15 160.322479  68.522950  2.109
 34     3.799 53390.03351249 10.18 160.318589  68.519920  2.109
 35     2.090 53425.03350922  9.52 160.314254  68.527345  2.149
 35     1.332 53425.03350986 10.19 160.310374  68.524315  2.149
 35     3.983 53425.03351051  9.56 160.306484  68.521285  2.149
 36     1.083 53460.03351358  8.48 160.335531  68.528681  2.040
 36     2.208 53460.03351422  8.20 160.331641  68.525651  2.040
 36     3.328 53460.03351487  8.47 160.327751  68.522621  2.040
 36     3.590 53460.03351551  8.52 160.323861  68.519591  2.040
 37     0.753 53495.03359927  9.43 160.311835  68.528325  4.896
 37     3.681 53495.03359991  8.39 160.307945  68.525295  4.896
 37     4.135 53495.03360055  8.85 160.304055  68.522265  4.896
 38     3.353 53530.03357422 32.09 160.317767  68.527797 33.589
 38     3.965 53530.03357486 21.38 160.313877  68.524767 33.589
 38     5.481 53530.03357551 25.42 160.309987  68.521737 33.589
 39     4.981 53565.03360467 17.26 160.302519  68.528693 20.375
 39     4.867 53565.03360531 14.84 160.298629  68.525663 20.375
 39     5.541 53565.03360596 13.59 160.294739  68.522633 20.375
 39     5.740 53565.03360660 23.46 160.290859  68.519603 20.375
 40     4.542 53600.03354724 17.90 160.305359  68.526913 20.590
 40     5.183 53600.03354788 16.97 160.301469  68.523883 20.590
 40     4.509 53600.03354853 25.53 160.297589  68.520853 20.590
 41     1.129 53635.03354315 33.48 160.324611  68.527803 33.753
 41     2.467 53635.03354379 24.58 160.320721  68.524773 33.753
 41     5.899 53635.03354444 21.35 160.316831  68.521743 33.753
 42     0.526 53670.03356515 30.92 160.310753  68.527175  8.507
 42     0.429 53670.03356580 31.09 160.306863  68.524145  8.507
 42     0.538 53670.03356644 29.42 160.302973  68.521115  8.507
 43    -0.302 53705.03350145 26.48 160.310601  68.526478  5.556
 43     3.236 53705.03350210 26.33 160.306711  68.523438  5.556
 43     3.858 53705.03350274 25.31 160.302821  68.520408  5.556
 44     0.072 53740.03341282 24.22 160.293274  68.527267  6.589
 44     3.349 53740.03341346 24.08 160.289394  68.524227  6.589
 44     0.138 53740.03341410 24.55 160.285504  68.521197  6.589
 45     2.020 53775.03343244 16.04 160.323016  68.525835  2.726
 45     2.842 53775.03343309 15.88 160.319126  68.522805  2.726
 45     3.317 53775.03343373 15.92 160.315246  68.519765  2.726
 46     3.538 53810.03341566 15.15 160.297495  68.525981  2.397
 46     3.378 53810.03341630 15.36 160.293605  68.522951  2.397
 46     2.520 53810.03341695 14.94 160.289725  68.519921  2.397
 47     0.989 53845.03345836 14.26 160.320395  68.525915  2.441
 47     1.888 53845.03345900 14.42 160.316505  68.522875  2.441
 47     2.780 53845.03345965 13.86 160.312615  68.519845  2.441
 48     0.008 53880.03348607 38.01 160.322958  68.525986 31.108
 48     0.021 53880.03348671 39.19 160.319078  68.522956 31.108
 48     0.071 53880.03348736 35.35 160.315188  68.519926 31.108
 49     3.731 53915.03354289 31.51 160.309148  68.528439 31.783
 49     3.962 53915.03354353 23.20 160.305258  68.525409 31.783
 49     5.655 53915.03354418 22.10 160.301368  68.522379 31.783
 50     4.651 53950.03355262 20.46 160.302377  68.528553 22.152
 50     4.773 53950.03355326 16.22 160.298487  68.525523 22.152
 50     5.764 53950.03355391 17.00 160.294597  68.522493 22.152
 50     5.670 53950.03355455 25.65 160.290717  68.519463 22.152
 51     2.801 53985.03349065 49.35 160.299613  68.526333 23.994
 51     2.726 53985.03349130 49.63 160.295733  68.523303 23.994
 51     2.868 53985.03349194 50.34 160.291843  68.520273 23.994
 52     2.689 54020.03352624 23.95 160.328363  68.528361 13.829
 52     2.874 54020.03352689 24.69 160.324473  68.525331 13.829
 52     3.913 54020.03352753 22.69 160.320583  68.522301 13.829
 53     0.860 54055.03351767 21.19 160.326213  68.527644  3.861
 53     2.602 54055.03351832 20.63 160.322333  68.524614  3.861
 53     3.489 54055.03351896 20.57 160.318443  68.521584  3.861
 54     3.696 54090.03350654 15.84 160.305455  68.527407  2.661
 54     3.680 54090.03350718 16.15 160.301565  68.524377  2.661
 54     4.284 54090.03350783 15.83 160.297685  68.521347  2.661
 55     2.132 54125.03343262 15.07 160.332221  68.527322  2.675
 55     3.018 54125.03343327 14.84 160.328331  68.524282  2.675
 55     3.607 54125.03343391 14.72 160.324441  68.521252  2.675
 57     2.596 54195.03343454 12.37 160.328849  68.527345  2.446
 57     3.268 54195.03343519 12.57 160.324955  68.524309  2.191
 57     3.944 54195.03343583 12.28 160.321065  68.521279  2.191
 58     4.700 54230.03348551  6.01 160.317132  68.527295  2.000
 58     4.913 54230.03348615  5.93 160.313242  68.524265  2.000
 58     4.915 54230.03348680  6.13 160.309362  68.521235  2.000
 59     3.849 54265.03350351 25.21 160.315824  68.526162 38.342
 59     3.961 54265.03350416 21.10 160.311944  68.523132 38.342
 59     5.313 54265.03350480 32.80 160.308054  68.520102 38.342
 60     4.368 54300.03350785 17.15 160.313961  68.525951 35.624
 60     4.832 54300.03350849 18.37 160.310071  68.522921 35.624
 60     2.755 54300.03350914 30.61 160.306181  68.519891 35.624
 61     4.789 54335.03349740 16.27 160.306531  68.526374 30.865
 61     5.277 54335.03349805 15.59 160.302641  68.523344 30.865
 61     2.557 54335.03349869 37.10 160.298751  68.520314 30.865
 63     0.219 54405.03344169 37.48 160.307948  68.525920  8.986
 63     0.211 54405.03344233 35.98 160.304058  68.522890  8.986
 63     0.232 54405.03344298 31.94 160.300168  68.519860  8.986
 64     4.337 54440.03339793 16.08 160.335948  68.528009  4.055
 64     2.737 54440.03339858 16.15 160.332058  68.524979  4.055
 64     3.671 54440.03339922 15.81 160.328158  68.521939  4.055
 65     0.744 54475.03342797 14.71 160.319780  68.527577  2.492
 65     1.295 54475.03342862 14.52 160.315890  68.524547  2.492
 65     4.154 54475.03342926 14.02 160.312000  68.521517  2.492
 66     2.591 54510.03341243 12.33 160.329073  68.526159  2.393
 66     3.370 54510.03341307 12.50 160.325183  68.523129  2.393
 66     3.935 54510.03341372 12.47 160.321293  68.520099  2.393
 67     3.387 54545.03344241 12.33 160.313198  68.528126  2.357
 67     4.073 54545.03344306 12.26 160.309308  68.525096  2.357
 67     3.930 54545.03344370 12.71 160.305418  68.522066  2.357
 68     2.722 54580.03340952 11.85 160.319878  68.527429  2.559
 68     3.658 54580.03341017 11.74 160.315988  68.524399  2.559
 68     4.325 54580.03341081 11.40 160.312098  68.521369  2.559
 69     4.852 54615.03343196 35.45 160.314954  68.527349 36.601
 69     4.840 54615.03343261 40.21 160.311064  68.524319 36.601
 69     4.859 54615.03343325 46.15 160.307174  68.521289 36.601
 70     1.018 54650.03344357 39.75 160.315838  68.527276 36.600
 70     0.944 54650.03344421 35.23 160.311948  68.524246 36.600
 70     1.041 54650.03344486 41.19 160.308068  68.521216 36.600
 71     0.386 54685.03343834 49.76 160.307048  68.527684 22.324
 71     0.429 54685.03343898 49.10 160.303158  68.524654 22.324
 71     0.306 54685.03343963 50.29 160.299268  68.521624 22.324
 72     0.330 54720.03338740 51.21 160.329937  68.525652 35.814
 72     0.178 54720.03338805 48.36 160.326047  68.522622 35.814
 72     0.154 54720.03338869 48.32 160.322157  68.519592 35.814
 73     0.770 54755.03341256 45.10 160.313858  68.526292 13.854
 73     0.770 54755.03341321 48.59 160.309968  68.523262 13.854
 73     0.821 54755.03341385 39.48 160.306088  68.520222 13.854
 74     1.834 54790.03338090 20.76 160.329085  68.527207  4.561
 74     2.465 54790.03338155 21.09 160.325185  68.524177  4.561
 74     3.536 54790.03338219 20.75 160.321295  68.521147  4.561
 75     1.894 54825.03340778 15.74 160.322224  68.528579  2.494
 75     2.592 54825.03340842 15.79 160.318334  68.525549  2.494
 75     3.629 54825.03340907 15.91 160.314444  68.522519  2.494
 76     1.651 54860.03337392 14.62 160.330865  68.527208  2.611
 76     2.799 54860.03337457 14.49 160.326975  68.524178  2.611
 76     3.547 54860.03337521 14.61 160.323085  68.521148  2.611
 77     1.829 54895.03340962 12.17 160.309819  68.528546  2.247
 77     3.136 54895.03341026 12.40 160.305929  68.525516  2.247
 77     3.509 54895.03341090 12.48 160.302049  68.522486  2.247
 78     2.366 54930.03337306 12.25 160.324021  68.526180  2.327
 78     2.955 54930.03337371 12.07 160.320131  68.523150  2.327
 78     4.176 54930.03337435 11.90 160.316241  68.520120  2.327
 79    -0.082 54965.03340960 16.37 160.314836  68.527409  8.549
 79    -0.095 54965.03341024 17.25 160.310946  68.524379  8.549
 79    -0.067 54965.03341089 15.37 160.307056  68.521349  8.549
 80     2.294 55000.03343026 51.59 160.310397  68.526610 32.094
 80     2.314 55000.03343090 51.50 160.306507  68.523580 32.094
 80     2.168 55000.03343155 51.47 160.302627  68.520540 32.094
 81     0.819 55035.03341544 31.88 160.317583  68.526554 32.887
 81     0.901 55035.03341608 31.44 160.313703  68.523524 32.887
 81     2.044 55035.03341673 27.96 160.309813  68.520494 32.887
 82     3.189 55070.03340586 16.63 160.304288  68.527012 20.856
 82     4.690 55070.03340651 14.69 160.300398  68.523982 20.856
 82     2.547 55070.03340715 22.93 160.296508  68.520952 20.856
 83     0.232 55105.03334687 49.95 160.326916  68.526718 33.761
 83     0.191 55105.03334751 52.16 160.323026  68.523688 33.761
 83     0.161 55105.03334816 51.33 160.319136  68.520658 33.761
 84     1.682 55140.03335359 22.10 160.313403  68.527809  3.414
 84     3.096 55140.03335424 22.11 160.309523  68.524779  3.414
 84     3.963 55140.03335488 21.72 160.305633  68.521749  3.414
 85     1.664 55175.03331344 16.88 160.332625  68.527106  2.500
 85     2.379 55175.03331408 16.68 160.328725  68.524076  2.500
 85     3.533 55175.03331473 16.91 160.324835  68.521046  2.500
 86     1.284 55210.03334861 16.16 160.318180  68.528215  2.459
 86     1.623 55210.03334926 16.36 160.314290  68.525185  2.459
 86     2.506 55210.03334990 16.51 160.310400  68.522155  2.459
 87     0.908 55245.03332027 14.93 160.326149  68.528118  2.525
 87     1.062 55245.03332091 14.92 160.322259  68.525088  2.525
 87     1.885 55245.03332156 14.82 160.318369  68.522058  2.525
 88     1.560 55280.03334280 14.63 160.308049  68.527491  2.336
 88     0.093 55280.03334344 14.50 160.304159  68.524461  2.336
 88     2.493 55280.03334409 14.03 160.300279  68.521421  2.336
 89     0.936 55315.03330760 13.45 160.317114  68.528236  2.371
 89     1.302 55315.03330824 13.21 160.313224  68.525206  2.371
 89     2.243 55315.03330889 13.40 160.309334  68.522166  2.371
 90     4.645 55350.03331427 50.84 160.307841  68.526130 46.104
 90     4.649 55350.03331492 49.14 160.303951  68.523100 46.104
 90     4.658 55350.03331556 49.53 160.300071  68.520060 46.104
 91     3.445 55385.03330678 29.47 160.326306  68.527797 28.878
 91     3.311 55385.03330742 18.88 160.322416  68.524767 28.878
 91     5.294 55385.03330807 15.41 160.318526  68.521737 28.878
 92     4.832 55420.03333223 12.60 160.317661  68.527789 21.623
 92     4.407 55420.03333288 13.05 160.313771  68.524759 21.623
 92     4.720 55420.03333352 18.14 160.309881  68.521729 21.623
 93     1.409 55455.03331016 37.17 160.302682  68.526567 26.970
 93     1.374 55455.03331081 36.48 160.298792  68.523537 26.970
 93     5.619 55455.03331145 25.18 160.294912  68.520507 26.970
