-172681.485   617.870     0.00   52.22
-172305.193   601.136   -44.47   38.13
-171928.825   594.680   -17.15   37.02
-171552.380   587.182   -19.92   38.44
-171175.860   582.768   -11.72   41.64
-170799.263   583.734     2.56   40.81
-170422.590   581.463    -6.03   43.27
-170045.840   561.877   -51.98   58.75
-169669.013   521.693  -106.62   61.45
-169292.111   477.184  -118.08   51.39
-168915.131   442.262   -92.63   40.45
-168538.075   413.073   -77.40   43.11
-168160.943   385.364   -73.47   43.91
-167783.733   363.984   -56.67   35.64
-167406.447   354.207   -25.91   27.75
-167029.084   358.540    11.48   37.26
-166651.644   365.056    17.26   39.15
-166274.128   372.737    20.34   33.87
-165896.534   371.056    -4.45   28.52
-165518.863   366.622   -11.74   24.02
-165141.116   354.188   -32.91   30.16
-164763.291   333.473   -54.82   40.64
-164385.389   304.862   -75.70   42.15
-164007.410   279.711   -66.53   33.41
-163629.354   263.737   -42.25   18.96
-163251.220   259.282   -11.78   13.78
-162873.009   266.129    18.10   19.03
-162494.721   282.429    43.08   24.05
-162116.355   295.629    34.88   28.27
-161737.912   311.207    41.16   34.30
-161359.391   321.384    26.89   37.33
-160980.793   327.251    15.49   36.97
-160602.117   326.552    -1.85   36.22
-160223.364   315.100   -30.23   41.78
-159844.533   297.771   -45.74   41.49
-159465.624   281.924   -41.82   32.77
-159086.637   273.393   -22.51   25.67
-158707.573   279.232    15.40   33.96
-158328.430   294.370    39.92   39.92
-157949.210   316.144    57.41   42.16
-157569.911   331.018    39.21   43.46
-157190.535   348.484    46.03   50.16
-156811.081   359.169    28.16   50.83
-156431.548   354.696   -11.79   45.21
-156051.937   344.448   -26.99   35.73
-155672.248   320.289   -63.62   38.40
-155292.481   295.954   -64.07   46.45
-154912.636   278.639   -45.58   46.61
-154532.712   268.983   -25.41   41.54
-154152.709   269.615     1.66   33.42
-153772.629   269.871     0.67   28.96
-153392.469   282.056    32.05   29.65
-153012.231   298.245    42.57   23.53
-152631.915   309.333    29.15   24.01
-152251.520   315.784    16.96   21.99
-151871.046   319.104     8.73   22.85
-151490.493   327.408    21.82   26.89
-151109.862   332.029    12.14   31.87
-150729.152   339.378    19.30   32.62
-150360.232   340.737     3.69   29.43
-149994.468   344.796    11.09   23.10
-149628.631   354.170    25.62   26.71
-149262.723   378.007    65.14   34.67
-148896.743   406.083    76.71   40.15
-148530.691   428.129    60.22   38.25
-148164.567   439.726    31.67   28.49
-147798.371   437.540    -5.97   28.16
-147432.103   415.364   -60.54   40.17
-147065.763   391.691   -64.61   40.52
-146699.350   365.851   -70.51   27.81
-146332.866   353.104   -34.78   19.40
-145966.309   350.851    -6.15   22.58
-145599.679   359.700    24.13   32.42
-145232.978   371.181    31.31   35.77
-144866.204   380.691    25.93   34.74
-144499.357   383.251     6.98   29.93
-144132.438   384.682     3.90   27.34
-143765.447   382.507    -5.93   29.06
-143398.383   375.107   -20.16   34.20
-143031.246   363.637   -31.24   36.58
-142664.036   343.552   -54.69   31.36
-142296.754   329.713   -37.68   24.93
-141929.400   320.779   -24.32   21.21
-141561.972   315.844   -13.43   24.54
-141194.472   313.918    -5.24   29.94
-140826.898   315.018     2.99   33.11
-140459.252   312.530    -6.77   33.70
-140091.533   306.463   -16.50   33.67
-139723.741   295.268   -30.44   31.39
-139355.875   279.485   -42.90   29.95
-138987.937   262.218   -46.92   25.50
-138619.926   250.775   -31.09   18.59
-138251.841   249.518    -3.42   18.04
-137883.683   255.907    17.35   21.49
-137515.452   261.539    15.29   18.42
-137147.148   263.239     4.62   14.23
-136778.770   258.722   -12.26    9.73
-136410.319   255.219    -9.50    9.52
-136041.794   255.732     1.39   10.91
-135673.196   257.866     5.79   12.43
-135304.525   261.170     8.96   10.80
-134935.780   265.184    10.89   10.68
-134566.961   265.028    -0.42   12.28
-134198.068   262.452    -6.98   13.49
-133829.102   258.662   -10.27   11.92
-133460.063   257.539    -3.04    9.05
-133090.949   257.675     0.37    6.27
-132721.761   261.931    11.53    7.82
-132352.500   268.473    17.71    9.34
-131983.165   276.625    22.07   12.63
-131613.756   287.123    28.42   16.37
-131244.272   300.109    35.14   18.77
-130874.715   314.675    39.41   20.86
-130505.084   334.257    52.97   24.92
-130135.378   351.155    45.70   26.07
-129765.599   368.181    46.04   23.16
-129395.745   380.202    32.50   22.51
-129025.817   388.684    22.93   21.71
-128655.814   398.604    26.81   21.99
-128285.737   411.643    35.23   22.37
-127915.586   424.746    35.40   21.95
-127545.360   429.585    13.07   19.73
-127175.060   424.333   -14.18   22.43
-126804.686   411.541   -34.53   25.77
-126434.236   397.313   -38.40   29.64
-126063.712   385.914   -30.76   32.44
-125693.114   375.887   -27.05   29.87
-125322.440   368.135   -20.91   26.03
-124951.692   367.485    -1.75   25.07
-124580.869   368.154     1.81   23.52
-124209.972   368.028    -0.34   25.58
-123838.999   368.120     0.25   25.18
-123467.951   381.811    36.89   30.96
-123096.829   395.608    37.17   35.18
-122725.631   410.278    39.52   32.93
-122354.359   425.073    39.85   31.73
-121983.011   445.206    54.21   44.87
-121611.588   463.177    48.38   55.49
-121240.090   467.876    12.65   53.52
-120868.516   458.188   -26.07   51.55
-120496.868   427.862   -81.59   48.42
-120125.144   398.102   -80.05   42.06
-119753.344   373.288   -66.73   19.58
-119381.469   369.614    -9.88   15.92
-119009.519   368.751    -2.32   16.79
-118637.493   375.077    17.00   17.21
-118265.391   382.633    20.31   17.07
-117893.214   393.336    28.76   22.92
-117520.962   409.608    43.71   32.27
-117148.633   432.985    62.78   40.51
-116776.229   450.551    47.17   45.81
-116403.749   460.184    25.86   45.66
-116031.193   461.518     3.58   41.92
-115658.561   461.518    -0.00   29.10
-115285.853   457.528   -10.70   23.14
-114913.070   445.289   -32.83   29.46
-114540.210   429.018   -43.64   34.26
-114167.274   408.792   -54.23   30.95
-113794.262   395.811   -34.80   27.72
-113421.174   391.968   -10.30   27.91
-113048.010   382.300   -25.91   28.25
-112674.769   371.056   -30.12   29.32
-112301.452   358.985   -32.33   27.77
-111928.059   349.873   -24.40   20.49
-111554.589   355.224    14.33   25.55
-111181.043   373.911    50.02   35.09
-110807.420   395.507    57.80   41.79
-110433.721   411.920    43.92   48.24
-110059.945   417.141    13.97   53.02
-109686.093   413.472    -9.81   53.98
-109312.164   410.012    -9.25   49.14
-108938.158   404.297   -15.28   50.17
-108564.075   402.410    -5.05   55.96
-108189.916   399.065    -8.94   67.15
-107815.680   397.681    -3.70   81.47
-107441.366   393.797   -10.37   93.73
-107066.976   374.322   -52.02   85.87
-106692.509   350.215   -64.37   70.26
-106317.965   325.367   -66.34   46.39
-105943.344   310.210   -40.46   40.35
-105568.645   291.358   -50.31   31.26
-105193.869   276.188   -40.47   28.09
-104819.016   261.952   -37.97   25.30
-104444.086   248.985   -34.58   23.22
-104069.079   237.661   -30.20   19.59
-103693.994   232.195   -14.57   16.49
-103318.831   229.409    -7.43   19.00
-102943.591   231.937     6.74   25.06
-102568.274   242.854    29.09   34.53
-102192.879   252.313    25.19   37.80
-101817.406   258.311    15.97   35.55
-101441.856   257.335    -2.60   34.21
-101066.228   250.561   -18.03   29.16
-100690.522   245.604   -13.19   23.26
-100314.739   238.636   -18.54   19.48
 -99938.877   232.311   -16.83   19.88
 -99562.938   220.464   -31.51   17.80
 -99186.920   218.181    -6.07   18.50
 -98810.825   221.023     7.56   24.65
 -98434.652   225.278    11.31   25.84
 -98058.400   229.077    10.09   25.27
 -97682.071   227.702    -3.65   26.16
 -97305.663   226.485    -3.23   28.55
 -96929.177   221.924   -12.11   27.25
 -96552.612   215.625   -16.73   24.34
 -96175.969   208.298   -19.45   19.06
 -95799.248   198.862   -25.05   13.71
 -95422.449   197.181    -4.46   13.67
 -95045.571   198.292     2.95   16.00
 -94668.614   201.583     8.73   18.67
 -94291.579   203.496     5.07   20.26
 -93914.465   203.561     0.17   23.46
 -93537.273   195.847   -20.45   23.82
 -93160.001   188.126   -20.46   21.09
 -92782.651   177.213   -28.92   17.84
 -92405.222   170.077   -18.91   16.30
 -92027.715   161.740   -22.08   13.34
 -91650.128   155.886   -15.50   10.65
 -91272.462   150.673   -13.80    8.40
 -90894.718   147.890    -7.37    8.46
 -90516.894   143.757   -10.94    8.91
 -90138.991   140.969    -7.38    9.08
 -89761.009   137.404    -9.43    7.27
 -89382.948   136.055    -3.57    6.75
 -89004.807   133.404    -7.01    5.93
 -88626.587   131.528    -4.96    5.25
 -88248.288   129.429    -5.55    3.80
 -87869.909   129.315    -0.30    4.64
 -87491.451   129.996     1.80    6.33
 -87112.914   130.507     1.35    7.15
 -86734.297   131.345     2.22    7.49
 -86355.600   132.431     2.87    7.26
 -85976.823   137.238    12.69   12.07
 -85597.967   142.126    12.90   15.90
 -85219.031   149.571    19.65   20.04
 -84840.015   152.628     8.06   19.29
 -84460.920   152.270    -0.94   16.78
 -84081.744   149.784    -6.56   13.84
 -83702.488   147.905    -4.96   12.06
 -83323.153   145.851    -5.41   11.35
 -82943.737   144.485    -3.60   10.62
 -82564.242   141.858    -6.92    7.77
 -82184.666   138.875    -7.86    6.51
 -81805.010   135.604    -8.61    5.78
 -81425.273   132.732    -7.56    6.10
 -81045.457   129.800    -7.72    5.59
 -80665.559   127.324    -6.52    4.63
 -80285.582   125.529    -4.72    5.61
 -79905.524   125.315    -0.56    6.32
 -79525.386   124.111    -3.17    6.50
 -79145.167   123.117    -2.61    6.53
 -78764.867   120.957    -5.68    6.78
 -78384.487   117.900    -8.04    5.91
 -78004.026   115.518    -6.26    5.22
 -77623.484   113.985    -4.03    4.11
 -77242.861   112.679    -3.43    3.72
 -76862.158   111.840    -2.20    3.42
 -76481.373   110.473    -3.59    3.63
 -76100.508   108.922    -4.07    4.41
 -75726.693   107.810    -2.97    5.16
 -75361.155   108.410     1.64    5.17
 -74995.543   108.045    -1.00    5.60
 -74629.857   106.166    -5.14    5.55
 -74264.098   103.617    -6.97    4.61
 -73898.265   102.453    -3.18    3.26
 -73532.358   103.081     1.72    3.08
 -73166.378   103.462     1.04    3.12
 -72800.324   102.049    -3.86    4.67
 -72434.195   100.018    -5.55    6.05
 -72067.993    96.475    -9.68    5.55
 -71701.717    93.309    -8.64    4.01
 -71335.367    91.592    -4.69    2.77
 -70968.943    90.935    -1.79    2.48
 -70602.445    91.120     0.50    3.09
 -70235.872    91.668     1.50    4.50
 -69869.226    94.353     7.32   11.13
 -69502.505    98.134    10.31   18.68
 -69135.710   101.359     8.79   20.79
 -68768.840    98.815    -6.93   16.88
 -68401.897    95.073   -10.20   12.09
 -68034.878    92.666    -6.56    7.51
 -67667.786    91.651    -2.77    3.14
 -67300.619    93.134     4.04    3.08
 -66933.377    94.347     3.30    2.93
 -66566.060    96.872     6.87    4.51
 -66198.670    99.528     7.23    5.68
 -65831.204   102.563     8.26    5.19
 -65463.664   104.302     4.73    3.61
 -65096.048   105.268     2.63    2.27
 -64728.358   105.549     0.76    2.43
 -64360.594   105.836     0.78    2.30
 -63992.754   106.092     0.69    2.19
 -63624.839   106.946     2.32    2.38
 -63256.850   107.883     2.55    2.54
 -62888.785   108.387     1.37    3.32
 -62520.645   108.844     1.24    4.52
 -62152.430   110.163     3.58    6.22
 -61784.140   112.029     5.07    7.23
 -61415.775   113.241     3.29    6.24
 -61047.334   114.062     2.23    4.52
 -60678.818   115.086     2.78    4.29
 -60310.227   117.302     6.01    6.07
 -59941.560   123.592    17.06   10.53
 -59572.818   130.496    18.72   12.71
 -59204.000   138.571    21.89   11.90
 -58835.107   145.336    18.34   10.11
 -58466.138   150.636    14.36    8.09
 -58097.093   153.177     6.89    7.49
 -57727.973   152.364    -2.20    9.01
 -57358.777   148.033   -11.73   10.51
 -56989.506   146.973    -2.87   10.79
 -56620.158   147.275     0.82   10.52
 -56250.735   147.606     0.89    8.95
 -55881.235   147.829     0.61    6.45
 -55511.660   150.120     6.20    6.63
 -55142.009   155.713    15.13    7.89
 -54772.281   162.251    17.68    8.86
 -54402.478   169.836    20.51    9.10
 -54032.598   176.096    16.92    9.77
 -53662.643   186.474    28.05   12.10
 -53292.611   196.762    27.80   15.14
 -52922.502   209.673    34.88   17.05
 -52552.317   224.081    38.92   19.63
 -52182.056   239.598    41.91   20.81
 -51811.719   256.442    45.48   25.91
 -51441.305   268.450    32.42   24.10
 -51070.814   272.205    10.13   25.80
 -50700.247   267.430   -12.88   31.33
 -50329.604   258.130   -25.09   31.26
 -49958.883   255.645    -6.70   25.40
 -49588.086   260.688    13.60   23.42
 -49217.212   273.094    33.45   29.23
 -48846.262   291.044    48.39   34.63
 -48475.234   303.336    33.13   38.08
 -48104.130   308.045    12.69   38.20
 -47732.948   310.762     7.32   34.71
 -47361.690   312.934     5.85   31.91
 -46990.355   315.117     5.88   29.65
 -46618.942   319.296    11.25   31.82
 -46247.453   331.159    31.93   32.47
 -45875.886   351.463    54.64   40.14
 -45504.242   372.075    55.46   37.58
 -45132.520   384.137    32.45   29.34
 -44760.722   390.896    18.18   28.04
 -44388.846   403.560    34.05   32.36
 -44016.892   415.615    32.41   28.82
 -43644.861   418.549     7.89   30.27
 -43272.753   408.246   -27.69   39.46
 -42900.567   384.580   -63.58   42.31
 -42528.303   351.539   -88.76   35.73
 -42155.962   333.017   -49.74   36.51
 -41783.543   319.974   -35.02   29.40
 -41411.046   319.219    -2.03   23.49
 -41038.471   331.181    32.10   28.20
 -40665.819   350.975    53.11   35.91
 -40293.088   365.938    40.15   36.45
 -39920.280   378.958    34.92   35.11
 -39547.394   397.102    48.66   39.51
 -39174.429   428.090    83.08   53.66
 -38801.387   468.137   107.35   51.17
 -38428.266   493.865    68.95   40.53
 -38055.067   490.539    -8.91   49.23
 -37681.790   477.033   -36.18   61.91
 -37308.435   468.900   -21.78   65.85
 -36935.001   484.666    42.22   68.19
 -36561.489   498.656    37.45   55.61
 -36187.899   514.975    43.68   46.75
 -35814.230   512.012    -7.93   53.92
 -35440.482   489.657   -59.81   57.20
 -35066.656   473.138   -44.19   58.47
 -34692.751   449.077   -64.35   67.26
 -34318.767   412.601   -97.53   78.13
 -33944.705   390.814   -58.24   73.29
 -33570.564   391.080     0.71   62.25
 -33196.344   405.707    39.09   48.87
 -32822.046   415.465    26.07   41.41
 -32447.668   413.651    -4.84   43.49
 -32073.211   395.610   -48.18   43.69
 -31698.676   375.344   -54.11   41.32
 -31324.061   348.321   -72.13   34.16
 -30949.367   324.973   -62.31   27.61
 -30574.594   311.065   -37.11   27.57
 -30199.742   300.668   -27.74   34.81
 -29824.810   291.380   -24.77   37.25
 -29449.799   280.792   -28.23   35.72
 -29074.709   269.673   -29.64   31.51
 -28699.539   258.561   -29.62   26.16
 -28324.290   249.065   -25.31   18.93
 -27948.961   243.952   -13.62   11.62
 -27573.553   243.917    -0.09   10.43
 -27198.065   241.909    -5.35   12.48
 -26822.497   234.328   -20.19   20.33
 -26446.850   218.592   -41.89   28.35
 -26071.123   199.666   -50.37   25.16
 -25695.316   186.677   -34.56   16.42
 -25319.429   186.315    -0.96   13.40
 -24943.462   198.539    32.51   22.66
 -24567.415   219.209    54.97   25.76
 -24191.289   230.996    31.34   21.91
 -23815.082   231.049     0.14   24.22
 -23438.795   214.773   -43.26   30.55
 -23062.428   187.219   -73.21   29.36
 -22685.980   168.741   -49.09   24.28
 -22309.453   154.894   -36.77   19.71
 -21932.845   146.633   -21.93   22.41
 -21556.156   137.858   -23.30   25.41
 -21179.387   126.644   -29.76   24.62
 -20802.538   114.887   -31.20   19.12
 -20425.608   109.865   -13.32   16.38
 -20048.598   102.420   -19.75   17.29
 -19671.507    97.330   -13.50   16.33
 -19294.335    96.166    -3.08   20.91
 -18917.082   100.121    10.48   28.66
 -18539.749   110.100    26.45   30.79
 -18162.335   121.826    31.07   31.41
 -17784.840   134.066    32.42   30.29
 -17407.264   144.170    26.76   30.46
 -17029.607   149.735    14.74   31.81
 -16651.869   152.413     7.09   29.25
 -16274.050   151.394    -2.70   23.04
 -15896.150   141.454   -26.30   21.05
 -15518.168   125.743   -41.57   23.72
 -15140.105   106.422   -51.10   23.30
 -14761.961    89.181   -45.59   18.38
 -14383.736    80.278   -23.54   15.66
 -14005.429    72.803   -19.76   15.16
 -13627.041    66.445   -16.80   14.54
 -13248.571    58.073   -22.12   16.21
 -12870.020    46.142   -31.52   15.39
 -12491.387    36.788   -24.71   12.61
 -12112.672    30.801   -15.81   10.53
 -11733.876    25.859   -13.05   10.73
 -11354.997    22.696    -8.35   11.38
 -10976.037    18.407   -11.32   11.24
 -10596.996    14.929    -9.17   10.77
 -10217.872    10.898   -10.63    9.36
  -9838.666     6.496   -11.61    6.94
  -9459.378     4.173    -6.12    5.44
  -9080.008     3.254    -2.42    3.74
  -8700.556     5.140     4.97    5.28
  -8321.022     5.298     0.42    5.18
  -7941.406     5.084    -0.56    5.18
  -7561.707     4.244    -2.21    5.08
  -7181.926     2.322    -5.06    3.30
  -6802.062     1.201    -2.95    2.88
  -6422.116     0.390    -2.14    2.34
  -6042.088    -0.389    -2.05    0.66
  -5661.977    -0.493    -0.27    0.00
  -5281.783    -0.524    -0.08    0.17
  -4901.507    -0.581    -0.15    0.28
  -4521.148    -0.596    -0.04    0.31
  -4140.706    -0.537     0.16    0.33
  -3760.181    -0.264     0.72    0.47
  -3379.574     0.033     0.78    0.50
  -2998.883     0.296     0.69    0.41
  -2618.110     0.507     0.55    0.00
  -2237.253     0.507     0.00    0.00
  -1856.313     0.507     0.00    0.00
  -1475.291     0.507     0.00    0.00
  -1096.179     0.507     0.00    0.00
   -730.871     0.507     0.00    0.00
   -365.487     0.364    -0.39    0.44
     -0.028    -0.109    -1.30    0.89
    365.507    -0.601    -1.34    0.96
    731.117    -1.040    -1.20    0.80
   1096.803    -1.387    -0.95    0.45
   1462.564    -1.493    -0.29    0.00
   1828.400    -1.493     0.00    0.00
   2194.313    -1.493     0.00    0.00
   2560.301    -1.545    -0.14    0.30
   2926.364    -1.630    -0.23    0.63
   3292.504    -1.778    -0.40    0.90
   3658.719    -1.167     1.67    2.79
   4025.010     0.265     3.91    4.06
   4391.377     2.044     4.86    4.80
   4757.820     4.601     6.98    4.43
   5124.339     5.955     3.69    4.06
   5490.934     5.583    -1.01    4.56
   5857.605     2.935    -7.22    5.63
   6224.353     0.202    -7.45    5.50
   6591.176    -1.813    -5.49    3.88
   6958.076    -1.762     0.14    3.58
   7325.052     0.684     6.67    5.77
   7692.104     4.496    10.39    7.87
   8059.233    10.644    16.74   10.01
   8426.438    14.177     9.62   10.12
   8793.720    17.628     9.40    7.71
   9161.078    20.432     7.63    5.87
   9528.513    22.226     4.88    7.31
   9896.024    24.465     6.09    8.63
  10263.612    26.347     5.12    7.47
  10631.277    28.507     5.87    7.36
  10999.019    30.686     5.93    8.91
  11366.837    33.985     8.97   10.96
  11734.732    36.944     8.04    9.88
  12102.704    38.645     4.62    7.31
  12470.753    34.032   -12.53    7.10
  12838.879    30.018   -10.91    6.81
  13207.082    27.246    -7.53    6.24
  13575.362    25.300    -5.28    5.34
  13943.720    26.331     2.80    5.82
  14312.154    28.044     4.65    5.28
  14680.666    30.728     7.28    5.16
  15049.255    32.705     5.36    5.00
  15417.921    35.582     7.80    5.29
  15786.665    40.228    12.60    7.70
  16155.486    46.409    16.76   10.78
  16524.385    49.284     7.80   10.21
  16893.361    48.362    -2.50   10.71
  17262.415    42.960   -14.64   11.24
  17631.546    36.528   -17.43    8.85
  18000.755    31.528   -13.54    6.47
  18370.042    28.486    -8.24    8.04
  18739.407    23.328   -13.97   10.70
  19108.849    17.244   -16.47   12.56
  19478.369     9.322   -21.44   10.65
  19847.968     4.898   -11.97    7.79
  20217.644     1.572    -9.00    5.28
  20587.398    -0.221    -4.85    3.88
  20957.230    -1.427    -3.26    1.83
  21327.141    -1.174     0.69    1.90
  21697.129    -0.388     2.12    2.71
  22067.196    -0.118     0.73    2.94
  22437.341    -1.504    -3.74    3.70
  22807.564    -2.620    -3.01    3.98
  23177.866    -3.056    -1.18    3.14
  23548.246    -3.182    -0.34    2.26
  23918.704    -2.535     1.75    1.89
  24289.241    -1.667     2.34    0.85
  24659.857    -1.514     0.41    0.14
  25030.551    -1.538    -0.07    0.42
  25401.324    -1.720    -0.49    1.34
  25772.175    -1.689     0.08    1.32
  26143.106    -1.493     0.53    0.00
  26514.115    -1.504    -0.03    0.10
  26885.203    -1.813    -0.83    1.34
  27256.370    -1.920    -0.29    1.49
  27627.615    -1.851     0.19    1.40
  27998.940    -2.306    -1.22    2.04
  28370.344    -2.972    -1.80    2.56
  28741.827    -4.359    -3.73    3.04
  29113.389    -5.065    -1.90    3.19
  29485.030    -4.738     0.88    3.21
  29856.751    -4.082     1.76    3.17
  30228.551    -2.708     3.70    2.43
  30600.430    -3.164    -1.23    4.11
  30972.389    -6.746    -9.63    6.70
  31344.427   -10.440    -9.93    6.77
  31716.544   -14.097    -9.83    4.55
  32088.742   -15.714    -4.34    1.27
  32461.018   -15.712     0.01    0.71
  32833.375   -15.535     0.48    0.79
  33205.811   -15.199     0.90    0.77
  33578.327   -14.993     0.55    0.71
  33950.922   -15.051    -0.16    0.82
  34323.598   -15.246    -0.52    0.99
  34696.353   -15.548    -0.81    1.09
  35069.189   -15.657    -0.29    1.08
  35442.104   -15.350     0.82    1.24
  35815.100   -14.421     2.49    2.19
  36188.175   -12.270     5.77    4.16
  36561.331    -9.941     6.24    4.61
  36934.567    -7.660     6.11    5.81
  37307.883    -6.118     4.13    7.42
  37681.280    -4.291     4.89    9.49
  38054.757    -3.748     1.45   10.39
  38428.314    -3.483     0.71    9.09
  38801.952    -2.367     2.99    7.94
  39175.670    -0.246     5.68    6.95
  39549.469     1.485     4.63    5.67
  39923.349     1.823     0.90    5.00
  40297.309     0.602    -3.26    4.41
  40671.350    -0.236    -2.24    3.40
  41045.472    -0.790    -1.48    2.20
  41419.674    -1.421    -1.69    1.87
  41793.958    -1.680    -0.69    1.76
  42168.322    -1.153     1.41    2.15
  42542.767    -0.765     1.04    2.56
  42917.294    -0.143     1.66    2.59
  43291.901     0.507     1.73    2.62
  43666.590     1.497     2.64    2.01
  44041.360     2.201     1.88    1.88
  44416.211     3.002     2.13    1.83
  44791.143     3.267     0.71    1.88
  45166.157     3.239    -0.08    1.67
  45541.252     3.455     0.58    1.50
  45916.429     3.725     0.72    1.39
  46291.687     3.806     0.21    1.24
  46667.026     4.352     1.46    1.78
  47042.448     5.007     1.74    1.85
  47417.951     5.401     1.05    1.94
  47793.535     4.813    -1.57    2.62
  48169.202     3.538    -3.39    3.28
  48544.950     1.580    -5.21    3.07
  48920.780    -0.100    -4.47    2.02
  49296.692    -0.912    -2.16    1.28
  49672.686    -0.627     0.76    1.66
  50048.762    -0.411     0.57    1.81
  50424.920     0.735     3.05    2.82
  50801.161     2.587     4.92    4.14
  51177.483     4.365     4.72    4.81
  51553.888     4.053    -0.83    5.57
  51930.375     2.096    -5.20    5.75
  52306.944    -0.320    -6.41    4.72
  52683.596    -1.536    -3.23    4.53
  53060.330    -2.431    -2.38    4.04
  53437.147    -3.650    -3.23    2.48
  53814.047    -4.453    -2.13    0.32
  54191.028    -4.493    -0.11    0.00
  54568.093    -4.289     0.54    0.79
  54945.241    -2.597     4.49    3.78
  55322.471     1.043     9.65    6.27
  55699.784     4.184     8.32    5.96
  56077.180     6.579     6.35    4.24
  56454.658     8.770     5.80    3.48
  56832.220    10.639     4.95    3.36
  57209.865    11.078     1.16    3.43
  57587.593    11.059    -0.05    3.29
  57965.404     9.311    -4.63    3.54
  58343.299     6.047    -8.64    3.95
  58721.276     4.940    -2.93    4.00
  59099.337     4.809    -0.35    4.19
  59477.481     6.701     5.00    5.69
  59855.709    11.392    12.40    7.17
  60234.020    16.201    12.71    6.38
  60612.415    19.945     9.90    3.45
  60990.894    20.915     2.56    2.77
  61369.456    20.507    -1.08    3.59
  61748.101    20.109    -1.05    3.97
  62126.831    20.433     0.86    3.51
  62505.644    20.888     1.20    2.50
  62884.541    21.043     0.41    1.71
  63263.522    20.935    -0.28    1.66
  63642.587    20.969     0.09    1.91
  64021.737    22.022     2.78    2.29
  64400.970    23.094     2.83    1.77
  64780.287    23.599     1.33    0.72
  65159.689    23.444    -0.41    1.14
  65539.174    23.032    -1.09    1.12
  65918.744    22.593    -1.16    1.39
  66298.399    22.183    -1.08    2.53
  66678.138    22.401     0.57    2.92
  67057.961    23.166     2.01    2.32
  67437.869    23.865     1.84    1.23
  67817.861    24.231     0.96    0.67
  68197.939    24.359     0.34    0.89
  68578.100    24.527     0.44    0.75
  68958.347    24.759     0.61    0.87
  69338.678    24.911     0.40    1.08
  69719.095    24.937     0.07    1.17
  70099.596    25.163     0.60    1.63
  70480.182    25.903     1.94    2.31
  70860.853    27.218     3.46    3.53
  71241.609    29.611     6.28    4.81
  71622.451    31.967     6.19    5.28
  72003.377    34.066     5.51    5.30
  72384.389    36.068     5.25    4.99
  72765.486    37.940     4.91    3.98
  73146.669    38.854     2.40    4.80
  73527.937    40.850     5.24    5.77
  73896.551    45.628    12.96    8.20
  74261.699    52.507    18.84   10.50
  74626.925    60.987    23.22   11.28
  74992.228    68.465    20.47    9.77
  75357.608    81.609    35.97   16.47
  75723.065    93.249    31.85   18.78
  76088.600   105.975    34.82   17.98
  76454.212   114.057    22.10   13.47
  76819.901   116.693     7.21   11.11
  77185.668   111.762   -13.48   13.26
  77551.512   101.663   -27.61   15.74
  77917.434    87.741   -38.05   16.76
  78283.434    75.105   -34.53   15.45
  78649.511    64.282   -29.56   12.48
  79015.666    56.375   -21.60    8.13
  79381.898    49.289   -19.35    7.82
  79748.208    43.860   -14.82    9.78
  80114.597    38.815   -13.77   10.63
  80481.063    32.496   -17.24    9.24
  80847.607    27.996   -12.28    4.87
  81214.229    26.170    -4.98    1.88
  81580.929    26.088    -0.22    1.82
  81947.707    27.128     2.83    4.01
  82314.563    27.966     2.28    4.37
  82681.498    28.811     2.30    4.79
  83048.510    29.022     0.58    5.08
  83415.601    28.319    -1.92    4.73
  83782.771    26.507    -4.94    2.52
  84150.018    25.558    -2.58    0.48
  84517.345    25.465    -0.25    0.20
  84884.749    24.426    -2.83    2.31
  85252.232    22.388    -5.54    3.53
  85619.794    20.157    -6.07    3.41
  85987.435    18.138    -5.49    1.72
  86355.154    17.507    -1.72    0.00
  86722.952    17.507     0.00    0.00
  87090.828    17.507     0.00    0.00
  87458.784    17.507     0.00    0.00
  87826.818    17.507     0.00    0.00
  88194.931    17.507     0.00    0.00
  88563.123    17.507     0.00    0.00
  88931.395    17.507     0.00    0.00
  89299.745    17.507     0.00    0.00
  89668.175    17.507     0.00    0.00
  90036.683    17.507     0.00    0.00
  90405.271    17.507     0.00    0.00
  90773.938    17.507     0.00    0.00
  91142.685    17.507     0.00    0.00
  91511.511    17.507     0.00    0.00
  91880.416    17.507     0.00    0.00
  92249.401    17.609     0.28    0.37
  92618.466    18.063     1.23    1.00
  92987.610    19.690     4.41    2.45
  93356.833    20.580     2.41    2.53
  93726.137    20.537    -0.12    2.67
  94095.520    19.678    -2.32    2.81
  94464.983    18.098    -4.28    1.81
  94834.526    17.507    -1.60    0.00
  95204.148    17.507     0.00    0.00
  95573.851    17.507     0.00    0.00
  95943.634    17.507     0.00    0.00
  96313.496    17.507     0.00    0.00
  96683.439    17.507     0.00    0.00
  97053.462    17.548     0.11    0.41
  97423.565    17.847     0.81    1.44
  97793.748    18.282     1.18    2.08
  98164.012    18.587     0.82    2.29
  98534.356    19.092     1.36    2.51
  98904.781    20.139     2.83    2.51
  99275.286    20.724     1.58    2.08
  99645.871    21.133     1.10    1.72
 100016.537    21.568     1.17    1.19
 100387.284    21.833     0.72    1.32
 100758.111    21.677    -0.42    1.41
 101129.020    21.382    -0.80    1.40
 101500.008    21.284    -0.26    1.52
 101871.078    21.445     0.43    1.91
 102242.229    22.658     3.27    2.43
 102613.460    23.847     3.20    2.28
 102984.773    24.537     1.86    1.92
 103356.166    24.711     0.47    1.78
 103727.641    24.527    -0.50    1.93
 104099.197    24.333    -0.52    2.08
 104470.834    24.262    -0.19    2.17
 104842.552    24.639     1.02    2.01
 105214.352    25.236     1.60    1.36
 105586.233    25.697     1.24    0.60
 105958.195    26.119     1.14    0.96
 106330.239    26.701     1.56    1.47
 106702.364    27.001     0.81    1.41
 107074.571    27.077     0.20    1.16
 107446.859    27.431     0.95    1.25
 107819.230    27.917     1.31    1.66
 108191.682    28.882     2.59    2.30
 108564.215    30.301     3.81    2.81
 108936.831    31.538     3.32    2.91
 109309.528    32.739     3.22    2.85
 109682.307    33.337     1.60    3.19
 110055.169    32.749    -1.58    3.84
 110428.112    31.497    -3.36    4.06
 110801.138    29.663    -4.92    3.39
 111174.245    28.617    -2.80    2.72
 111547.435    27.517    -2.95    1.75
 111920.707    27.107    -1.10    1.61
 112294.062    26.570    -1.44    1.04
 112667.499    26.517    -0.14    0.85
 113041.018    27.159     1.72    2.22
 113414.620    28.017     2.30    2.96
 113788.304    28.578     1.50    2.98
 114162.071    28.637     0.16    2.78
 114535.920    28.335    -0.81    2.41
 114909.852    27.699    -1.70    1.99
 115283.867    26.957    -1.98    1.27
 115657.965    26.183    -2.07    0.90
 116032.145    25.517    -1.78    1.64
 116406.409    23.928    -4.25    2.59
 116780.755    22.327    -4.28    2.68
 117155.185    20.634    -4.52    3.40
 117529.697    18.877    -4.69    4.64
 117904.293    17.340    -4.10    4.99
 118278.972    15.398    -5.18    4.87
 118653.734    14.354    -2.78    3.96
 119028.579    12.921    -3.83    4.09
 119403.508    12.069    -2.27    4.12
 119778.520    10.237    -4.89    4.78
 120153.616     8.599    -4.37    5.10
 120528.795     8.941     0.91    5.24
 120904.058     8.653    -0.77    4.74
 121279.404     9.167     1.37    4.20
 121654.834     9.921     2.01    3.58
 122030.348     9.588    -0.89    3.56
 122405.945     8.668    -2.45    3.63
 122781.626     8.249    -1.12    3.39
 123157.392     7.757    -1.31    3.42
 123533.241     7.074    -1.82    4.05
 123909.174     6.877    -0.52    3.71
 124285.191     7.213     0.90    3.79
 124661.293     9.369     5.73    4.32
 125037.478    11.715     6.24    2.73
 125413.748    12.637     2.45    1.44
 125790.102    12.044    -1.57    1.99
 126166.541    11.121    -2.45    2.16
 126543.064    10.053    -2.84    2.04
 126919.671     9.002    -2.79    2.30
 127296.363     8.323    -1.80    2.46
 127673.139     7.587    -1.95    2.18
 128050.000     6.772    -2.16    1.61
 128426.946     6.335    -1.16    1.42
 128803.976     6.117    -0.58    1.95
 129181.091     5.247    -2.31    1.98
 129558.291     4.820    -1.13    2.13
 129935.576     3.878    -2.50    2.30
 130312.946     3.177    -1.86    2.32
 130690.401     2.292    -2.34    2.61
 131067.941     1.022    -3.37    2.18
 131445.566    -0.044    -2.82    1.81
 131823.277    -0.823    -2.06    2.25
 132201.072    -0.912    -0.23    2.60
 132578.953    -0.691     0.58    2.59
 132956.920    -0.271     1.11    2.67
 133334.971     0.863     3.00    1.94
 133713.108     1.159     0.78    1.50
 134091.331     2.160     2.65    1.93
 134469.639     3.731     4.15    2.14
 134848.033     5.117     3.66    1.90
 135226.513     5.691     1.52    1.51
 135605.078     4.850    -2.22    1.71
 135983.730     4.434    -1.10    1.73
 136362.467     3.837    -1.58    2.09
 136741.290     2.818    -2.69    2.32
 137120.199     2.487    -0.88    2.06
 137499.194     2.475    -0.03    1.68
 137878.275     2.863     1.02    1.65
 138257.442     3.767     2.38    1.60
 138636.696     4.781     2.67    1.80
 139016.036     5.156     0.99    1.61
 139395.462     5.071    -0.22    1.49
 139774.974     5.129     0.15    1.58
 140154.573     5.624     1.30    1.97
 140534.259     6.221     1.57    2.24
 140914.031     6.418     0.52    2.53
 141293.890     5.884    -1.40    3.06
 141673.835     4.526    -3.57    3.26
 142053.867     3.897    -1.66    2.61
 142433.986     3.387    -1.34    2.90
 142814.192     2.619    -2.02    3.38
 143194.485     1.007    -4.24    3.82
 143574.864    -1.384    -6.29    3.85
 143955.331    -2.899    -3.98    2.70
 144335.885    -3.122    -0.59    2.48
 144716.526    -1.723     3.68    2.87
 145097.254    -0.033     4.44    2.69
 145478.070     1.297     3.49    2.44
 145858.973     2.068     2.02    2.01
 146239.963     1.987    -0.21    2.29
 146621.041     2.067     0.21    2.38
 147002.206     1.407    -1.73    2.67
 147383.459     0.697    -1.86    2.59
 147764.799     0.093    -1.58    1.95
 148146.227    -0.243    -0.88    1.47
 148520.562     0.328     1.53    1.61
 148885.470     1.327     2.74    1.91
 149250.458     2.139     2.23    2.45
 149615.525     2.767     1.72    2.80
 149980.670     2.898     0.36    2.77
 150345.895     2.757    -0.39    2.36
 150711.198     2.210    -1.50    2.39
 151076.581     0.971    -3.39    2.55
 151442.043     0.360    -1.67    2.69
 151807.585     0.137    -0.61    2.58
 152173.205     0.144     0.02    1.89
 152538.905     0.375     0.63    1.52
 152904.684     1.244     2.37    2.32
 153270.543     1.438     0.53    2.49
