# NaN NaN NaN ;Mean Elev.(m), Avg Gradient(m/km), RMS Gradient(m/km) - SRTM1     
#    6.709   0.938   5.275 ;Mean Elev.(m), Avg Gradient(m/km), RMS Gradient(m/km) - ASTER GDEM
#    1.463  -0.277   3.121 ;Mean Elev.(m), Avg Gradient(m/km), RMS Gradient(m/km) - GMTED2010 
  7     1.402 52461.03145821 41.26 161.035951  68.525046 20.785
  7     1.255 52461.03145885 35.58 161.032061  68.522016 20.785
  7     1.297 52461.03145950 32.17 161.028171  68.518986 20.785
  7     1.082 52461.03146014 28.75 161.024286  68.515957 23.338
  7     0.972 52461.03146079 27.58 161.020396  68.512927 23.338
  7     1.190 52461.03146143 25.74 161.016516  68.509887 23.338
  7     1.426 52461.03146207 25.74 161.012636  68.506857 23.338
  8     0.916 52496.03145840 37.30 161.026866  68.524260 11.199
  8     0.711 52496.03145904 38.33 161.022976  68.521230 11.199
  8     0.481 52496.03145969 40.72 161.019096  68.518200 11.199
  8     0.555 52496.03146033 41.63 161.015206  68.515170 11.199
  8     0.671 52496.03146098 43.21 161.011328  68.512137 27.406
  8     0.776 52496.03146162 41.93 161.007438  68.509107 27.406
  8     0.874 52496.03146227 40.31 161.003558  68.506077 27.406
  9     4.415 52531.03144318 16.11 161.048692  68.525876 18.171
  9     0.585 52531.03144382 17.71 161.044792  68.522846 18.171
  9     0.422 52531.03144447 16.91 161.040902  68.519816 18.171
  9     0.245 52531.03144511 18.94 161.037012  68.516786 18.171
  9     0.775 52531.03144576 17.03 161.033132  68.513756 18.171
  9     1.393 52531.03144640 17.81 161.029242  68.510726 18.171
  9     1.859 52531.03144705 17.71 161.025352  68.507686 18.171
  9     1.681 52531.03144769 26.62 161.021472  68.504656 18.171
 10     0.001 52566.03146342 38.72 161.048461  68.527639  8.181
 10    -0.007 52566.03146406 41.76 161.044571  68.524609  8.181
 10    -0.050 52566.03146471 39.03 161.040691  68.521569  8.181
 10    -0.214 52566.03146535 40.57 161.036800  68.518538 21.956
 10    -0.126 52566.03146600 40.61 161.032910  68.515508 21.956
 10    -0.082 52566.03146664 40.18 161.029020  68.512478 21.956
 10    -0.049 52566.03146729 38.31 161.025140  68.509448 21.956
 10    -0.114 52566.03146793 38.15 161.021250  68.506418 21.956
 11    -0.115 52601.03148179 31.09 161.014796  68.523772 13.330
 11    -0.033 52601.03148244 35.18 161.010906  68.520732 13.330
 11    -0.048 52601.03148308 34.52 161.007026  68.517702 13.330
 11    -0.141 52601.03148373 34.01 161.003146  68.514672 13.330
 11    -0.055 52601.03148437 34.48 160.999256  68.511642 13.330
 11    -0.041 52601.03148502 33.25 160.995376  68.508612 13.330
 11    -0.237 52601.03148566 28.82 160.991496  68.505572 13.330
 12     2.082 52636.03144260 23.45 161.040801  68.526126  4.720
 12    -0.055 52636.03144324 24.71 161.036911  68.523096  4.720
 12    -0.175 52636.03144389 25.62 161.033021  68.520056  4.720
 12    -0.139 52636.03144453 26.41 161.029131  68.517026  4.720
 12    -0.011 52636.03144518 24.89 161.025251  68.513996  4.720
 12    -0.035 52636.03144582 25.46 161.021361  68.510966  4.720
 12    -0.049 52636.03144647 25.19 161.017481  68.507936  4.720
 12     0.234 52636.03144711 23.97 161.013591  68.504906  4.720
 13    -0.250 52671.03144997 23.18 161.024302  68.524183  4.746
 13    -0.464 52671.03145061 24.22 161.020412  68.521153  4.746
 13    -0.470 52671.03145126 24.71 161.016532  68.518123  4.746
 13    -0.363 52671.03145190 24.45 161.012642  68.515093  4.746
 13    -0.426 52671.03145255 23.65 161.008762  68.512053  4.746
 13    -0.348 52671.03145319 23.26 161.004872  68.509023  4.746
 13    -0.406 52671.03145384 23.74 161.000992  68.505993  4.746
 14     1.039 52706.03144427 21.58 161.042267  68.525068  3.830
 14    -0.293 52706.03144491 21.98 161.038377  68.522028  3.830
 14    -0.166 52706.03144556 22.39 161.034497  68.518998  3.830
 14    -0.309 52706.03144620 23.22 161.030607  68.515968  3.830
 14    -0.211 52706.03144685 22.88 161.026717  68.512938  3.830
 14    -0.099 52706.03144749 22.31 161.022837  68.509908  3.830
 14    -0.255 52706.03144814 22.54 161.018947  68.506878  3.830
 15     0.069 52741.03147857 21.15 161.021368  68.524906  3.894
 15    -0.024 52741.03147922 21.55 161.017478  68.521866  3.894
 15    -0.085 52741.03147986 22.69 161.013588  68.518836  3.894
 15    -0.078 52741.03148051 21.87 161.009708  68.515806  3.894
 15     0.025 52741.03148115 21.76 161.005818  68.512776  3.894
 15    -0.064 52741.03148180 21.35 161.001938  68.509746  3.894
 15    -0.075 52741.03148244 21.33 160.998058  68.506706  3.894
 16     0.313 52776.03142339 33.09 161.016717  68.525633 14.505
 16     0.353 52776.03142404 31.47 161.012827  68.522603 14.505
 16     0.242 52776.03142468 27.89 161.008947  68.519573 14.505
 16     0.323 52776.03142533 26.13 161.005057  68.516543 14.505
 16     0.226 52776.03142597 26.35 161.001177  68.513513 14.505
 16     0.603 52776.03142662 24.06 160.997297  68.510473 14.505
 16     1.873 52776.03142726 25.36 160.993417  68.507443 14.505
 17     3.491 52811.03149898 55.70 161.042250  68.525894 46.733
 17     3.378 52811.03149962 53.66 161.038360  68.522864 46.733
 17     3.366 52811.03150027 55.94 161.034470  68.519824 46.733
 17     3.455 52811.03150091 53.56 161.030590  68.516794 46.733
 17     3.502 52811.03150156 51.53 161.026700  68.513764 46.733
 17     3.565 52811.03150220 51.09 161.022810  68.510734 46.733
 17     3.585 52811.03150285 52.48 161.018930  68.507704 46.733
 17     3.551 52811.03150349 50.90 161.015040  68.504674 46.733
 18     4.484 52846.03155400 23.95 161.046005  68.527824 21.091
 18     4.061 52846.03155465 17.58 161.042115  68.524794 21.091
 18     2.350 52846.03155529 15.87 161.038225  68.521764 21.091
 18     0.802 52846.03155594 15.81 161.034335  68.518724 21.091
 18     0.890 52846.03155658 16.00 161.030445  68.515694 21.091
 18     0.811 52846.03155723 16.39 161.026565  68.512664 21.091
 18     1.535 52846.03155787 16.02 161.022675  68.509634 21.091
 18     3.708 52846.03155852 18.62 161.018795  68.506604 21.091
 19     0.013 52881.03159205 47.77 161.029693  68.525781 24.782
 19     0.085 52881.03159270 49.20 161.025803  68.522751 24.782
 19    -0.095 52881.03159334 41.57 161.021913  68.519721 24.782
 19    -0.018 52881.03159399 44.01 161.018033  68.516681 24.782
 19    -0.062 52881.03159463 45.11 161.014143  68.513651 24.782
 19    -0.154 52881.03159527 46.78 161.010263  68.510621 24.782
 19    -0.091 52881.03159592 45.71 161.006373  68.507591 24.782
 20     4.012 52916.03154964 18.63 161.022027  68.525558 15.146
 20     3.366 52916.03155028 18.33 161.018147  68.522528 15.146
 20     2.690 52916.03155093 18.27 161.014257  68.519498 15.146
 20    -0.202 52916.03155157 19.66 161.010377  68.516468 15.146
 20     0.156 52916.03155222 21.85 161.006487  68.513428 15.146
 20     0.521 52916.03155286 22.35 161.002607  68.510398 15.146
 20     0.316 52916.03155350 27.81 160.998727  68.507368 15.146
 21     0.192 52951.03150860 29.11 161.057389  68.527938  6.256
 21     0.117 52951.03150924 30.41 161.053499  68.524908  6.256
 21     0.177 52951.03150989 31.26 161.049609  68.521878  6.256
 21     0.113 52951.03151053 31.17 161.045719  68.518838  6.256
 21     0.034 52951.03151118 32.43 161.041829  68.515808  6.256
 21     0.187 52951.03151182 31.56 161.037939  68.512778  6.256
 21     0.369 52951.03151247 31.48 161.034049  68.509748  6.256
 21     0.274 52951.03151311 29.78 161.030169  68.506718  6.256
 22     0.123 52986.03152933 24.00 161.042322  68.527378  2.547
 22     0.127 52986.03152997 26.11 161.038431  68.524347  4.010
 22     0.019 52986.03153062 25.16 161.034541  68.521317  4.010
 22    -0.128 52986.03153126 26.75 161.030651  68.518287  4.010
 22    -0.170 52986.03153191 26.69 161.026771  68.515257  4.010
 22    -0.060 52986.03153255 24.74 161.022881  68.512227  4.010
 22    -0.012 52986.03153320 24.56 161.019001  68.509187  4.010
 22    -0.026 52986.03153384 24.19 161.015111  68.506157  4.010
 23    -0.427 53021.03151980 18.47 161.026853  68.526646  2.064
 23    -0.417 53021.03152044 19.25 161.022968  68.523618  2.928
 23    -0.461 53021.03152109 19.53 161.019078  68.520588  2.928
 23    -0.489 53021.03152173 19.61 161.015198  68.517548  2.928
 23    -0.387 53021.03152238 19.70 161.011308  68.514518  2.928
 23    -0.451 53021.03152302 19.54 161.007428  68.511488  2.928
 23    -0.369 53021.03152366 19.33 161.003548  68.508458  2.928
 23    -0.524 53021.03152431 19.78 160.999668  68.505418  2.928
 24    -0.125 53056.03150780 17.65 161.048100  68.527866  2.150
 24    -0.055 53056.03150844 17.48 161.044208  68.524838  2.771
 24    -0.270 53056.03150909 18.37 161.040318  68.521808  2.771
 24    -0.184 53056.03150973 18.77 161.036428  68.518778  2.771
 24    -0.296 53056.03151038 18.66 161.032538  68.515748  2.771
 24    -0.187 53056.03151102 18.84 161.028658  68.512718  2.771
 24    -0.176 53056.03151166 18.26 161.024768  68.509678  2.771
 24     0.131 53056.03151231 17.60 161.020888  68.506648  2.771
 25    -0.514 53091.03154712 15.56 161.008869  68.525324  2.626
 25    -0.454 53091.03154776 15.88 161.004979  68.522294  2.626
 25    -0.365 53091.03154841 15.77 161.001099  68.519264  2.626
 25    -0.366 53091.03154905 16.38 160.997209  68.516234  2.626
 25    -0.295 53091.03154969 16.42 160.993329  68.513194  2.626
 25    -0.340 53091.03155034 15.95 160.989449  68.510164  2.626
 25    -0.480 53091.03155098 16.60 160.985569  68.507134  2.626
 26     0.321 53126.03151632 12.67 161.044974  68.526151  2.647
 26     0.126 53126.03151696 12.75 161.041084  68.523121  2.647
 26     0.246 53126.03151761 13.10 161.037194  68.520091  2.647
 26     0.197 53126.03151825 12.79 161.033304  68.517061  2.647
 26     0.072 53126.03151890 13.51 161.029414  68.514031  2.647
 26     0.167 53126.03151954 12.37 161.025534  68.510991  2.647
 26     0.186 53126.03152019 12.28 161.021644  68.507961  2.647
 26     0.072 53126.03152083 12.42 161.017764  68.504931  2.647
 27     4.537 53161.03157901 40.14 161.025659  68.524279 34.712
 27     4.547 53161.03157965 43.53 161.021769  68.521249 34.712
 27     4.572 53161.03158030 42.16 161.017879  68.518219 34.712
 27     4.597 53161.03158094 43.10 161.013999  68.515179 34.712
 27     4.610 53161.03158159 41.83 161.010109  68.512149 34.712
 27     4.631 53161.03158223 34.56 161.006229  68.509119 34.712
 27     4.573 53161.03158288 28.30 161.002339  68.506089 34.712
 28     4.567 53196.03157610 15.42 161.033732  68.526115 17.004
 28     3.841 53196.03157675 13.51 161.029842  68.523085 17.004
 28     3.459 53196.03157739 13.36 161.025952  68.520055 17.004
 28     2.422 53196.03157804 15.07 161.022072  68.517025 17.004
 28     1.960 53196.03157868 17.33 161.018182  68.513985 17.004
 28     1.926 53196.03157933 18.42 161.014302  68.510955 17.004
 28     2.222 53196.03157997 20.08 161.010412  68.507925 17.004
 28     4.535 53196.03158062 22.43 161.006532  68.504895 17.004
 29     4.562 53231.03156022 14.38 161.033917  68.526638 39.631
 29     4.035 53231.03156087 11.91 161.030029  68.523612 21.963
 29     3.483 53231.03156151 12.51 161.026139  68.520572 21.963
 29     2.472 53231.03156216 12.82 161.022249  68.517542 21.963
 29     2.223 53231.03156280 13.33 161.018369  68.514512 21.963
 29     2.980 53231.03156345 13.64 161.014479  68.511482 21.963
 29     4.016 53231.03156409 14.86 161.010599  68.508452 21.963
 29     4.295 53231.03156474 22.05 161.006719  68.505412 21.963
 30     4.260 53266.03153172 19.83 161.005490  68.523113 21.637
 30     4.037 53266.03153236 18.06 161.001610  68.520073 21.637
 30     0.169 53266.03153301 19.38 160.997730  68.517043 21.637
 30     3.120 53266.03153365 16.50 160.993840  68.514013 21.637
 30     4.152 53266.03153430 17.65 160.989960  68.510983 21.637
 30     4.106 53266.03153494 20.56 160.986080  68.507943 21.637
 31     0.581 53301.03158053 21.75 161.029838  68.524554  3.041
 31     0.556 53301.03158117 22.81 161.025953  68.521524  4.013
 31     0.367 53301.03158182 22.86 161.022063  68.518494  4.013
 31     0.497 53301.03158246 22.81 161.018173  68.515464  4.013
 31     0.460 53301.03158311 22.17 161.014293  68.512434  4.013
 31     0.501 53301.03158375 21.49 161.010403  68.509404  4.013
 31     0.699 53301.03158440 21.23 161.006523  68.506364  4.013
 32     0.335 53336.03155116 13.55 161.027368  68.525545  2.741
 32    -0.114 53336.03155180 14.32 161.023488  68.522515  2.741
 32    -0.417 53336.03155245 15.63 161.019598  68.519485  2.741
 32    -0.324 53336.03155309 15.02 161.015708  68.516455  2.741
 32    -0.135 53336.03155374 15.23 161.011828  68.513415  2.741
 32    -0.152 53336.03155438 13.98 161.007938  68.510385  2.741
 32    -0.245 53336.03155502 14.34 161.004058  68.507355  2.741
 33     0.030 53371.03148913 13.46 161.013559  68.525089  2.478
 33    -0.026 53371.03148977 14.03 161.009679  68.522049  2.478
 33    -0.020 53371.03149042 13.76 161.005789  68.519019  2.478
 33    -0.057 53371.03149106 14.13 161.001909  68.515989  2.478
 33    -0.049 53371.03149170 13.64 160.998029  68.512959  2.478
 33    -0.188 53371.03149235 13.62 160.994149  68.509929  2.478
 33    -0.170 53371.03149299 13.81 160.990269  68.506889  2.478
 35     1.036 53441.03151093 12.19 161.012209  68.523807  2.373
 35     0.009 53441.03151158 12.58 161.008329  68.520777  2.373
 35     0.090 53441.03151222 12.31 161.004439  68.517747  2.373
 35     0.034 53441.03151287 12.91 161.000559  68.514717  2.373
 35    -0.268 53441.03151351 12.93 160.996679  68.511677  2.373
 35    -0.403 53441.03151416 12.71 160.992799  68.508647  2.373
 35    -0.505 53441.03151480 12.36 160.988919  68.505617  2.373
 36    -0.093 53476.03157651 10.06 161.032204  68.524942  2.335
 36    -0.219 53476.03157715 10.16 161.028314  68.521912  2.335
 36    -0.223 53476.03157779 10.17 161.024424  68.518872  2.335
 36    -0.230 53476.03157844 10.64 161.020544  68.515842  2.335
 36    -0.338 53476.03157908 10.60 161.016654  68.512812  2.335
 36    -0.100 53476.03157973 10.21 161.012774  68.509782  2.335
 36    -0.505 53476.03158037 10.39 161.008884  68.506752  2.335
 38     4.543 53546.03160816 19.76 161.020223  68.524895 15.652
 38     4.228 53546.03160881 13.75 161.016333  68.521865 15.652
 38     3.577 53546.03160945 13.01 161.012453  68.518835 15.652
 38     2.979 53546.03161010 13.16 161.008563  68.515795 15.652
 38     2.713 53546.03161074 13.57 161.004683  68.512765 15.652
 38     4.007 53546.03161138 14.86 161.000793  68.509735 15.652
 38     2.202 53546.03161203 25.44 160.996913  68.506705 15.652
 39     3.726 53581.03158240 16.69 161.020076  68.523732 20.557
 39     3.074 53581.03158305 16.69 161.016196  68.520702 20.557
 39    -0.082 53581.03158369 20.72 161.012306  68.517672 20.557
 39    -0.083 53581.03158434 22.59 161.008426  68.514642 20.557
 39     0.230 53581.03158498 27.68 161.004536  68.511612 20.557
 39     0.552 53581.03158563 34.24 161.000656  68.508572 20.557
 39     2.094 53581.03158627 32.30 160.996776  68.505542 20.557
 40     4.599 53616.03153721 21.44 161.010407  68.525429 23.128
 40     4.265 53616.03153786 18.66 161.006517  68.522389 23.128
 40     3.329 53616.03153850 17.36 161.002637  68.519359 23.128
 40     1.974 53616.03153915 18.82 160.998747  68.516329 23.128
 40     2.484 53616.03153979 18.08 160.994867  68.513299 23.128
 40     3.773 53616.03154044 19.23 160.990987  68.510259 23.128
 40     1.888 53616.03154108 31.03 160.987107  68.507229 23.128
 41     0.256 53651.03154945 47.29 161.040497  68.526788 41.997
 41     0.106 53651.03155010 53.30 161.036607  68.523758 41.997
 41     0.247 53651.03155074 51.64 161.032717  68.520728 41.997
 41     0.161 53651.03155139 51.94 161.028827  68.517688 41.997
 41     0.179 53651.03155203 52.05 161.024947  68.514658 41.997
 41     0.255 53651.03155268 49.30 161.021057  68.511628 41.997
 41     0.260 53651.03155332 51.90 161.017177  68.508598 41.997
 41     0.147 53651.03155397 51.25 161.013287  68.505568 41.997
 42     0.499 53686.03155758 22.06 161.024230  68.525766  5.036
 42    -0.164 53686.03155823 23.40 161.020340  68.522726  5.036
 42    -0.361 53686.03155887 24.80 161.016450  68.519696  5.036
 42    -0.289 53686.03155952 26.05 161.012560  68.516666  5.036
 42    -0.305 53686.03156016 26.25 161.008682  68.513637  7.739
 42    -0.252 53686.03156081 26.92 161.004792  68.510607  7.739
 42    -0.324 53686.03156145 26.09 161.000912  68.507567  7.739
 43     0.370 53721.03148383 22.12 161.017446  68.525447  5.210
 43    -0.120 53721.03148448 23.87 161.013556  68.522407  5.210
 43    -0.109 53721.03148512 24.31 161.009676  68.519377  5.210
 43    -0.168 53721.03148577 24.81 161.005786  68.516347  5.210
 43    -0.047 53721.03148641 24.27 161.001906  68.513317  5.210
 43    -0.116 53721.03148706 24.10 160.998026  68.510277  5.210
 43    -0.084 53721.03148770 23.62 160.994146  68.507247  5.210
 44     0.201 53756.03141044 18.51 161.053131  68.527283  2.250
 44    -0.045 53756.03141109 19.75 161.049240  68.524247  3.408
 44    -0.109 53756.03141173 19.95 161.045350  68.521217  3.408
 44    -0.039 53756.03141238 19.86 161.041460  68.518187  3.408
 44    -0.094 53756.03141302 20.68 161.037580  68.515157  3.408
 44     0.008 53756.03141367 19.97 161.033690  68.512117  3.408
 44     0.193 53756.03141431 19.83 161.029800  68.509087  3.408
 44     0.577 53756.03141496 19.42 161.025920  68.506057  3.408
 45    -0.007 53791.03143870 13.72 161.031876  68.526478  2.390
 45    -0.054 53791.03143934 14.11 161.027996  68.523448  2.390
 45    -0.154 53791.03143999 14.59 161.024106  68.520418  2.390
 45    -0.173 53791.03144063 14.50 161.020216  68.517388  2.390
 45    -0.179 53791.03144128 15.00 161.016336  68.514348  2.390
 45    -0.103 53791.03144192 15.04 161.012456  68.511318  2.390
 45    -0.194 53791.03144257 15.04 161.008566  68.508288  2.390
 45    -0.000 53791.03144321 15.03 161.004686  68.505258  2.390
 46     0.939 53826.03139717 14.72 161.059136  68.529097  2.206
 46     0.445 53826.03139781 15.34 161.055246  68.526067  2.206
 46     0.008 53826.03139846 16.04 161.051346  68.523037  2.206
 46    -0.137 53826.03139910 16.16 161.047463  68.520000  2.475
 46    -0.337 53826.03139975 15.89 161.043573  68.516970  2.475
 46    -0.194 53826.03140039 15.54 161.039683  68.513940  2.475
 46    -0.046 53826.03140104 15.36 161.035793  68.510910  2.475
 46     0.046 53826.03140168 14.97 161.031913  68.507880  2.475
 46     0.287 53826.03140233 15.04 161.028023  68.504840  2.475
 47     1.904 53861.03148934 13.23 161.036933  68.527415  2.077
 47     0.022 53861.03148999 14.00 161.033043  68.524375  2.077
 47    -0.072 53861.03149063 14.30 161.029153  68.521345  2.077
 47    -0.009 53861.03149128 13.84 161.025266  68.518312  2.413
 47    -0.045 53861.03149192 13.73 161.021376  68.515282  2.413
 47    -0.172 53861.03149257 14.74 161.017486  68.512252  2.413
 47     0.163 53861.03149321 13.62 161.013606  68.509222  2.413
 47    -0.070 53861.03149386 13.82 161.009716  68.506192  2.413
 48     4.029 53896.03150903 25.42 161.038137  68.526216 31.813
 48    -3.054 53896.03150967 25.06 161.034247  68.523186 31.813
 48     2.873 53896.03151032 19.29 161.030367  68.520156 31.813
 48     3.087 53896.03151096 17.62 161.026477  68.517116 31.813
 48     3.385 53896.03151161 18.05 161.022587  68.514086 31.813
 48     3.828 53896.03151225 20.44 161.018707  68.511056 31.813
 48     4.078 53896.03151290 29.64 161.014817  68.508026 31.813
 48     4.472 53896.03151354 31.69 161.010937  68.504996 31.813
 49     4.372 53931.03156154 17.31 161.016587  68.523729 38.900
 49     4.039 53931.03156218 13.98 161.012697  68.520699 38.900
 49     3.261 53931.03156283 13.62 161.008809  68.517669 22.240
 49     2.620 53931.03156347 14.93 161.004929  68.514639 22.240
 49     2.930 53931.03156412 15.02 161.001039  68.511599 22.240
 49     2.500 53931.03156476 17.76 160.997159  68.508569 22.240
 49     1.689 53931.03156541 30.72 160.993279  68.505539 22.240
 50     4.646 53966.03153794 19.28 161.017380  68.525678 37.828
 50     4.418 53966.03153858 16.18 161.013490  68.522648 37.828
 50     4.021 53966.03153923 13.67 161.009600  68.519618 37.828
 50     3.175 53966.03153987 14.46 161.005717  68.516586 22.199
 50     3.371 53966.03154052 14.32 161.001837  68.513556 22.199
 50     4.301 53966.03154116 14.22 160.997947  68.510516 22.199
 50     4.649 53966.03154180 17.12 160.994067  68.507486 22.199
 51     2.300 54001.03149593 30.93 161.061215  68.529549 39.300
 51     4.186 54001.03149658 21.20 161.057325  68.526519 39.300
 51     4.177 54001.03149722 14.68 161.053435  68.523489 39.300
 51     3.690 54001.03149787 14.91 161.049545  68.520459 39.300
 51     2.644 54001.03149851 14.87 161.045646  68.517421 24.184
 51     2.407 54001.03149916 14.83 161.041766  68.514391 24.184
 51     3.392 54001.03149980 15.17 161.037876  68.511361 24.184
 51     4.082 54001.03150045 15.81 161.033986  68.508331 24.184
 51     2.124 54001.03150109 28.42 161.030096  68.505301 24.184
 52    -0.127 54036.03153882 30.55 161.038512  68.525137  6.101
 52    -0.036 54036.03153946 32.19 161.034622  68.522097  6.101
 52    -0.100 54036.03154011 32.57 161.030742  68.519067  6.101
 52    -0.177 54036.03154075 33.70 161.026856  68.516042  9.243
 52    -0.243 54036.03154140 34.05 161.022966  68.513002  9.243
 52    -0.062 54036.03154204 32.51 161.019086  68.509972  9.243
 52    -0.073 54036.03154269 32.87 161.015196  68.506942  9.243
 53     1.240 54071.03153349 18.02 161.029593  68.524881  2.378
 53     0.072 54071.03153413 18.27 161.025703  68.521851  2.378
 53    -0.220 54071.03153478 20.22 161.021811  68.518825  2.942
 53    -0.181 54071.03153542 19.01 161.017931  68.515785  2.942
 53    -0.132 54071.03153607 19.29 161.014041  68.512755  2.942
 53     0.032 54071.03153671 18.80 161.010161  68.509725  2.942
 53     0.378 54071.03153735 18.60 161.006281  68.506695  2.942
 54     0.423 54106.03148625 16.49 161.011137  68.525716  2.125
 54    -0.066 54106.03148689 16.96 161.007247  68.522686  2.125
 54    -0.095 54106.03148753 17.45 161.003367  68.519656  2.125
 54    -0.126 54106.03148818 18.07 160.999479  68.516619  2.651
 54    -0.113 54106.03148882 17.53 160.995599  68.513589  2.651
 54    -0.168 54106.03148947 18.00 160.991719  68.510559  2.651
 54    -0.325 54106.03149011 17.99 160.987839  68.507519  2.651
 55     1.980 54141.03146554 15.65 161.040772  68.527339  2.111
 55     0.174 54141.03146618 15.85 161.036882  68.524309  2.111
 55    -0.164 54141.03146683 16.64 161.033002  68.521269  2.111
 55    -0.081 54141.03146747 16.45 161.029112  68.518246  2.624
 55    -0.186 54141.03146812 16.66 161.025222  68.515206  2.624
 55    -0.141 54141.03146876 17.01 161.021332  68.512176  2.624
 55     0.000 54141.03146941 16.58 161.017452  68.509146  2.624
 55     0.250 54141.03147005 16.56 161.013562  68.506116  2.624
 56     0.427 54176.03146733 14.04 161.017330  68.523761  2.423
 56    -0.216 54176.03146797 14.95 161.013440  68.520731  2.423
 56    -0.519 54176.03146862 15.02 161.009560  68.517701  2.423
 56    -0.340 54176.03146926 14.96 161.005680  68.514661  2.423
 56    -0.470 54176.03146991 14.93 161.001790  68.511631  2.423
 56    -0.645 54176.03147055 15.18 160.997910  68.508601  2.423
 56    -0.691 54176.03147120 15.66 160.994030  68.505571  2.423
 57     1.446 54211.03147289 13.94 161.035949  68.525485  2.452
 57     0.015 54211.03147354 15.06 161.032059  68.522455  2.452
 57     0.077 54211.03147418 14.71 161.028169  68.519425  2.452
 57     0.031 54211.03147483 14.62 161.024289  68.516395  2.452
 57     0.005 54211.03147547 14.43 161.020399  68.513355  2.452
 57     0.159 54211.03147612 14.59 161.016519  68.510325  2.452
 57     0.028 54211.03147676 14.59 161.012629  68.507295  2.452
 58     3.945 54246.03150290 51.21 161.031962  68.524997 39.843
 58     3.887 54246.03150355 49.94 161.028082  68.521967 39.843
 58     3.870 54246.03150419 51.70 161.024192  68.518937 39.843
 58     3.836 54246.03150484 52.55 161.020302  68.515897 39.843
 58     3.836 54246.03150548 49.11 161.016422  68.512867 39.843
 58     3.865 54246.03150613 52.52 161.012532  68.509837 39.843
 58     3.915 54246.03150677 51.55 161.008652  68.506807 39.843
 60     4.555 54316.03151238 17.66 161.029425  68.526433 28.203
 60     0.878 54316.03151302 21.85 161.025535  68.523403 28.203
 60     0.814 54316.03151367 18.08 161.021645  68.520373 28.203
 60     0.368 54316.03151431 18.99 161.017765  68.517343 28.203
 60    -0.021 54316.03151496 22.32 161.013875  68.514313 28.203
 60     0.694 54316.03151560 19.07 161.009995  68.511273 28.203
 60     1.110 54316.03151625 19.57 161.006115  68.508243 28.203
 60     2.108 54316.03151689 24.90 161.002225  68.505213 28.203
 61     4.551 54351.03148057 17.15 161.017847  68.524636 26.093
 61     4.163 54351.03148122 14.10 161.013957  68.521606 26.093
 61     3.578 54351.03148186 13.82 161.010077  68.518576 26.093
 61     2.850 54351.03148251 14.13 161.006187  68.515546 26.093
 61     2.751 54351.03148315 14.60 161.002307  68.512506 26.093
 61     3.798 54351.03148379 16.40 160.998427  68.509476 26.093
 61     1.965 54351.03148444 23.29 160.994547  68.506446 26.093
 62     0.372 54386.03145151 50.53 161.034990  68.524691 22.586
 62     0.403 54386.03145216 54.21 161.031100  68.521651 22.586
 62     0.407 54386.03145280 49.95 161.027210  68.518621 22.586
 62     0.334 54386.03145345 47.66 161.023320  68.515591 22.586
 62     0.348 54386.03145409 50.47 161.019440  68.512561 22.586
 62     0.322 54386.03145473 46.86 161.015550  68.509531 22.586
 62     0.330 54386.03145538 48.52 161.011670  68.506491 22.586
 63    -0.180 54421.03143018 25.96 161.020309  68.525403  5.867
 63    -0.168 54421.03143082 26.56 161.016419  68.522373  5.867
 63    -0.226 54421.03143147 27.33 161.012529  68.519343  5.867
 63    -0.341 54421.03143211 29.69 161.008649  68.516313  5.867
 63    -0.289 54421.03143276 28.97 161.004769  68.513283  5.867
 63    -0.214 54421.03143340 25.88 161.000879  68.510243  5.867
 63    -0.318 54421.03143405 25.73 160.996999  68.507213  5.867
 64     1.772 54456.03142306 14.07 161.049350  68.528005  2.535
 64     1.523 54456.03142371 14.42 161.045450  68.524975  2.535
 64    -0.168 54456.03142435 15.26 161.041560  68.521945  2.535
 64    -0.366 54456.03142500 15.40 161.037670  68.518915  2.535
 64    -0.056 54456.03142564 15.84 161.033790  68.515885  2.535
 64    -0.002 54456.03142629 15.72 161.029900  68.512855  2.535
 64     0.220 54456.03142693 16.12 161.026010  68.509825  2.535
 64     0.831 54456.03142758 16.28 161.022130  68.506785  2.535
 65     0.319 54491.03143153 15.35 161.022979  68.523899  2.551
 65     0.255 54491.03143217 15.32 161.019099  68.520869  2.551
 65     0.282 54491.03143282 15.37 161.015209  68.517839  2.551
 65     0.145 54491.03143346 15.50 161.011329  68.514799  2.551
 65     0.206 54491.03143411 15.14 161.007449  68.511769  2.551
 65     0.128 54491.03143475 15.68 161.003559  68.508739  2.551
 65     0.063 54491.03143540 15.64 160.999679  68.505709  2.551
 66     2.941 54526.03143680 13.04 161.038225  68.524894  2.349
 66     0.896 54526.03143745 13.18 161.034335  68.521864  2.349
 66     0.002 54526.03143809 13.73 161.030445  68.518834  2.349
 66    -0.293 54526.03143874 13.99 161.026555  68.515804  2.349
 66    -0.119 54526.03143938 14.08 161.022675  68.512774  2.349
 66    -0.118 54526.03144003 13.99 161.018785  68.509744  2.349
 66     0.550 54526.03144067 13.77 161.014905  68.506704  2.349
 67     3.432 54561.03143967 11.81 161.020798  68.526282  2.351
 67     0.517 54561.03144031 12.17 161.016908  68.523252  2.351
 67     0.273 54561.03144096 12.43 161.013018  68.520222  2.351
 67     0.341 54561.03144160 12.66 161.009138  68.517182  2.351
 67     0.084 54561.03144225 12.69 161.005258  68.514152  2.351
 67     0.090 54561.03144289 13.06 161.001368  68.511122  2.351
 67    -0.171 54561.03144354 13.48 160.997488  68.508092  2.351
 67     0.039 54561.03144418 13.04 160.993608  68.505052  2.351
 68     4.088 54596.03143240  9.05 161.031747  68.526535  4.558
 68     3.481 54596.03143304  9.73 161.027857  68.523505  4.558
 68    -0.008 54596.03143369 10.59 161.023967  68.520465  4.558
 68    -0.070 54596.03143433 11.68 161.020087  68.517435  4.558
 68     0.023 54596.03143498 11.06 161.016197  68.514405  4.558
 68     0.162 54596.03143562 11.28 161.012307  68.511375  4.558
 68     0.558 54596.03143627 10.66 161.008427  68.508345  4.558
 68     1.055 54596.03143691 10.52 161.004547  68.505305  4.558
 69     2.997 54631.03144677 43.97 161.028182  68.524588 19.825
 69     2.972 54631.03144741 42.03 161.024292  68.521558 19.825
 69     2.995 54631.03144806 43.86 161.020412  68.518528 19.825
 69     2.887 54631.03144870 39.71 161.016522  68.515498 19.825
 69     2.910 54631.03144935 38.22 161.012642  68.512468 19.825
 69     3.022 54631.03144999 37.02 161.008752  68.509438 19.825
 69     3.016 54631.03145064 33.42 161.004872  68.506398 19.825
 70     1.147 54666.03145261 49.19 161.030183  68.526729 20.244
 70     1.472 54666.03145326 51.88 161.026293  68.523699 20.244
 70     1.315 54666.03145390 50.97 161.022403  68.520659 20.244
 70     1.175 54666.03145455 47.48 161.018523  68.517629 20.244
 70     1.194 54666.03145519 43.50 161.014633  68.514599 20.244
 70     1.258 54666.03145584 39.65 161.010743  68.511569 20.244
 70     1.242 54666.03145648 30.58 161.006863  68.508539 20.244
 70     0.424 54666.03145712 28.27 161.002983  68.505499 20.244
 71     4.141 54701.03142228 14.75 161.017507  68.524214 15.632
 71     3.462 54701.03142293 13.79 161.013617  68.521184 15.632
 71     0.021 54701.03142357 15.72 161.009737  68.518154 15.632
 71    -0.013 54701.03142422 16.24 161.005857  68.515114 15.632
 71     0.285 54701.03142486 17.15 161.001967  68.512084 15.632
 71     2.002 54701.03142551 17.01 160.998087  68.509054 15.632
 71     2.124 54701.03142615 21.24 160.994207  68.506024 15.632
 72     4.423 54736.03141191 17.20 161.042184  68.526192 17.634
 72     0.328 54736.03141255 21.38 161.038294  68.523162 17.634
 72     0.288 54736.03141320 21.47 161.034404  68.520122 17.634
 72     0.064 54736.03141384 20.19 161.030514  68.517092 17.634
 72    -0.144 54736.03141449 21.78 161.026624  68.514062 17.634
 72     0.337 54736.03141513 23.20 161.022744  68.511032 17.634
 72     0.489 54736.03141578 27.56 161.018854  68.508002 17.634
 72     0.729 54736.03141642 28.58 161.014974  68.504962 17.634
 73     0.192 54771.03140289 27.06 161.023889  68.524105  6.757
 73     0.253 54771.03140353 28.37 161.020009  68.521065  6.757
 73     0.225 54771.03140418 28.58 161.016119  68.518035  6.757
 73     0.139 54771.03140482 28.87 161.012239  68.515005  6.757
 73     0.270 54771.03140547 28.66 161.008349  68.511975  6.757
 73     0.344 54771.03140611 27.39 161.004469  68.508945  6.757
 73     0.274 54771.03140676 26.95 161.000589  68.505905  6.757
 74     1.281 54806.03140544 20.03 161.042522  68.527705  3.404
 74     0.613 54806.03140609 20.37 161.038632  68.524665  3.404
 74    -0.109 54806.03140673 21.11 161.034742  68.521635  3.404
 74    -0.316 54806.03140737 21.98 161.030852  68.518605  3.404
 74    -0.262 54806.03140802 21.83 161.026962  68.515575  3.404
 74    -0.159 54806.03140866 21.25 161.023082  68.512545  3.404
 74    -0.178 54806.03140931 22.75 161.019192  68.509515  3.404
 74     0.588 54806.03140995 21.71 161.015312  68.506475  3.404
 75     0.877 54841.03139783 16.77 161.029503  68.525751  2.830
 75    -0.240 54841.03139847 17.20 161.025623  68.522721  2.830
 75    -0.170 54841.03139912 17.72 161.021733  68.519681  2.830
 75    -0.370 54841.03139976 17.52 161.017843  68.516651  2.830
 75    -0.090 54841.03140041 17.43 161.013963  68.513621  2.830
 75    -0.348 54841.03140105 17.51 161.010073  68.510591  2.830
 75    -0.061 54841.03140170 17.59 161.006193  68.507561  2.830
 76     2.376 54876.03140695 15.45 161.035877  68.526789  2.671
 76     0.332 54876.03140759 15.88 161.031987  68.523759  2.671
 76    -0.165 54876.03140824 16.37 161.028097  68.520729  2.671
 76    -0.162 54876.03140888 16.50 161.024207  68.517699  2.671
 76    -0.239 54876.03140953 17.21 161.020327  68.514669  2.671
 76    -0.217 54876.03141017 17.18 161.016437  68.511639  2.671
 76    -0.198 54876.03141082 16.86 161.012557  68.508599  2.671
 76    -0.027 54876.03141146 16.59 161.008667  68.505569  2.671
 77     0.164 54911.03140383 12.67 161.016029  68.525338  2.367
 77     0.148 54911.03140448 12.57 161.012149  68.522298  2.367
 77    -0.315 54911.03140512 12.85 161.008259  68.519268  2.367
 77    -0.090 54911.03140577 13.12 161.004379  68.516238  2.367
 77    -0.142 54911.03140641 13.00 161.000489  68.513208  2.367
 77    -0.391 54911.03140706 13.39 160.996609  68.510178  2.367
 77    -0.882 54911.03140770 14.10 160.992729  68.507138  2.367
 78     3.142 54946.03139937 12.80 161.037886  68.526871  2.404
 78     1.319 54946.03140002 13.64 161.033996  68.523841  2.404
 78     0.057 54946.03140066 14.16 161.030106  68.520801  2.404
 78    -0.135 54946.03140131 13.98 161.026216  68.517771  2.404
 78    -0.059 54946.03140195 13.83 161.022326  68.514741  2.404
 78     0.059 54946.03140260 13.58 161.018446  68.511711  2.404
 78     0.075 54946.03140324 14.21 161.014556  68.508681  2.404
 78     0.215 54946.03140389 13.63 161.010676  68.505641  2.404
 79     2.848 54981.03142638 49.86 161.026898  68.524320 37.252
 79     2.979 54981.03142702 48.88 161.023008  68.521280 37.252
 79     2.856 54981.03142767 52.60 161.019128  68.518250 37.252
 79     3.001 54981.03142831 51.57 161.015238  68.515220 37.252
 79     2.884 54981.03142895 50.07 161.011348  68.512190 37.252
 79     2.728 54981.03142960 29.42 161.007468  68.509160 37.252
 79     3.028 54981.03143024 27.58 161.003588  68.506120 37.252
 80     3.960 55016.03142755 22.45 161.030597  68.526162 26.818
 80     0.490 55016.03142819 20.99 161.026717  68.523132 26.818
 80     0.258 55016.03142884 19.35 161.022827  68.520092 26.818
 80    -0.135 55016.03142948 20.99 161.018937  68.517062 26.818
 80    -0.047 55016.03143013 21.91 161.015057  68.514032 26.818
 80     0.307 55016.03143077 25.91 161.011167  68.511002 26.818
 80     0.432 55016.03143142 32.41 161.007287  68.507972 26.818
 80     0.714 55016.03143206 32.08 161.003407  68.504932 26.818
 81     4.249 55051.03142206 16.04 161.029910  68.525723 22.748
 81     0.913 55051.03142270 19.22 161.026030  68.522693 22.748
 81     2.863 55051.03142335 14.91 161.022140  68.519653 22.748
 81     1.688 55051.03142399 15.58 161.018250  68.516623 22.748
 81     0.901 55051.03142464 16.38 161.014370  68.513593 22.748
 81     0.940 55051.03142528 16.75 161.010480  68.510563 22.748
 81     1.504 55051.03142593 18.44 161.006600  68.507533 22.748
 82     1.973 55086.03138847 53.05 161.011675  68.523351 30.556
 82     1.903 55086.03138912 51.08 161.007795  68.520321 30.556
 82     2.033 55086.03138976 52.84 161.003905  68.517291 30.556
 82     1.959 55086.03139041 51.34 161.000025  68.514261 30.556
 82     2.016 55086.03139105 51.79 160.996144  68.511222 33.388
 82     2.082 55086.03139170 49.54 160.992264  68.508192 33.388
 83     0.097 55121.03135568 34.99 161.040635  68.525598  8.978
 83     0.038 55121.03135632 36.24 161.036755  68.522568  8.978
 83    -0.031 55121.03135697 37.25 161.032865  68.519528  8.978
 83    -0.066 55121.03135761 36.62 161.028975  68.516498  8.978
 83    -0.045 55121.03135826 35.93 161.025088  68.513475 13.549
 83    -0.051 55121.03135890 35.56 161.021208  68.510435 13.549
 83     0.017 55121.03135954 33.09 161.017318  68.507405 13.549
 83    -0.072 55121.03136019 32.69 161.013438  68.504375 13.549
 84     0.125 55156.03134815 23.27 161.020365  68.524600  2.957
 84     0.200 55156.03134880 23.54 161.016485  68.521570  2.957
 84     0.043 55156.03134944 23.23 161.012595  68.518540  2.957
 84     0.066 55156.03135009 22.69 161.008715  68.515510  2.957
 84     0.031 55156.03135073 22.70 161.004823  68.512477  3.664
 84     0.298 55156.03135138 21.59 161.000943  68.509447  3.664
 84     0.091 55156.03135202 21.17 160.997063  68.506417  3.664
 85     0.594 55191.03134473 18.92 161.042339  68.526894  3.162
 85    -0.040 55191.03134537 19.30 161.038449  68.523854  3.162
 85    -0.235 55191.03134601 19.45 161.034559  68.520824  3.162
 85    -0.368 55191.03134666 20.40 161.030669  68.517794  3.162
 85    -0.328 55191.03134730 20.07 161.026779  68.514764  3.162
 85    -0.256 55191.03134795 20.45 161.022899  68.511734  3.162
 85     0.082 55191.03134859 19.54 161.019009  68.508704  3.162
 85     0.189 55191.03134924 19.02 161.015129  68.505664  3.162
 86     2.319 55226.03134840 15.46 161.022891  68.525276  2.166
 86    -0.092 55226.03134905 15.75 161.019001  68.522246  2.166
 86    -0.425 55226.03134969 16.78 161.015121  68.519216  2.166
 86    -0.407 55226.03135033 16.24 161.011231  68.516186  2.166
 86    -0.401 55226.03135098 16.34 161.007352  68.513155  2.751
 86    -0.421 55226.03135162 16.45 161.003472  68.510125  2.751
 86    -0.665 55226.03135227 16.36 160.999582  68.507085  2.751
 87     1.852 55261.03134101 16.29 161.033070  68.525695  2.174
 87    -0.037 55261.03134166 16.81 161.029180  68.522665  2.174
 87    -0.108 55261.03134230 16.97 161.025300  68.519625  2.174
 87    -0.204 55261.03134295 17.25 161.021410  68.516595  2.174
 87    -0.238 55261.03134359 17.27 161.017523  68.513568  2.502
 87    -0.182 55261.03134423 17.07 161.013643  68.510528  2.502
 87    -0.123 55261.03134488 17.51 161.009753  68.507498  2.502
 87    -0.059 55261.03134552 16.94 161.005873  68.504468  2.502
 88     1.726 55296.03133350 16.51 161.019843  68.526162  2.192
 88     0.166 55296.03133415 16.82 161.015953  68.523122  2.192
 88    -0.050 55296.03133479 17.31 161.012063  68.520092  2.192
 88     0.015 55296.03133544 16.80 161.008183  68.517062  2.192
 88    -0.064 55296.03133608 17.04 161.004303  68.514032  2.192
 88    -0.217 55296.03133673 17.02 161.000418  68.510994  2.386
 88    -0.323 55296.03133737 16.82 160.996538  68.507964  2.386
 89     3.228 55331.03132195 24.51 161.026237  68.524460 37.505
 89     3.375 55331.03132260 16.97 161.022347  68.521430 37.505
 89     0.128 55331.03132324 17.05 161.018457  68.518400 37.505
 89     0.084 55331.03132389 19.58 161.014577  68.515370 37.505
 89     0.306 55331.03132453 20.12 161.010693  68.512338  8.842
 89     0.839 55331.03132518 18.23 161.006803  68.509308  8.842
 89     4.411 55331.03132582 18.50 161.002923  68.506268  8.842
 90     1.295 55366.03131546 29.50 161.022912  68.524145 23.314
 90     1.174 55366.03131610 39.85 161.019032  68.521105 23.314
 90     1.118 55366.03131675 43.47 161.015142  68.518075 23.314
 90     1.205 55366.03131739 41.14 161.011262  68.515045 23.314
 90     1.103 55366.03131804 42.20 161.007378  68.512013 32.108
 90     1.264 55366.03131868 43.66 161.003488  68.508983 32.108
 90     1.166 55366.03131932 45.55 160.999608  68.505953 32.108
 91     4.543 55401.03132699 19.94 161.042479  68.527157 12.009
 91     0.545 55401.03132764 18.90 161.038589  68.524127 12.009
 91     0.324 55401.03132828 21.70 161.034699  68.521097 12.009
 91     0.106 55401.03132892 21.43 161.030809  68.518057 12.009
 91    -0.284 55401.03132957 24.22 161.026919  68.515027 12.009
 91     0.225 55401.03133021 22.01 161.023034  68.512001 28.144
 91     0.446 55401.03133086 25.25 161.019144  68.508961 28.144
 91     0.632 55401.03133150 32.18 161.015264  68.505931 28.144
 92     1.006 55436.03133219 50.05 161.027365  68.524925 35.656
 92     0.893 55436.03133283 43.63 161.023475  68.521885 35.656
 92     0.881 55436.03133348 33.32 161.019595  68.518855 35.656
 92     0.751 55436.03133412 30.70 161.015705  68.515825 35.656
 92     0.782 55436.03133477 23.68 161.011825  68.512795 35.656
 92     0.720 55436.03133541 34.28 161.007935  68.509765 35.656
 92     0.702 55436.03133606 42.49 161.004055  68.506725 35.656
 93     4.320 55471.03128475 19.80 161.013986  68.525275 20.027
 93     3.744 55471.03128540 17.68 161.010096  68.522245 20.027
 93     3.300 55471.03128604 17.26 161.006216  68.519215 20.027
 93     2.520 55471.03128669 17.26 161.002326  68.516175 20.027
 93     2.235 55471.03128733 18.47 160.998446  68.513145 20.027
 93     2.370 55471.03128798 18.87 160.994566  68.510115 20.027
 93     2.632 55471.03128862 24.53 160.990686  68.507085 20.027
