-170953.738   663.718     0.00   31.94
-170581.401   657.959   -15.46   35.62
-170208.989   622.299   -95.74   65.38
-169836.502   585.407   -99.03   70.06
-169463.938   557.098   -75.97   51.54
-169091.299   553.495    -9.67   35.74
-168718.584   576.727    62.32   48.89
-168345.792   624.658   128.56   61.32
-167972.925   676.692   139.53   59.95
-167599.982   722.539   122.92   51.58
-167226.963   760.169   100.87   40.51
-166853.868   780.854    55.43   33.97
-166480.696   793.180    33.03   34.18
-166107.448   794.373     3.20   42.71
-165734.124   793.169    -3.23   51.54
-165360.724   789.473    -9.90   52.98
-164987.247   785.669   -10.19   48.82
-164613.694   761.492   -64.72   53.42
-164240.065   732.089   -78.68   59.77
-163866.359   680.040  -139.26   70.06
-163492.576   632.055  -128.36   67.99
-163118.717   577.664  -145.47   64.99
-162744.782   537.369  -107.75   59.22
-162370.769   501.083   -97.01   40.63
-161996.680   485.825   -40.78   34.32
-161622.514   485.986     0.43   39.30
-161248.272   496.858    29.05   44.38
-160873.952   512.782    42.54   43.53
-160499.556   521.081    22.16   41.38
-160125.082   536.502    41.18   47.91
-159750.532   560.473    63.99   61.73
-159375.905   591.473    82.74   68.88
-159001.200   617.105    68.40   61.13
-158626.418   634.102    45.35   52.89
-158251.559   655.017    55.79   49.81
-157876.623   682.669    73.74   61.68
-157501.610   733.756   136.21   62.88
-157126.519   781.618   127.59   49.97
-156751.351   815.019    89.02   42.13
-156376.106   839.828    66.11   31.73
-156000.783   850.212    27.66   27.60
-155625.382   846.629    -9.54   39.40
-155249.904   827.793   -50.16   51.87
-154874.348   801.479   -70.06   58.13
-154498.715   771.320   -80.28   56.49
-154123.004   742.445   -76.84   56.14
-153747.215   705.535   -98.21   56.17
-153371.348   666.402  -104.10   52.18
-152995.404   625.932  -107.63   45.52
-152619.382   592.330   -89.35   29.97
-152243.281   567.935   -64.86   24.60
-151867.103   550.760   -45.65   18.88
-151490.846   538.390   -32.87   18.46
-151114.512   527.442   -29.09   18.91
-150738.099   516.392   -29.35   23.85
-150361.609   501.328   -40.01   25.03
-149985.039   487.266   -37.34   26.10
-149608.392   471.008   -43.16   26.88
-149231.666   452.509   -49.10   29.35
-148854.862   433.020   -51.72   25.60
-148477.980   414.782   -48.39   26.80
-148101.019   396.589   -48.26   23.54
-147723.979   381.524   -39.95   22.25
-147346.861   364.836   -44.25   18.29
-146969.665   350.775   -37.27   19.14
-146592.389   337.790   -34.42   16.41
-146215.035   330.978   -18.05   12.49
-145837.602   326.859   -10.91    7.66
-145460.091   332.563    15.11   11.09
-145082.500   343.997    30.28   18.93
-144704.831   356.954    34.31   26.83
-144327.082   374.367    46.09   32.07
-143949.255   392.897    49.04   36.44
-143571.348   418.448    67.60   45.71
-143193.362   456.908   101.74   58.57
-142815.298   498.774   110.72   61.35
-142437.154   531.244    85.86   45.51
-142058.930   541.146    26.18   42.62
-141680.628   519.707   -56.67   60.48
-141302.246   481.227  -101.69   68.85
-140923.784   439.072  -111.37   62.37
-140545.244   405.544   -88.56   47.09
-140166.623   386.094   -51.37   31.80
-139787.923   375.999   -26.65   22.85
-139409.144   377.072     2.83   23.49
-139030.285   382.351    13.93   23.29
-138651.346   380.836    -4.00   15.00
-138272.327   381.112     0.73    7.34
-137893.229   383.737     6.93    6.83
-137514.051   386.987     8.57    6.94
-137134.793   390.782    10.00    7.02
-136755.454   394.146     8.87    7.02
-136376.036   397.782     9.58    6.17
-135996.538   402.791    13.20   11.41
-135616.960   406.889    10.80   14.57
-135237.301   406.069    -2.16   17.21
-134857.563   403.615    -6.46   18.11
-134477.744   398.202   -14.25   15.08
-134097.845   392.767   -14.31    8.99
-133717.865   389.452    -8.72    7.11
-133337.805   387.599    -4.87    8.96
-132957.665   384.865    -7.19    9.64
-132577.444   383.201    -4.37    9.75
-132197.142   385.148     5.12   11.12
-131816.760   389.376    11.11   14.55
-131436.297   398.653    24.38   18.06
-131055.754   411.126    32.77   17.21
-130675.130   424.986    36.41   14.09
-130294.425   438.789    36.25   20.01
-129913.639   457.754    49.80   26.77
-129532.772   477.051    50.66   27.40
-129163.257   497.707    55.89   23.15
-128797.703   513.769    43.94   21.46
-128432.075   527.938    38.75   22.70
-128066.374   541.191    36.23   23.29
-127700.599   555.749    39.80   26.17
-127334.750   567.022    30.81   27.88
-126968.828   575.001    21.80   27.50
-126602.832   579.275    11.68   25.60
-126236.762   586.702    20.29   26.69
-125870.618   596.063    25.56   29.87
-125504.401   611.691    42.67   37.03
-125138.109   640.354    78.24   57.13
-124771.744   672.040    86.48   66.97
-124405.305   701.259    79.73   71.37
-124038.791   729.742    77.71   63.66
-123672.204   751.439    59.18   51.61
-123305.542   770.295    51.42   38.78
-122938.806   775.304    13.66   39.94
-122571.996   765.882   -25.68   58.26
-122205.112   749.821   -43.77   69.38
-121838.153   751.137     3.59   76.03
-121471.120   768.626    47.64   77.47
-121104.012   802.236    91.55   70.60
-120736.830   820.874    50.76   58.36
-120369.574   839.013    49.39   51.31
-120002.243   817.978   -57.26   75.86
-119634.837   775.843  -114.67   81.82
-119267.357   721.775  -147.12   68.35
-118899.802   687.091   -94.36   51.00
-118532.173   680.435   -18.10   47.57
-118164.468   697.321    45.92   62.41
-117796.689   723.365    70.81   63.92
-117428.835   741.793    50.09   62.25
-117060.906   748.596    18.49   64.83
-116692.902   756.520    21.53   63.99
-116324.823   784.472    75.94   60.75
-115956.669   829.506   122.31   69.74
-115588.440   877.290   129.76   69.07
-115220.136   916.158   105.52   49.49
-114851.757   923.158    19.00   47.59
-114483.302   913.578   -26.00   62.59
-114114.772   882.499   -84.32   76.36
-113746.167   853.397   -78.94   78.13
-113377.487   821.105   -87.58   72.10
-113008.731   782.103  -105.76   65.16
-112639.900   731.043  -138.43   75.35
-112270.993   670.091  -165.21   79.84
-111902.010   631.001  -105.93   63.45
-111532.952   629.916    -2.94   69.86
-111163.819   675.674   123.95   95.74
-110794.609   705.563    80.95   83.02
-110425.324   710.354    12.97   78.26
-110055.963   666.339  -119.15   97.75
-109686.527   622.360  -119.03   85.11
-109317.014   601.537   -56.35   75.59
-108947.426   596.565   -13.45   63.35
-108577.761   573.739   -61.74   71.54
-108208.021   523.574  -135.67   90.59
-107838.205   452.320  -192.66  101.69
-107468.312   387.617  -174.91   89.08
-107098.343   345.978  -112.54   60.59
-106728.298   323.235   -61.45   31.54
-106358.177   313.446   -26.45   26.47
-105987.980   308.363   -13.73   22.90
-105617.706   309.452     2.94   27.01
-105247.356   320.829    30.72   38.82
-104876.929   346.914    70.41   49.03
-104506.426   381.582    93.56   57.84
-104135.847   416.960    95.46   63.23
-103765.191   443.419    71.38   59.09
-103394.458   456.225    34.54   47.46
-103023.649   450.051   -16.65   43.95
-102652.763   425.726   -65.58   51.38
-102281.800   398.222   -74.14   56.67
-101910.760   367.180   -83.66   53.35
-101539.644   338.965   -76.02   44.17
-101168.450   318.234   -55.84   31.84
-100797.180   311.559   -17.98   30.24
-100425.832   320.502    24.08   40.00
-100054.408   349.222    77.32   51.53
 -99682.907   382.446    89.42   52.28
 -99311.328   409.094    71.71   43.92
 -98939.672   424.927    42.60   46.46
 -98567.939   429.713    12.87   44.33
 -98196.129   433.780    10.94   36.64
 -97824.241   434.806     2.76   37.02
 -97452.276   436.009     3.23   48.15
 -97080.234   432.416    -9.66   55.80
 -96708.114   435.244     7.60   51.81
 -96335.917   432.669    -6.92   43.78
 -95963.642   435.481     7.55   43.07
 -95591.289   422.439   -35.02   53.58
 -95218.859   388.711   -90.56   70.10
 -94846.351   342.642  -123.66   74.28
 -94473.765   284.601  -155.77   61.38
 -94101.102   247.814   -98.71   39.46
 -93728.360   229.643   -48.75   17.54
 -93355.541   231.911     6.08   20.44
 -92982.644   251.116    51.50   31.55
 -92609.669   275.717    65.95   38.84
 -92236.615   298.105    60.01   39.34
 -91863.484   319.580    57.55   38.87
 -91490.274   342.995    62.74   40.80
 -91116.987   367.274    65.04   43.53
 -90743.621   405.392   102.09   57.15
 -90370.177   457.716   140.10   62.77
 -89996.654   496.883   104.85   52.40
 -89623.053   508.804    31.91   49.42
 -89249.374   490.630   -48.63   53.56
 -88875.616   454.363   -97.03   47.50
 -88501.779   428.192   -70.00   47.93
 -88127.864   400.137   -75.03   43.12
 -87753.871   382.146   -48.10   28.99
 -87379.799   376.967   -13.85   28.69
 -87005.648   380.015     8.15   33.83
 -86631.418   391.892    31.74   35.65
 -86257.109   404.049    32.48   44.88
 -85882.722   435.737    84.63   55.63
 -85508.255   464.006    75.49   47.71
 -85133.710   482.001    48.04   41.25
 -84759.085   490.105    21.63   39.80
 -84384.382   495.648    14.79   43.36
 -84009.599   501.509    15.64   35.54
 -83634.737   495.158   -16.94   34.00
 -83259.796   473.927   -56.62   50.73
 -82884.776   424.373  -132.13   68.27
 -82509.676   378.116  -123.31   65.05
 -82134.497   336.765  -110.21   46.23
 -81759.239   314.254   -59.98   24.21
 -81383.901   306.301   -21.19   17.24
 -81008.484   311.453    13.72   22.62
 -80632.987   319.136    20.46   26.09
 -80257.410   327.541    22.38   27.59
 -79881.754   339.745    32.48   28.80
 -79506.018   357.264    46.62   29.35
 -79130.202   377.169    52.96   37.62
 -78754.307   401.087    63.62   43.41
 -78378.331   416.491    40.97   40.85
 -78002.276   400.999   -41.19   54.43
 -77626.140   365.387   -94.67   54.44
 -77249.925   333.924   -83.63   35.86
 -76873.630   324.794   -24.26   24.34
 -76497.254   339.083    37.96   28.17
 -76120.798   350.502    30.33   20.43
 -75744.262   348.013    -6.61   23.76
 -75367.646   345.828    -5.80   27.66
 -74990.949   348.726     7.69   29.44
 -74614.172   351.591     7.60   29.87
 -74237.315   340.377   -29.75   34.31
 -73860.377   324.484   -42.16   26.79
 -73483.359   323.211    -3.37   27.79
 -73106.260   336.529    35.31   38.91
 -72729.080   349.107    33.35   46.84
 -72351.820   350.004     2.38   56.10
 -71974.479   332.369   -46.73   59.00
 -71597.057   312.782   -51.89   44.92
 -71219.554   302.032   -28.47   30.69
 -70841.971   290.275   -31.14   30.43
 -70464.306   268.485   -57.70   41.07
 -70086.561   244.528   -63.42   37.91
 -69708.735   229.263   -40.40   27.11
 -69330.827   232.345     8.16   31.48
 -68952.838   250.961    49.25   40.59
 -68574.768   272.799    57.76   47.19
 -68196.617   290.284    46.23   47.96
 -67818.385   296.299    15.90   45.48
 -67440.071   288.874   -19.63   40.58
 -67061.676   273.807   -39.82   35.57
 -66683.199   253.990   -52.36   29.95
 -66304.641   236.814   -45.37   30.09
 -65926.001   217.377   -51.33   31.42
 -65547.280   197.865   -51.52   32.07
 -65168.476   177.432   -53.94   29.48
 -64789.592   161.578   -41.84   21.23
 -64410.625   148.502   -34.50   13.70
 -64031.577   140.116   -22.12   10.08
 -63652.447   135.180   -13.02    8.98
 -63273.235   135.403     0.59   11.61
 -62893.940   135.336    -0.18   14.79
 -62514.564   135.376     0.11   16.85
 -62135.106   131.950    -9.03   17.24
 -61755.566   129.521    -6.40   15.36
 -61375.943   123.571   -15.67   13.29
 -60996.238   118.310   -13.85   13.90
 -60616.451   111.971   -16.69   12.16
 -60236.582   106.900   -13.35    5.75
 -59856.630   107.306     1.07    7.37
 -59476.596   121.202    36.56   29.44
 -59096.479   148.801    72.60   48.66
 -58716.280   181.367    85.65   57.10
 -58335.998   221.169   104.66   54.42
 -57955.633   258.315    97.66   50.42
 -57575.186   279.590    55.92   42.98
 -57194.656   276.336    -8.55   50.18
 -56814.043   253.685   -59.51   60.67
 -56433.347   214.158  -103.82   46.91
 -56052.569   192.860   -55.93   29.65
 -55671.707   188.047   -12.64   21.84
 -55290.762   201.797    36.09   29.45
 -54909.735   226.445    64.69   40.11
 -54534.999   261.265    92.91   48.57
 -54169.675   295.147    92.74   43.49
 -53804.277   319.633    67.01   31.97
 -53438.802   330.780    30.50   20.08
 -53073.253   331.453     1.84   23.27
 -52707.628   321.788   -26.44   31.70
 -52341.928   309.400   -33.87   37.35
 -51976.152   296.860   -34.28   37.75
 -51610.301   289.647   -19.71   33.72
 -51244.374   285.056   -12.55   26.56
 -50878.371   277.363   -21.02   26.96
 -50512.293   264.836   -34.22   31.03
 -50146.139   247.559   -47.18   31.76
 -49779.910   230.843   -45.64   32.41
 -49413.604   221.623   -25.17   31.18
 -49047.223   213.669   -21.71   23.34
 -48680.766   211.744    -5.25   14.32
 -48314.232   218.374    18.09   14.86
 -47947.623   230.014    31.75   19.81
 -47580.938   237.373    20.07   21.78
 -47214.176   237.804     1.18   30.22
 -46847.339   228.690   -24.85   38.07
 -46480.425   214.857   -37.70   39.02
 -46113.435   196.117   -51.06   35.51
 -45746.369   180.365   -42.91   31.21
 -45379.227   165.917   -39.35   23.90
 -45012.008   154.455   -31.21   18.84
 -44644.712   146.066   -22.84   15.09
 -44277.341   140.031   -16.43   11.34
 -43909.892   137.742    -6.23    9.39
 -43542.367   139.117     3.74    7.40
 -43174.766   141.352     6.08    5.72
 -42807.088   140.550    -2.18    6.07
 -42439.333   137.293    -8.86    8.41
 -42071.501   131.742   -15.09   10.47
 -41703.593   124.480   -19.74   10.25
 -41335.607   117.388   -19.27   11.06
 -40967.545   109.836   -20.52   11.64
 -40599.406   101.982   -21.33   10.87
 -40231.190    98.337    -9.90    9.16
 -39862.896    95.169    -8.60   10.73
 -39494.526    92.401    -7.52   12.01
 -39126.079    91.361    -2.82   11.94
 -38757.554    90.427    -2.53    9.29
 -38388.952    87.828    -7.05    6.64
 -38020.273    85.453    -6.44    9.75
 -37651.517    81.984    -9.41   10.89
 -37282.683    79.633    -6.37    8.56
 -36913.772    78.523    -3.01    5.94
 -36544.783    77.773    -2.03    6.26
 -36175.716    76.732    -2.82    6.42
 -35806.573    74.274    -6.66    6.23
 -35437.351    72.737    -4.16    6.20
 -35068.052    70.882    -5.02    6.33
 -34698.675    68.169    -7.34    5.23
 -34329.220    66.630    -4.17    4.11
 -33959.688    66.336    -0.80    3.64
 -33590.078    63.886    -6.63    7.47
 -33220.389    62.911    -2.64    8.67
 -32850.623    62.794    -0.32    8.29
 -32480.779    63.337     1.47    6.98
 -32110.857    63.075    -0.71    4.47
 -31740.856    61.765    -3.54    3.29
 -31370.778    61.380    -1.04    2.74
 -31000.621    60.403    -2.64    4.01
 -30630.386    60.773     1.00    5.58
 -30260.073    62.891     5.72    8.53
 -29889.681    70.637    20.91   14.85
 -29519.211    82.960    33.26   18.85
 -29148.663   101.128    49.03   21.40
 -28778.036   116.200    40.67   18.44
 -28407.330   127.602    30.76   11.29
 -28036.546   130.685     8.31    9.19
 -27665.683   127.590    -8.34   14.74
 -27294.741   119.294   -22.36   20.04
 -26923.721   110.096   -24.79   24.02
 -26552.622   102.894   -19.41   24.77
 -26181.444    94.045   -23.84   22.05
 -25810.187    83.701   -27.86   20.59
 -25438.852    74.025   -26.06   19.57
 -25067.437    67.963   -16.32   15.93
 -24695.943    65.626    -6.29   16.23
 -24324.370    69.836    11.33   19.14
 -23952.718    72.696     7.70   20.09
 -23580.987    77.127    11.92   19.73
 -23209.176    76.716    -1.11   17.52
 -22837.286    75.804    -2.45   14.93
 -22465.317    76.659     2.30   13.54
 -22093.269    79.232     6.92   13.58
 -21721.141    81.394     5.81   12.61
 -21348.933    83.584     5.88   11.48
 -20976.646    84.953     3.68   11.86
 -20604.279    86.006     2.83   12.47
 -20231.833    84.455    -4.16   10.66
 -19859.307    82.883    -4.22    8.89
 -19486.701    81.867    -2.73    6.62
 -19114.016    83.604     4.66    7.22
 -18741.250    87.695    10.97    8.98
 -18368.405    92.004    11.56    8.86
 -17995.480    95.221     8.62    8.69
 -17622.474    97.790     6.89    9.93
 -17249.389   102.934    13.79   12.29
 -16876.223   109.365    17.23   13.20
 -16502.978   118.453    24.35   10.54
 -16129.652   126.344    21.14   11.13
 -15756.246   136.674    27.66   13.05
 -15382.760   148.704    32.21   15.55
 -15009.193   162.062    35.76   15.92
 -14635.546   176.684    39.13   17.91
 -14261.818   190.702    37.51   17.94
 -13888.010   201.901    29.96   20.89
 -13514.121   208.669    18.10   24.03
 -13140.152   207.973    -1.86   28.47
 -12766.102   201.306   -17.82   30.34
 -12391.971   193.742   -20.22   24.69
 -12017.759   186.375   -19.69   17.66
 -11643.467   178.985   -19.74   15.55
 -11269.094   170.664   -22.23   13.50
 -10894.640   160.883   -26.12   12.70
 -10520.105   153.932   -18.56   10.94
 -10145.488   150.222    -9.90   12.70
  -9770.791   147.026    -8.53   12.50
  -9396.013   145.548    -3.94   10.90
  -9021.153   142.894    -7.08   10.13
  -8646.212   136.961   -15.82   10.96
  -8271.190   131.357   -14.94   11.48
  -7896.087   125.502   -15.61   11.22
  -7520.902   121.777    -9.93   10.91
  -7145.636   120.356    -3.79   13.32
  -6770.288   116.465   -10.37   14.73
  -6394.858   112.810    -9.73   13.91
  -6019.347   111.755    -2.81   10.52
  -5643.755   109.591    -5.76    8.97
  -5268.080   105.815   -10.05   12.78
  -4892.324    97.301   -22.66   17.28
  -4516.486    85.067   -32.55   18.94
  -4140.567    72.073   -34.56   16.97
  -3764.565    59.346   -33.85   13.73
  -3388.481    49.590   -25.94   10.13
  -3012.315    39.997   -25.50    8.52
  -2636.068    33.243   -17.95    8.09
  -2259.738    26.985   -16.63    6.52
  -1883.325    23.036   -10.49    4.71
  -1506.831    18.179   -12.90    6.96
  -1130.254    13.294   -12.97    9.93
   -753.595     6.791   -17.26    9.44
   -376.854     1.794   -13.26    5.08
     -0.030     1.919     0.33    4.48
    376.876     4.975     8.11    5.21
    753.865     7.748     7.36    4.10
   1130.937     9.394     4.36    1.98
   1508.091     9.643     0.66    1.69
   1885.328     9.117    -1.39    1.82
   2262.648     8.329    -2.09    2.22
   2640.050     7.927    -1.07    2.15
   3017.536     7.212    -1.89    2.09
   3395.104     7.149    -0.17    2.41
   3772.756     6.846    -0.80    2.66
   4150.490     6.669    -0.47    2.83
   4528.308     6.265    -1.07    3.24
   4906.208     6.475     0.56    3.81
   5284.192     6.126    -0.92    4.26
   5662.259     5.689    -1.15    3.93
   6040.410     5.941     0.66    4.81
   6418.644     5.985     0.12    5.13
   6796.961     5.136    -2.24    4.80
   7175.362     3.169    -5.20    2.90
   7553.846     3.745     1.52    4.39
   7932.414     7.321     9.44    7.57
   8311.065    10.604     8.67    8.13
   8689.801    12.985     6.29    7.32
   9068.620    13.571     1.55    7.05
   9447.522    12.272    -3.43    5.00
   9826.509    10.865    -3.71    5.21
  10205.579    11.775     2.40    5.59
  10584.734    14.006     5.88    7.61
  10963.972    15.911     5.02    7.99
  11343.295    16.685     2.04    6.80
  11722.702    14.740    -5.13    5.05
  12102.193    13.082    -4.37    3.97
  12481.768    12.502    -1.53    4.16
  12861.428    12.876     0.98    4.33
  13241.171    13.231     0.94    5.37
  13621.000    14.609     3.63    5.50
  14000.912    16.332     4.54    5.65
  14380.910    16.321    -0.03    6.10
  14760.991    16.689     0.97    6.83
  15141.158    15.598    -2.87    7.60
  15521.409    12.363    -8.51    6.91
  15901.745    10.560    -4.74    5.52
  16282.166    13.038     6.51    9.17
  16662.671    15.713     7.03   10.17
  17043.262    18.638     7.69    8.66
  17423.937    20.621     5.21    6.98
  17804.698    19.324    -3.41    4.76
  18185.543    18.299    -2.69    4.26
  18566.474    19.371     2.81    6.14
  18947.490    21.354     5.20    6.55
  19328.591    22.721     3.59    7.99
  19709.777    25.060     6.14    9.11
  20090.155    24.679    -1.00    8.65
  20455.242    23.712    -2.65    9.37
  20820.405    23.271    -1.21    9.10
  21185.646    20.961    -6.33    7.46
  21550.964    18.472    -6.81    9.29
  21916.359    17.016    -3.99    9.68
  22281.831    15.070    -5.32    8.32
  22647.380    18.302     8.84    8.86
  23013.007    25.470    19.61   11.01
  23378.711    34.263    24.04   11.59
  23744.492    38.547    11.71    9.04
  24110.351    41.149     7.11    6.79
  24476.287    42.108     2.62    6.98
  24842.301    39.527    -7.05    5.86
  25208.393    39.389    -0.38    5.81
  25574.562    38.320    -2.92    6.77
  25940.808    36.819    -4.10    5.91
  26307.133    36.911     0.25    5.53
  26673.535    36.755    -0.43    5.95
  27040.016    37.396     1.75    5.51
  27406.574    38.880     4.05    5.47
  27773.210    41.269     6.52    8.70
  28139.924    48.093    18.61   14.01
  28506.716    59.108    30.03   18.68
  28873.586    71.013    32.45   20.70
  29240.534    84.700    37.30   20.26
  29607.561    96.736    32.80   19.22
  29974.665   106.863    27.59   15.99
  30341.848   109.816     8.04   11.95
  30709.110   106.114   -10.08   11.55
  31076.449    96.886   -25.12   13.70
  31443.867    84.886   -32.66   11.36
  31811.364    74.592   -28.01   11.82
  32178.939    65.252   -25.41   11.55
  32546.593    55.730   -25.90    9.92
  32914.325    50.583   -14.00    8.18
  33282.136    47.531    -8.30    5.97
  33650.026    49.129     4.34    6.66
  34017.995    52.169     8.26    6.34
  34386.042    51.249    -2.50    7.01
  34754.168    48.190    -8.31    8.17
  35122.373    42.912   -14.34    8.04
  35490.658    38.440   -12.14    4.96
  35859.021    38.075    -0.99    5.39
  36227.463    39.876     4.89    8.16
  36595.985    42.798     7.93    9.27
  36964.585    44.007     3.28    9.03
  37333.265    43.115    -2.42    8.82
  37702.024    43.557     1.20    7.50
  38070.863    44.252     1.89    7.09
  38439.781    43.251    -2.72    6.69
  38808.778    42.709    -1.47    5.45
  39177.855    43.319     1.65    4.78
  39547.011    43.914     1.61    4.46
  39916.247    43.705    -0.57    4.15
  40285.563    41.859    -5.00    6.15
  40654.958    36.424   -14.71   10.57
  41024.433    28.989   -20.12   11.47
  41393.988    23.595   -14.60    8.39
  41763.623    19.802   -10.26    6.17
  42133.337    18.815    -2.67    7.28
  42503.132    16.799    -5.45    8.52
  42873.006    13.856    -7.96    8.52
  43242.961    11.502    -6.36    6.69
  43612.996    11.924     1.14    4.69
  43983.110    12.871     2.56    3.70
  44353.306    14.989     5.72    3.94
  44723.581    17.573     6.98    3.16
  45093.936    19.220     4.45    3.35
  45464.372    21.169     5.26    3.23
  45834.889    21.725     1.50    3.06
  46205.486    21.940     0.58    3.08
  46576.163    22.502     1.52    3.42
  46946.921    23.432     2.51    4.47
  47317.760    24.889     3.93    5.30
  47688.679    26.422     4.13    5.38
  48059.679    27.245     2.22    5.06
  48430.760    26.039    -3.25    4.50
  48801.921    25.563    -1.28    3.29
  49173.164    23.369    -5.91    4.06
  49544.487    22.014    -3.65    3.83
  49915.891    20.603    -3.80    3.89
  50287.377    18.618    -5.34    2.62
  50658.943    18.996     1.02    2.98
  51030.591    20.846     4.98    4.99
  51402.320    23.419     6.92    5.85
  51774.130    25.409     5.35    4.94
  52146.021    27.520     5.68    4.15
  52517.994    29.029     4.06    4.30
  52890.048    30.212     3.18    4.13
  53262.184    33.139     7.87    4.06
  53634.401    35.721     6.94    3.49
  54006.700    36.664     2.53    3.32
  54379.080    36.240    -1.14    3.91
  54751.542    34.567    -4.49    4.45
  55124.086    34.209    -0.96    4.14
  55496.711    35.138     2.49    4.66
  55869.419    37.694     6.86    4.43
  56242.208    40.654     7.94    4.31
  56615.079    44.795    11.11    7.48
  56988.032    52.126    19.66   11.97
  57361.068    65.502    35.86   20.14
  57734.185    87.919    60.08   28.41
  58107.384   114.469    71.14   36.86
  58480.666   137.065    60.54   30.59
  58854.030   149.091    32.21   16.29
  59227.476   144.455   -12.41   18.76
  59601.005   128.169   -43.60   25.28
  59974.616   110.049   -48.50   25.06
  60348.309    91.482   -49.69   17.92
  60722.085    78.779   -33.99   13.09
  61095.944    67.575   -29.97   12.38
  61469.885    59.479   -21.65   10.68
  61843.909    52.367   -19.02    7.53
  62218.016    49.452    -7.79    6.29
  62592.205    48.861    -1.58    7.04
  62966.478    47.021    -4.92    8.07
  63340.833    45.810    -3.23    8.31
  63715.271    44.709    -2.94    6.52
  64089.792    45.054     0.92    6.57
  64464.396    46.963     5.10    6.59
  64839.084    48.087     3.00    5.56
  65213.854    48.119     0.08    3.95
  65588.708    48.894     2.07    4.23
  65963.645    53.361    11.92    8.03
  66338.666    61.329    21.25   12.78
  66713.770    74.324    34.64   17.28
  67088.957    89.755    41.13   20.96
  67464.228   105.465    41.87   17.01
  67839.582   112.609    19.03   10.31
  68215.020   109.282    -8.86   14.50
  68590.542    96.239   -34.74   20.48
  68966.147    81.778   -38.50   18.50
  69341.837    71.649   -26.96   13.32
  69717.610    65.857   -15.42    9.02
  70093.467    67.589     4.61   11.15
  70469.407    71.321     9.93   11.98
  70845.432    74.179     7.60   12.58
  71221.541    77.294     8.28   12.55
  71597.734    81.589    11.42   13.84
  71974.012    85.261     9.76   13.46
  72350.373    86.523     3.35   11.31
  72726.819    83.284    -8.60   11.08
  73103.349    76.109   -19.06   11.97
  73479.963    68.229   -20.92   10.71
  73856.662    59.789   -22.41    8.86
  74233.446    53.826   -15.83    7.28
  74610.314    49.270   -12.09    6.22
  74987.267    45.917    -8.90    3.99
  75364.304    43.761    -5.72    3.06
  75741.426    42.407    -3.59    1.40
  76118.633    41.761    -1.71    0.96
  76495.924    41.032    -1.93    1.67
  76873.301    40.210    -2.18    2.08
  77250.763    39.258    -2.52    2.25
  77628.309    37.782    -3.91    1.98
  78005.941    36.179    -4.25    1.87
  78383.658    35.180    -2.65    1.42
  78761.459    34.436    -1.97    1.94
  79139.347    33.029    -3.72    3.04
  79517.319    30.679    -6.22    3.73
  79895.377    28.797    -4.98    2.81
  80273.520    29.021     0.59    3.77
  80651.749    31.461     6.45    5.63
  81030.063    33.659     5.81    4.96
  81408.463    33.447    -0.56    5.07
  81786.949    31.609    -4.86    5.24
  82165.520    29.643    -5.19    4.08
  82544.177    27.924    -4.54    3.65
  82922.920    27.343    -1.54    4.30
  83301.748    26.219    -2.97    4.59
  83680.663    24.791    -3.77    4.23
  84059.663    23.379    -3.73    3.86
  84438.750    22.319    -2.80    3.08
  84817.923    20.319    -5.27    2.68
  85197.181    18.771    -4.08    2.94
  85576.526    16.849    -5.07    2.84
  85955.958    15.899    -2.50    2.35
  86335.475    15.479    -1.11    2.19
  86715.080    15.547     0.18    2.30
  87094.770    15.709     0.43    2.31
  87474.547    15.659    -0.13    2.12
  87854.411    15.989     0.87    2.00
  88234.361    16.309     0.84    1.70
  88614.398    16.310     0.00    2.10
  88994.521    16.469     0.42    2.66
  89374.732    17.250     2.05    3.26
  89755.029    18.179     2.44    3.45
  90135.413    19.343     3.06    3.18
  90515.884    19.709     0.96    2.74
  90896.443    18.775    -2.45    3.14
  91277.088    17.599    -3.09    3.81
  91657.820    15.977    -4.26    3.76
  92038.640    15.179    -2.10    4.06
  92419.547    14.475    -1.85    4.13
  92800.541    14.482     0.02    4.80
  93181.623    15.379     2.35    4.67
  93562.792    16.139     1.99    3.98
  93944.049    16.424     0.75    3.36
  94325.393    15.565    -2.25    2.37
  94706.825    15.179    -1.01    2.25
  95076.673    14.922    -0.70    1.86
  95441.599    15.245     0.89    1.68
  95806.604    15.336     0.25    1.68
  96171.688    14.924    -1.13    1.89
  96536.851    14.339    -1.60    2.03
  96902.092    14.595     0.70    2.49
  97267.413    14.659     0.18    2.59
  97632.813    15.051     1.07    2.78
  97998.292    16.482     3.91    3.20
  98363.850    18.417     5.29    3.91
  98729.488    19.939     4.16    3.46
  99095.204    20.979     2.84    2.30
  99461.001    19.969    -2.76    3.45
  99826.876    17.308    -7.27    4.27
 100192.831    14.793    -6.87    4.19
 100558.865    13.492    -3.56    3.26
 100924.979    13.934     1.21    3.63
 101291.173    14.927     2.71    4.18
 101657.446    17.290     6.45    4.06
 102023.799    19.248     5.34    2.87
 102390.232    19.474     0.62    2.96
 102756.744    17.267    -6.02    5.28
 103123.336    14.482    -7.60    6.63
 103490.008    12.089    -6.53    6.96
 103856.761    10.367    -4.70    6.63
 104223.593     9.001    -3.72    5.59
 104590.505     8.367    -1.73    4.26
 104957.497     9.555     3.24    4.55
 105324.570    11.169     4.40    5.29
 105691.723    14.062     7.88    4.81
 106058.956    14.885     2.24    3.23
 106426.269    14.260    -1.70    3.17
 106793.663    12.179    -5.66    3.53
 107161.137    10.109    -5.63    2.66
 107528.691     9.023    -2.95    2.21
 107896.326     9.189     0.45    2.14
 108264.042     9.791     1.64    2.18
 108631.838    10.542     2.04    1.94
 108999.715    10.987     1.21    1.69
 109367.673    11.466     1.30    1.82
 109735.712    12.327     2.34    2.14
 110103.831    12.846     1.41    2.20
 110472.031    13.434     1.60    1.46
 110840.313    13.223    -0.57    1.53
 111208.675    12.326    -2.44    1.57
 111577.118    11.468    -2.33    1.32
 111945.643    11.189    -0.76    1.66
 112314.248    11.279     0.24    1.94
 112682.935    11.059    -0.60    2.20
 113051.703    10.689    -1.00    2.71
 113420.553     9.648    -2.82    3.21
 113789.483     8.525    -3.04    2.89
 114158.496     7.818    -1.92    2.03
 114527.589     8.444     1.70    2.17
 114896.765    10.139     4.59    3.23
 115266.021    12.110     5.34    3.57
 115635.360    13.100     2.68    3.05
 116004.780    12.985    -0.31    2.48
 116374.282    11.836    -3.11    2.32
 116743.866    10.690    -3.10    1.46
 117113.531    10.417    -0.74    1.47
 117483.279    10.723     0.83    2.14
 117853.108    11.669     2.56    2.72
 118223.020    12.718     2.84    3.59
 118593.013    12.609    -0.29    4.46
 118963.089    11.679    -2.51    4.68
 119333.247    10.099    -4.27    3.38
 119703.487     9.600    -1.35    2.31
 120073.809     9.734     0.36    1.70
 120444.214     8.865    -2.35    2.11
 120814.701     7.401    -3.95    1.84
 121185.271     6.268    -3.06    1.80
 121555.923     5.816    -1.22    1.76
 121926.657     5.336    -1.29    1.60
 122297.475     5.357     0.06    1.38
 122668.375     6.088     1.97    1.74
 123039.357     6.852     2.06    1.71
 123410.423     7.117     0.71    1.68
 123781.571     6.363    -2.03    2.14
 124152.802     5.014    -3.63    2.57
 124524.116     3.946    -2.88    2.51
 124895.514     3.644    -0.81    2.09
 125266.994     5.022     3.71    3.33
 125638.557     7.099     5.59    4.01
 126010.204     9.009     5.14    3.40
 126381.933     9.761     2.02    2.57
 126753.746     9.704    -0.15    2.81
 127125.642     9.476    -0.61    2.52
 127497.622     9.690     0.58    2.34
 127869.685    10.081     1.05    1.88
 128241.832    10.149     0.18    1.41
 128614.062     9.519    -1.69    1.46
 128986.376     8.456    -2.85    1.82
 129358.773     7.436    -2.74    1.59
 129731.255     7.288    -0.40    1.61
 130103.819     8.270     2.64    2.38
 130476.468     9.616     3.61    2.75
 130849.201    11.087     3.95    2.83
 131222.018    12.581     4.01    2.14
 131594.918    13.701     3.00    1.67
 131967.903    14.630     2.49    1.47
 132340.972    14.816     0.50    1.38
 132714.125    14.810    -0.02    1.52
 133087.362    15.060     0.67    1.67
 133460.683    15.803     1.99    1.80
 133834.089    16.581     2.08    1.40
 134207.579    16.886     0.82    1.24
 134581.154    15.986    -2.41    1.95
 134954.813    15.058    -2.48    2.39
 135328.557    14.816    -0.65    2.69
 135702.385    15.669     2.28    3.48
 136076.298    17.810     5.73    4.24
 136450.296    18.627     2.19    4.13
 136824.378    17.071    -4.16    4.63
 137198.546    15.545    -4.08    4.02
 137572.798    13.502    -5.46    5.11
 137947.135    10.199    -8.83    6.87
 138321.558     5.767   -11.84    6.79
 138696.065     2.071    -9.87    4.11
 139070.658     1.209    -2.30    2.11
 139445.335     3.761     6.81    5.71
 139820.098     7.138     9.01    7.80
 140194.946     9.159     5.39    7.94
 140569.880    10.810     4.40    7.47
 140944.899    11.708     2.39    7.20
 141320.004    13.341     4.35    8.71
 141695.194    17.130    10.10   10.49
 142070.469    19.109     5.27   11.27
 142445.830    21.090     5.28   11.41
 142821.277    21.228     0.37   11.72
 143196.810    19.654    -4.19   10.76
 143572.429    16.616    -8.09    7.25
 143948.133    15.258    -3.61    3.27
 144323.924    15.534     0.74    1.84
 144699.800    16.422     2.36    1.79
 145075.763    17.228     2.14    1.43
 145451.811    17.700     1.26    1.28
 145827.946    17.305    -1.05    1.27
 146204.167    16.689    -1.64    1.38
 146580.474    15.790    -2.39    1.13
 146956.868    15.722    -0.18    1.33
 147333.348    16.051     0.87    2.13
 147709.914    16.230     0.48    2.49
 148086.568    16.091    -0.37    2.53
 148463.307    15.664    -1.13    2.95
 148840.133    15.189    -1.26    3.80
 149217.046    14.522    -1.77    4.54
 149594.046    13.375    -3.04    5.38
 149971.133    11.944    -3.80    5.79
 150348.306     9.999    -5.16    5.45
 150725.567     7.994    -5.31    4.81
 151102.914     5.951    -5.41    3.90
 151480.348     4.477    -3.91    2.99
 151857.870     3.406    -2.84    1.95
 152235.479     2.722    -1.81    1.23
 152613.175     2.485    -0.63    0.82
 152990.958     2.218    -0.71    0.26
 153368.829     2.169    -0.13    0.00
 153746.787     2.169     0.00    0.00
 154124.832     2.169     0.00    0.00
 154502.965     2.169     0.00    0.00
 154881.186     2.169     0.00    0.00
 155259.494     2.169     0.00    0.00
 155637.890     2.169     0.00    0.00
 156016.374     2.169     0.00    0.00
 156394.946     2.169     0.00    0.00
 156773.605     2.169     0.00    0.00
 157152.353     2.169     0.00    0.00
 157531.188     2.169     0.00    0.00
 157910.112     2.169     0.00    0.00
 158289.123     2.169     0.00    0.00
 158668.223     2.169     0.00    0.00
 159047.412     2.169     0.00    0.00
 159426.688     2.169     0.00    0.00
 159806.053     2.169     0.00    0.00
 160185.506     2.169     0.00    0.00
 160565.048     2.169     0.00    0.00
 160944.678     2.100    -0.18    0.25
 161324.397     2.058    -0.11    1.26
 161704.205     3.955     5.00    4.33
 162084.102     7.097     8.27    6.23
 162464.087    10.198     8.16    6.84
 162844.161    13.036     7.47    6.43
 163224.324    14.679     4.32    7.26
 163604.576    15.883     3.17    8.00
 163984.917    17.441     4.10    7.77
 164365.347    17.461     0.05    7.49
 164745.867    14.302    -8.30    8.31
 165126.475     9.898   -11.57    8.02
 165507.173     6.015   -10.20    5.03
 165887.960     4.189    -4.80    0.20
 166268.837     4.169    -0.05    0.00
 166649.803     4.169     0.00    0.00
 167030.859     4.169     0.00    0.00
 167412.004     4.169     0.00    0.00
 167793.239     4.169     0.00    0.00
 168174.564     4.169     0.00    0.00
 168555.979     4.169     0.00    0.00
 168937.483     4.169     0.00    0.00
 169319.077     4.169     0.00    0.00
 169695.032     4.169     0.00    0.00
 170059.715     4.169     0.00    0.00
 170424.480     4.169     0.00    0.00
 170789.324     4.169     0.00    0.00
 171154.250     4.169     0.00    0.00
 171519.256     4.169     0.00    0.00
 171884.343     4.169     0.00    0.00
 172249.511     4.169     0.00    0.00
 172614.759     4.169     0.00    0.00
 172980.089     4.169     0.00    0.00
 173345.500     4.169     0.00    0.00
 173710.992     4.169     0.00    0.00
 174076.565     4.169     0.00    0.00
 174442.219     4.169     0.00    0.00
 174807.954     4.169     0.00    0.00
 175173.771     4.169     0.00    0.00
 175539.669     4.169     0.00    0.00
 175905.649     4.169     0.00    0.00
 176271.710     4.169     0.00    0.00
 176637.852     4.169     0.00    0.00
 177004.076     4.169     0.00    0.00
 177370.382     4.169     0.00    0.00
 177736.769     4.169     0.00    0.00
 178103.238     4.169     0.00    0.00
 178469.789     4.169     0.00    0.00
 178836.422     4.169     0.00    0.00
 179203.136     4.169     0.00    0.00
 179569.933     4.169     0.00    0.00
 179936.811     4.169     0.00    0.00
 180303.772     4.169     0.00    0.00
 180670.814     5.217     2.86    2.93
 181037.939     7.829     7.12    5.62
 181405.146    11.738    10.64    6.84
 181772.436    13.983     6.11    5.73
 182139.807    15.973     5.42    3.37
 182507.262    15.554    -1.14    3.45
 182874.798    15.169    -1.05    3.81
 183242.417    15.445     0.75    4.65
 183610.119    17.554     5.73    4.72
 183977.903    19.480     5.24    4.49
 184345.770    20.111     1.72    3.79
 184713.719    20.468     0.97    2.91
 185081.752    20.784     0.86    2.26
 185449.867    20.130    -1.78    2.58
 185818.065    19.398    -1.99    3.48
 186186.346    18.864    -1.45    4.12
 186554.710    19.267     1.09    5.18
 186923.157    20.007     2.01    5.53
 187291.687    20.118     0.30    5.42
 187660.300    20.208     0.24    4.93
 188028.996    19.669    -1.46    3.97
 188397.776    18.887    -2.12    2.41
 188766.639    18.434    -1.23    1.56
 189135.586    17.781    -1.77    1.87
 189504.616    16.528    -3.40    2.55
 189873.729    16.108    -1.14    2.88
 190242.926    16.794     1.86    3.81
 190612.207    18.872     5.63    5.32
 190981.571    22.756    10.52    5.46
 191351.019    26.022     8.84    3.81
 191720.551    28.806     7.54    3.03
 192090.166    30.621     4.91    3.27
 192459.866    31.516     2.42    3.06
 192829.649    28.823    -7.28    6.31
 193199.516    24.049   -12.91    9.22
 193569.468    17.836   -16.80    9.78
 193939.503    12.871   -13.42    7.04
 194309.623    10.208    -7.20    3.36
 194679.827    10.722     1.39    2.99
 195050.115    12.775     5.54    2.36
 195420.488    14.273     4.04    2.51
 195790.945    14.751     1.29    3.04
 196161.486    14.499    -0.68    4.17
 196532.112    14.159    -0.92    4.19
 196902.823    13.026    -3.06    3.83
 197273.618    11.874    -3.11    3.06
 197644.498    10.631    -3.35    2.86
 198015.463    10.121    -1.37    2.62
 198386.512    10.334     0.57    2.79
 198757.646    10.935     1.62    2.74
 199128.866    10.991     0.15    2.74
 199500.170    10.381    -1.64    3.32
 199871.559    10.130    -0.67    3.28
 200243.033     9.931    -0.54    3.20
 200614.593    10.179     0.67    3.69
 200986.237    10.897     1.93    5.11
 201357.967    11.674     2.09    5.98
 201729.783    12.853     3.17    6.11
 202101.683    14.697     4.96    5.33
 202473.669    16.261     4.20    3.49
 202845.741    16.092    -0.45    2.51
 203217.898    15.489    -1.62    2.17
 203590.141    14.625    -2.32    1.76
 203962.469    14.131    -1.33    1.92
 204334.883    13.991    -0.38    2.38
 204707.383    14.858     2.33    2.94
 205079.969    15.710     2.29    3.32
 205452.641    17.360     4.43    3.23
 205825.398    17.869     1.37    3.27
 206198.242    15.256    -7.01    6.15
 206571.172    12.101    -8.46    7.17
 206944.188     9.616    -6.66    6.18
 207317.290     9.266    -0.94    4.68
 207690.478    10.907     4.40    4.03
 208063.753    13.226     6.21    2.81
 208437.114    14.710     3.97    2.16
 208810.561    15.283     1.54    1.89
 209184.095    15.628     0.92    1.38
 209557.716    14.990    -1.71    1.85
 209931.423    13.412    -4.22    2.60
 210305.217    10.583    -7.57    3.79
 210679.097     8.693    -5.05    3.95
 211053.065     6.515    -5.83    3.51
 211427.119     4.717    -4.81    2.57
 211801.260     4.033    -1.83    2.03
 212175.488     3.502    -1.42    0.98
 212549.803     3.853     0.94    1.71
 212924.205     5.055     3.21    2.42
 213298.695     6.553     4.00    2.51
 213673.271     8.132     4.22    2.19
 214047.935     9.703     4.19    2.63
 214422.686    10.988     3.43    3.30
 214797.525    11.871     2.36    3.80
 215172.451    13.577     4.55    4.57
 215547.465    16.480     7.74    6.80
 215922.566    21.476    13.32    9.12
 216297.755    26.169    12.51    8.56
 216673.031    30.523    11.60    5.53
 217048.395    28.740    -4.75    7.65
 217423.847    23.026   -15.22    9.57
 217799.387    16.584   -17.16    7.49
 218175.015    12.090   -11.97    2.43
 218550.731    11.169    -2.45    0.00
 218926.535    11.169     0.00    0.00
 219302.427    12.754     4.22    4.78
 219678.407    16.350     9.57    8.14
 220054.476    20.304    10.51    8.85
 220430.632    23.813     9.33    8.24
 220806.878    27.615    10.10    7.28
 221183.211    29.811     5.84    6.35
 221559.633    31.989     5.79    4.54
 221936.144    32.499     1.36    4.32
 222312.743    30.598    -5.05    6.62
 222689.431    28.584    -5.35    6.33
 223066.208    27.120    -3.89    4.79
 223443.073    28.207     2.88    3.53
 223820.028    29.606     3.71    2.10
 224197.071    30.584     2.59    2.77
 224574.203    31.358     2.05    3.27
 224951.424    30.813    -1.44    5.94
 225328.735    28.669    -5.68    9.25
 225706.134    26.647    -5.36   10.71
