-139009.751    17.420     0.00    8.27
-138631.234    21.585    11.00    5.92
-138252.804    23.313     4.57    2.49
-137874.462    22.176    -3.01    4.19
-137496.208    19.981    -5.80    5.13
-137118.040    17.744    -5.92    5.24
-136739.960    15.710    -5.38    4.44
-136361.966    13.598    -5.59    1.50
-135984.060    13.268    -0.87    0.00
-135606.240    15.016     4.63    4.03
-135228.508    18.239     8.53    5.63
-134850.862    21.159     7.73    5.34
-134473.304    21.550     1.03    4.82
-134095.832    20.139    -3.74    4.67
-133718.446    18.432    -4.52    4.29
-133341.147    16.987    -3.83    3.28
-132963.935    16.981    -0.02    3.26
-132586.809    17.442     1.22    4.04
-132209.770    17.676     0.62    4.11
-131832.817    18.143     1.24    4.13
-131455.951    17.906    -0.63    3.85
-131079.170    17.398    -1.35    3.45
-130702.476    17.092    -0.81    3.60
-130325.868    18.558     3.89    4.46
-129949.347    20.308     4.65    5.16
-129572.911    21.199     2.37    5.07
-129196.561    21.388     0.50    4.49
-128820.297    20.582    -2.14    4.17
-128444.119    18.718    -4.95    2.63
-128068.027    18.160    -1.48    2.04
-127692.020    18.070    -0.24    1.81
-127316.099    19.043     2.59    2.74
-126940.264    20.370     3.53    3.35
-126564.515    21.932     4.16    3.57
-126188.850    22.768     2.23    3.25
-125813.272    23.142     1.00    3.04
-125437.779    22.825    -0.84    3.03
-125062.371    23.151     0.87    2.62
-124687.048    23.199     0.13    2.08
-124311.811    22.798    -1.07    2.12
-123936.658    22.199    -1.60    2.20
-123561.591    20.876    -3.53    2.43
-123186.609    19.684    -3.18    2.48
-122811.712    18.387    -3.46    1.90
-122436.900    17.915    -1.26    1.58
-122062.173    17.475    -1.18    0.96
-121687.530    17.268    -0.55    0.00
-121312.973    17.268     0.00    0.00
-120938.500    17.268     0.00    0.00
-120564.111    17.268     0.00    0.00
-120189.808    17.268     0.00    0.00
-119815.588    17.411     0.38    0.81
-119441.454    17.660     0.67    1.39
-119067.403    17.531    -0.35    1.07
-118693.438    17.387    -0.38    0.53
-118319.556    17.688     0.81    1.55
-117945.759    19.008     3.53    3.23
-117572.046    20.857     4.95    5.43
-117198.417    23.146     6.13    6.56
-116824.872    25.803     7.11    6.28
-116451.411    28.164     6.32    4.82
-116078.034    28.317     0.41    3.44
-115704.741    27.516    -2.15    2.67
-115331.532    27.788     0.73    3.45
-114958.407    27.915     0.34    3.93
-114585.366    27.120    -2.13    4.36
-114212.408    25.625    -4.01    4.21
-113839.534    23.738    -5.06    3.89
-113466.743    23.700    -0.10    4.25
-113094.036    25.684     5.32    5.44
-112721.413    27.011     3.56    5.93
-112348.873    27.655     1.73    5.17
-111976.416    26.768    -2.38    5.01
-111604.042    23.425    -8.98    7.18
-111231.752    18.674   -12.76    8.13
-110859.545    16.166    -6.74    7.05
-110487.421    16.288     0.33    6.47
-110115.381    17.981     4.55    6.03
-109743.423    20.506     6.79    3.46
-109371.548    21.219     1.92    2.57
-108999.757    20.911    -0.83    4.14
-108628.048    20.317    -1.60    5.30
-108256.422    21.279     2.59    6.32
-107884.878    21.437     0.42    6.58
-107513.418    22.526     2.93    6.70
-107142.040    22.001    -1.41    7.43
-106770.744    21.228    -2.08    8.72
-106399.532    20.714    -1.38    9.35
-106028.401    20.585    -0.35    9.46
-105657.353    19.794    -2.13    8.78
-105286.388    20.739     2.55    8.46
-104915.505    22.374     4.41    7.67
-104544.704    23.684     3.53    6.23
-104173.985    23.615    -0.19    6.03
-103803.349    20.377    -8.74    6.79
-103432.794    17.299    -8.31    7.41
-103062.322    14.496    -7.57    7.07
-102691.932    13.833    -1.79    7.23
-102321.623    16.076     6.06    8.99
-101951.397    19.328     8.78    9.97
-101581.252    24.197    13.15    9.55
-101211.189    28.219    10.87    7.66
-100841.208    30.105     5.10    5.44
-100471.309    30.823     1.94    4.97
-100101.491    31.615     2.14    4.78
 -99731.755    30.179    -3.88    5.85
 -99362.100    27.848    -6.31    7.69
 -98992.527    21.516   -17.14    9.53
 -98623.035    17.289   -11.44    8.38
 -98253.624    17.320     0.09    7.53
 -97884.295    19.964     7.16    7.64
 -97515.047    22.862     7.85    6.68
 -97145.880    24.648     4.84    4.07
 -96776.795    24.585    -0.17    2.72
 -96407.790    23.948    -1.72    1.98
 -96038.867    23.158    -2.14    2.18
 -95670.025    21.703    -3.95    2.21
 -95301.263    21.130    -1.55    2.52
 -94932.583    21.698     1.54    3.62
 -94563.983    21.945     0.67    3.97
 -94195.464    22.362     1.13    4.30
 -93827.025    22.578     0.59    4.72
 -93458.668    22.338    -0.65    4.78
 -93090.391    21.668    -1.82    5.05
 -92722.195    20.538    -3.07    5.04
 -92354.079    18.157    -6.47    2.49
 -91986.043    17.318    -2.28    0.26
 -91618.088    17.268    -0.13    0.00
 -91250.214    17.268     0.00    0.00
 -90882.419    17.268     0.00    0.00
 -90514.705    17.268     0.00    0.00
 -90147.071    17.298     0.08    0.17
 -89779.518    18.076     2.12    1.74
 -89412.044    19.654     4.29    3.20
 -89044.650    21.670     5.49    3.90
 -88677.337    23.229     4.24    3.86
 -88310.103    24.187     2.61    4.08
 -87942.949    24.228     0.11    4.11
 -87575.875    23.825    -1.10    3.79
 -87208.881    23.503    -0.88    2.69
 -86841.967    23.092    -1.12    2.64
 -86475.132    21.655    -3.92    3.76
 -86108.377    19.506    -5.86    4.00
 -85741.702    17.567    -5.29    2.98
 -85375.106    17.158    -1.12    2.37
 -85008.589    18.098     2.56    2.83
 -84642.152    19.595     4.08    3.88
 -84275.795    20.518     2.52    4.27
 -83909.517    20.892     1.02    4.47
 -83543.317    19.763    -3.08    4.03
 -83177.198    19.268    -1.35    2.94
 -82811.157    21.189     5.25    4.84
 -82445.196    23.868     7.32    6.14
 -82079.313    26.430     7.00    5.51
 -81713.510    27.448     2.78    4.21
 -81347.785    27.794     0.95    3.74
 -80982.140    27.578    -0.59    3.49
 -80616.573    27.000    -1.58    3.04
 -80251.085    26.058    -2.58    2.59
 -79885.676    25.207    -2.33    2.21
 -79520.346    24.656    -1.51    1.88
 -79155.094    24.209    -1.22    1.79
 -78789.921    24.236     0.07    1.96
 -78424.827    23.852    -1.05    2.08
 -78059.811    23.072    -2.14    1.61
 -77682.146    22.308    -2.02    0.28
 -77300.701    22.268    -0.10    0.00
 -76919.343    22.268     0.00    0.00
 -76538.073    22.268     0.00    0.00
 -76156.889    22.498     0.60    0.87
 -75775.793    23.074     1.51    2.00
 -75394.783    24.840     4.63    4.07
 -75013.861    26.962     5.57    5.09
 -74633.025    28.648     4.43    4.81
 -74252.276    29.697     2.75    4.30
 -73871.614    29.779     0.21    4.17
 -73491.038    28.125    -4.34    4.47
 -73110.550    27.278    -2.23    3.91
 -72730.147    27.391     0.30    3.54
 -72349.832    27.888     1.31    3.45
 -71969.602    29.060     3.08    2.77
 -71589.459    28.678    -1.00    2.73
 -71209.403    27.723    -2.51    3.33
 -70829.432    26.198    -4.01    3.84
 -70449.548    24.560    -4.31    3.59
 -70069.751    22.728    -4.82    3.33
 -69690.039    21.918    -2.13    2.64
 -69310.413    19.935    -5.22    4.84
 -68930.873    14.247   -14.99    9.64
 -68551.420     7.188   -18.60   10.20
 -68172.052     1.938   -13.84    7.21
 -67792.770    -1.307    -8.56    1.96
 -67413.573    -1.732    -1.12    0.00
 -67034.463    -1.732     0.00    0.00
 -66655.438    -1.732     0.00    0.00
 -66276.498    -1.732     0.00    0.00
 -65897.645    -1.732     0.00    0.00
 -65518.876    -1.732     0.00    0.00
 -65140.193    -1.552     0.48    0.70
 -64761.596    -1.028     1.38    1.55
 -64383.084    -0.548     1.27    2.06
 -64004.657    -0.103     1.18    2.31
 -63626.315     0.098     0.53    2.35
 -63248.058     0.227     0.34    2.29
 -62869.887     0.118    -0.29    1.95
 -62491.800     0.726     1.61    2.30
 -62113.799     2.008     3.39    3.15
 -61735.882     3.374     3.61    3.01
 -61358.050     4.118     1.97    2.41
 -60980.303     4.051    -0.18    2.13
 -60602.641     2.928    -2.97    2.00
 -60225.063     1.949    -2.59    1.39
 -59847.570     3.038     2.89    2.36
 -59470.162     4.051     2.68    2.39
 -59092.838     4.208     0.42    2.43
 -58715.599     3.795    -1.10    2.75
 -58338.444     2.398    -3.70    2.78
 -57961.373     1.701    -1.85    2.28
 -57584.387     1.768     0.18    1.99
 -57207.485     2.605     2.22    2.04
 -56830.667     2.808     0.54    2.11
 -56453.933     2.188    -1.65    2.34
 -56077.284     1.646    -1.44    2.21
 -55700.718     1.118    -1.40    1.62
 -55324.236     1.217     0.26    1.97
 -54947.838     2.258     2.77    2.84
 -54571.525     2.547     0.77    2.78
 -54195.294     2.400    -0.39    2.38
 -53819.148     2.666     0.71    2.70
 -53443.085     4.523     4.94    5.14
 -53067.106     7.995     9.23    6.45
 -52691.211    11.848    10.25    5.70
 -52315.399    14.109     6.01    3.75
 -51939.670    13.048    -2.82    4.24
 -51564.025     9.462    -9.55    5.66
 -51188.463     5.420   -10.76    4.97
 -50812.985     3.505    -5.10    3.82
 -50437.590     5.308     4.80    6.24
 -50062.278     7.626     6.18    6.76
 -49687.049    10.200     6.86    5.95
 -49311.903    10.949     2.00    5.06
 -48936.841    10.814    -0.36    4.32
 -48561.861    10.401    -1.10    4.64
 -48186.964    10.349    -0.14    4.14
 -47812.150     9.846    -1.34    3.48
 -47437.419     9.145    -1.87    3.29
 -47062.770     7.881    -3.37    2.66
 -46688.205     7.072    -2.16    1.90
 -46313.722     7.460     1.04    1.82
 -45939.321     7.716     0.68    2.13
 -45565.003     6.998    -1.92    2.90
 -45190.768     5.322    -4.48    4.58
 -44816.615     2.298    -8.08    6.22
 -44442.544    -0.645    -7.87    6.21
 -44068.556    -3.058    -6.45    5.67
 -43694.650    -5.384    -6.22    4.03
 -43320.826    -6.681    -3.47    2.48
 -42947.085    -7.007    -0.87    1.84
 -42573.425    -2.619    11.74   11.13
 -42199.848     4.227    18.33   17.58
 -41826.353    14.809    28.33   22.53
 -41452.939    22.571    20.79   24.05
 -41079.608    31.121    22.90   23.57
 -40706.358    31.391     0.72   23.44
 -40333.190    27.134   -11.41   23.91
 -39960.104    16.881   -27.48   22.00
 -39587.099     8.225   -23.20   17.92
 -39214.176     0.268   -21.34   11.64
 -38841.335    -4.145   -11.84    5.82
 -38468.575    -5.352    -3.24    3.51
 -38095.897    -5.961    -1.63    2.77
 -37723.300    -6.098    -0.37    2.67
 -37350.785    -6.989    -2.39    1.90
 -36978.351    -7.599    -1.64    0.70
 -36605.998    -7.446     0.41    1.42
 -36233.726    -5.843     4.31    3.80
 -35861.536    -3.371     6.64    5.50
 -35489.426    -0.103     8.78    6.15
 -35117.398     2.498     6.99    5.03
 -34745.451     4.215     4.61    2.61
 -34373.584     4.118    -0.26    3.19
 -34001.799     3.453    -1.79    3.31
 -33630.094     2.625    -2.23    3.23
 -33258.470     2.279    -0.93    3.36
 -32886.927     0.723    -4.19    1.61
 -32515.465     0.279    -1.20    0.73
 -32144.083     1.268     2.67    2.84
 -31772.782     6.309    13.58   10.12
 -31401.561    15.523    24.82   16.26
 -31030.421    27.636    32.64   20.57
 -30659.361    43.130    41.76   21.46
 -30288.382    53.268    27.33   21.16
 -29917.483    60.290    18.93   19.99
 -29546.664    59.066    -3.30   18.56
 -29175.926    52.695   -17.18   19.05
 -28805.267    47.248   -14.70   17.43
 -28434.689    43.664    -9.67   14.88
 -28064.191    45.021     3.66   14.07
 -27693.773    47.972     7.97   10.46
 -27323.435    46.911    -2.87    8.69
 -26953.176    42.475   -11.98   10.78
 -26582.998    35.468   -18.93   11.57
 -26212.899    29.402   -16.39   12.81
 -25842.881    24.741   -12.60   16.06
 -25472.942    23.687    -2.85   17.07
 -25103.082    21.959    -4.67   15.60
 -24733.302    18.717    -8.77   13.18
 -24363.602    15.216    -9.47    9.79
 -23993.981    12.799    -6.54    5.43
 -23624.440    12.309    -1.33    3.86
 -23254.978    15.010     7.31    4.10
 -22885.596    18.258     8.79    4.13
 -22516.292    22.344    11.06    5.74
 -22147.068    27.592    14.21    7.52
 -21777.924    33.531    16.09    8.61
 -21408.858    39.948    17.39    7.98
 -21039.872    44.963    13.59    6.64
 -20670.964    51.972    19.00    7.52
 -20302.136    58.952    18.92   10.57
 -19933.386    66.633    20.83   11.93
 -19564.716    73.279    18.03   11.99
 -19196.124    80.105    18.52   12.11
 -18827.611    86.733    17.99   13.04
 -18459.177    95.763    24.51   16.30
 -18090.821   107.773    32.61   20.25
 -17722.545   116.800    24.51   21.90
 -17354.346   123.495    18.18   20.67
 -16986.227   129.825    17.20   21.35
 -16618.186   135.011    14.09   20.48
 -16250.223   138.897    10.56   17.68
 -15882.339   137.268    -4.43   17.06
 -15514.533   130.268   -19.03   19.02
 -15146.805   119.545   -29.16   18.83
 -14779.156   106.697   -34.95   18.62
 -14411.585    91.523   -41.28   21.21
 -14044.092    76.712   -40.31   21.71
 -13676.677    63.248   -36.64   18.05
 -13309.340    50.495   -34.72   11.75
 -12942.081    42.850   -20.82    9.85
 -12574.900    37.029   -15.85   10.10
 -12207.797    31.578   -14.85    8.20
 -11840.772    26.612   -13.53    9.16
 -11473.825    22.609   -10.91   10.01
 -11106.955    16.881   -15.61   11.07
 -10740.164    10.918   -16.26   10.02
 -10373.449     6.789   -11.26    7.39
 -10006.813     5.321    -4.00    4.66
  -9640.254     5.039    -0.77    3.35
  -9273.772     5.818     2.12    4.04
  -8907.369     5.666    -0.41    5.17
  -8541.042     4.585    -2.95    5.48
  -8174.793     2.526    -5.62    4.30
  -7808.621     1.881    -1.76    4.70
  -7442.526     1.456    -1.16    5.12
  -7076.509     0.625    -2.27    4.79
  -6710.569    -0.501    -3.08    1.70
  -6344.706    -0.732    -0.63    0.00
  -5978.920    -0.700     0.09    0.23
  -5613.211    -0.154     1.49    2.24
  -5247.579     0.952     3.03    3.72
  -4882.024     1.858     2.48    4.01
  -4516.546     2.145     0.78    3.89
  -4151.145     4.660     6.88    8.15
  -3785.820     6.789     5.83    9.81
  -3420.573     7.172     1.05    9.61
  -3047.646     6.784    -1.04    8.46
  -2666.370     6.102    -1.79    5.91
  -2285.179     5.479    -1.63    2.47
  -1904.073     5.588     0.29    2.33
  -1523.052     4.460    -2.96    3.39
  -1142.116     2.784    -4.40    3.50
   -761.265     0.794    -5.23    2.17
   -380.498    -0.169    -2.53    0.92
      0.184    -0.253    -0.22    0.52
    380.782    -0.148     0.27    0.50
    761.295    -0.035     0.30    0.46
   1141.724     0.075     0.29    0.40
   1522.068     0.177     0.27    0.29
   1902.328     0.247     0.18    0.14
   2282.503     3.727     9.15    7.06
   2662.595    11.383    20.14   13.40
   3042.602    24.218    33.78   18.07
   3422.525    38.688    38.09   17.15
   3802.364    54.359    41.26   15.52
   4182.119    65.641    29.71   14.79
   4561.790    75.539    26.07   16.49
   4941.377    79.779    11.17   18.47
   5320.880    78.480    -3.42   20.20
   5700.300    75.032    -9.09   19.27
   6079.635    72.733    -6.06   14.82
   6458.887    74.079     3.55   12.73
   6838.056    76.477     6.32   11.93
   7217.141    81.050    12.06   11.73
   7596.142    85.723    12.33   11.24
   7975.060    92.215    17.13   12.55
   8353.894   103.602    30.06   16.05
   8732.645   114.547    28.90   16.32
   9111.313   121.721    18.95   12.32
   9489.897   123.877     5.69    9.50
   9868.399   121.564    -6.11    8.86
  10246.817   118.426    -8.29    8.14
  10625.152   117.072    -3.58    9.32
  11003.404   115.847    -3.24   10.09
  11381.573   110.227   -14.86   12.35
  11759.659   103.029   -19.04   11.51
  12137.662    99.972    -8.09    8.61
  12515.583    99.310    -1.75    8.61
  12893.420   102.508     8.46    9.08
  13271.175   106.542    10.68    8.32
  13648.848   110.712    11.04   10.12
  14026.437   116.289    14.77   11.36
  14403.944   121.102    12.75    9.23
  14781.369   121.016    -0.23    9.66
  15158.711   117.125   -10.31   11.05
  15535.971   109.763   -19.51   10.25
  15913.148   100.079   -25.68    9.92
  16290.244    92.534   -20.01    9.79
  16667.257    85.428   -18.85    9.55
  17044.187    78.352   -18.77    8.71
  17421.036    73.877   -11.87    6.28
  17797.802    72.279    -4.24    5.35
  18174.487    71.569    -1.88    4.57
  18551.089    72.268     1.86    4.14
  18927.610    74.366     5.57    5.89
  19304.049    78.410    10.74    8.08
  19680.406    81.598     8.47    7.50
  20056.681    79.011    -6.88   11.38
  20432.874    70.855   -21.68   17.38
  20808.986    56.206   -38.95   17.93
  21185.016    47.166   -24.04   10.19
  21560.965    46.122    -2.78    7.27
  21936.832    48.521     6.38    7.26
  22312.618    51.733     8.55    5.91
  22688.322    53.029     3.45    5.79
  23063.945    55.309     6.07    5.96
  23439.487    58.884     9.52    6.30
  23814.948    62.330     9.18    5.00
  24190.327    64.910     6.87    4.62
  24565.625    69.557    12.38    6.67
  24940.842    73.289     9.95    7.90
  25315.978    75.820     6.75    7.80
  25691.033    76.384     1.50    8.44
  26066.007    76.883     1.33    8.83
  26440.901    76.131    -2.00    8.06
  26815.713    76.091    -0.11    7.04
  27190.445    76.852     2.03    7.02
  27565.096    79.942     8.25    8.28
  27939.666    81.969     5.41    7.28
  28314.156    84.462     6.66    6.21
  28688.565    84.279    -0.49    7.19
  29062.893    84.353     0.20    7.26
  29437.142    88.382    10.76    9.79
  29811.309    92.991    12.32   10.15
  30185.397    95.226     5.98    9.48
  30559.404    94.280    -2.53    9.81
  30933.331    88.691   -14.95    9.92
  31307.177    85.507    -8.52    7.75
  31680.944    86.112     1.62    6.72
  32054.630    88.946     7.58    6.52
  32428.236    91.773     7.57    6.08
  32801.763    93.864     5.60    7.25
  33175.209    97.216     8.98    7.59
  33548.575    99.619     6.44    5.79
  33921.862   100.581     2.58    5.26
  34295.069    98.115    -6.61    7.58
  34668.196    92.521   -14.99    8.61
  35041.243    85.062   -19.99   10.73
  35414.211    74.068   -29.48   13.66
  35787.099    66.100   -21.37   11.23
  36159.908    62.118   -10.68    7.42
  36532.637    63.619     4.03    7.61
  36905.286    69.757    16.47    7.61
  37277.856    75.694    15.93    6.74
  37650.347    81.391    15.29    5.45
  38022.759    86.155    12.79    7.39
  38395.091    92.385    16.73    9.41
  38767.344    99.384    18.80    9.18
  39139.518   105.300    15.90    8.54
  39511.613   113.060    20.85    9.21
  39883.629   119.879    18.33   10.14
  40255.566   128.437    23.01    8.94
  40627.424   134.885    17.34    7.70
  40999.203   141.853    18.74    8.18
  41370.903   147.279    14.60    8.57
  41742.524   151.214    10.59    6.92
  42114.067   151.773     1.51    5.83
  42485.531   148.768    -8.09    8.18
  42856.916   141.440   -19.73   13.53
  43228.223   129.899   -31.08   16.74
  43599.451   116.516   -36.05   17.53
  43970.600   106.670   -26.53   12.55
  44341.672   103.545    -8.42    8.11
  44712.664   105.875     6.28    8.50
  45083.579   111.098    14.08    6.71
  45454.415   115.216    11.10    4.74
  45825.173   117.816     7.01    4.34
  46195.852   120.133     6.25    4.93
  46566.454   123.366     8.72    5.20
  46936.977   126.547     8.58    6.00
  47307.422   129.931     9.14    5.86
  47677.790   132.564     7.11    5.75
  48048.079   134.002     3.88    7.24
  48418.290   135.268     3.42    8.01
  48788.424   136.127     2.32    8.61
  49158.480   137.706     4.27    8.71
  49528.458   138.375     1.81    8.70
  49898.358   137.970    -1.09    8.22
  50268.180   138.395     1.15    8.09
  50637.925   139.204     2.19    7.76
  51007.593   141.042     4.97    8.60
  51377.182   143.191     5.82    8.61
  51746.695   143.420     0.62    8.45
  52116.130   142.964    -1.23    8.37
  52485.487   141.000    -5.32    8.21
  52854.768   139.605    -3.78    8.46
  53223.971   142.695     8.37    9.62
  53593.096   147.258    12.36   10.92
  53962.145   153.142    15.94   10.04
  54331.116   157.556    11.96    9.51
  54700.010   162.064    12.22   11.99
  55068.828   166.081    10.89   14.22
  55437.568   172.999    18.76   14.55
  55806.231   180.539    20.45   14.07
  56174.817   187.091    17.77   10.71
  56543.327   188.931     5.00    7.75
  56911.760   188.300    -1.71    8.04
  57280.116   183.758   -12.33    9.99
  57648.395   176.864   -18.72   13.35
  58016.598   163.928   -35.13   22.94
  58384.723   150.679   -35.99   29.19
  58752.773   131.502   -52.10   29.60
  59120.746   117.154   -38.99   22.93
  59488.642   108.639   -23.14   12.16
  59856.462   114.364    15.56   17.25
  60224.206   123.455    24.72   18.94
  60591.873   134.477    29.98   15.81
  60959.464   137.449     8.09   12.25
  61326.979   129.087   -22.75   18.21
  61694.417   113.204   -43.22   26.47
  62061.780    90.268   -62.43   29.31
  62429.066    72.521   -48.32   26.11
  62796.276    55.679   -45.86   17.65
  63163.410    46.299   -25.55   12.53
  63530.469    42.056   -11.56   10.09
  63897.451    40.437    -4.41    7.69
  64264.358    40.002    -1.18    4.78
  64631.188    40.374     1.01    3.82
  64997.943    40.815     1.20    3.99
  65364.622    40.439    -1.03    3.70
  65731.226    39.987    -1.23    3.57
  66097.754    42.268     6.22    6.70
  66464.206    47.811    15.12   11.03
  66830.583    54.624    18.59   12.20
  67196.884    62.753    22.19   11.53
  67563.110    69.194    17.59   11.71
  67929.260    73.816    12.62   12.28
  68295.335    76.521     7.39   12.53
  68661.335    78.895     6.49   13.23
  69027.260    81.216     6.34   13.80
  69393.109    84.382     8.65   15.24
  69758.883    89.175    13.10   18.05
  70124.582    93.139    10.84   20.35
  70490.206    97.110    10.86   19.45
  70855.755    99.910     7.66   16.06
  71221.229   101.747     5.03   13.24
  71589.785   107.016    14.29   12.78
  71970.894   113.138    16.06   13.07
  72351.920   120.237    18.63   11.90
  72732.864   126.997    17.74   12.27
  73113.725   133.963    18.29   14.50
  73494.503   147.875    36.53   19.83
  73875.199   163.974    42.29   24.41
  74255.812   184.553    54.07   27.55
  74636.343   201.800    45.32   28.51
  75016.792   214.545    33.50   39.93
  75397.158   216.247     4.47   48.82
  75777.442   198.907   -45.60   55.37
  76157.643   177.098   -57.36   49.61
  76537.763   154.577   -59.24   25.87
  76917.800   146.247   -21.92   12.33
  77297.756   143.481    -7.28   11.71
  77677.629   140.811    -7.03   14.79
  78057.421   139.143    -4.39   15.39
  78437.130   139.486     0.90   13.10
  78816.758   143.216     9.83   11.64
  79196.304   148.817    14.75   12.64
  79575.768   159.005    26.85   14.80
  79955.151   166.215    19.00   14.19
  80334.451   173.939    20.36   14.12
  80713.671   180.623    17.63   14.08
  81092.808   190.162    25.16   15.79
  81471.865   198.129    21.02   15.82
  81850.840   206.963    23.31   14.09
  82229.733   213.725    17.85   14.47
  82608.545   218.837    13.49   13.51
  82987.276   223.151    11.39   15.26
  83365.926   229.130    15.79   14.17
  83744.494   235.774    17.55   14.73
  84122.982   252.416    43.97   26.55
  84501.388   271.860    51.38   34.11
  84879.713   294.481    59.79   38.47
  85257.957   317.161    59.96   43.72
  85636.121   352.142    92.50   60.25
  86014.203   388.870    97.14   69.14
  86392.205   426.731   100.15   58.76
  86770.126   454.529    73.55   44.42
  87147.966   481.310    70.88   46.27
  87525.726   498.464    45.41   50.64
  87903.405   513.174    38.94   46.60
  88281.003   518.645    14.49   50.35
  88658.521   521.342     7.14   58.82
  89035.959   504.524   -44.56   60.72
  89413.316   486.556   -47.61   56.51
  89790.592   459.907   -70.63   70.99
  90167.789   408.817  -135.44   90.66
  90544.905   361.109  -126.50   86.38
  90921.941   330.556   -81.03   61.37
  91298.897   351.720    56.14   82.25
  91675.772   390.248   102.22   77.88
  92052.568   401.896    30.91   68.15
  92429.284   405.130     8.58   65.23
  92805.919   406.194     2.82   56.86
  93182.475   423.077    44.83   50.07
  93558.951   432.204    24.24   42.41
  93935.347   423.204   -23.91   47.08
  94311.664   397.142   -69.25   43.44
  94687.900   369.000   -74.79   29.72
  95064.057   357.885   -29.54   28.38
  95440.135   355.236    -7.04   28.43
  95816.133   372.032    44.67   34.05
  96192.051   398.449    70.27   34.58
  96567.890   411.492    34.70   29.32
  96943.650   411.236    -0.68   22.55
  97319.330   397.141   -37.52   26.66
  97694.931   368.801   -75.45   37.32
  98070.453   341.822   -71.84   37.06
  98445.895   321.422   -54.33   30.73
  98821.258   310.700   -28.56   29.29
  99196.543   308.005    -7.18   31.67
  99571.748   311.931    10.47   27.76
  99946.874   318.268    16.89   22.01
 100321.921   328.216    26.52   18.48
 100696.889   338.984    28.72   22.06
 101071.779   343.956    13.26   28.68
 101446.589   345.671     4.57   33.73
 101821.321   343.385    -6.10   39.68
 102195.974   345.579     5.85   46.92
 102570.549   355.704    27.03   48.87
 102945.045   373.155    46.59   53.60
 103319.462   398.331    67.24   53.21
 103693.801   423.136    66.26   48.71
 104068.061   448.056    66.58   43.58
 104442.243   461.016    34.63   31.03
 104816.347   458.721    -6.13   40.68
 105190.372   452.468   -16.72   55.33
 105564.319   435.005   -46.70   62.73
 105938.188   431.161   -10.28   58.59
 106311.978   442.385    30.03   56.43
 106685.691   480.704   102.53   67.94
 107059.325   523.616   114.84   73.77
 107432.882   557.026    89.43   71.86
 107806.360   571.583    38.97   82.38
 108179.760   550.364   -56.82   98.48
 108553.083   521.529   -77.23   90.67
 108926.328   494.967   -71.16   74.09
 109299.495   469.824   -67.37   61.13
 109672.584   447.002   -61.16   55.46
 110045.595   426.280   -55.55   46.05
 110418.529   408.853   -46.72   43.91
 110791.385   399.210   -25.86   47.82
 111164.164   396.193    -8.09   57.63
 111536.865   396.521     0.88   66.88
 111909.489   393.758    -7.42   67.60
 112282.036   394.620     2.31   66.14
 112654.505   407.967    35.83   63.47
 113026.896   423.507    41.73   67.90
 113399.211   445.481    59.01   62.05
 113771.448   461.124    42.02   55.19
 114143.608   450.609   -28.25   50.86
 114515.691   427.681   -61.61   62.14
 114887.697   378.322  -132.67   76.46
 115259.626   327.602  -136.36   70.84
 115631.478   278.399  -132.31   57.09
 116003.253   241.107  -100.30   59.79
 116374.951   203.535  -101.07   62.39
 116746.572   165.405  -102.60   58.12
 117118.117   130.337   -94.38   31.58
 117489.584   110.758   -52.70   17.14
 117860.975   100.391   -27.91    8.91
 118232.290    94.700   -15.32    4.93
 118603.528    90.946   -10.11    5.19
 118974.689    88.827    -5.71    6.07
 119345.774    87.731    -2.96    5.72
 119716.782    87.757     0.07    5.35
 120087.714    90.215     6.62    6.39
 120458.569    96.345    16.53    9.60
 120829.348   103.903    20.38   12.30
 121200.051   112.190    22.35   13.53
 121570.678   119.949    20.93   14.96
 121941.229   129.029    24.50   15.39
 122311.703   137.192    22.03   15.66
 122682.101   147.958    29.06   13.01
 123052.424   156.258    22.41   12.14
 123422.670   164.326    21.79    9.98
 123792.840   172.526    22.15   10.49
 124162.935   179.994    20.17   13.30
 124532.953   193.226    35.76   18.16
 124902.896   206.855    36.84   22.21
 125272.763   228.247    57.83   33.33
 125642.554   249.045    56.24   39.70
 126012.270   267.193    49.08   45.41
 126381.910   277.892    28.94   49.55
 126751.474   277.860    -0.09   54.89
 127120.963   266.677   -30.26   53.52
 127490.377   248.325   -49.68   49.64
 127859.715   230.752   -47.57   39.73
 128228.977   221.292   -25.62   27.68
 128598.165   218.483    -7.61   20.13
 128967.276   224.427    16.10   19.31
 129336.313   236.534    32.80   23.83
 129705.275   251.616    40.87   27.08
 130074.161   273.660    59.75   29.07
 130442.972   299.440    69.90   34.64
 130811.708   332.526    89.72   43.33
 131180.369   360.214    75.10   44.82
 131548.955   384.444    65.73   31.47
 131917.467   374.056   -28.19   47.25
 132285.903   337.291   -99.78   76.14
 132654.264   281.397  -151.72   77.28
 133022.551   235.733  -123.98   39.20
 133390.763   238.449     7.37   36.58
 133758.900   269.411    84.10   58.85
 134126.962   328.236   159.81   71.23
 134494.950   378.641   136.96   65.68
 134862.864   421.569   116.67   64.00
 135230.702   449.420    75.71   66.77
 135598.467   458.747    25.36   65.92
 135966.156   447.268   -31.21   64.51
 136333.772   436.981   -27.98   58.06
 136701.313   446.161    24.97   50.42
 137068.780   472.919    72.81   45.08
 137436.172   494.193    57.90   45.36
 137803.491   511.235    46.39   51.86
 138170.735   528.010    45.67   46.25
 138537.905   526.698    -3.57   44.17
 138905.001   512.457   -38.79   50.38
 139272.023   487.449   -68.13   50.71
 139638.970   457.433   -81.79   33.64
 140005.844   448.010   -25.68   26.64
 140372.644   441.643   -17.36   37.53
 140739.371   423.817   -48.61   56.82
 141106.023   399.392   -66.61   64.02
 141472.601   363.053   -99.12   64.81
 141839.106   323.096  -109.01   63.05
 142205.537   277.518  -124.37   60.29
 142571.895   248.978   -77.89   51.20
 142938.179   231.507   -47.69   30.86
 143304.389   225.047   -17.64   23.59
 143670.526   218.496   -17.89   21.06
 144036.589   207.395   -30.32   24.20
 144402.579   190.303   -46.70   16.92
 144768.496   182.311   -21.84   11.31
 145134.339   181.477    -2.28   10.66
 145500.109   184.247     7.57   13.61
 145865.806   186.877     7.19   15.90
 146231.430   185.376    -4.11   19.19
 146611.284   177.247   -21.40   19.66
 146992.145   167.431   -25.77   19.69
 147372.925   157.949   -24.90   15.49
 147753.625   148.149   -25.74   12.74
 148134.245   140.953   -18.90   11.18
 148514.784   138.334    -6.88    9.69
 148895.244   138.849     1.35    9.98
 149275.622   145.060    16.33   10.57
 149655.921   148.473     8.97    8.21
 150036.139   148.377    -0.25    7.93
 150416.278   148.709     0.87    7.82
 150796.336   152.040     8.76   11.50
 151176.314   161.763    25.58   19.81
 151556.212   177.173    40.56   25.01
 151936.031   190.735    35.70   25.11
 152315.769   202.726    31.57   21.87
 152695.428   211.546    23.23   22.64
 153075.007   219.524    21.01   24.72
 153454.506   226.246    17.71   27.89
 153833.925   232.609    16.77   28.15
 154213.265   240.406    20.55   32.43
 154592.526   252.098    30.82   36.69
 154971.707   270.682    49.01   46.34
 155350.808   288.545    47.11   48.01
 155729.830   294.587    15.94   46.31
 156108.772   284.034   -27.84   42.73
 156487.636   264.687   -51.06   33.54
 156866.420   256.638   -21.25   28.06
 157245.124   265.547    23.52   38.61
 157623.750   279.301    36.32   38.98
 158002.296   284.165    12.85   35.87
 158380.764   269.397   -39.01   34.98
 158759.152   249.211   -53.34   19.36
 159137.462   239.497   -25.68   12.88
 159515.692   240.450     2.52   16.33
 159893.844   244.322    10.24   18.88
 160271.916   247.590     8.64   18.69
 160649.910   254.757    18.96   14.81
 161027.826   261.751    18.50   12.58
 161405.662   270.956    24.36   12.11
 161783.420   276.201    13.88   12.06
 162161.099   275.193    -2.67   13.64
 162538.700   273.609    -4.19   14.73
 162916.222   278.877    13.95   17.89
 163293.666   289.189    27.32   23.61
 163671.032   303.779    38.66   26.76
 164048.319   315.143    30.12   26.90
 164425.528   321.116    15.83   25.02
 164802.658   325.837    12.52   22.23
 165179.711   334.888    24.00   23.38
 165556.685   346.507    30.82   26.20
 165933.581   357.312    28.66   27.34
 166310.399   364.700    19.60   28.73
 166687.139   370.051    14.20   29.02
 167063.801   378.965    23.66   32.80
 167440.385   387.129    21.68   38.68
 167816.892   400.655    35.92   46.06
 168193.320   420.440    52.56   50.69
 168569.671   443.530    61.34   54.58
 168945.944   444.279     1.99   48.21
 169322.139   448.923    12.34   43.02
 169698.257   480.492    83.92   64.64
 170074.297   524.429   116.83   73.50
 170450.260   553.774    78.04   56.20
 170826.145   555.705     5.14   54.34
 171201.952   523.387   -85.99   58.92
 171577.683   492.728   -81.59   41.92
 171953.336   474.612   -48.22   38.05
 172328.911   458.559   -42.74   42.78
 172704.410   436.161   -59.64   41.60
 173079.831   429.222   -18.48   48.09
 173455.175   431.741     6.71   65.51
 173830.442   440.873    24.33   75.32
 174205.631   425.096   -42.04   74.98
 174580.744   398.222   -71.63   55.14
 174955.780   390.021   -21.87   58.11
 175330.739   392.613     6.91   67.78
 175705.621   388.087   -12.07   69.94
 176080.426   376.632   -30.56   66.51
 176455.155   347.449   -77.87   59.38
 176829.807   326.268   -56.53   41.37
 177204.382   320.366   -15.75   38.21
 177578.880   328.624    22.05   49.94
 177953.302   328.997     1.00   51.39
 178327.647   315.235   -36.76   47.54
 178701.916   291.311   -63.91   43.39
 179076.108   271.400   -53.20   32.02
 179450.224   252.790   -49.74   22.13
 179824.264   239.709   -34.97   18.97
 180198.227   229.714   -26.72   16.63
 180572.114   229.378    -0.90   18.89
 180945.925   248.931    52.30   39.69
 181319.659   281.521    87.19   50.26
 181693.318   313.535    85.67   36.69
 182066.900   320.431    18.46   31.48
 182440.406   311.635   -23.55   32.20
 182813.837   309.192    -6.54   30.97
 183187.191   327.291    48.47   42.92
 183560.470   352.355    67.14   43.13
 183933.672   371.968    52.55   44.81
 184306.799   373.584     4.33   52.25
 184679.850   370.459    -8.37   45.57
 185052.825   363.497   -18.67   31.14
 185425.725   355.004   -22.77   27.63
 185798.549   331.720   -62.44   40.37
 186171.298   306.326   -68.12   34.90
 186543.970   299.516   -18.27   30.43
 186916.568   308.733    24.74   39.38
 187289.090   326.946    48.88   39.62
 187661.536   346.935    53.66   30.26
 188033.908   352.010    13.63   23.54
 188406.204   344.684   -19.68   30.15
 188778.424   327.301   -46.69   32.96
 189150.570   316.968   -27.76   23.92
 189522.640   328.964    32.24   32.82
 189894.635   351.834    61.47   38.65
 190266.555   360.686    23.80   35.18
 190638.400   351.602   -24.43   44.77
 191010.170   322.124   -79.28   48.87
 191381.865   290.779   -84.32   45.95
 191753.485   265.122   -69.03   39.84
 192125.031   250.161   -40.26   36.17
 192496.501   236.416   -37.00   31.77
 192867.897   223.834   -33.87   28.47
 193239.218   210.050   -37.12   23.34
 193610.464   195.697   -38.66   18.04
 193981.636   187.234   -22.80   13.37
 194352.733   189.113     5.06   17.88
 194723.756   195.303    16.68   25.53
 195094.704   205.573    27.68   34.10
 195465.577   208.768     8.62   39.75
 195836.377   196.679   -32.60   39.51
 196207.101   181.780   -40.18   31.10
 196577.752   168.653   -35.41   17.45
 196948.328   161.200   -20.11    8.16
 197318.830   155.664   -14.94   10.14
 197689.258   151.201   -12.05   10.32
 198059.612   147.609    -9.70    7.93
 198429.891   146.355    -3.39    7.08
 198800.097   148.976     7.08    8.58
 199170.228   153.642    12.60    9.82
 199540.286   159.605    16.11   13.68
 199910.269   169.486    26.70   19.34
 200280.179   178.602    24.64   20.99
 200650.015   188.043    25.52   20.78
 201019.777   197.954    26.80   21.43
 201389.465   208.866    29.51   23.85
 201759.080   221.527    34.25   29.90
 202128.621   227.368    15.80   31.82
 202498.088   224.866    -6.77   34.14
 202867.482   208.638   -43.93   33.49
 203236.802   196.075   -34.01   22.29
 203606.049   197.675     4.33   23.74
 203975.222   210.935    35.91   30.01
 204344.322   230.795    53.80   35.47
 204713.349   241.524    29.07   35.75
 205082.302   248.291    18.34   33.75
 205451.182   246.027    -6.14   23.58
 205819.989   249.246     8.73   23.38
 206188.722   256.114    18.62   30.67
 206557.383   267.459    30.77   34.74
 206925.970   282.236    40.08   33.65
 207294.484   294.013    31.95   30.67
 207662.926   304.127    27.45   25.95
 208031.294   306.889     7.50   32.81
 208399.589   301.060   -15.83   41.06
 208767.812   293.459   -20.64   44.11
 209135.962   289.862    -9.77   43.78
 209504.038   295.079    14.17   35.77
 209872.042   302.279    19.56   29.71
 210239.974   300.790    -4.05   28.32
 210607.833   288.393   -33.69   30.05
 210975.619   271.312   -46.44   22.77
 211343.332   262.513   -23.93   13.31
 211710.973   269.105    17.93   16.03
 212078.542   280.178    30.12   17.54
 212446.038   286.697    17.73   17.04
 212813.461   290.902    11.44   23.27
 213180.812   289.631    -3.46   28.88
 213548.091   284.109   -15.03   30.10
 213915.298   279.931   -11.38   29.94
 214282.432   278.906    -2.79   29.20
 214649.495   283.864    13.51   29.70
 215016.485   296.400    34.15   33.19
 215383.403   311.873    42.16   34.19
 215750.248   321.181    25.37   27.78
 216117.022   319.687    -4.07   24.95
 216483.724   312.975   -18.30   32.56
 216850.354   299.657   -36.32   43.45
 217216.912   287.646   -32.76   47.32
 217583.398   276.510   -30.38   49.27
 217949.812   270.313   -16.91   47.36
 218316.155   276.135    15.89   43.77
 218682.426   292.484    44.63   41.31
 219048.625   304.433    32.62   39.47
 219414.752   310.423    16.36   40.32
 219780.808   303.257   -19.57   49.60
 220146.792   287.418   -43.27   56.82
 220512.705   278.389   -24.67   51.92
 220878.546   281.268     7.87   46.26
 221254.304   287.568    16.76   36.49
 221635.004   287.057    -1.34   33.49
 222015.625   274.312   -33.48   34.27
 222396.168   254.502   -52.05   38.68
 222776.633   240.942   -35.63   40.54
 223157.020   231.501   -24.82   43.37
 223537.328   225.708   -15.23   41.89
 223917.558   229.268     9.36   41.86
 224297.710   240.598    29.80   43.57
 224677.784   259.562    49.89   42.03
 225057.780   281.862    58.67   40.16
 225437.698   298.733    44.40   27.61
 225817.538   296.077    -6.99   27.88
 226197.301   280.410   -41.25   36.24
 226576.985   259.046   -56.26   34.91
 226956.592   246.338   -33.47   33.16
 227336.121   253.082    17.76   38.46
 227715.572   263.912    28.54   35.70
 228094.945   262.752    -3.06   34.85
 228474.241   252.487   -27.06   38.54
 228853.460   232.510   -52.67   42.10
 229232.601   206.763   -67.90   42.56
 229611.665   187.179   -51.65   39.19
 229990.651   170.420   -44.21   37.51
 230369.559   161.402   -23.80   32.80
 230748.391   156.702   -12.40   28.78
 231127.145   151.122   -14.73   24.35
 231505.822   141.554   -25.26   25.32
 231884.422   141.893     0.90   28.77
 232262.945   146.135    11.20   35.99
 232641.391   158.700    33.20   36.04
 233019.759   168.400    25.63   28.81
 233398.051   170.824     6.41   32.20
 233776.266   162.135   -22.97   39.70
 234154.404   143.524   -49.21   47.47
 234532.465   124.568   -50.13   44.14
 234910.449   106.358   -48.17   42.04
 235288.356    84.158   -58.73   36.13
 235666.187    67.564   -43.91   28.44
 236043.941    54.103   -35.63   11.95
 236421.619    50.954    -8.34    2.64
 236799.220    52.235     3.39    2.85
 237176.744    53.501     3.35    1.91
 237554.192    53.886     1.02    1.37
 237931.564    53.614    -0.72    1.34
 238308.859    53.898     0.75    1.20
 238686.078    54.256     0.95    1.27
 239063.221    55.435     3.12    2.24
 239440.287    56.610     3.11    2.45
 239817.277    57.191     1.54    2.86
 240194.191    56.971    -0.59    3.78
 240571.029    55.453    -4.03    3.99
 240947.791    53.536    -5.09    3.69
 241324.477    52.094    -3.83    3.23
 241701.087    51.943    -0.40    2.90
 242077.621    51.757    -0.49    2.56
 242454.079    52.054     0.79    2.58
 242830.461    53.602     4.11    3.06
 243206.768    55.006     3.73    2.37
 243582.998    55.424     1.11    1.88
 243959.153    55.690     0.71    2.11
 244335.233    55.335    -0.94    2.27
 244711.237    55.316    -0.05    2.48
 245087.165    55.280    -0.10    2.40
 245463.018    55.280     0.00    1.94
 245838.795    55.884     1.61    2.62
 246214.497    57.625     4.64    3.93
 246590.123    59.313     4.49    4.59
 246965.674    60.602     3.43    4.05
 247341.150    60.823     0.59    3.52
 247716.551    60.001    -2.19    2.93
 248091.876    59.714    -0.76    1.89
 248467.126    59.506    -0.55    1.51
 248842.302    58.796    -1.89    1.27
 249217.402    58.721    -0.20    1.45
 249592.427    59.024     0.81    1.68
 249967.377    59.292     0.72    1.69
 250342.252    60.201     2.42    1.86
 250717.052    60.461     0.69    1.98
 251091.778    60.313    -0.39    1.59
 251466.428    60.483     0.45    1.04
 251841.004    60.568     0.23    0.92
 252215.505    60.966     1.06    1.09
 252589.932    61.389     1.13    1.04
 252964.284    62.350     2.57    1.65
 253338.561    63.642     3.45    2.35
 253712.764    64.032     1.04    2.21
 254086.892    64.102     0.19    2.07
 254460.946    63.552    -1.47    2.28
 254834.926    62.796    -2.02    1.97
 255208.831    62.901     0.28    2.20
 255582.662    63.146     0.66    2.15
 255956.418    63.510     0.97    1.83
 256330.100    63.448    -0.16    1.41
 256703.709    63.659     0.56    1.23
 257077.243    64.049     1.04    1.44
 257450.703    64.625     1.54    1.33
 257824.088    64.684     0.16    1.14
 258197.400    64.212    -1.27    1.12
 258570.638    64.013    -0.53    1.06
 258943.802    63.913    -0.27    1.02
 259316.892    63.935     0.06    1.13
 259689.909    63.909    -0.07    1.18
 260062.851    63.712    -0.53    1.14
 260435.720    64.102     1.05    1.41
 260808.515    64.927     2.21    1.80
 261181.236    65.991     2.85    2.92
 261553.884    67.082     2.93    3.12
 261926.458    67.702     1.66    2.62
 262298.959    67.695    -0.02    2.34
 262671.386    67.147    -1.47    2.22
 263043.740    66.879    -0.72    1.95
