# NaN NaN NaN ;Mean Elev.(m), Avg Gradient(m/km), RMS Gradient(m/km) - SRTM1     
#  -15.037  -2.544  12.151 ;Mean Elev.(m), Avg Gradient(m/km), RMS Gradient(m/km) - ASTER GDEM
#    5.533  -2.125  11.975 ;Mean Elev.(m), Avg Gradient(m/km), RMS Gradient(m/km) - GMTED2010 
  7 158.043065  68.439197    50.081    51.344  5 52467.03947906  7.109
  8 158.036550  68.439859    58.593    59.677  9 52502.03947096  5.820
 11 158.040951  68.440192    59.983    59.965  7 52607.03945227 15.926
 13 158.038894  68.439756    57.572    57.031  8 52677.03943693 13.515
 15 158.026467  68.439035    55.376    55.379 14 52747.03949501 10.825
 20 158.032226  68.438951     8.332     8.506 11 52922.03955343 20.135
 23 158.038492  68.438377    57.636    58.985  7 53027.03950497 14.125
 25 158.028056  68.440605    48.903    49.453 14 53097.03953787 10.805
 29 158.041376  68.438250    66.456    67.150  5 53237.03955818  4.427
 33 158.030740  68.439807    58.130    58.502 12 53377.03948118  8.696
 37 158.044471  68.440348    74.627    74.102  5 53517.03959347  5.046
 38 158.037636  68.440556    57.197    56.418  9 53552.03961443  7.693
 39 158.041357  68.439659    60.855    60.929  6 53587.03956859  5.708
 42 158.035156  68.437699     1.013     1.092  7 53692.03954862 25.074
 43 158.029056  68.439531    56.057    56.860 13 53727.03947201 15.082
 45 158.038920  68.440590    56.538    56.730  8 53797.03943742 12.673
 49 158.036644  68.439837     6.212     6.625  9 53937.03956404 14.954
 50 158.029875  68.437784     8.500     8.062 11 53972.03952964 15.830
 53 158.037299  68.438584    60.361    60.534  8 54077.03953349  8.324
 54 158.024347  68.439475    55.836    56.703 16 54112.03947375  7.099
 56 158.026789  68.438716    57.601    58.100 13 54182.03946153  6.432
 59 158.044180  68.439855     5.541     5.341  4 54287.03951477 16.100
 61 158.028796  68.438462    64.253    60.949 13 54357.03947180  3.312
 63 158.038435  68.438684    55.268    53.989  7 54427.03942169 13.422
 65 158.039863  68.439673    59.197    59.197  7 54497.03942923  9.873
 67 158.029151  68.438682    57.269    57.987 13 54567.03943476  8.617
 69 158.043287  68.439892    60.711    60.617  5 54637.03945000  8.166
 70 158.046455  68.443939     5.353     5.357  4 54672.03945263 45.899
 71 158.036805  68.439360     2.893     2.909  9 54707.03941350 20.731
 73 158.039910  68.439013    57.523    60.035  7 54777.03939486 16.391
 75 158.037110  68.439543    59.399    59.438  8 54847.03939507 12.190
 77 158.027765  68.439303    55.780    56.415 14 54917.03939845  9.129
 80 158.043704  68.439886     3.267     3.283  5 55022.03942571 25.064
 81 158.041894  68.439525     3.727     3.830  6 55057.03942207 46.228
 82 158.029147  68.438098     5.447     5.458 12 55092.03937938 52.177
 84 158.038383  68.439479    59.723    59.907  8 55162.03934033 14.443
 86 158.033112  68.440240    57.731    57.884 11 55232.03934406 12.737
 88 158.030376  68.438266    57.870    57.907 11 55302.03932499  9.699
 89 158.042027  68.439066    68.834    69.046  6 55337.03932219  7.067
 90 158.041959  68.438366    60.476    61.180  5 55372.03931227  7.092
 92 158.040668  68.438973    58.508    60.489  6 55442.03933128  6.722
 93 158.029212  68.438979     7.691     7.925 12 55477.03927306 22.892
