# NaN NaN NaN ;Mean Elev.(m), Avg Gradient(m/km), RMS Gradient(m/km) - SRTM1     
#  -12.448 -14.423  23.404 ;Mean Elev.(m), Avg Gradient(m/km), RMS Gradient(m/km) - ASTER GDEM
#    8.010  -9.371  26.676 ;Mean Elev.(m), Avg Gradient(m/km), RMS Gradient(m/km) - GMTED2010 
 10 156.825200  67.971964     2.520     2.520  2 52567.42085441 45.757
 11 156.830458  67.974681     5.562     5.562  2 52602.42085729 26.872
 12 156.815826  67.970408    10.391    10.391  2 52637.42082658 18.227
 13 156.829721  67.974360     8.446     8.446  2 52672.42082922 17.678
 14 156.820832  67.971707     9.033     9.195  3 52707.42083246 17.204
 15 156.827115  67.974352     7.916     7.916  2 52742.42086405 16.871
 18 156.816699  67.971081    10.990    10.990  2 52847.42093877 16.567
 19 156.824572  67.973415     9.631    10.953  3 52882.42097541 11.887
 20 156.835532  67.976708    23.975    23.975  2 52917.42093256 20.448
 21 156.819849  67.969752     5.272     5.272  2 52952.42089336 21.002
 22 156.830770  67.975421     8.338     8.338  2 52987.42090790 16.685
 23 156.835969  67.976550     7.977     8.245  3 53022.42089651 14.864
 24 156.828257  67.972985     8.324     7.851  3 53057.42088834 14.529
 25 156.831109  67.974781    10.869    11.459  3 53092.42092645 12.769
 26 156.821807  67.972027     9.880    10.022  3 53127.42089724  0.681
 27 156.822609  67.971336    20.016    20.016  2 53162.42096096 39.759
 29 156.836074  67.976165     8.270     8.270  2 53232.42093898 50.862
 30 156.840605  67.978933    12.379    13.371  3 53267.42090803 16.133
 31 156.813581  67.969464     3.781     3.781  2 53302.42096181 23.524
 32 156.828709  67.975346     7.867     8.309  3 53337.42093238 13.696
 33 156.841024  67.978884     9.652     8.733  3 53372.42086761 11.994
 34 156.825076  67.971641     9.470     9.470  2 53407.42090472 10.310
 35 156.840607  67.977258    10.652    11.009  3 53442.42089054 10.455
 36 156.818561  67.969924    10.425    10.425  2 53477.42096127  8.731
 38 156.827151  67.974106     9.942     9.483  3 53547.42099116 42.501
 39 156.830936  67.976398     5.354     5.449  3 53582.42096075 36.119
 40 156.838947  67.976238    13.971    13.285  3 53617.42091619 12.692
 41 156.822339  67.972615     7.912     7.912  2 53652.42093435 17.105
 42 156.825335  67.973481     1.256     1.256  2 53687.42093697 24.817
 43 156.841093  67.978522    10.523    11.489  3 53722.42086280 18.452
 44 156.823413  67.972811    10.514    10.514  2 53757.42079597 14.502
 45 156.833945  67.975663     9.513     8.197  3 53792.42082034 13.379
 46 156.820030  67.969339    10.117    10.117  2 53827.42078581 12.425
 47 156.819872  67.970659    12.738    12.640  3 53862.42087262  3.968
 49 156.821444  67.971682    11.649    11.649  2 53932.42094303 14.076
 50 156.827452  67.973692     7.993     7.993  2 53967.42091723 18.996
 51 156.814955  67.969253     5.304     5.304  2 54002.42088246 38.968
 52 156.825809  67.972462     1.673     1.673  2 54037.42092034 24.527
 53 156.829432  67.974785     9.076     9.076  2 54072.42091499 13.171
 54 156.838708  67.979432    12.579    12.579  2 54107.42086507  9.810
 55 156.822257  67.970988     9.986     9.747  3 54142.42084950 12.782
 56 156.836197  67.975176     8.912     8.781  3 54177.42084679 10.999
 57 156.823457  67.970817     9.703     9.703  2 54212.42085669 10.262
 58 156.825754  67.972203    14.393    14.280  3 54247.42088601 23.011
 60 156.832108  67.974225     7.370     6.924  3 54317.42089371 32.199
 61 156.834849  67.977597   108.437   108.437  2 54352.42086012  0.399
 62 156.825980  67.973402     3.186     3.132  3 54387.42083329 46.923
 63 156.831963  67.976614     7.031     6.777  3 54422.42080973 23.178
 64 156.820431  67.969600     9.329     9.329  2 54457.42080655 14.391
 65 156.834228  67.974877     7.921     7.716  3 54492.42081200 12.554
 66 156.823870  67.973015    10.562    10.562  2 54527.42081981 12.761
 67 156.835699  67.976300    10.021    10.021  2 54562.42082024 12.070
 68 156.827558  67.973336     1.597     1.590  3 54597.42081563 26.064
 69 156.825878  67.973882    14.074    14.452  3 54632.42082897 23.144
 71 156.836213  67.977463     9.333    11.589  3 54702.42080169 22.441
 72 156.820318  67.971613     9.833     9.345  3 54737.42079517 15.164
 74 156.819315  67.970419     8.072     8.810  3 54807.42078859 18.032
 75 156.829279  67.975425     9.576     9.443  3 54842.42077910 14.234
 76 156.823889  67.972214     9.871    10.091  3 54877.42079080 13.403
 77 156.833839  67.977067     9.960    10.115  3 54912.42078394 10.736
 78 156.822720  67.971586     9.998     9.998  2 54947.42078347 11.070
 79 156.825746  67.974009    11.776    11.776  2 54982.42080943 20.481
 80 156.827836  67.974284     4.423     4.425  3 55017.42080852 47.394
 81 156.831083  67.974257    11.789    13.056  3 55052.42080376 15.378
 82 156.837544  67.976675     8.196     8.196  2 55087.42076726 28.152
 83 156.822727  67.972907     2.010     2.010  2 55122.42073881 47.613
 84 156.832539  67.975200     3.731     1.923  3 55157.42072757 24.127
 85 156.818693  67.971318     6.219     6.219  2 55192.42072840 18.521
 86 156.831751  67.976406     8.127     8.053  3 55227.42072898 15.338
 87 156.826411  67.973785     8.769     8.701  3 55262.42072405 14.596
 88 156.835331  67.976668     8.853     8.777  3 55297.42071339 14.724
 90 156.830675  67.975802    11.108    11.854  3 55367.42069602 19.328
 91 156.822668  67.970571    10.488    10.488  2 55402.42070991 13.070
 92 156.832584  67.975222     7.277     4.987  3 55437.42071363 36.689
 93 156.840211  67.976448    52.505    39.842  3 55472.42066314 11.217
