-140219.939    -1.223     0.00    0.00
-139846.395    -1.223     0.00    0.00
-139472.942    -1.223     0.00    0.00
-139099.579    -1.223     0.00    0.00
-138726.305    -1.223     0.00    0.00
-138353.123    -1.223     0.00    0.00
-137980.030    -1.223     0.00    0.00
-137607.027    -1.223     0.00    0.00
-137234.115    -1.223     0.00    0.00
-136861.292    -1.223     0.00    0.00
-136488.559    -1.223     0.00    0.00
-136115.916    -1.223     0.00    0.00
-135743.362    -1.223     0.00    0.00
-135370.899    -1.223     0.00    0.00
-134998.525    -1.223     0.00    0.00
-134626.240    -1.223     0.00    0.00
-134254.045    -1.223     0.00    0.00
-133881.939    -1.223     0.00    0.00
-133509.923    -1.223     0.00    0.00
-133137.996    -1.223     0.00    0.00
-132766.158    -1.223     0.00    0.00
-132394.409    -1.223     0.00    0.00
-132022.749    -1.223     0.00    0.00
-131651.179    -1.223     0.00    0.00
-131279.697    -1.223     0.00    0.00
-130908.304    -1.223     0.00    0.00
-130537.000    -1.223     0.00    0.00
-130165.785    -1.223     0.00    0.00
-129794.659    -1.223     0.00    0.00
-129423.621    -1.223     0.00    0.00
-129052.672    -1.223     0.00    0.00
-128681.811    -1.223     0.00    0.00
-128311.039    -1.223     0.00    0.00
-127940.355    -1.223     0.00    0.00
-127569.760    -1.223     0.00    0.00
-127199.252    -1.223     0.00    0.00
-126828.833    -1.223     0.00    0.00
-126458.503    -1.223     0.00    0.00
-126088.260    -1.223     0.00    0.00
-125718.105    -1.223     0.00    0.00
-125348.038    -1.223     0.00    0.00
-124978.059    -1.223     0.00    0.00
-124608.168    -1.223     0.00    0.00
-124238.365    -1.223     0.00    0.00
-123868.649    -1.223     0.00    0.00
-123499.021    -1.223     0.00    0.00
-123129.481    -1.223     0.00    0.00
-122760.028    -1.223     0.00    0.00
-122390.663    -1.223     0.00    0.00
-122021.385    -1.223     0.00    0.00
-121652.194    -1.223     0.00    0.00
-121283.091    -1.223     0.00    0.00
-120914.075    -1.223     0.00    0.00
-120545.146    -1.223     0.00    0.00
-120176.304    -1.223     0.00    0.00
-119807.549    -1.223     0.00    0.00
-119438.881    -1.223     0.00    0.00
-119070.300    -1.223     0.00    0.00
-118701.806    -1.223     0.00    0.00
-118333.399    -1.223     0.00    0.00
-117965.078    -1.223     0.00    0.00
-117596.844    -1.223     0.00    0.00
-117228.697    -1.223     0.00    0.00
-116860.636    -1.223     0.00    0.00
-116492.662    -1.223     0.00    0.00
-116124.774    -1.223     0.00    0.00
-115756.972    -1.223     0.00    0.00
-115389.257    -1.223     0.00    0.00
-115021.628    -1.223     0.00    0.00
-114654.085    -1.223     0.00    0.00
-114286.629    -1.223     0.00    0.00
-113919.258    -1.223     0.00    0.00
-113551.973    -1.223     0.00    0.00
-113184.775    -1.223     0.00    0.00
-112817.662    -1.223     0.00    0.00
-112450.635    -1.223     0.00    0.00
-112083.694    -1.223     0.00    0.00
-111716.838    -1.223     0.00    0.00
-111350.069    -1.223     0.00    0.00
-110983.384    -1.223     0.00    0.00
-110616.786    -1.223     0.00    0.00
-110250.272    -1.223     0.00    0.00
-109883.845    -1.223     0.00    0.00
-109517.502    -1.223     0.00    0.00
-109151.245    -1.223     0.00    0.00
-108785.073    -1.223     0.00    0.00
-108418.986    -1.223     0.00    0.00
-108052.984    -1.223     0.00    0.00
-107687.068    -1.223     0.00    0.00
-107321.236    -1.223     0.00    0.00
-106955.489    -1.223     0.00    0.00
-106589.827    -1.223     0.00    0.00
-106224.250    -1.223     0.00    0.00
-105858.758    -1.223     0.00    0.00
-105493.351    -1.223     0.00    0.00
-105128.028    -1.223     0.00    0.00
-104762.789    -1.223     0.00    0.00
-104397.635    -1.223     0.00    0.00
-104032.566    -1.223     0.00    0.00
-103667.581    -0.917     0.84    1.08
-103302.681     3.560    12.27   11.86
-102937.864    14.759    30.70   26.14
-102573.132    27.354    34.54   36.78
-102208.484    42.172    40.64   45.62
-101843.920    48.722    17.97   47.30
-101479.441    49.939     3.34   46.06
-101115.045    45.667   -11.72   40.59
-100750.733    39.071   -18.11   33.36
-100369.220    29.805   -24.29   27.42
 -99987.241    22.015   -20.39   21.41
 -99605.357    14.438   -19.84   13.27
 -99223.567     9.955   -11.74    6.31
 -98841.871     9.291    -1.74    3.96
 -98460.269    12.833     9.28    7.80
 -98078.762    18.686    15.34   10.02
 -97697.348    22.268     9.39    9.15
 -97316.028    23.833     4.11    7.21
 -96934.802    22.259    -4.13    5.26
 -96553.670    22.263     0.01    4.70
 -96172.631    22.675     1.08    4.97
 -95791.687    24.570     4.97    5.81
 -95410.835    27.240     7.01    5.63
 -95030.077    28.939     4.46    3.92
 -94649.413    29.649     1.86    2.83
 -94268.842    31.989     6.15    5.04
 -93888.364    38.714    17.68   11.09
 -93507.980    48.350    25.33   13.40
 -93127.689    58.915    27.78   11.24
 -92747.490    68.457    25.10    9.00
 -92367.385    81.059    33.16   17.19
 -91987.373    93.947    33.92   20.52
 -91607.453   110.731    44.18   18.19
 -91227.627   128.861    47.74   20.71
 -90847.893   147.852    50.01   25.18
 -90468.252   165.787    47.24   23.28
 -90088.703   182.852    44.96   14.70
 -89709.248   191.609    23.08   12.31
 -89329.884   198.806    18.97   12.80
 -88950.613   205.132    16.68   14.61
 -88571.434   213.542    22.18   14.60
 -88192.348   219.337    15.29   14.41
 -87813.354   217.836    -3.96   20.45
 -87434.452   203.359   -38.21   28.38
 -87055.642   180.962   -59.13   31.05
 -86676.924   157.637   -61.59   28.15
 -86298.298   142.655   -39.57   21.05
 -85919.764   130.870   -31.13   10.28
 -85541.322   127.055   -10.08    8.51
 -85162.971   121.441   -14.84   12.09
 -84784.713   115.419   -15.92   12.60
 -84406.546   109.235   -16.35   13.63
 -84028.470   104.138   -13.48   13.17
 -83650.486    97.655   -17.15   11.11
 -83272.593    92.796   -12.86    8.67
 -82894.792    88.739   -10.74    6.79
 -82517.082    86.423    -6.13    5.44
 -82139.463    81.768   -12.33    6.05
 -81761.936    75.557   -16.45    9.74
 -81384.499    68.884   -17.68   10.47
 -81007.154    61.704   -19.03    8.06
 -80629.899    55.387   -16.75    8.03
 -80252.736    52.282    -8.23    9.47
 -79875.663    55.375     8.20   14.34
 -79498.681    68.911    35.91   23.66
 -79121.790    81.629    33.75   20.95
 -78744.989    89.282    20.31   12.88
 -78368.280    89.108    -0.46   10.23
 -77991.660    85.573    -9.38    6.37
 -77615.131    92.900    19.46   14.81
 -77238.693   103.525    28.23   18.86
 -76862.344   108.722    13.81   16.65
 -76486.086   114.890    16.39   13.09
 -76109.919   120.198    14.11   14.00
 -75733.841   124.647    11.83   12.91
 -75357.853   134.353    25.82    9.15
 -74981.956   147.469    34.89   21.85
 -74606.148   175.049    73.39   45.71
 -74230.430   214.990   106.31   57.91
 -73854.802   256.930   111.66   48.76
 -73479.264   275.963    50.68   31.09
 -73103.816   273.150    -7.49   29.68
 -72728.457   251.713   -57.11   35.21
 -72353.188   227.463   -64.62   29.66
 -71978.008   205.806   -57.73   20.62
 -71602.918   190.721   -40.22   15.71
 -71227.917   180.615   -26.95   11.87
 -70853.005   177.481    -8.36   10.01
 -70478.183   175.973    -4.02    9.80
 -70103.449   173.264    -7.23   12.20
 -69728.805   166.907   -16.97   15.18
 -69354.250   155.355   -30.84   16.14
 -68979.784   144.893   -27.94   13.77
 -68605.407   136.749   -21.75   11.50
 -68231.119   128.928   -20.90   11.18
 -67856.919   120.023   -23.80   11.39
 -67482.809   113.161   -18.34    9.28
 -67108.787   110.991    -5.80    7.01
 -66734.853   112.135     3.06    7.00
 -66361.008   113.550     3.78    6.41
 -65987.252   114.924     3.68    6.47
 -65613.584   116.162     3.31    7.27
 -65240.005   117.888     4.62    6.89
 -64866.514   119.161     3.41    6.13
 -64493.111   119.211     0.14    6.89
 -64119.796   118.637    -1.54    8.06
 -63746.569   122.739    10.99   10.44
 -63373.431   126.741    10.73   11.84
 -63000.380   131.163    11.86   12.51
 -62627.417   132.194     2.76   12.05
 -62254.543   130.981    -3.25   11.01
 -61881.756   132.909     5.17    9.76
 -61509.057   138.394    14.72   13.85
 -61136.445   147.758    25.13   14.60
 -60763.921   150.825     8.23   12.73
 -60391.485   147.287    -9.50   14.72
 -60019.136   139.213   -21.69   13.03
 -59646.875   131.629   -20.37    7.58
 -59274.701   128.070    -9.56    7.32
 -58902.615   127.092    -2.63    8.96
 -58530.615   127.758     1.79   10.55
 -58158.703   126.636    -3.02   10.87
 -57786.878   121.865   -12.83   13.10
 -57415.140   113.067   -23.67   13.63
 -57043.489   104.624   -22.72    9.84
 -56671.926    97.890   -18.13    8.13
 -56300.449    92.874   -13.50    8.56
 -55929.059    90.721    -5.80    7.63
 -55557.755    91.938     3.28    9.10
 -55186.539   100.174    22.19   13.67
 -54815.409   112.254    32.55   16.95
 -54444.365   127.359    40.71   17.02
 -54073.409   140.974    36.70   16.45
 -53702.538   153.473    33.71   13.63
 -53331.754   163.740    27.69   11.90
 -52961.057   172.338    23.20   10.81
 -52590.446   177.054    12.72    8.65
 -52219.921   177.043    -0.03   11.04
 -51849.482   174.594    -6.61   13.36
 -51479.129   168.957   -15.22   14.45
 -51108.863   165.483    -9.38   14.72
 -50738.682   164.796    -1.86   15.74
 -50368.587   165.683     2.40   15.09
 -49998.579   167.901     6.00   14.65
 -49628.656   171.843    10.66   12.96
 -49258.819   173.879     5.51   10.09
 -48889.067   172.518    -3.68   12.93
 -48519.401   168.904    -9.78   17.08
 -48149.821   165.730    -8.59   19.55
 -47780.327   163.249    -6.72   18.70
 -47410.917   160.181    -8.31   16.62
 -47041.594   150.692   -25.69   20.49
 -46672.355   133.411   -46.80   29.29
 -46303.202   109.618   -64.45   31.65
 -45934.134    91.816   -48.24   20.90
 -45565.152    85.254   -17.78   10.80
 -45196.254    87.258     5.43   11.81
 -44827.442    95.922    23.49   12.70
 -44458.714   103.617    20.87   14.00
 -44090.072   107.633    10.89   15.49
 -43721.514   105.315    -6.29   18.76
 -43353.041    96.316   -24.42   23.65
 -42984.653    83.225   -35.54   21.08
 -42616.350    75.385   -21.29   13.63
 -42248.131    71.564   -10.38    7.04
 -41879.997    72.164     1.63    6.11
 -41511.948    77.147    13.54    7.21
 -41143.983    84.532    20.07   12.82
 -40776.102    96.164    31.62   21.39
 -40408.306   113.854    48.10   32.53
 -40040.594   142.095    76.81   52.49
 -39672.966   181.879   108.22   71.38
 -39305.423   230.334   131.84   79.88
 -38937.964   267.160   100.22   69.90
 -38570.588   280.319    35.82   54.19
 -38203.297   275.806   -12.29   41.48
 -37836.090   257.924   -48.70   28.38
 -37468.967   240.805   -46.63   25.19
 -37101.927   223.186   -48.01   24.96
 -36734.972   205.051   -49.42   26.22
 -36368.100   186.863   -49.58   24.26
 -36001.311   169.396   -47.62   20.71
 -35634.607   158.133   -30.72   19.63
 -35267.986   149.173   -24.44   21.75
 -34901.448   150.964     4.89   20.93
 -34534.994   158.258    19.90   21.26
 -34168.624   172.883    39.92   24.37
 -33802.336   188.098    41.54   26.56
 -33436.132   209.946    59.66   28.79
 -33070.011   234.777    67.83   36.90
 -32703.974   261.179    72.13   35.47
 -32338.019   279.258    49.40   30.38
 -31972.148   279.834     1.57   36.60
 -31606.359   256.331   -64.25   52.68
 -31240.654   221.684   -94.74   55.15
 -30875.031   182.583  -106.94   39.60
 -30509.492   154.564   -76.65   32.24
 -30144.035   132.205   -61.18   22.78
 -29778.660   115.297   -46.28   17.90
 -29413.369   103.157   -33.23   14.53
 -29048.160    91.757   -31.22   12.49
 -28683.034    79.362   -33.95   16.11
 -28317.990    65.393   -38.27   18.91
 -27953.028    51.082   -39.21   19.62
 -27588.149    41.960   -25.00   16.42
 -27223.353    38.937    -8.29   14.78
 -26858.638    45.048    16.76   18.10
 -26494.006    51.562    17.86   16.04
 -26129.456    56.297    12.99    9.19
 -25753.818    59.587     8.76    8.71
 -25372.009    61.530     5.09   10.38
 -24990.291    65.663    10.83   13.39
 -24608.666    71.258    14.66   17.59
 -24227.132    73.025     4.63   20.49
 -23845.690    71.970    -2.77   19.57
 -23464.340    69.851    -5.55   14.90
 -23083.081    70.203     0.92    9.96
 -22701.914    72.277     5.44    9.22
 -22320.839    77.827    14.56    8.75
 -21939.854    85.617    20.45   10.72
 -21558.962    94.481    23.27   11.44
 -21178.160    98.938    11.70   10.02
 -20797.450    97.887    -2.76   13.27
 -20416.831    91.314   -17.27   17.34
 -20036.303    78.660   -33.26   18.63
 -19655.867    65.351   -34.98   17.19
 -19275.521    56.787   -22.52   12.66
 -18895.266    51.777   -13.18    7.57
 -18515.102    49.934    -4.85    7.61
 -18135.029    46.473    -9.11    7.57
 -17755.046    39.952   -17.16    9.73
 -17375.155    30.739   -24.25   12.69
 -16995.353    22.225   -22.42   14.11
 -16615.643    12.192   -26.42   11.18
 -16236.023     5.700   -17.10    7.05
 -15856.493     2.268    -9.04    2.06
 -15477.054     2.124    -0.38    1.86
 -15097.705     3.187     2.80    3.57
 -14718.446     4.883     4.47    6.64
 -14339.277     6.233     3.56    8.06
 -13960.198     6.158    -0.20    8.32
 -13581.210     4.719    -3.80    7.55
 -13202.311     2.085    -6.95    3.03
 -12823.503     1.757    -0.87    2.96
 -12444.784     1.215    -1.43    2.93
 -12066.155     0.839    -1.00    2.75
 -11687.615    -0.166    -2.65    0.30
 -11309.166    -0.100     0.17    0.54
 -10930.806     0.183     0.75    1.08
 -10552.535     0.678     1.31    1.69
 -10174.354     1.136     1.21    2.05
  -9796.262     1.680     1.44    2.34
  -9418.260     2.777     2.90    3.10
  -9040.347     3.603     2.18    3.41
  -8662.523     4.825     3.24    3.87
  -8284.789     5.544     1.90    3.63
  -7907.143     7.075     4.05    4.80
  -7529.587     9.158     5.52    5.53
  -7152.119    10.052     2.37    5.20
  -6774.740     9.572    -1.27    4.69
  -6397.451     8.363    -3.20    3.57
  -6020.250     6.634    -4.58    3.37
  -5643.137     6.175    -1.22    4.20
  -5266.114     5.625    -1.46    5.33
  -4889.179     4.717    -2.41    5.99
  -4512.332     3.104    -4.28    5.42
  -4135.574     1.367    -4.61    3.88
  -3758.905     0.037    -3.53    1.19
  -3382.324    -0.223    -0.69    0.00
  -3005.831    -0.223     0.00    0.00
  -2629.426    -0.223     0.00    0.00
  -2253.109    -0.223     0.00    0.00
  -1876.881    -0.213     0.03    0.10
  -1500.741    -0.223    -0.03    0.00
  -1124.688    -0.223     0.00    0.00
   -748.724    -0.223     0.00    0.00
   -372.847    -0.213     0.03    0.10
      2.941    -0.223    -0.03    0.00
    378.642    -0.223     0.00    0.00
    754.256    -0.223     0.00    0.00
   1129.782    -0.223     0.00    0.00
   1505.220    -0.223     0.00    0.00
   1880.570    -0.223     0.00    0.00
   2255.833    -0.204     0.05    0.14
   2631.009    -0.058     0.39    0.51
   3006.098     0.092     0.40    0.64
   3381.099     0.322     0.61    0.83
   3756.013     0.556     0.62    0.96
   4130.840     0.717     0.43    0.98
   4505.580     1.058     0.91    1.13
   4880.232     1.323     0.71    1.20
   5254.798     2.287     2.57    3.28
   5629.277     4.640     6.28    7.65
   6003.669     6.863     5.94   10.10
   6377.975     6.292    -1.53    9.96
   6752.193     4.195    -5.60    8.34
   7126.325     1.377    -7.53    4.64
   7500.370    -0.155    -4.10    0.45
   7874.329    -0.223    -0.18    0.00
   8248.201    -0.223     0.00    0.00
   8621.987     0.002     0.60    1.64
   8995.687     0.877     2.34    4.52
   9369.300     2.287     3.77    7.42
   9742.827     4.535     6.02   11.18
  10116.267     5.625     2.92   11.99
  10489.622     4.987    -1.71   10.84
  10862.890     3.039    -5.22    7.66
  11236.073     1.073    -5.27    3.96
  11609.169     0.137    -2.51    1.02
  11982.180     0.047    -0.24    0.71
  12355.105     0.090     0.12    0.82
  12727.944     0.006    -0.23    0.74
  13100.697    -0.044    -0.14    0.67
  13473.365    -0.175    -0.35    0.25
  13845.947    -0.213    -0.10    0.10
  14218.443    -0.223    -0.03    0.00
  14590.854    -0.213     0.03    0.10
  14963.180    -0.007     0.55    0.74
  15335.420     0.158     0.44    0.93
  15707.575     0.971     2.18    2.79
  16079.644     3.349     6.39    6.29
  16451.629     5.167     4.89    7.58
  16823.528     6.701     4.12    8.42
  17195.342     6.787     0.23    8.53
  17567.071     5.874    -2.46    7.58
  17938.715     4.537    -3.60    6.20
  18310.275     4.424    -0.30    5.79
  18681.749     5.489     2.87    6.98
  19053.139     6.406     2.47    7.33
  19424.444     7.825     3.82    7.31
  19795.664     9.507     4.53    6.65
  20166.800    11.320     4.88    5.18
  20537.851    12.175     2.30    4.04
  20908.817    11.389    -2.12    3.99
  21279.699     9.662    -4.66    4.02
  21650.497     7.677    -5.35    3.55
  22021.210     6.412    -3.41    2.75
  22391.839     5.309    -2.98    2.30
  22762.384     4.027    -3.46    1.97
  23132.845     3.277    -2.02    1.70
  23503.221     3.268    -0.03    2.08
  23873.514     3.568     0.81    2.51
  24243.722     4.894     3.58    3.77
  24613.847     5.989     2.96    3.79
  24983.887     6.954     2.61    3.84
  25353.844     6.938    -0.05    3.44
  25723.717     6.535    -1.09    3.04
  26093.507     5.644    -2.41    3.12
  26463.212     5.130    -1.39    3.05
  26832.834     5.651     1.41    3.99
  27202.373     6.415     2.07    4.36
  27571.828     7.777     3.69    4.38
  27941.200     9.023     3.37    4.34
  28310.488     9.475     1.23    4.28
  28679.693     9.104    -1.00    4.48
  29048.815     7.933    -3.17    4.29
  29417.853     5.883    -5.55    3.62
  29786.808     5.177    -1.91    3.19
  30155.680     5.381     0.55    3.58
  30524.470     5.168    -0.58    3.27
  30893.176     5.090    -0.21    3.42
  31261.799     5.942     2.31    3.41
  31630.339     7.461     4.12    3.57
  31998.797     7.311    -0.40    4.09
  32367.172     7.037    -0.74    3.99
  32735.464     5.670    -3.71    3.84
  33103.673     4.345    -3.60    3.12
  33471.800     4.461     0.32    3.12
  33839.844     3.671    -2.15    2.69
  34207.806     2.567    -3.00    1.75
  34575.685     2.962     1.07    2.26
  34943.482     3.214     0.69    2.64
  35311.197     3.444     0.62    3.00
  35678.829     4.470     2.79    3.81
  36046.379     6.441     5.36    4.43
  36413.847     8.614     5.91    4.22
  36781.233     9.637     2.79    3.32
  37148.537     8.826    -2.21    3.49
  37515.758     6.797    -5.53    3.76
  37882.898     4.262    -6.90    3.21
  38249.956     2.641    -4.42    3.20
  38616.932     1.267    -3.74    2.55
  38983.827     0.345    -2.51    1.16
  39350.639     0.120    -0.61    0.62
  39717.370     0.140     0.05    0.48
  40084.019     0.263     0.34    0.50
  40450.587     0.377     0.31    0.49
  40817.073     0.525     0.40    0.48
  41183.478     1.007     1.32    1.11
  41549.801     1.434     1.17    1.30
  41916.043     1.817     1.04    1.62
  42282.204     1.728    -0.24    1.81
  42648.284     1.364    -0.99    1.65
  43014.282     1.257    -0.29    1.62
  43380.199     1.515     0.71    1.67
  43746.035     2.005     1.34    1.80
  44111.790     1.875    -0.35    1.83
  44477.464     1.678    -0.54    1.62
  44843.057     1.626    -0.14    1.48
  45208.570     1.438    -0.52    1.35
  45574.001     1.277    -0.44    1.09
  45939.352     1.205    -0.20    0.91
  46304.622     1.421     0.59    1.01
  46669.811     1.748     0.89    1.03
  47034.920     2.542     2.18    1.62
  47399.948     3.335     2.17    1.65
  47764.896     3.575     0.66    1.66
  48129.763     3.601     0.07    1.54
  48494.550     3.441    -0.44    1.54
  48864.746     2.817    -1.69    0.73
  49246.384     2.679    -0.36    0.57
  49627.933     2.677    -0.01    0.52
  50009.391     2.677     0.00    0.50
  50390.761     2.972     0.77    1.56
  50772.041     4.005     2.71    2.88
  51153.231     4.525     1.36    3.09
  51534.333     4.597     0.19    2.71
  51915.345     3.905    -1.82    1.88
  52296.267     2.927    -2.57    1.27
  52677.101     2.316    -1.61    1.24
  53057.846     2.337     0.06    2.18
  53438.501     2.486     0.39    2.65
  53819.068     2.646     0.42    2.68
  54199.546     3.098     1.19    2.59
  54579.934     4.509     3.71    3.02
  54960.235     4.104    -1.07    2.90
  55340.446     3.363    -1.95    2.87
  55720.569     2.975    -1.02    3.17
  56100.603     2.481    -1.30    3.13
  56480.548     1.931    -1.45    2.05
  56860.406     1.658    -0.72    1.62
  57240.174     1.336    -0.85    1.31
  57619.855     1.890     1.46    2.12
  57999.447     2.401     1.35    2.44
  58378.951     2.716     0.83    2.29
  58758.367     2.806     0.24    2.20
  59137.694     2.581    -0.59    1.90
  59516.934     3.107     1.39    2.41
  59896.085     3.747     1.69    2.58
  60275.149     3.728    -0.05    2.62
  60654.125     3.292    -1.15    2.13
  61033.013     2.944    -0.92    1.67
  61411.813     3.649     1.86    2.75
  61790.526     3.591    -0.15    2.61
  62169.151     2.985    -1.60    2.24
  62547.688     2.874    -0.30    2.12
  62926.138     3.253     1.00    2.77
  63304.501     5.045     4.74    3.44
  63682.776     6.367     3.50    3.22
  64060.963     6.877     1.35    3.37
  64439.064     5.836    -2.76    3.50
  64817.077     4.292    -4.08    3.03
  65195.003     4.297     0.01    3.57
  65572.843     5.324     2.72    5.21
  65950.595     7.287     5.20    5.62
  66328.260     8.873     4.20    5.22
  66705.838     9.603     1.93    4.38
  67083.329     8.900    -1.86    4.23
  67460.734     6.671    -5.91    5.00
  67838.051     4.501    -5.75    4.48
  68215.283     2.464    -5.40    3.47
  68592.427     1.204    -3.34    1.70
  68969.485     1.209     0.01    1.62
  69346.457     0.797    -1.09    0.84
  69723.342     0.816     0.05    0.68
  70100.140     0.987     0.45    0.86
  70476.853     1.183     0.52    0.89
  70853.479     1.507     0.86    0.78
  71230.019     1.907     1.06    1.01
  71606.472     3.748     4.89    4.13
  71982.840     6.637     7.68    6.48
  72359.122     9.395     7.33    7.52
  72735.317    10.318     2.45    7.25
  73111.427     9.389    -2.47    6.91
  73487.451     7.318    -5.51    5.50
  73863.389     8.185     2.31    5.43
  74239.241    10.209     5.38    6.64
  74615.008    10.865     1.75    6.83
  74990.689     9.986    -2.34    6.57
  75366.284     8.209    -4.73    5.94
  75741.794     6.609    -4.26    5.51
  76117.219     5.464    -3.05    4.85
  76492.558     4.934    -1.41    3.88
  76867.812     4.084    -2.26    2.83
  77242.980     4.154     0.18    2.94
  77618.064     3.104    -2.80    3.04
  77993.062     2.107    -2.66    2.20
  78367.975     2.495     1.03    2.66
  78742.803     3.062     1.51    2.97
  79117.546     5.777     7.25    4.60
  79492.204     7.708     5.15    4.78
  79866.777     8.124     1.11    5.05
  80241.265     6.483    -4.38    4.44
  80615.669     4.069    -6.45    1.69
  80989.988     3.660    -1.09    0.69
  81364.222     4.161     1.34    1.69
  81738.372     6.415     6.02    4.70
  82112.437     9.847     9.18    6.58
  82486.417    13.385     9.46    6.81
  82860.314    14.569     3.17    6.34
  83234.126    12.363    -5.90    6.84
  83607.853    10.497    -4.99    7.53
  83981.496    10.090    -1.09    7.68
  84355.055    12.248     5.78    8.11
  84728.530    15.962     9.94    7.11
  85101.921    18.199     5.99    5.52
  85475.228    15.659    -6.80    6.95
  85848.451    10.391   -14.11    8.58
  86221.590     6.217   -11.19    7.72
  86594.645     2.371   -10.31    3.32
  86967.616     1.127    -3.34    0.96
  87340.504     0.926    -0.54    0.48
  87713.307     0.906    -0.05    0.48
  88086.028     0.900    -0.02    0.50
  88458.664     1.268     0.99    1.51
  88831.217     2.882     4.33    3.93
  89203.687     5.461     6.92    5.09
  89576.073     7.654     5.89    4.78
  89948.376    10.493     7.63    6.43
  90320.595    13.151     7.14    8.28
  90692.731    17.312    11.18    9.26
  91064.785    19.520     5.93    8.68
  91436.754    22.247     7.33    7.63
  91808.641    22.924     1.82    7.29
  92180.445    21.056    -5.03    7.74
  92552.166    16.679   -11.77    9.48
  92923.804    10.339   -17.06    9.22
  93295.359     4.679   -15.23    6.72
  93666.831     1.716    -7.98    3.24
  94038.220     1.071    -1.74    1.00
  94409.527     1.363     0.79    1.29
  94780.751     1.557     0.52    1.51
  95151.893     1.916     0.97    1.82
  95522.952     1.868    -0.13    1.77
  95893.928     2.915     2.82    3.27
  96264.822     4.246     3.59    3.75
  96635.634     5.163     2.47    3.69
  97006.363     5.831     1.80    3.48
  97377.011     6.797     2.61    4.46
  97747.575     8.505     4.61    5.82
  98118.058    11.599     8.35    7.58
  98488.459    14.639     8.21    7.39
  98858.777    16.587     5.26    6.52
  99229.014    17.003     1.12    5.79
  99599.169    15.746    -3.40    5.22
  99969.241    15.441    -0.82    4.38
 100339.232    15.486     0.12    3.16
 100709.141    16.101     1.66    4.03
 101078.969    18.383     6.17    5.65
 101448.714    19.233     2.30    7.36
 101818.379    19.187    -0.12    7.28
 102187.961    17.414    -4.80    6.91
 102557.462    15.189    -6.02    5.33
 102926.882    14.949    -0.65    5.04
 103296.220    13.441    -4.08    4.40
 103665.477    12.532    -2.46    3.27
 104034.652    14.005     3.99    4.04
 104403.746    16.989     8.09    5.74
 104772.759    21.597    12.49    6.23
 105141.691    24.906     8.97    4.24
 105510.542    25.798     2.42    3.26
 105879.312    23.768    -5.50    4.76
 106248.001    20.408    -9.11    4.78
 106616.609    17.441    -8.05    4.23
 106985.135    16.505    -2.54    3.59
 107353.582    16.887     1.04    3.47
 107721.947    18.454     4.25    3.24
 108090.232    20.363     5.18    3.94
 108458.436    23.084     7.39    5.34
 108826.559    27.735    12.63    7.00
 109194.602    35.317    20.60   10.86
 109562.564    44.412    24.72   11.48
 109930.446    52.253    21.31    9.72
 110298.248    57.838    15.18    5.87
 110665.969    60.747     7.91    4.81
 111033.609    60.797     0.14    6.12
 111401.170    58.942    -5.05    7.25
 111768.650    55.985    -8.05    7.73
 112136.050    52.194   -10.32    7.22
 112503.371    50.287    -5.19    6.19
 112870.611    50.484     0.54    5.65
 113237.771    54.649    11.34    9.58
 113604.851    60.837    16.86   11.34
 113971.851    68.818    21.75    9.71
 114338.771    73.768    13.49    6.30
 114705.612    77.600    10.45    2.74
 115072.373    80.827     8.80    4.67
 115439.054    84.053     8.80    5.86
 115805.656    88.347    11.71    5.55
 116172.178    91.817     9.47    3.77
 116538.620    92.979     3.17    3.48
 116904.983    92.457    -1.42    4.10
 117271.267    90.940    -4.14    4.36
 117637.471    87.193   -10.23    7.02
 118003.596    83.104   -11.17    7.88
 118369.642    81.857    -3.41    8.24
 118735.608    86.677    13.17   14.09
 119101.495    98.869    33.32   19.16
 119467.303   111.297    33.97   16.08
 119833.032   120.538    25.26    8.52
 120198.683   122.500     5.37    8.55
 120564.254   121.706    -2.17    9.51
 120929.746   118.317    -9.27   11.19
 121295.159   113.985   -11.85   13.55
 121660.494   107.623   -17.41   13.05
 122025.749   104.589    -8.30    9.98
 122390.926   105.541     2.61    9.75
 122756.025   115.227    26.53   15.95
 123121.044   128.226    35.61   19.56
 123486.206   148.367    55.15   24.04
 123867.674   170.247    57.35   28.35
 124249.055   191.420    55.51   24.40
 124630.348   198.606    18.84   18.48
 125011.554   192.487   -16.05   24.05
 125392.673   179.967   -32.85   22.81
 125773.704   171.767   -21.52   11.58
 126154.649   176.379    12.11   14.65
 126535.507   192.457    42.21   20.94
 126916.278   215.017    59.24   30.40
 127296.962   250.657    93.61   42.92
 127677.559   279.577    75.98   42.71
 128058.069   296.997    45.78   34.28
 128438.493   290.141   -18.02   38.76
 128818.830   269.910   -53.19   35.60
 129199.080   262.197   -20.28   25.70
 129579.244   268.909    17.65   25.74
 129959.322   292.181    61.23   33.89
 130339.313   331.941   104.62   46.85
 130719.218   375.107   113.62   56.26
 131099.036   416.666   109.41   43.20
 131478.769   436.708    52.77   31.31
 131858.415   426.726   -26.29   42.22
 132237.975   387.510  -103.31   59.51
 132617.449   333.288  -142.88   65.83
 132996.837   300.003   -87.72   51.57
 133376.139   298.053    -5.14   48.75
 133755.355   338.527   106.72   75.53
 134134.485   395.633   150.61   75.78
 134513.530   424.405    75.90   72.56
 134892.489   424.520     0.30   94.32
 135271.362   394.317   -79.71  100.97
 135650.149   348.409  -121.19   81.52
 136028.851   322.154   -69.32   59.06
 136407.468   301.448   -54.68   33.15
 136785.999   293.708   -20.44   19.95
 137164.445   293.430    -0.74   19.07
 137542.806   314.010    54.39   49.54
 137921.081   336.019    58.18   64.36
 138299.271   360.977    65.99   69.65
 138677.376   387.364    69.78   68.98
 139055.396   412.668    66.93   75.29
 139433.330   462.650   132.24   93.87
 139811.180   498.141    93.92   98.03
 140188.945   524.167    68.89   87.14
 140566.625   522.697    -3.89   76.81
 140944.220   493.100   -78.38   89.56
 141321.731   459.441   -89.15   86.71
 141699.157   431.961   -72.80   76.51
 142076.498   413.969   -47.68   62.67
 142453.755   407.527   -17.07   51.92
 142830.927   415.997    22.45   51.27
 143208.014   424.797    23.33   50.02
 143585.018   438.537    36.44   52.15
 143961.937   451.404    34.13   56.00
 144338.771   460.267    23.52   57.40
 144715.522   464.788    12.00   49.38
 145092.188   473.298    22.59   52.18
 145468.770   497.000    62.93   74.12
 145845.268   531.032    90.38   93.68
 146221.682   559.025    74.36   96.69
 146598.012   567.808    23.34   91.67
 146974.258   563.535   -11.36   72.51
 147350.420   552.562   -29.17   58.88
 147726.498   545.424   -18.98   48.57
 148102.493   547.725     6.12   47.52
 148478.404   566.937    51.10   57.78
 148854.232   593.571    70.86   54.41
 149229.975   608.134    38.76   47.62
 149605.636   590.262   -47.57   55.39
 149981.213   561.161   -77.47   64.03
 150356.706   526.614   -92.00   68.80
 150732.116   494.512   -85.50   65.20
 151107.443   470.069   -65.12   61.98
 151482.686   448.848   -56.55   55.68
 151857.847   425.817   -61.38   45.84
 152232.924   401.313   -65.32   38.43
 152607.918   376.919   -65.05   36.55
 152982.829   361.859   -40.16   30.02
 153357.657   356.212   -15.06   32.92
 153732.402   366.373    27.11   48.49
 154107.065   386.333    53.27   54.18
 154481.644   405.096    50.09   46.94
 154856.141   411.507    17.12   39.01
 155230.555   412.171     1.77   33.39
 155604.886   395.726   -43.93   34.38
 155979.135   373.180   -60.24   40.69
 156353.301   345.505   -73.96   41.34
 156727.385   317.808   -74.03   31.99
 157101.386   292.470   -67.74   29.80
 157475.305   273.318   -51.21   26.10
 157849.142   259.104   -38.02   20.04
 158222.896   252.197   -18.48   19.59
 158596.569   247.232   -13.29   21.47
 158970.159   242.727   -12.06   21.31
 159343.666   236.602   -16.40   18.33
 159717.092   231.107   -14.71   13.42
 160090.436   228.483    -7.03   13.22
 160463.698   227.657    -2.21   15.28
 160836.878   227.788     0.35   17.31
 161209.976   227.656    -0.35   18.32
 161582.992   223.799   -10.34   15.67
 161955.927   219.505   -11.51   11.90
 162328.780   215.561   -10.58    9.04
 162701.551   209.535   -16.16    8.93
 163074.241   204.517   -13.46    8.21
 163446.849   202.151    -6.35    6.41
 163819.376   201.043    -2.98    5.82
 164191.821   205.430    11.78   10.05
 164564.185   212.675    19.45   14.98
 164936.467   222.829    27.27   20.00
 165308.669   234.484    31.31   21.13
 165680.789   249.831    41.24   25.70
 166052.828   271.487    58.20   36.93
 166424.785   300.636    78.36   53.06
 166796.662   339.175   103.62   58.27
 167168.458   366.925    74.63   50.10
 167540.173   371.979    13.60   51.66
 167911.807   353.171   -50.60   60.77
 168283.360   317.767   -95.28   55.28
 168654.832   308.097   -26.03   47.77
 169026.224   330.400    60.05   68.71
 169397.535   374.573   118.95   75.68
 169768.765   417.588   115.86   51.98
 170139.915   430.369    34.43   50.36
 170510.984   429.527    -2.27   60.72
 170881.972   405.303   -65.29   63.48
 171252.881   383.767   -58.06   50.88
 171623.708   371.577   -32.87   37.25
 171994.456   372.694     3.01   40.60
 172365.123   385.971    35.82   41.08
 172735.710   397.186    30.26   30.86
 173106.217   397.237     0.14   24.13
 173476.644   388.747   -22.92   30.69
 173846.991   369.946   -50.76   39.29
 174217.257   348.155   -58.84   40.61
 174587.444   326.107   -59.55   37.66
 174957.551   313.461   -34.16   32.19
 175327.578   305.602   -21.24   30.88
 175697.525   299.257   -17.15   29.84
 176067.392   290.257   -24.33   31.18
 176437.180   275.624   -39.56   32.32
 176806.888   255.043   -55.66   33.63
 177176.516   231.691   -63.17   28.58
 177546.065   216.242   -41.80   20.74
 177915.534   207.016   -24.97   13.36
 178284.924   203.818    -8.66   11.63
 178654.234   206.043     6.03   11.96
 179023.465   214.487    22.87   16.20
 179392.617   224.954    28.35   19.48
 179761.690   240.375    41.78   20.45
 180130.683   253.237    34.85   16.98
 180499.597   262.400    24.84   13.95
 180868.432   268.221    15.78   15.19
 181237.188   276.100    21.36   19.03
 181605.865   289.165    35.43   21.81
 181974.463   304.006    40.26   23.83
 182342.983   321.404    47.20   22.76
 182711.423   336.396    40.69   23.94
 183079.784   355.716    52.44   30.36
 183448.067   368.675    35.18   27.52
 183816.271   371.339     7.23   27.50
 184184.397   356.859   -39.33   37.50
 184552.444   329.745   -73.66   40.96
 184920.412   301.861   -75.77   32.44
 185288.302   282.336   -53.06   28.29
 185656.113   268.548   -37.48   27.49
 186023.846   257.934   -28.86   27.70
 186391.500   257.849    -0.23   29.95
 186759.077   262.767    13.38   34.86
 187126.575   270.246    20.35   36.56
 187493.994   277.937    20.93   32.84
 187861.336   283.920    16.28   26.11
 188228.600   290.798    18.72   26.82
 188595.785   307.182    44.61   30.46
 188962.893   332.155    68.02   37.26
 189329.922   359.173    73.60   38.54
 189696.874   384.930    70.18   31.10
 190063.748   397.328    33.79   18.48
 190430.544   395.917    -3.85   20.96
 190797.262   381.499   -39.31   33.61
 191163.902   360.658   -56.84   36.32
 191530.465   360.293    -1.00   37.39
 191896.950   371.530    30.66   47.36
 192263.358   392.489    57.19   55.49
 192629.688   410.715    49.75   55.99
 192995.941   405.954   -13.00   64.56
 193362.116   407.878     5.25   61.69
 193728.214   430.733    62.42   73.45
 194094.235   469.930   107.08   78.26
 194460.178   507.346   102.23   57.37
 194826.044   503.375   -10.85   57.15
 195191.833   474.210   -79.72   60.12
 195557.545   442.828   -85.80   46.89
 195923.179   435.369   -20.40   47.18
 196288.737   451.536    44.22   53.31
 196654.218   491.293   108.77   56.13
 197019.621   517.341    71.28   47.28
 197384.948   523.083    15.72   39.04
 197750.198   522.828    -0.70   45.79
 198115.372   514.934   -21.62   57.26
 198491.978   500.025   -39.58   56.01
 198873.190   497.063    -7.77   54.17
 199254.317   488.437   -22.63   46.57
 199635.359   473.683   -38.72   38.62
 200016.316   451.237   -58.91   36.84
 200397.188   423.152   -73.73   42.28
 200777.976   390.437   -85.90   49.66
 201158.679   351.383  -102.57   51.79
 201539.297   329.736   -56.87   52.59
 201919.830   327.788    -5.12   58.88
 202300.279   324.705    -8.10   64.60
 202680.643   294.571   -79.21   96.28
 203060.923   233.451  -160.70  114.89
 203441.119   155.880  -204.00   85.93
 203821.230   111.819  -115.90   38.00
 204201.257    96.746   -39.66   11.07
 204581.199    95.901    -2.22   10.03
 204961.058    95.530    -0.98    9.86
 205340.832    92.714    -7.41    9.36
 205720.523    88.829   -10.23    6.91
 206100.129    86.643    -5.76    7.09
 206479.651    84.683    -5.17    7.91
 206859.089    81.870    -7.41    7.23
 207238.444    79.298    -6.78    4.77
 207617.715    78.072    -3.23    0.80
 207996.902    78.538     1.23    0.50
 208376.005    78.685     0.39    0.29
 208755.025    78.704     0.05    0.42
 209133.961    78.913     0.55    0.61
 209512.813    79.212     0.79    0.66
 209891.582    79.406     0.51    0.55
 210270.268    79.356    -0.13    0.50
 210648.870    79.152    -0.54    0.60
 211027.389    81.167     5.32    4.56
 211405.825    84.673     9.26    6.63
 211784.178    89.860    13.71    7.52
 212162.447    95.437    14.74    6.64
 212540.633    99.798    11.53    4.04
 212918.737   101.695     5.02    3.06
 213296.757   101.630    -0.17    3.92
 213674.694    99.489    -5.66    4.86
 214052.549    96.465    -8.00    5.10
 214430.320    94.072    -6.33    3.95
 214808.009    92.664    -3.73    2.17
 215185.615    91.909    -2.00    0.47
 215563.139    91.820    -0.23    0.20
 215940.580    91.849     0.08    0.30
 216317.938    91.873     0.06    0.33
 216695.214    91.871    -0.01    0.33
 217072.407    91.841    -0.08    0.29
 217449.518    91.890     0.13    0.38
 217826.547    92.111     0.59    0.67
 218203.493    92.350     0.64    0.97
 218580.358    92.466     0.31    1.00
 218957.140    93.242     2.06    2.16
 219333.839    94.060     2.17    2.94
 219710.457    94.676     1.64    2.86
 220086.993    94.833     0.42    2.95
 220463.447    93.767    -2.83    2.77
 220839.818    93.027    -1.96    1.81
 221216.108    93.288     0.69    2.12
 221592.317    94.384     2.91    2.44
 221968.443    95.382     2.65    2.37
 222344.488    96.928     4.11    3.50
 222720.451   101.829    13.03   10.67
 223096.332   114.177    32.85   26.51
 223472.132   144.298    80.14   48.07
 223847.850   176.169    84.81   51.99
 224223.487   213.365    99.01   47.63
 224599.043   231.465    48.19   43.27
 224974.517   238.225    18.00   45.17
 225349.910   237.704    -1.39   42.34
 225725.222   240.736     8.08   34.80
 226100.452   248.465    20.59   31.57
 226475.602   268.462    53.29   28.86
 226850.670   282.633    37.78   23.15
 227225.657   287.390    12.68   17.39
 227600.563   283.132   -11.36   21.11
 227975.389   267.160   -42.60   30.21
 228350.133   243.757   -62.44   34.72
 228724.797   221.911   -58.30   32.39
 229099.380   203.469   -49.23   33.01
 229473.882   194.766   -23.23   30.47
 229848.304   199.097    11.56   26.56
 230222.644   215.103    42.75   33.17
 230596.905   248.053    88.02   43.79
 230971.085   280.777    87.44   35.44
 231345.184   299.697    50.56   22.25
 231719.203   301.928     5.96   20.62
 232093.141   283.458   -49.39   33.33
 232467.000   259.171   -64.95   37.08
 232840.778   226.262   -88.03   34.17
 233214.476   202.798   -62.78   29.07
 233588.093   182.767   -53.60   22.67
 233961.631   166.975   -42.27   17.16
 234335.088   156.017   -29.34   13.62
 234708.466   150.514   -14.74   10.52
 235081.763   148.958    -4.17   10.14
 235454.981   148.592    -0.98   10.22
 235828.119   148.384    -0.56    9.94
 236201.177   145.994    -6.41   10.12
 236574.155   142.822    -8.50    8.46
 236947.053   143.141     0.86    7.71
 237319.872   148.071    13.22   11.28
 237692.612   159.602    30.93   16.37
 238065.271   172.669    35.06   17.62
 238437.852   189.447    45.03   19.50
 238810.353   199.609    27.27   15.53
 239182.774   207.819    22.04   10.85
 239555.116   211.956    11.11    8.42
 239927.379   212.946     2.66    7.28
 240299.562   210.121    -7.59   10.29
 240671.667   201.100   -24.24   15.53
 241043.692   190.083   -29.61   15.67
 241415.638   182.011   -21.70   10.15
 241787.505   185.963    10.62   16.73
 242159.293   199.577    36.61   25.35
 242531.002   220.820    57.14   26.74
 242902.632   239.425    50.06   20.10
 243274.184   245.486    16.31   18.39
 243645.656   243.352    -5.74   22.17
 244017.050   233.241   -27.22   24.90
 244388.365   220.197   -35.12   22.60
 244759.602   209.076   -29.95   17.59
 245130.759   204.854   -11.37   13.76
 245501.839   206.806     5.26   13.96
 245872.840   215.381    23.11   15.53
