# NaN NaN NaN ;Mean Elev.(m), Avg Gradient(m/km), RMS Gradient(m/km) - SRTM1     
#   -3.860  -0.375   5.212 ;Mean Elev.(m), Avg Gradient(m/km), RMS Gradient(m/km) - ASTER GDEM
#   32.257   0.683   4.108 ;Mean Elev.(m), Avg Gradient(m/km), RMS Gradient(m/km) - GMTED2010 
  7    31.127 52476.05193309 17.06 151.173911  66.232647 15.628
  7    29.449 52476.05193373 15.41 151.170661  66.229557 15.628
  7    29.686 52476.05193438 18.08 151.167421  66.226477 15.628
  8    29.406 52511.05188606 20.53 151.174869  66.231914 19.951
  8    29.102 52511.05188670 17.89 151.171619  66.228834 19.951
  8    29.294 52511.05188735 19.18 151.168379  66.225744 19.951
  9    21.954 52546.05190619 50.01 151.187721  66.228170 32.187
  9    21.985 52546.05190684 52.27 151.184471  66.225080 32.187
  9    21.875 52546.05190748 51.44 151.181221  66.222000 32.187
 10    20.954 52581.05192892 31.12 151.179298  66.230557 12.874
 10    20.638 52581.05192956 37.45 151.176048  66.227467 12.874
 10    20.440 52581.05193021 39.95 151.172798  66.224387 12.874
 11    25.379 52616.05189877 19.21 151.163031  66.232566  2.645
 11    25.045 52616.05189942 19.38 151.159791  66.229476  2.645
 11    25.058 52616.05190006 19.29 151.156541  66.226396  2.645
 12    23.596 52651.05187540 18.65 151.188644  66.230971  2.903
 12    24.319 52651.05187604 18.33 151.185384  66.227891  2.903
 12    24.713 52651.05187669 18.48 151.182144  66.224801  2.903
 13    22.982 52686.05186570 18.15 151.171783  66.230976  2.833
 13    24.048 52686.05186634 17.52 151.168543  66.227886  2.833
 13    24.471 52686.05186699 17.65 151.165293  66.224806  2.833
 14    22.889 52721.05191516 17.24 151.179064  66.232234  2.219
 14    22.413 52721.05191580 16.95 151.175814  66.229154  2.219
 14    22.078 52721.05191645 16.95 151.172564  66.226074  2.219
 15    25.683 52756.05193936 14.36 151.156510  66.231755  2.525
 15    28.553 52756.05194001 14.84 151.153260  66.228675  2.525
 15    25.807 52756.05194065 14.61 151.150010  66.225585  2.525
 16    27.444 52791.05188844 50.43 151.190757  66.227921 22.341
 16    27.420 52791.05188909 30.96 151.187507  66.224841 22.341
 16    27.358 52791.05188973 28.63 151.184257  66.221761 22.341
 17    31.097 52826.05195745 18.53 151.189813  66.229512 20.136
 17    25.285 52826.05195809 20.48 151.186563  66.226432 20.136
 17    25.023 52826.05195874 38.14 151.183313  66.223352 20.136
 18    21.416 52861.05200322 42.66 151.189446  66.228933 24.919
 18    21.102 52861.05200386 31.99 151.186196  66.225853 24.919
 18    21.056 52861.05200451 23.47 151.182946  66.222773 24.919
 19    22.874 52896.05203374 37.07 151.171148  66.230881 15.911
 19    22.656 52896.05203438 35.59 151.167898  66.227801 15.911
 19    22.447 52896.05203503 39.92 151.164648  66.224721 15.911
 20    20.479 52931.05198147 30.11 151.162078  66.234476  9.809
 20    20.585 52931.05198211 34.85 151.158828  66.231396  9.809
 20    20.535 52931.05198276 37.23 151.155578  66.228306  9.809
 20    20.552 52931.05198340 38.65 151.152338  66.225226  9.809
 21    23.621 52966.05197781 19.66 151.190542  66.229163  3.966
 21    24.459 52966.05197846 18.38 151.187292  66.226083  3.966
 21    20.560 52966.05197910 20.09 151.184042  66.222993  3.966
 22    24.809 53001.05200888 14.93 151.168665  66.231613  2.534
 22    24.930 53001.05200953 15.33 151.165415  66.228533  2.534
 22    26.786 53001.05201017 15.39 151.162165  66.225443  2.534
 23    25.312 53036.05195780 15.74 151.163324  66.233402  2.534
 23    24.943 53036.05195845 15.38 151.160084  66.230312  2.534
 23    25.418 53036.05195909 16.15 151.156834  66.227232  2.534
 24    23.088 53071.05197911 16.27 151.178051  66.231537  3.009
 24    23.251 53071.05197975 16.83 151.174801  66.228447  3.009
 24    23.594 53071.05198040 16.35 151.171561  66.225367  3.009
 25    26.706 53106.05195890 12.76 151.159898  66.234734  2.235
 25    26.081 53106.05195954 13.15 151.156658  66.231654  2.235
 25    25.977 53106.05196019 13.19 151.153408  66.228574  2.235
 25    25.828 53106.05196083 13.20 151.150158  66.225484  2.235
 26    22.206 53141.05198615 30.41 151.184792  66.230346 15.976
 26    22.037 53141.05198680 36.22 151.181542  66.227256 15.976
 26    22.055 53141.05198744 26.83 151.178292  66.224176 15.976
 27    27.046 53176.05201614 47.26 151.181328  66.232673 20.449
 27    27.034 53176.05201679 49.91 151.178078  66.229593 20.449
 27    27.086 53176.05201743 48.66 151.174828  66.226503 20.449
 27    26.807 53176.05201808 40.52 151.171578  66.223423 20.449
 28    29.150 53211.05203525 16.02 151.174727  66.232570 19.273
 28    27.111 53211.05203590 16.40 151.171477  66.229480 19.273
 28    29.633 53211.05203654 21.57 151.168227  66.226400 19.273
 29    23.232 53246.05200385 33.14 151.170882  66.230753 24.179
 29    23.084 53246.05200450 26.86 151.167632  66.227673 24.179
 29    29.766 53246.05200514 30.26 151.164382  66.224583 24.179
 30    28.136 53281.05198816 16.60 151.188719  66.231303 17.802
 30    27.605 53281.05198880 16.64 151.185459  66.228213 17.802
 30    27.740 53281.05198945 16.05 151.182209  66.225133 17.802
 30    28.854 53281.05199009 15.91 151.178959  66.222043 17.802
 31    22.643 53316.05200089 21.57 151.181366  66.230629  6.067
 31    23.232 53316.05200154 21.79 151.178116  66.227539  6.067
 31    21.061 53316.05200218 23.58 151.174866  66.224459  6.067
 32    23.770 53351.05196664 18.72 151.175064  66.231308  5.182
 32    22.600 53351.05196728 20.52 151.171814  66.228228  5.182
 32    21.162 53351.05196793 22.57 151.168574  66.225138  5.182
 33    24.372 53386.05195076 18.47 151.188208  66.229565  3.033
 33    24.161 53386.05195140 19.20 151.184958  66.226475  3.033
 33    25.744 53386.05195204 18.78 151.181708  66.223395  3.033
 34    23.928 53421.05195402 17.83 151.184970  66.232169  3.881
 34    23.271 53421.05195466 18.80 151.181720  66.229089  3.881
 34    23.641 53421.05195531 19.14 151.178470  66.226009  3.881
 34    23.778 53421.05195595 19.63 151.175220  66.222919  3.881
 35    30.702 53456.05195986 16.04 151.194431  66.228834  3.110
 35    25.570 53456.05196051 16.19 151.191171  66.225754  3.110
 35    27.863 53456.05196115 16.01 151.187931  66.222664  3.110
 36    24.059 53491.05204508  2.45 151.173149  66.231823  4.844
 36    23.488 53491.05204572  3.64 151.169899  66.228743  4.844
 36    23.436 53491.05204637  3.30 151.166649  66.225653  4.844
 37    23.719 53526.05202781 47.43 151.181329  66.230820 25.901
 37    23.703 53526.05202846 50.34 151.178089  66.227740 25.901
 37    23.675 53526.05202910 50.67 151.174839  66.224650 25.901
 38    23.580 53561.05205617 49.52 151.167300  66.232744 28.848
 38    23.694 53561.05205681 50.42 151.164050  66.229664 28.848
 38    23.696 53561.05205746 50.99 151.160800  66.226584 28.848
 39    29.417 53596.05199516 20.98 151.171739  66.230639 23.766
 39    29.614 53596.05199580 19.77 151.168489  66.227559 23.766
 39    29.837 53596.05199644 28.10 151.165239  66.224469 23.766
 40    23.129 53631.05198890 25.23 151.188297  66.229877 21.842
 40    23.265 53631.05198954 23.34 151.185037  66.226797 21.842
 40    28.944 53631.05199019 22.12 151.181797  66.223707 21.842
 41    20.958 53666.05201199 29.77 151.175695  66.232034  9.497
 41    20.443 53666.05201264 34.41 151.172445  66.228954  9.497
 41    20.393 53666.05201328 36.63 151.169195  66.225874  9.497
 42    21.375 53701.05196346 26.13 151.174955  66.231648  5.464
 42    20.734 53701.05196411 27.21 151.171705  66.228568  5.464
 42    20.516 53701.05196475 28.18 151.168465  66.225478  5.464
 43    24.093 53736.05187405 22.69 151.164242  66.231619  3.559
 43    24.251 53736.05187469 22.38 151.161002  66.228539  3.559
 43    23.696 53736.05187534 22.27 151.157752  66.225449  3.559
 44    23.015 53771.05187715 20.77 151.187218  66.230371  3.884
 44    24.258 53771.05187779 20.49 151.183968  66.227281  3.884
 44    24.412 53771.05187844 21.28 151.180718  66.224201  3.884
 45    23.940 53806.05186897 18.67 151.170825  66.232218  3.148
 45    24.304 53806.05186962 18.68 151.167585  66.229138  3.148
 45    26.546 53806.05187026 18.71 151.164335  66.226058  3.148
 47    24.532 53876.05193631 25.97 151.183781  66.230685 24.089
 47    24.456 53876.05193695 27.86 151.180531  66.227605 24.089
 47    24.096 53876.05193759 26.88 151.177281  66.224525 24.089
 48    23.392 53911.05198462 48.45 151.176847  66.232394 25.246
 48    23.683 53911.05198527 38.04 151.173597  66.229304 25.246
 48    23.623 53911.05198591 30.71 151.170347  66.226224 25.246
 49    23.951 53946.05200344 25.82 151.166395  66.232369 18.897
 49    23.899 53946.05200408 23.92 151.163145  66.229289 18.897
 49    23.817 53946.05200473 19.78 151.159895  66.226199 18.897
 50    29.314 53981.05194883 18.53 151.167373  66.233392 19.204
 50    29.681 53981.05194948 16.27 151.164133  66.230302 19.204
 50    30.289 53981.05195012 16.24 151.160883  66.227222 19.204
 51    21.979 54016.05197013 36.55 151.191938  66.229161 12.976
 51    22.017 54016.05197078 45.65 151.188688  66.226081 12.976
 51    21.812 54016.05197142 47.11 151.185438  66.223001 12.976
 52    23.530 54051.05196983 16.96 151.187665  66.232043  3.931
 52    22.984 54051.05197047 18.85 151.184415  66.228963  3.931
 52    20.970 54051.05197112 20.06 151.181165  66.225883  3.931
 52    23.948 54051.05197176 18.98 151.177915  66.222793  3.931
 53    25.012 54086.05196248 12.64 151.172948  66.231581  2.373
 53    25.816 54086.05196312 12.36 151.169708  66.228501  2.373
 53    26.818 54086.05196377 12.33 151.166458  66.225411  2.373
 54    25.882 54121.05188843 10.59 151.157295  66.233060  2.234
 54    25.508 54121.05188907 10.63 151.154045  66.229970  2.234
 54    25.584 54121.05188971 10.93 151.150805  66.226890  2.234
 55    25.873 54156.05192158 11.59 151.175946  66.230333  2.414
 55    27.084 54156.05192223 11.53 151.172696  66.227243  2.414
 55    26.776 54156.05192287 10.99 151.169456  66.224163  2.414
 56    25.118 54191.05188609 11.25 151.163347  66.232629  2.252
 56    27.809 54191.05188674 11.04 151.160097  66.229549  2.252
 56    25.696 54191.05188738 11.38 151.156857  66.226469  2.252
 57    30.470 54226.05193211  2.77 151.181870  66.232856 11.555
 57    20.957 54226.05193276  8.98 151.178620  66.229776 11.555
 57    20.926 54226.05193340 13.86 151.175370  66.226696 11.555
 57    20.993 54226.05193405 19.16 151.172120  66.223606 11.555
 58    31.158 54261.05195250 19.56 151.178661  66.230558 23.972
 58    30.619 54261.05195314 18.89 151.175411  66.227478 23.972
 58    31.021 54261.05195379 21.46 151.172161  66.224398 23.972
 59    29.697 54296.05195697 15.09 151.176482  66.230358 16.533
 59    30.322 54296.05195761 13.84 151.173232  66.227278 16.533
 59    30.544 54296.05195826 14.42 151.169982  66.224188 16.533
 60    29.720 54331.05194858 15.89 151.173477  66.232032 19.911
 60    30.559 54331.05194922 13.84 151.170227  66.228942 19.911
 60    29.783 54331.05194987 21.80 151.166977  66.225862 19.911
 61    23.955 54366.05189213 29.44 151.163864  66.232720 21.882
 61    23.857 54366.05189277 26.54 151.160614  66.229640 21.882
 61    23.966 54366.05189342 23.72 151.157364  66.226550 21.882
 62    20.773 54401.05189040 31.93 151.179305  66.232460 13.294
 62    20.991 54401.05189104 37.30 151.176055  66.229380 13.294
 62    20.909 54401.05189168 44.49 151.172805  66.226290 13.294
 63    23.812 54436.05184827 16.26 151.166576  66.231430  2.967
 63    23.937 54436.05184892 16.32 151.163326  66.228340  2.967
 63    23.330 54436.05184956 16.20 151.160076  66.225260  2.967
 64    22.034 54471.05187498 13.04 151.185420  66.229261  3.154
 64    21.990 54471.05187562 13.10 151.182170  66.226181  3.154
 64    20.789 54471.05187627 13.71 151.178920  66.223101  3.154
 65    24.691 54506.05186092 11.95 151.167306  66.233013  2.631
 65    23.082 54506.05186157 12.25 151.164066  66.229923  2.631
 65    23.305 54506.05186221 12.50 151.160816  66.226843  2.631
 66    23.237 54541.05188969 12.91 151.178068  66.231006  2.766
 66    23.176 54541.05189034 13.49 151.174828  66.227926  2.766
 66    21.439 54541.05189098 13.52 151.171578  66.224836  2.766
 67    24.153 54576.05186258 11.30 151.164834  66.231648  2.662
 67    24.570 54576.05186323 11.48 151.161584  66.228558  2.662
 67    25.279 54576.05186387 11.22 151.158344  66.225478  2.662
 68    29.851 54611.05188130 41.23 151.177467  66.231441 26.763
 68    29.720 54611.05188195 46.57 151.174217  66.228351 26.763
 68    29.639 54611.05188259 35.69 151.170977  66.225271 26.763
 69    23.001 54646.05188852 47.10 151.178031  66.232980 18.997
 69    23.240 54646.05188916 42.77 151.174781  66.229890 18.997
 69    23.177 54646.05188981 49.10 151.171541  66.226810 18.997
 69    23.046 54646.05189045 48.49 151.168291  66.223720 18.997
 70    29.133 54681.05188988 25.16 151.174423  66.231677 16.627
 70    23.362 54681.05189052 21.69 151.171173  66.228587 16.627
 70    22.167 54681.05189117 23.49 151.167933  66.225507 16.627
 71    29.248 54716.05183937 19.19 151.166025  66.233606 21.981
 71    22.129 54716.05184002 26.50 151.162775  66.230526 21.981
 71    23.294 54716.05184066 20.92 151.159525  66.227436 21.981
 72    22.203 54751.05186127 41.54 151.180931  66.230169 21.741
 72    22.021 54751.05186191 52.93 151.177681  66.227089 21.741
 72    21.969 54751.05186256 52.77 151.174431  66.223999 21.741
 73    20.638 54786.05182920 29.92 151.168683  66.231446  7.122
 73    20.697 54786.05182985 33.92 151.165443  66.228366  7.122
 73    20.103 54786.05183049 37.33 151.162193  66.225276  7.122
 74    23.065 54821.05185457 20.76 151.182671  66.229996  2.815
 74    25.593 54821.05185522 20.64 151.179431  66.226916  2.815
 74    26.291 54821.05185586 20.54 151.176181  66.223826  2.815
 75    23.891 54856.05182527 20.19 151.170644  66.231624  2.823
 75    23.820 54856.05182591 20.06 151.167394  66.228534  2.823
 75    23.072 54856.05182656 20.23 151.164154  66.225454  2.823
 76    23.601 54891.05185819 17.74 151.174578  66.232573  2.733
 76    22.451 54891.05185884 18.60 151.171338  66.229493  2.733
 76    23.566 54891.05185948 18.19 151.168088  66.226403  2.733
 77    25.969 54926.05182384 14.72 151.162442  66.233498  2.259
 77    25.575 54926.05182448 15.26 151.159192  66.230408  2.259
 77    25.215 54926.05182513 14.97 151.155952  66.227328  2.259
 78    22.571 54961.05185650 36.53 151.180093  66.230862 13.863
 78    22.432 54961.05185714 33.44 151.176853  66.227772 13.863
 78    22.557 54961.05185779 27.90 151.173603  66.224692 13.863
 79    29.617 54996.05187779 18.70 151.175662  66.233041 19.551
 79    29.094 54996.05187844 18.81 151.172412  66.229951 19.551
 79    24.197 54996.05187908 20.46 151.169162  66.226871 19.551
 80    22.441 55031.05186798 21.96 151.174370  66.230845 14.332
 80    22.245 55031.05186863 21.00 151.171130  66.227765 14.332
 80    29.657 55031.05186927 24.29 151.167880  66.224675 14.332
 81    22.064 55066.05185783 37.91 151.172151  66.231113 23.217
 81    21.854 55066.05185847 37.78 151.168901  66.228023 23.217
 81    21.868 55066.05185912 48.65 151.165661  66.224943 23.217
 82    22.176 55101.05179940 46.39 151.161903  66.234463 24.203
 82    22.274 55101.05180004 50.58 151.158653  66.231383 24.203
 82    22.254 55101.05180069 50.43 151.155403  66.228293 24.203
 82    22.300 55101.05180133 51.01 151.152163  66.225213 24.203
 83    20.421 55136.05180352 26.01 151.180455  66.230575  6.319
 83    20.472 55136.05180417 29.68 151.177215  66.227495  6.319
 83    20.302 55136.05180481 29.58 151.173965  66.224405  6.319
 84    23.492 55171.05176598 17.12 151.169133  66.233291  3.206
 84    21.878 55171.05176663 17.55 151.165883  66.230201  3.206
 84    21.316 55171.05176727 18.38 151.162643  66.227121  3.206
 85    22.950 55206.05179706 16.41 151.180612  66.229834  2.950
 85    24.938 55206.05179771 16.04 151.177372  66.226754  2.950
 85    27.222 55206.05179835 15.65 151.174122  66.223664  2.950
 86    24.367 55241.05177196 15.97 151.165791  66.233330  2.679
 86    24.602 55241.05177260 15.52 151.162541  66.230240  2.679
 86    25.303 55241.05177325 15.55 151.159301  66.227160  2.679
 87    22.076 55276.05179083 15.92 151.173263  66.232163  3.071
 87    22.994 55276.05179148 15.43 151.170013  66.229083  3.071
 87    23.098 55276.05179212 15.83 151.166763  66.225993  3.071
 88    28.283 55311.05175588 13.83 151.167854  66.234000  3.324
 88    24.454 55311.05175653 14.17 151.164604  66.230920  3.324
 88    27.622 55311.05175717 14.52 151.161354  66.227830  3.324
 88    24.241 55311.05175781 15.03 151.158114  66.224750  3.324
 89    28.530 55346.05175969 50.91 151.178198  66.232982 21.625
 89    28.394 55346.05176034 52.18 151.174948  66.229892 21.625
 89    28.538 55346.05176098 51.97 151.171708  66.226812 21.625
 89    28.321 55346.05176163 50.92 151.168458  66.223722 21.625
 90    24.645 55381.05175302 38.49 151.170512  66.230835 17.450
 90    24.956 55381.05175367 40.04 151.167272  66.227755 17.450
 90    24.844 55381.05175431 41.84 151.164022  66.224665 17.450
 91    21.651 55416.05177902 40.81 151.185110  66.232215 26.358
 91    21.594 55416.05177966 34.74 151.181860  66.229125 26.358
 91    21.440 55416.05178030 25.46 151.178610  66.226045 26.358
 91    21.371 55416.05178095 21.11 151.175370  66.222955 26.358
 92    24.712 55451.05176406 23.19 151.169584  66.230952 23.425
 92    29.275 55451.05176471 20.31 151.166334  66.227862 23.425
 92    29.765 55451.05176535 27.64 151.163094  66.224782 23.425
 93    21.404 55486.05168772 33.32 151.163926  66.234409 12.845
 93    21.464 55486.05168836 37.42 151.160676  66.231329 12.845
 93    21.549 55486.05168901 47.49 151.157426  66.228239 12.845
 93    21.397 55486.05168965 50.27 151.154186  66.225159 12.845
