# NaN NaN NaN ;Mean Elev.(m), Avg Gradient(m/km), RMS Gradient(m/km) - SRTM1     
#   -3.081  -8.510  31.840 ;Mean Elev.(m), Avg Gradient(m/km), RMS Gradient(m/km) - ASTER GDEM
#   31.040  -8.364  33.398 ;Mean Elev.(m), Avg Gradient(m/km), RMS Gradient(m/km) - GMTED2010 
 10    17.166 52563.43850797 48.16 152.013285  66.529522 16.179
 10    17.047 52563.43850862 49.88 152.009955  66.532602 16.179
 13    23.399 52668.43849311 22.51 152.016272  66.528618  4.854
 13    24.442 52668.43849376 22.56 152.012952  66.531698  4.854
 14    23.783 52703.43847244 20.77 152.011672  66.529035  5.000
 14    24.570 52703.43847308 21.51 152.008342  66.532115  5.000
 19    17.955 52878.43862939 45.71 152.012965  66.527321 28.997
 19    18.003 52878.43863004 53.89 152.009645  66.530391 28.997
 26    24.242 53123.43856054 16.95 152.008759  66.528495  3.607
 26    25.446 53123.43856118 15.20 152.005439  66.531575  3.607
 28    26.404 53193.43861248 31.82 152.021529  66.529696 28.793
 28    22.561 53193.43861313 40.65 152.018209  66.532776 28.793
 30    22.524 53263.43858046 33.67 152.027658  66.531177 23.179
 30    22.405 53263.43858110 37.28 152.024338  66.534257 23.179
 33    17.061 53368.43853511 27.07 152.032277  66.531236  6.074
 33    17.179 53368.43853576 28.94 152.028947  66.534316  6.074
 34    17.160 53403.43856536 23.06 152.012323  66.528564  5.149
 34    17.084 53403.43856601 23.57 152.009003  66.531644  5.149
 35    17.235 53438.43855392 23.79 152.026941  66.531549  5.166
 35    17.009 53438.43855456 23.87 152.023621  66.534629  5.166
 38    23.942 53543.43864622 41.02 152.015721  66.528892 18.392
 38    23.651 53543.43864686 45.38 152.012401  66.531972 18.392
 40    24.789 53613.43858216 39.70 152.026506  66.531033 20.251
 40    23.475 53613.43858280 40.87 152.023186  66.534113 20.251
 43    16.788 53718.43852938 27.46 152.030811  66.530443  5.321
 43    16.850 53718.43853003 28.80 152.027491  66.533523  5.321
 44    16.665 53753.43845105 26.79 152.011691  66.529294  5.169
 44    16.602 53753.43845169 26.68 152.008361  66.532374  5.169
 47    25.998 53858.43852863  4.01 152.008421  66.528212  3.664
 47    25.972 53858.43852927  2.80 152.005091  66.531282  3.664
 52    23.747 54033.43858047 19.03 152.013921  66.528515  5.558
 52    25.126 54033.43858112 19.84 152.010591  66.531595  5.558
 55    26.244 54138.43850410 14.50 152.010498  66.527969  2.762
 55    26.133 54138.43850475 13.95 152.007168  66.531039  2.762
 56    26.051 54173.43851052 14.23 152.024180  66.530226  3.258
 56    26.280 54173.43851116 14.06 152.020860  66.533306  3.258
 57    21.483 54208.43850997 13.65 152.009166  66.527662  6.746
 57    20.837 54208.43851061 13.22 152.005846  66.530742  6.746
 58    30.740 54243.43854166 27.57 152.017555  66.528454 16.896
 58    31.048 54243.43854231 22.93 152.014225  66.531534 16.896
 60    20.077 54313.43855465 44.02 152.020722  66.529063 25.939
 60    19.918 54313.43855529 48.32 152.017392  66.532143 25.939
 62    18.120 54383.43849244 44.29 152.012396  66.528354 24.224
 62    18.119 54383.43849308 52.74 152.009076  66.531434 24.224
 65    22.455 54488.43847345 18.73 152.021433  66.529404  3.475
 65    16.955 54488.43847409 21.33 152.018113  66.532484  3.475
 66    16.808 54523.43847606 19.02 152.012781  66.529573  3.860
 66    16.787 54523.43847671 20.27 152.009451  66.532653  3.860
 68    25.249 54593.43847182 17.37 152.017168  66.527715 13.899
 68    17.030 54593.43847246 19.12 152.013848  66.530795 13.899
 69    25.699 54628.43848688 37.46 152.018179  66.529601 10.184
 69    28.498 54628.43848753 22.14 152.014859  66.532671 10.184
 73    16.904 54768.43844680 33.88 152.020895  66.528845 15.882
 73    16.941 54768.43844745 37.57 152.017575  66.531925 15.882
 75    16.793 54838.43844065 24.44 152.017659  66.529706  6.950
 75    16.608 54838.43844130 25.68 152.014329  66.532786  6.950
 76    16.724 54873.43844467 21.92 152.012024  66.527430  4.345
 76    16.808 54873.43844532 22.15 152.008704  66.530510  4.345
 78    16.840 54943.43843769 14.95 152.010280  66.527275  3.701
 78    23.064 54943.43843834 13.84 152.006960  66.530355  3.701
 81    18.600 55048.43846359 39.19 152.018575  66.528046 28.311
 81    18.344 55048.43846423 48.37 152.015255  66.531126 28.311
 82    24.082 55083.43843337 49.38 152.030091  66.530360 30.132
 82    24.226 55083.43843401 48.57 152.026771  66.533440 30.132
 84    16.573 55153.43839189 27.65 152.021431  66.528721  7.100
 84    16.771 55153.43839254 25.49 152.018111  66.531801  7.100
 85    18.817 55188.43838411 20.03 152.008220  66.528408  4.507
 85    17.062 55188.43838476 21.26 152.004890  66.531488  4.507
 87    25.881 55258.43837983 17.86 152.015381  66.528926  3.893
 87    23.865 55258.43838047 18.55 152.012061  66.532006  3.893
 93    21.776 55468.43833095 47.93 152.031524  66.531837 18.212
 93    21.700 55468.43833160 44.39 152.028204  66.534917 18.212
