# NaN NaN NaN ;Mean Elev.(m), Avg Gradient(m/km), RMS Gradient(m/km) - SRTM1     
#   -4.252  -5.662  22.857 ;Mean Elev.(m), Avg Gradient(m/km), RMS Gradient(m/km) - ASTER GDEM
#   32.463  -4.919  19.676 ;Mean Elev.(m), Avg Gradient(m/km), RMS Gradient(m/km) - GMTED2010 
  7    27.769 52477.44045603 42.30 151.655135  66.188748 10.468
  7    25.203 52477.44045667 46.69 151.651893  66.191829 24.484
  7    27.068 52477.44045989 42.91 151.635683  66.207249 24.484
  7    31.800 52477.44046054 40.07 151.632433  66.210339 24.484
  7    26.179 52477.44046118 43.36 151.629193  66.213419 24.484
  8    31.625 52512.44040577  6.01 151.644409  66.221901  5.312
  8    31.762 52512.44040642 12.52 151.641159  66.224991  5.312
  8    31.515 52512.44040706 16.11 151.637919  66.228071  5.312
  8    30.849 52512.44040770 19.96 151.634669  66.231161  5.312
  8    31.917 52512.44040835 17.32 151.631419  66.234241  5.312
  8    32.437 52512.44040899 15.99 151.628169  66.237321  5.312
  8    32.594 52512.44040964 15.85 151.624919  66.240411  5.312
  8    31.932 52512.44041028 18.35 151.621669  66.243491  5.312
  8    24.438 52512.44041093 21.10 151.618419  66.246571  5.312
  8    32.475 52512.44041157 17.85 151.615169  66.249661  5.312
 11    21.713 52617.44041766 23.41 151.667317  66.190406  9.162
 11    23.031 52617.44041830 22.99 151.664077  66.193486  9.162
 11    30.088 52617.44042217 21.52 151.644637  66.211996  9.162
 11    30.142 52617.44042281 21.19 151.641387  66.215076  9.162
 11    29.671 52617.44042346 21.68 151.638147  66.218166  9.162
 11    29.365 52617.44042410 22.58 151.634897  66.221246  9.162
 11    29.788 52617.44042862 24.97 151.612163  66.242833  7.038
 11    29.809 52617.44042926 25.00 151.608913  66.245913  7.038
 11    29.068 52617.44042991 25.01 151.605663  66.249003  7.038
 12    23.977 52652.44039239 19.71 151.662591  66.188894  7.192
 12    25.526 52652.44039303 19.58 151.659351  66.191984  7.192
 12    30.072 52652.44039690 19.02 151.639891  66.210484  7.192
 12    30.053 52652.44039755 20.16 151.636641  66.213574  7.192
 12    30.750 52652.44039819 20.46 151.633401  66.216654  7.192
 12    30.500 52652.44040399 19.69 151.604141  66.244404  7.192
 12    30.670 52652.44040464 20.03 151.600888  66.247490  4.483
 13    22.951 52687.44038958 19.43 151.671982  66.190479  9.304
 13    26.203 52687.44039023 18.75 151.668742  66.193569  9.304
 13    30.975 52687.44039474 19.04 151.646052  66.215159  9.304
 13    31.211 52687.44039538 19.60 151.642802  66.218239  9.304
 13    31.152 52687.44039603 19.77 151.639562  66.221329  9.304
 13    30.186 52687.44039667 21.92 151.636312  66.224409  9.304
 13    30.248 52687.44040054 19.09 151.616823  66.242918  3.967
 13    30.219 52687.44040119 18.89 151.613573  66.245998  3.967
 13    31.286 52687.44040183 18.54 151.610313  66.249078  3.967
 14    20.456 52722.44043715 20.05 151.658198  66.189562  4.718
 14    21.624 52722.44043779 19.40 151.654958  66.192642  4.718
 14    28.238 52722.44044101 19.77 151.638748  66.208072  4.718
 14    27.804 52722.44044166 20.21 151.635498  66.211152  4.718
 14    28.414 52722.44044230 19.17 151.632258  66.214232  4.718
 14    30.595 52722.44044875 18.88 151.599762  66.245068  3.980
 14    30.301 52722.44044940 19.23 151.596502  66.248158  3.980
 16    28.850 52792.44041368 30.36 151.635046  66.201241 16.794
 16    29.878 52792.44041432 39.16 151.631796  66.204331 16.794
 16    29.435 52792.44041497 44.39 151.628556  66.207411 16.794
 16    31.271 52792.44041561 40.93 151.625306  66.210491 16.794
 16    31.820 52792.44042270 25.53 151.589546  66.244411 16.794
 16    30.742 52792.44042335 33.89 151.586286  66.247501 16.794
 17    23.528 52827.44048359 30.72 151.630882  66.210054 15.103
 17    23.659 52827.44048424 39.52 151.627632  66.213134 15.103
 17    23.687 52827.44049068 50.50 151.595122  66.243976 28.393
 17    23.693 52827.44049133 52.66 151.591872  66.247056 28.393
 18    22.714 52862.44052405 18.78 151.658614  66.187878  9.274
 18    22.323 52862.44052470 17.13 151.655374  66.190968  9.274
 18    30.403 52862.44053566 22.56 151.600160  66.243390 22.562
 18    20.355 52862.44053630 39.54 151.596900  66.246480 22.562
 18    20.582 52862.44053695 44.30 151.593650  66.249560 22.562
 19    23.350 52897.44055374 14.13 151.663933  66.188228  8.229
 19    23.233 52897.44055439 14.75 151.660693  66.191318  8.229
 19    29.800 52897.44055890 15.96 151.637993  66.212908  8.229
 19    29.013 52897.44055955 18.24 151.634753  66.215988  8.229
 19    29.279 52897.44056019 19.61 151.631503  66.219078  8.229
 19    30.311 52897.44056535 17.76 151.605515  66.243746 22.502
 19    30.405 52897.44056599 17.02 151.602265  66.246826 22.502
 19    31.416 52897.44056664 17.15 151.599005  66.249916 22.502
 20    20.341 52932.44050009 42.55 151.672001  66.189107 18.817
 20    20.002 52932.44050074 49.67 151.668761  66.192197 18.817
 20    19.824 52932.44050590 45.62 151.642831  66.216877 18.817
 20    19.825 52932.44050654 51.03 151.639581  66.219957 18.817
 20    20.720 52932.44050719 49.40 151.636341  66.223037 18.817
 20    19.864 52932.44051105 37.22 151.616850  66.241546 21.605
 20    19.876 52932.44051170 44.60 151.613600  66.244626 21.605
 20    19.898 52932.44051234 50.33 151.610350  66.247716 21.605
 21    25.741 52967.44050450 22.35 151.652318  66.187958  9.889
 21    23.918 52967.44050514 24.50 151.649078  66.191038  9.889
 21    27.515 52967.44050772 19.72 151.636108  66.203378  9.889
 21    28.685 52967.44050837 20.24 151.632858  66.206468  9.889
 21    28.886 52967.44050901 20.19 151.629618  66.209548  9.889
 21    28.876 52967.44050966 20.20 151.626368  66.212628  9.889
 21    18.876 52967.44051610 28.41 151.593865  66.243466  6.856
 21    18.978 52967.44051675 28.19 151.590605  66.246546  6.856
 21    19.084 52967.44051739 24.57 151.587355  66.249636  6.856
 22    22.672 53002.44052979 20.19 151.657607  66.187114  9.687
 22    21.919 53002.44053043 20.87 151.654367  66.190204  9.687
 22    21.626 53002.44053108 23.32 151.651127  66.193284  9.687
 22    28.222 53002.44053366 19.05 151.638157  66.205624  9.687
 22    28.615 53002.44053430 18.82 151.634917  66.208714  9.687
 22    28.586 53002.44053495 19.70 151.631677  66.211794  9.687
 22    28.177 53002.44053559 20.45 151.628427  66.214874  9.687
 22    29.378 53002.44054204 22.23 151.595940  66.245710  5.163
 22    30.643 53002.44054268 19.38 151.592680  66.248800  5.163
 23    21.216 53037.44047874 20.71 151.671238  66.188089 11.296
 23    24.200 53037.44047939 21.12 151.667998  66.191179 11.296
 23    30.826 53037.44048390 18.34 151.645308  66.212769 11.296
 23    29.172 53037.44048454 22.38 151.642068  66.215849 11.296
 23    28.921 53037.44048519 22.10 151.638818  66.218939 11.296
 23    29.076 53037.44048583 20.71 151.635578  66.222019 11.296
 23    28.964 53037.44049034 20.41 151.612837  66.243611  4.748
 23    30.064 53037.44049099 19.13 151.609587  66.246691  4.748
 23    31.108 53037.44049163 18.93 151.606337  66.249781  4.748
 24    22.395 53072.44050417 20.20 151.661143  66.188128 10.365
 24    24.917 53072.44050482 19.89 151.657903  66.191218 10.365
 24    29.231 53072.44050868 18.44 151.638453  66.209718 10.365
 24    29.151 53072.44050933 19.14 151.635203  66.212808 10.365
 24    29.242 53072.44050997 19.44 151.631963  66.215888 10.365
 24    30.206 53072.44051577 20.32 151.602717  66.243638  6.046
 24    30.211 53072.44051642 19.59 151.599467  66.246728  6.046
 24    30.121 53072.44051706 19.31 151.596207  66.249808  6.046
 25    21.418 53107.44047951 16.41 151.674366  66.189006  9.810
 25    21.440 53107.44048015 16.50 151.671126  66.192096  9.810
 25    30.957 53107.44048531 13.76 151.645196  66.216766  9.810
 25    30.957 53107.44048596 13.38 151.641956  66.219856  9.810
 25    29.566 53107.44048660 13.63 151.638706  66.222936  9.810
 25    29.551 53107.44048724 13.91 151.635456  66.226026  9.810
 25    29.952 53107.44049047 14.38 151.619223  66.241448  3.873
 25    29.529 53107.44049111 16.12 151.615973  66.244528  3.873
 25    29.018 53107.44049176 16.09 151.612723  66.247608  3.873
 25    29.005 53107.44049240 16.06 151.609473  66.250698  3.873
 26    24.025 53142.44051293 38.76 151.655531  66.186771 19.105
 26    23.517 53142.44051357 28.65 151.652291  66.189851 19.105
 26    26.292 53142.44051422 30.13 151.649051  66.192941 19.105
 26    25.433 53142.44051679 32.75 151.636081  66.205271 19.105
 26    27.713 53142.44051744 24.44 151.632831  66.208361 19.105
 26    24.143 53142.44051808 25.28 151.629581  66.211441 19.105
 26    22.896 53142.44051873 31.95 151.626342  66.214521 24.475
 26    24.909 53142.44052518 28.85 151.593832  66.245361 24.475
 26    23.066 53142.44052582 39.54 151.590582  66.248451 24.475
 27    30.938 53177.44053730 18.06 151.660418  66.189590 13.819
 27    30.757 53177.44053795 25.35 151.657188  66.192680 13.819
 27    32.668 53177.44054181 15.79 151.637728  66.211190 13.819
 27    32.366 53177.44054246 16.07 151.634478  66.214270 13.819
 27    32.569 53177.44054310 15.68 151.631228  66.217350 13.819
 28    22.985 53212.44055814 51.07 151.655427  66.193137 19.396
 28    23.073 53212.44056136 45.78 151.639217  66.208567 19.396
 28    23.349 53212.44056201 45.20 151.635967  66.211647 19.396
 28    23.167 53212.44056265 45.97 151.632727  66.214727 19.396
 28    23.397 53212.44056910 48.90 151.600236  66.245574 31.010
 28    23.194 53212.44056974 50.34 151.596976  66.248654 31.010
 29    23.763 53247.44052558 33.50 151.670979  66.188147 24.598
 29    23.153 53247.44052622 41.52 151.667739  66.191227 24.598
 29    23.988 53247.44053138 49.87 151.641799  66.215907 24.598
 29    22.851 53247.44053202 52.86 151.638559  66.218987 24.598
 29    21.898 53247.44053267 52.51 151.635309  66.222077 24.598
 29    22.856 53247.44053718 52.44 151.612570  66.243658 29.593
 29    22.718 53247.44053782 51.17 151.609320  66.246748 29.593
 29    22.025 53247.44053847 47.59 151.606070  66.249828 29.593
 30    23.514 53282.44052715 47.63 151.586428  66.244069 29.921
 30    23.528 53282.44052780 48.72 151.583178  66.247159 29.921
 31    19.253 53317.44051908 44.51 151.657357  66.190553 18.062
 31    19.432 53317.44052295 39.27 151.637907  66.209063 18.062
 31    19.499 53317.44052359 37.54 151.634657  66.212143 18.062
 31    19.541 53317.44052424 34.20 151.631407  66.215233 18.062
 31    19.100 53317.44053004 35.51 151.602164  66.242988 12.158
 31    19.100 53317.44053069 42.74 151.598904  66.246068 12.158
 31    19.345 53317.44053133 38.01 151.595654  66.249148 12.158
 33    21.072 53387.44047648 25.51 151.649144  66.186514 12.388
 33    21.201 53387.44047712 27.57 151.645904  66.189604 12.388
 33    20.998 53387.44047777 27.70 151.642664  66.192684 12.388
 33    21.172 53387.44047906 25.22 151.636174  66.198854 12.388
 33    22.310 53387.44047970 23.62 151.632934  66.201934 12.388
 33    19.399 53387.44048034 23.58 151.629684  66.205024 12.388
 33    27.299 53387.44048099 23.16 151.626444  66.208104 12.388
 33    19.707 53387.44048873 28.49 151.587434  66.245109  6.304
 33    19.637 53387.44048937 27.45 151.584174  66.248189  6.304
 34    20.873 53422.44047800 28.16 151.667992  66.190240 15.428
 34    20.827 53422.44047864 26.85 151.664752  66.193320 15.428
 34    28.762 53422.44048315 22.08 151.642052  66.214910 15.428
 34    28.872 53422.44048380 21.67 151.638802  66.218000 15.428
 34    29.063 53422.44048444 21.92 151.635562  66.221080 15.428
 34    19.691 53422.44048896 27.84 151.612812  66.242669  5.446
 34    19.679 53422.44048960 26.92 151.609562  66.245749  5.446
 34    19.655 53422.44049025 25.78 151.606302  66.248839  5.446
 35    20.916 53457.44048304 23.12 151.653477  66.186275 12.234
 35    21.769 53457.44048369 22.94 151.650237  66.189355 12.234
 35    21.430 53457.44048433 22.77 151.646997  66.192445 12.234
 35    20.527 53457.44048627 21.46 151.637267  66.201695 12.234
 35    26.475 53457.44048691 19.67 151.634017  66.204775 12.234
 35    27.171 53457.44048756 19.71 151.630767  66.207865 12.234
 35    27.673 53457.44048820 19.22 151.627527  66.210945 12.234
 35    19.680 53457.44049529 23.97 151.591761  66.244858  5.207
 35    19.655 53457.44049594 23.26 151.588511  66.247948  5.207
 36    21.079 53492.44056854 21.59 151.651992  66.186893 16.692
 36    20.818 53492.44056918 21.41 151.648752  66.189983 16.692
 36    19.908 53492.44058079 16.04 151.590308  66.245493 11.300
 36    20.472 53492.44058143 15.06 151.587048  66.248573 11.300
 37    23.968 53527.44055437 47.44 151.635865  66.217420 19.810
 37    26.456 53527.44056082 11.06 151.603362  66.248251 21.857
 38    26.440 53562.44057777 14.87 151.659489  66.189278 10.749
 38    25.126 53562.44057841 16.41 151.656249  66.192358 10.749
 38    29.690 53562.44058228 17.97 151.636799  66.210868 10.749
 38    24.463 53562.44058292 24.01 151.633549  66.213948 10.749
 38    30.808 53562.44058357 17.64 151.630309  66.217038 10.749
 38    32.060 53562.44058937 15.33 151.601064  66.244790 21.945
 38    32.863 53562.44059001 14.81 151.597814  66.247870 21.945
 39    32.269 53597.44052814 18.82 151.618657  66.242181 13.345
 39    32.448 53597.44052878 18.13 151.615407  66.245261 13.345
 39    33.179 53597.44052943 19.31 151.612157  66.248341 13.345
 40    43.156 53632.44051345 14.22 151.639496  66.190260  6.179
 40    42.480 53632.44051409 16.96 151.636246  66.193340  6.179
 40    38.579 53632.44051474 12.96 151.633006  66.196420  6.179
 40    23.970 53632.44051538 33.72 151.629766  66.199510  6.179
 40    24.043 53632.44051603 40.20 151.626516  66.202590  6.179
 40    23.903 53632.44051667 44.01 151.623276  66.205680  6.179
 40    23.713 53632.44052441 34.79 151.584267  66.242674 29.844
 40    23.523 53632.44052505 40.61 151.581017  66.245764 29.844
 40    23.244 53632.44052570 44.65 151.577757  66.248844 29.844
 41    20.182 53667.44053479 34.73 151.656206  66.187422 14.918
 41    20.042 53667.44053543 44.45 151.652966  66.190502 14.918
 41    19.780 53667.44053865 31.20 151.636756  66.205922 14.918
 41    19.721 53667.44053930 35.59 151.633516  66.209012 14.918
 41    20.149 53667.44053994 33.31 151.630266  66.212092 14.918
 41    19.500 53667.44054059 32.24 151.627016  66.215182 14.918
 41    19.389 53667.44054639 35.47 151.597771  66.242931 13.815
 41    19.811 53667.44054703 39.43 151.594521  66.246011 13.815
 41    19.660 53667.44054768 34.47 151.591271  66.249101 13.815
 42    19.530 53702.44048088 33.04 151.670119  66.189837 10.378
 42    20.565 53702.44048152 31.79 151.666879  66.192917 10.378
 42    19.706 53702.44048603 26.12 151.644179  66.214507 10.378
 42    28.875 53702.44048668 27.43 151.640939  66.217597 10.378
 42    28.655 53702.44048732 27.01 151.637689  66.220677 10.378
 42    28.431 53702.44048797 26.63 151.634449  66.223767 10.378
 42    19.572 53702.44049184 29.96 151.614954  66.242265  8.124
 42    19.593 53702.44049248 29.48 151.611694  66.245355  8.124
 42    28.285 53702.44049312 27.66 151.608444  66.248435  8.124
 43    20.835 53737.44039057 28.26 151.684169  66.191345 14.278
 43    20.779 53737.44039122 28.95 151.680929  66.194425 14.278
 43    30.448 53737.44039637 23.96 151.654999  66.219105 14.278
 43    30.498 53737.44039702 23.63 151.651749  66.222185 14.278
 43    30.514 53737.44039766 23.49 151.648509  66.225275 14.278
 43    29.656 53737.44039831 25.98 151.645259  66.228355 14.278
 43    19.684 53737.44039895 30.07 151.642018  66.231439  6.829
 43    27.630 53737.44039960 27.17 151.638768  66.234529  6.829
 43    19.624 53737.44040024 29.40 151.635518  66.237609  6.829
 43    19.700 53737.44040089 28.76 151.632278  66.240689  6.829
 43    19.737 53737.44040153 29.08 151.629028  66.243779  6.829
 43    28.380 53737.44040217 23.58 151.625768  66.246859  6.829
 44    21.450 53772.44040073 23.68 151.662337  66.188582  9.315
 44    21.842 53772.44040137 24.55 151.659087  66.191672  9.315
 44    28.889 53772.44040524 22.14 151.639637  66.210172  9.315
 44    29.160 53772.44040588 21.85 151.636387  66.213262  9.315
 44    28.852 53772.44040653 21.82 151.633137  66.216342  9.315
 44    29.738 53772.44041233 24.07 151.603882  66.244095  5.999
 44    29.798 53772.44041298 24.26 151.600632  66.247185  5.999
 44    31.123 53772.44041362 20.96 151.597382  66.250265  5.999
 47    99.801 53877.44045815  3.80 151.658822  66.188367  2.869
 47   100.099 53877.44045879  3.64 151.655582  66.191447  2.869
 47    85.559 53877.44046266  2.21 151.636122  66.209957  2.869
 47    48.617 53877.44046395 12.76 151.629632  66.216127  2.869
 47    24.993 53877.44046975 40.52 151.600380  66.243874 23.886
 47    32.535 53877.44047040 22.97 151.597120  66.246964 23.886
 47    27.247 53877.44047104 31.14 151.593870  66.250044 23.886
 48    29.472 53912.44051287 39.56 151.636879  66.202656 11.622
 48    26.963 53912.44052125 39.28 151.594644  66.242742 23.750
 48    26.103 53912.44052190 44.17 151.591394  66.245832 23.750
 48    25.528 53912.44052254 43.64 151.588134  66.248912 23.750
 49    30.863 53947.44053691 18.51 151.596527  66.245091 23.582
 49    23.329 53947.44053755 22.64 151.593267  66.248171 23.582
 50   134.712 53982.44046752  4.68 151.669104  66.189712 16.603
 50    29.593 53982.44047268 11.55 151.643174  66.214392 16.603
 50    27.589 53982.44047332 20.31 151.639934  66.217472 16.603
 50    27.878 53982.44047397 21.58 151.636684  66.220552 16.603
 50    31.119 53982.44047848 20.36 151.613941  66.242141 17.391
 50    29.550 53982.44047912 20.19 151.610691  66.245231 17.391
 50    29.997 53982.44047977 19.93 151.607441  66.248311 17.391
 51    20.947 54017.44049452 44.78 151.651721  66.187404 24.476
 51    21.236 54017.44049774 47.57 151.635501  66.202824 24.476
 51    21.178 54017.44049839 50.15 151.632251  66.205904 24.476
 51    21.117 54017.44049903 49.69 151.629011  66.208994 24.476
 51    20.919 54017.44049968 47.40 151.625761  66.212074 24.476
 51    21.012 54017.44050612 47.79 151.593253  66.242916 28.342
 51    21.092 54017.44050677 51.00 151.590003  66.245996 28.342
 51    21.032 54017.44050741 50.87 151.586743  66.249076 28.342
 52    21.350 54052.44049018 38.53 151.666134  66.190287 17.237
 52    24.204 54052.44049082 35.32 151.662894  66.193367 17.237
 52    19.588 54052.44049469 23.91 151.643434  66.211877 17.237
 52    29.405 54052.44049533 22.78 151.640184  66.214957 17.237
 52    29.078 54052.44049598 22.20 151.636944  66.218047 17.237
 52    29.271 54052.44049662 20.59 151.633694  66.221127 17.237
 52    19.675 54052.44050114 37.79 151.610945  66.242719 10.687
 52    20.084 54052.44050178 36.72 151.607685  66.245799 10.687
 52    19.935 54052.44050243 28.96 151.604435  66.248879 10.687
 53    23.986 54087.44048183 19.24 151.668333  66.189341 11.689
 53    21.239 54087.44048247 24.60 151.665093  66.192421 11.689
 53    30.518 54087.44048699 18.60 151.642403  66.214021 11.689
 53    31.043 54087.44048763 18.79 151.639153  66.217101 11.689
 53    30.825 54087.44048827 17.54 151.635913  66.220181 11.689
 53    31.058 54087.44049343 16.70 151.609913  66.244857  3.294
 53    31.839 54087.44049408 16.19 151.606663  66.247937  3.294
 54    24.717 54122.44040576 14.10 151.682375  66.191673  7.991
 54    28.216 54122.44040641 14.08 151.679145  66.194753  7.991
 54    31.915 54122.44041156 16.44 151.653215  66.219433  7.991
 54    31.637 54122.44041221 15.14 151.649975  66.222523  7.991
 54    32.075 54122.44041285 14.65 151.646725  66.225603  7.991
 54    31.592 54122.44041350 14.89 151.643485  66.228683  7.991
 54    31.218 54122.44041414 15.15 151.640235  66.231773  7.991
 54    29.401 54122.44041479 14.91 151.636995  66.234853  7.991
 54    30.036 54122.44041543 14.53 151.633742  66.237937  2.752
 54    30.340 54122.44041608 14.65 151.630492  66.241027  2.752
 54    31.671 54122.44041672 13.71 151.627242  66.244107  2.752
 54    32.865 54122.44041737 13.77 151.623992  66.247197  2.752
 55    25.562 54157.44044392 14.28 151.659915  66.189476  7.023
 55    26.416 54157.44044456 14.89 151.656675  66.192566  7.023
 55    31.235 54157.44044843 14.13 151.637225  66.211066  7.023
 55    31.078 54157.44044908 14.81 151.633975  66.214156  7.023
 55    30.284 54157.44044972 15.25 151.630735  66.217236  7.023
 55    30.594 54157.44045552 15.04 151.601479  66.244991  2.662
 55    30.750 54157.44045617 14.14 151.598229  66.248081  2.662
 56    22.924 54192.44040472 13.79 151.678309  66.189245  7.683
 56    25.432 54192.44040537 13.93 151.675069  66.192335  7.683
 57    25.620 54227.44045536  3.42 151.659999  66.187134  9.551
 57    25.714 54227.44045601  3.72 151.656759  66.190214  9.551
 57    25.091 54227.44045665  4.63 151.653519  66.193294  9.551
 57    28.735 54227.44045987  3.62 151.637309  66.208720 10.285
 57    31.122 54227.44046052  2.73 151.634059  66.211810 10.285
 57    30.772 54227.44046116  2.31 151.630819  66.214890 10.285
 57    21.029 54227.44046761  9.96 151.598319  66.245730 10.285
 57    22.087 54227.44046826 11.57 151.595059  66.248810 10.285
 58    32.045 54262.44047923 33.77 151.637458  66.209934 28.700
 58    37.102 54262.44047987 28.76 151.634208  66.213014 28.700
 58    35.036 54262.44048052 39.26 151.630968  66.216104 28.700
 58    28.994 54262.44048632 40.53 151.601718  66.243854 28.700
 58    32.046 54262.44048696 39.03 151.598468  66.246944 28.700
 58    27.814 54262.44048761 43.97 151.595208  66.250024 28.700
 59    26.453 54297.44047920 45.07 151.665473  66.187937  9.673
 59    24.975 54297.44047984 50.86 151.662233  66.191017  9.673
 60    26.842 54332.44047492 40.47 151.642979  66.214341 20.016
 60    28.542 54332.44047556 42.07 151.639729  66.217431 20.016
 60    28.538 54332.44047621 42.30 151.636489  66.220511 20.016
 60    28.380 54332.44048072 41.09 151.613739  66.242101 20.016
 60    31.279 54332.44048137 44.39 151.610489  66.245181 20.016
 60    30.857 54332.44048201 43.02 151.607239  66.248271 20.016
 61    84.138 54367.44041076 10.08 151.676126  66.189593  6.093
 61    32.178 54367.44041656 22.23 151.646950  66.217355 25.039
 61    32.647 54367.44041720 25.75 151.643710  66.220445 25.039
 61    30.914 54367.44041785 35.82 151.640460  66.223525 25.039
 61    31.481 54367.44041849 37.79 151.637220  66.226615 25.039
 61    33.412 54367.44042172 15.44 151.620980  66.242035 25.039
 61    32.131 54367.44042236 18.13 151.617730  66.245115 25.039
 61    27.542 54367.44042300 35.70 151.614470  66.248195 25.039
 62    21.889 54402.44041268 18.53 151.664098  66.189465  8.464
 62    19.553 54402.44041333 24.55 151.660868  66.192545  8.464
 62    22.479 54402.44041719 29.83 151.641403  66.211052 13.145
 62    22.592 54402.44041784 32.22 151.638163  66.214142 13.145
 62    21.741 54402.44041848 34.06 151.634913  66.217222 13.145
 63    21.868 54437.44036959 20.63 151.670974  66.189320  7.728
 63    24.111 54437.44037024 19.80 151.667744  66.192400  7.728
 63    29.723 54437.44037540 18.91 151.641803  66.217082  5.222
 63    29.452 54437.44037604 18.95 151.638563  66.220162  5.222
 63    29.474 54437.44037668 18.96 151.635313  66.223242  5.222
 63    30.060 54437.44038055 18.45 151.615823  66.241752  5.222
 63    29.949 54437.44038120 19.65 151.612573  66.244832  5.222
 63    30.178 54437.44038184 19.04 151.609323  66.247922  5.222
 64    23.406 54472.44039781 15.59 151.658232  66.188154  7.408
 64    23.005 54472.44039845 16.69 151.654992  66.191244  7.408
 64    27.352 54472.44040168 14.28 151.638778  66.206668  5.166
 64    28.732 54472.44040232 14.14 151.635528  66.209748  5.166
 64    29.031 54472.44040297 13.25 151.632288  66.212838  5.166
 64    29.049 54472.44040361 13.15 151.629038  66.215918  5.166
 64    31.225 54472.44040941 14.06 151.599788  66.243668  5.166
 64    30.572 54472.44041006 13.22 151.596528  66.246748  5.166
 64    30.384 54472.44041070 13.56 151.593278  66.249838  5.166
 65    24.631 54507.44038113 17.25 151.674076  66.190560  9.518
 65    25.862 54507.44038177 17.22 151.670836  66.193640  9.518
 65    31.138 54507.44038628 13.33 151.648146  66.215230  9.518
 65    30.985 54507.44038693 13.73 151.644906  66.218320  9.518
 65    30.810 54507.44038757 13.51 151.641656  66.221400  9.518
 65    30.964 54507.44038822 13.61 151.638411  66.224483  3.602
 65    30.224 54507.44038886 12.56 151.635171  66.227573  3.602
 65    30.022 54507.44039209 13.03 151.618921  66.242993  3.602
 65    29.726 54507.44039273 12.65 151.615671  66.246073  3.602
 65    29.758 54507.44039338 12.36 151.612421  66.249153  3.602
 66    23.948 54542.44041223 17.49 151.664591  66.188229  9.314
 66    22.865 54542.44041288 18.94 151.661351  66.191319  9.314
 66    29.815 54542.44041674 13.31 151.641901  66.209819  9.314
 66    30.408 54542.44041739 13.26 151.638651  66.212909  9.314
 66    29.897 54542.44041803 14.30 151.635411  66.215989  9.314
 66    29.726 54542.44041868 13.64 151.632161  66.219069  9.314
 66    30.249 54542.44042384 15.04 151.606162  66.243740  3.435
 66    30.304 54542.44042448 13.74 151.602912  66.246830  3.435
 66    30.716 54542.44042512 13.41 151.599662  66.249910  3.435
 67    24.839 54577.44038333 12.05 151.675645  66.190028  7.204
 67    24.522 54577.44038397 12.73 151.672405  66.193118  7.204
 67    31.522 54577.44038913 12.62 151.646475  66.217788  7.204
 67    32.025 54577.44038978 12.26 151.643225  66.220878  7.204
 67    30.988 54577.44039042 12.72 151.639985  66.223958  7.204
 67    30.920 54577.44039107 12.86 151.636739  66.227043  3.398
 67    30.590 54577.44039364 11.46 151.623739  66.239383  3.398
 67    29.929 54577.44039429 11.83 151.620489  66.242463  3.398
 67    29.700 54577.44039493 11.56 151.617239  66.245553  3.398
 67    29.697 54577.44039558 10.97 151.613989  66.248633  3.398
 68   126.416 54612.44040341  5.04 151.664099  66.188635  8.089
 68    90.338 54612.44040405  6.22 151.660859  66.191715  8.089
 68   120.432 54612.44040792  4.89 151.641409  66.210225  8.089
 68    33.034 54612.44041501 21.34 151.605665  66.244146 15.183
 68    34.485 54612.44041566 21.25 151.602415  66.247226 15.183
 68    35.268 54612.44041630 23.47 151.599165  66.250316 15.183
 69    24.266 54647.44041055 32.07 151.661119  66.189278 10.288
 69    24.094 54647.44041119 19.64 151.657879  66.192358 10.288
 69    22.220 54647.44042215 50.82 151.602691  66.244786 29.463
 69    22.149 54647.44042279 46.20 151.599431  66.247876 29.463
 70    21.870 54682.44041135 17.77 151.664716  66.190322  6.582
 70    31.186 54682.44041200 15.25 151.661476  66.193402  6.582
 70    31.522 54682.44041587 14.71 151.642026  66.211912  6.582
 70    30.731 54682.44041651 16.08 151.638776  66.214992  6.582
 70    30.965 54682.44041716 16.49 151.635536  66.218082  6.582
 70    30.913 54682.44042231 19.51 151.609545  66.242753 20.426
 70    30.763 54682.44042296 17.48 151.606285  66.245833 20.426
 70    31.254 54682.44042360 19.32 151.603035  66.248913 20.426
 71    24.992 54717.44036477 32.15 151.647482  66.217426 14.765
 71    23.850 54717.44036541 43.56 151.644232  66.220516 14.765
 71    22.362 54717.44036606 48.57 151.640992  66.223596 14.765
 71    25.288 54717.44036670 43.46 151.637742  66.226686 14.765
 71    22.115 54717.44036735 39.39 151.634492  66.229766 14.765
 71    25.565 54717.44036928 44.92 151.624747  66.239018 25.438
 71    25.594 54717.44036993 42.13 151.621497  66.242108 25.438
 71    25.276 54717.44037057 43.34 151.618247  66.245188 25.438
 71    24.936 54717.44037122 44.10 151.614997  66.248268 25.438
 72    20.826 54752.44038354 48.97 151.656138  66.189423 25.194
 72    20.798 54752.44038419 53.34 151.652898  66.192513 25.194
 72    20.923 54752.44038741 44.18 151.636678  66.207933 25.194
 72    20.948 54752.44038806 45.70 151.633438  66.211013 25.194
 72    20.987 54752.44038870 48.08 151.630188  66.214093 25.194
 72    20.882 54752.44039515 45.15 151.597690  66.244930 20.627
 72    21.030 54752.44039579 49.46 151.594440  66.248020 20.627
 73    19.427 54787.44035418 30.94 151.645986  66.213363 10.910
 73    19.682 54787.44035482 32.23 151.642746  66.216453 10.910
 73    19.734 54787.44035547 35.11 151.639496  66.219533 10.910
 73    19.981 54787.44035611 31.37 151.636246  66.222623 10.910
 73    19.342 54787.44036062 39.30 151.613510  66.244212 15.974
 73    19.617 54787.44036127 34.90 151.610260  66.247292 15.974
 73    19.135 54787.44036191 31.86 151.607000  66.250372 15.974
 74    21.994 54822.44037745 22.75 151.657791  66.187203  7.599
 74    19.596 54822.44037809 25.34 151.654551  66.190293  7.599
 74    20.936 54822.44037873 24.68 151.651311  66.193373  7.599
 74    26.650 54822.44038131 24.16 151.638341  66.205713  7.599
 74    27.950 54822.44038196 22.35 151.635091  66.208793  7.599
 74    27.992 54822.44038260 22.02 151.631841  66.211883  7.599
 74    28.084 54822.44038325 22.67 151.628601  66.214963  7.599
 74    30.293 54822.44038969 22.95 151.596098  66.245801  5.266
 74    30.747 54822.44039034 23.41 151.592838  66.248881  5.266
 75    22.098 54857.44034556 20.82 151.670009  66.191057  9.072
 75    29.968 54857.44035072 20.28 151.644079  66.215737  9.072
 75    29.733 54857.44035136 19.91 151.640829  66.218817  9.072
 75    29.564 54857.44035201 20.16 151.637579  66.221907  9.072
 75    19.615 54857.44035652 27.94 151.614844  66.243489  4.889
 75    28.822 54857.44035716 25.13 151.611594  66.246579  4.889
 75    29.695 54857.44035781 22.15 151.608334  66.249659  4.889
 76    23.774 54892.44038049 17.80 151.662911  66.189844  9.101
 76    24.786 54892.44038113 18.65 151.659671  66.192934  9.101
 76    29.643 54892.44038500 17.22 151.640221  66.211434  9.101
 76    29.880 54892.44038564 17.85 151.636971  66.214524  9.101
 76    29.790 54892.44038629 19.28 151.633731  66.217604  9.101
 76    29.654 54892.44039209 22.12 151.604486  66.245354  5.056
 76    29.943 54892.44039274 21.19 151.601236  66.248444  5.056
 77    23.816 54927.44034361 16.40 151.673853  66.191135  9.560
 77    24.038 54927.44034425 16.49 151.670613  66.194225  9.560
 77    31.036 54927.44034877 15.60 151.647923  66.215815  9.560
 77    31.194 54927.44034941 15.89 151.644683  66.218895  9.560
 77    30.793 54927.44035006 15.47 151.641433  66.221985  9.560
 77    30.500 54927.44035070 15.59 151.638193  66.225065  9.560
 77    24.460 54927.44035392 21.06 151.621956  66.240488  5.295
 77    19.372 54927.44035457 22.29 151.618696  66.243568  5.295
 77    19.222 54927.44035521 23.04 151.615446  66.246658  5.295
 77    28.501 54927.44035586 19.91 151.612196  66.249738  5.295
 78    26.287 54962.44037985 27.27 151.658057  66.188869 17.938
 78    24.971 54962.44038049 25.87 151.654817  66.191959 17.938
 78    23.396 54962.44038371 27.43 151.638607  66.207379 17.938
 78    25.466 54962.44038436 23.60 151.635357  66.210459 17.938
 78    23.699 54962.44038500 28.12 151.632117  66.213549 17.938
 78    21.701 54962.44039145 30.52 151.599615  66.244380 15.842
 78    21.617 54962.44039210 30.65 151.596365  66.247470 15.842
 79    26.275 54997.44040080 34.40 151.659431  66.189870 13.969
 79    26.702 54997.44040145 30.69 151.656191  66.192960 13.969
 79    26.741 54997.44040467 24.33 151.639981  66.208380 13.969
 79    26.502 54997.44040532 24.16 151.636731  66.211460 13.969
 79    26.468 54997.44040596 23.41 151.633491  66.214550 13.969
 79    27.121 54997.44040660 28.88 151.630241  66.217630 13.969
 79    26.546 54997.44041241 45.42 151.600997  66.245382 28.461
 79    25.891 54997.44041305 45.90 151.597747  66.248472 28.461
 80    23.713 55032.44038974 15.97 151.664682  66.187400  8.224
 80    23.706 55032.44039038 14.29 151.661442  66.190480  8.224
 80    27.770 55032.44039103 12.53 151.658202  66.193570  8.224
 80    30.376 55032.44040134 18.55 151.606259  66.242910 18.951
 80    30.121 55032.44040198 20.21 151.603009  66.245990 18.951
 80    21.867 55032.44040263 28.13 151.599759  66.249080 18.951
 81    23.284 55067.44037870 41.58 151.669666  66.189157 13.637
 81    22.148 55067.44037934 46.19 151.666426  66.192247 13.637
 82    23.647 55102.44032385 42.81 151.647279  66.217425 19.784
 82    22.538 55102.44032450 46.49 151.644029  66.220515 19.784
 82    23.381 55102.44032514 45.83 151.640789  66.223595 19.784
 82    23.988 55102.44032579 45.01 151.637539  66.226685 19.784
 83    18.947 55137.44032493 31.62 151.660772  66.187515 18.593
 83    19.054 55137.44032557 37.16 151.657532  66.190595 18.593
 83    18.957 55137.44032944 32.26 151.638072  66.209105 18.593
 83    19.004 55137.44033008 30.71 151.634832  66.212185 18.593
 83    19.024 55137.44033073 31.86 151.631582  66.215275 18.593
 83    18.799 55137.44033653 35.69 151.602335  66.243021 13.619
 83    18.858 55137.44033718 39.73 151.599085  66.246101 13.619
 83    18.804 55137.44033782 35.74 151.595835  66.249191 13.619
 84    21.702 55172.44028657 22.83 151.672712  66.189525 11.143
 84    21.629 55172.44028721 20.60 151.669472  66.192615 11.143
 84    30.760 55172.44029172 17.22 151.646782  66.214205 11.143
 84    30.672 55172.44029237 16.84 151.643532  66.217285 11.143
 84    30.238 55172.44029301 17.28 151.640292  66.220375 11.143
 84    29.014 55172.44029366 17.69 151.637042  66.223455 11.143
 84    25.313 55172.44029753 22.00 151.617550  66.241957  5.295
 84    19.736 55172.44029817 23.47 151.614300  66.245047  5.295
 84    19.774 55172.44029881 22.62 151.611050  66.248127  5.295
 85    22.893 55207.44031963 17.48 151.656628  66.189350  7.560
 85    23.995 55207.44032027 17.44 151.653388  66.192440  7.560
 85    29.268 55207.44032349 15.40 151.637168  66.207860  7.560
 85    30.774 55207.44032414 15.84 151.633928  66.210940  7.560
 85    28.320 55207.44032478 17.67 151.630678  66.214030  7.560
 85    19.624 55207.44033123 22.95 151.598180  66.244858  5.245
 85    19.564 55207.44033187 22.42 151.594930  66.247948  5.245
 86    22.728 55242.44029121 18.08 151.675009  66.189453  6.781
 86    22.586 55242.44029185 18.88 151.671769  66.192533  6.781
 86    33.586 55242.44029701 15.57 151.645839  66.217213  6.781
 86    32.385 55242.44029765 15.61 151.642589  66.220293  6.781
 86    32.073 55242.44029830 16.77 151.639349  66.223383  6.781
 86    32.603 55242.44029894 15.56 151.636099  66.226463  6.781
 86    30.267 55242.44030217 17.21 151.619863  66.241885  6.880
 86    30.397 55242.44030281 17.64 151.616613  66.244965  6.880
 86    29.989 55242.44030346 17.69 151.613363  66.248055  6.880
 87    24.050 55277.44031334 16.31 151.665311  66.189771  9.256
 87    23.052 55277.44031398 18.10 151.662071  66.192861  9.256
 87    30.372 55277.44031785 15.01 151.642621  66.211361  9.256
 87    30.148 55277.44031850 16.21 151.639371  66.214451  9.256
 87    29.950 55277.44031914 16.54 151.636131  66.217531  9.256
 87    29.544 55277.44032494 18.47 151.606889  66.245282  4.262
 87    29.685 55277.44032559 17.60 151.603639  66.248372  4.262
 89    28.158 55347.44028324 40.29 151.665937  66.188826 17.554
 89    28.930 55347.44028389 37.73 151.662697  66.191916 17.554
 89    28.603 55347.44028840 37.99 151.639997  66.213506 17.554
 89    28.670 55347.44028904 36.85 151.636757  66.216586 17.554
 89    28.758 55347.44028969 37.61 151.633513  66.219669 23.660
 89    26.865 55347.44029549 46.18 151.604263  66.247429 23.660
 90    25.712 55382.44027432 29.60 151.667507  66.189142 12.817
 90    26.073 55382.44027497 31.36 151.664267  66.192222 12.817
 90    30.467 55382.44028593 17.91 151.609086  66.244653 13.452
 90    30.863 55382.44028657 16.64 151.605836  66.247733 13.452
 91    21.114 55417.44030256 48.12 151.657281  66.188554 23.738
 91    21.574 55417.44030320 53.95 151.654041  66.191644 23.738
 91    21.029 55417.44030643 48.86 151.637831  66.207064 23.738
 91    21.557 55417.44030707 49.66 151.634581  66.210144 23.738
 91    21.003 55417.44030772 53.18 151.631331  66.213234 23.738
 91    21.110 55417.44031416 50.08 151.598835  66.244063 33.297
 91    21.226 55417.44031481 51.94 151.595585  66.247153 33.297
 92    29.777 55452.44028388 12.61 151.672553  66.188506 10.606
 92    31.002 55452.44028452 13.17 151.669313  66.191586 10.606
 92    32.751 55452.44028968 13.41 151.643373  66.216266 10.606
 92    32.190 55452.44029033 12.85 151.640133  66.219346 10.606
 92    33.078 55452.44029097 13.65 151.636883  66.222436 10.606
 92    32.596 55452.44029548 14.04 151.614144  66.244018 15.398
 92    33.022 55452.44029613 13.92 151.610894  66.247108 15.398
 92    33.475 55452.44029677 15.09 151.607634  66.250188 15.398
 93    21.586 55487.44020624 46.07 151.678755  66.190866 16.951
 93    20.784 55487.44020689 51.27 151.675515  66.193956 16.951
 93    20.866 55487.44021269 46.10 151.646335  66.221716 16.951
 93    23.065 55487.44021333 50.18 151.643095  66.224796 16.951
 93    21.705 55487.44021398 45.70 151.639845  66.227886 16.951
 93    20.726 55487.44021462 49.65 151.636605  66.230966 16.951
 93    20.678 55487.44021527 45.72 151.633355  66.234048 30.289
 93    20.673 55487.44021591 49.73 151.630105  66.237138 30.289
 93    20.704 55487.44021656 51.00 151.626855  66.240218 30.289
 93    20.757 55487.44021720 52.58 151.623605  66.243308 30.289
 93    20.644 55487.44021785 46.86 151.620355  66.246388 30.289
 93    20.655 55487.44021849 36.25 151.617105  66.249468 30.289
