-121055.900   245.543     0.00   19.64
-120690.662   234.243   -30.94   26.09
-120325.347   216.581   -48.34   25.09
-119959.955   198.088   -50.61   22.43
-119594.486   184.859   -36.20   18.15
-119228.939   171.684   -36.04   17.61
-118863.315   161.248   -28.54   17.87
-118497.613   151.931   -25.47   16.78
-118131.833   146.391   -15.14   18.06
-117765.976   142.169   -11.54   20.31
-117400.042   139.697    -6.76   19.88
-117034.030   137.538    -5.90   18.31
-116667.940   138.250     1.94   20.81
-116301.772   136.268    -5.41   23.70
-115935.526   139.879     9.86   25.68
-115569.203   142.028     5.87   25.64
-115202.801   141.191    -2.28   24.40
-114836.322   138.612    -7.04   25.47
-114469.765   133.420   -14.16   25.36
-114103.129   136.942     9.61   25.99
-113736.416   148.482    31.47   31.16
-113369.624   168.684    55.07   32.51
-113002.754   179.136    28.49   26.49
-112635.805   175.495    -9.92   30.31
-112268.779   157.832   -48.12   34.69
-111901.674   135.022   -62.13   31.14
-111534.491   112.172   -62.23   24.82
-111167.229    97.040   -41.20   19.97
-110799.888    86.401   -28.96   16.82
-110432.469    80.846   -15.12   15.23
-110064.972    75.019   -15.85   12.94
-109697.396    70.921   -11.15   10.74
-109329.741    69.259    -4.52    9.18
-108962.007    68.381    -2.39    8.45
-108594.194    69.136     2.05    9.32
-108226.303    68.728    -1.11    9.81
-107858.332    67.289    -3.91   10.10
-107490.283    61.742   -15.07   10.65
-107122.155    58.646    -8.41    9.47
-106753.947    56.524    -5.76    8.17
-106385.661    56.422    -0.28    8.74
-106017.295    55.968    -1.23    9.57
-105648.850    53.432    -6.88   10.00
-105280.326    50.004    -9.30    9.57
-104911.722    46.947    -8.29    7.17
-104543.039    44.108    -7.70    4.72
-104174.277    42.892    -3.30    4.04
-103805.435    41.789    -2.99    3.21
-103436.514    40.669    -3.04    3.15
-103067.513    39.200    -3.98    3.03
-102698.432    38.017    -3.20    2.93
-102329.272    36.452    -4.24    1.54
-101960.032    35.686    -2.07    0.71
-101590.712    35.493    -0.52    0.81
-101221.313    35.432    -0.16    0.92
-100851.833    35.432    -0.00    0.99
-100482.274    35.391    -0.11    0.99
-100112.634    35.483     0.25    0.99
 -99742.915    35.492     0.02    0.99
 -99373.115    35.474    -0.05    0.99
 -99003.235    35.302    -0.46    0.96
 -98633.275    35.126    -0.48    0.89
 -98263.235    34.927    -0.54    0.80
 -97893.115    34.715    -0.57    0.79
 -97522.914    34.452    -0.71    0.89
 -97152.633    34.105    -0.94    0.83
 -96782.271    33.671    -1.17    0.51
 -96411.829    33.513    -0.43    0.32
 -96041.306    33.999     1.31    1.20
 -95670.703    34.493     1.33    1.50
 -95300.019    35.027     1.44    1.53
 -94929.254    35.593     1.53    1.48
 -94558.409    35.867     0.74    1.40
 -94187.482    36.054     0.50    1.36
 -93816.475    36.202     0.40    1.57
 -93445.387    36.822     1.67    2.19
 -93074.218    37.371     1.48    3.13
 -92702.968    39.648     6.13    5.46
 -92331.637    46.136    17.47   13.57
 -91960.224    62.052    42.85   26.38
 -91588.731    83.881    58.76   29.52
 -91217.156   103.899    53.87   23.88
 -90845.500   119.542    42.09   15.30
 -90473.763   128.793    24.88   11.64
 -90101.944   132.432     9.79   10.13
 -89730.044   133.150     1.93   10.39
 -89358.062   130.321    -7.61   11.07
 -88985.998   127.452    -7.71   10.84
 -88613.854   122.626   -12.97   10.57
 -88241.627   115.472   -19.22   13.75
 -87869.319   104.483   -29.51   19.04
 -87496.929    98.762   -15.36   17.37
 -87124.457    99.463     1.88   16.25
 -86751.903   106.502    18.89   15.92
 -86379.267   112.278    15.50   10.93
 -86006.550   108.782    -9.38   14.18
 -85633.750   105.168    -9.69   15.27
 -85260.868   102.614    -6.85   16.82
 -84887.904   107.513    13.14   17.00
 -84514.858   112.593    13.62   14.79
 -84141.730   116.248     9.79   14.45
 -83768.519   125.593    25.04   17.29
 -83395.226   137.992    33.21   20.17
 -83021.851   154.819    45.07   20.62
 -82648.393   164.210    25.14   16.11
 -82274.852   162.878    -3.57   18.38
 -81901.229   148.662   -38.05   24.84
 -81527.524   131.608   -45.63   23.80
 -81153.736   119.062   -33.56   16.57
 -80779.865   114.947   -11.01   15.63
 -80405.911   112.842    -5.63   18.77
 -80031.874   109.122    -9.94   19.41
 -79657.754   106.563    -6.84   16.30
 -79283.552   107.856     3.45   15.20
 -78909.266   113.222    14.34   14.35
 -78534.898   113.258     0.10   15.14
 -78160.446   107.442   -15.53   15.56
 -77785.911   103.222   -11.27   11.99
 -77411.293   105.564     6.25   11.71
 -77036.592   113.583    21.40   11.82
 -76661.807   118.692    13.63   11.83
 -76286.939   115.393    -8.80   18.56
 -75911.987   104.925   -27.92   26.45
 -75536.952    91.403   -36.06   24.12
 -75161.834    82.335   -24.17   14.87
 -74786.632    86.957    12.32   16.99
 -74411.346    99.629    33.76   21.36
 -74035.976   116.947    46.13   20.58
 -73660.523   130.993    37.41   17.20
 -73284.986   140.668    25.76   11.78
 -72909.364   142.250     4.21   13.53
 -72533.659   138.866    -9.01   16.05
 -72157.870   136.802    -5.49   16.13
 -71781.997   140.242     9.15   17.61
 -71406.040   144.680    11.80   18.13
 -71029.999   143.710    -2.58   20.35
 -70653.873   139.422   -11.40   20.88
 -70277.663   130.799   -22.92   20.13
 -69901.369   130.252    -1.45   18.52
 -69524.991   136.166    15.71   21.19
 -69148.528   141.856    15.11   21.07
 -68771.980   144.648     7.41   18.00
 -68395.348   128.256   -43.52   30.42
 -68018.631   105.171   -61.28   30.04
 -67641.830    93.042   -32.19   21.24
 -67264.944    89.615    -9.09   16.95
 -66887.973    97.412    20.68   16.79
 -66510.917   108.700    29.93   11.50
 -66133.777   117.532    23.42   16.09
 -65756.551   126.452    23.65   19.86
 -65379.241   134.442    21.18   17.69
 -65001.845   129.840   -12.19   20.83
 -64624.365   113.149   -44.21   25.62
 -64246.799   101.152   -31.77   19.82
 -63869.147    97.684    -9.18   12.82
 -63491.411   105.361    20.32   14.96
 -63113.589   112.411    18.66   11.36
 -62735.682   110.582    -4.84   13.70
 -62357.690   107.462    -8.25   13.56
 -61979.611   108.195     1.94   13.05
 -61601.448   116.730    22.57   18.64
 -61223.198   129.102    32.71   17.70
 -60844.863   139.330    27.03   10.05
 -60466.442   142.442     8.22    5.92
 -60087.936   141.993    -1.19    4.13
 -59709.343   137.552   -11.73    6.59
 -59330.665   130.289   -19.18   10.94
 -58951.901   120.752   -25.18   13.55
 -58573.050   110.707   -26.51   12.14
 -58194.114   101.684   -23.81   13.32
 -57815.091    92.782   -23.49   13.77
 -57435.982    83.650   -24.09   13.67
 -57056.787    75.035   -22.72   11.37
 -56677.506    65.818   -24.30   10.75
 -56298.138    60.914   -12.93    8.37
 -55918.684    65.513    12.12   12.86
 -55539.143    74.814    24.51   15.37
 -55159.515    84.442    25.36   10.56
 -54779.802    90.526    16.02    4.95
 -54400.001    93.155     6.92    3.65
 -54020.114    93.732     1.52    3.26
 -53640.139    93.779     0.12    2.71
 -53260.078    93.077    -1.85    3.26
 -52879.931    91.927    -3.02    3.83
 -52499.696    89.914    -5.29    4.99
 -52119.374    86.542    -8.87    4.99
 -51738.965    84.075    -6.49    4.97
 -51358.469    81.937    -5.62    4.89
 -50977.885    79.962    -5.19    5.76
 -50597.215    77.541    -6.36    6.60
 -50216.457    73.058   -11.77    7.91
 -49835.612    64.619   -22.16   10.73
 -49454.679    56.936   -20.17   10.21
 -49073.659    54.295    -6.93   10.15
 -48692.551    57.267     7.80   13.88
 -48311.356    61.739    11.73   15.78
 -47930.073    67.009    13.82   14.74
 -47548.702    69.119     5.53   12.80
 -47171.603    68.697    -1.12    9.72
 -46806.760    67.632    -2.92    6.29
 -46441.839    66.809    -2.26    4.96
 -46076.838    65.634    -3.22    4.84
 -45711.758    66.274     1.75    4.75
 -45346.600    67.765     4.08    5.05
 -44981.362    68.832     2.92    7.02
 -44616.045    68.502    -0.90    9.06
 -44250.648    69.145     1.76   11.61
 -43885.173    69.572     1.17   11.56
 -43519.618    71.028     3.98    9.92
 -43153.984    72.868     5.03    6.96
 -42788.270    72.910     0.11    6.04
 -42422.477    72.050    -2.35    6.48
 -42056.605    71.796    -0.70    6.52
 -41690.652    69.806    -5.44    6.38
 -41324.621    66.056   -10.24    7.63
 -40958.509    59.463   -18.01    9.26
 -40592.318    53.481   -16.33    8.49
 -40226.047    50.379    -8.47    5.54
 -39859.696    51.412     2.82    6.37
 -39493.265    53.632     6.06    6.82
 -39126.754    54.452     2.24    6.14
 -38760.164    54.040    -1.12    5.30
 -38393.493    51.576    -6.72    6.03
 -38026.742    50.868    -1.93    6.51
 -37659.911    52.598     4.72    8.74
 -37293.000    58.570    16.28    9.77
 -36926.009    64.032    14.88    5.96
 -36558.937    65.614     4.31    5.81
 -36191.785    63.472    -5.83    8.08
 -35824.552    59.968    -9.54    8.23
 -35457.239    59.442    -1.43    8.00
 -35089.846    60.067     1.70    8.09
 -34722.372    62.066     5.44    8.03
 -34354.817    66.742    12.72    7.91
 -33987.182    72.702    16.21    6.97
 -33619.466    74.638     5.27    5.82
 -33251.669    75.004     0.99    6.22
 -32883.792    71.432    -9.71    7.41
 -32515.833    66.869   -12.40    7.08
 -32147.794    62.334   -12.32    9.10
 -31779.673    58.361   -10.79    8.30
 -31411.472    57.042    -3.58    6.86
 -31043.189    58.284     3.37    7.34
 -30674.826    62.891    12.51    7.18
 -30306.381    65.442     6.92    7.01
 -29937.854    66.300     2.33    6.96
 -29569.247    67.005     1.91    7.24
 -29200.558    67.503     1.35    5.91
 -28831.788    66.864    -1.73    5.57
 -28462.936    65.662    -3.26    7.10
 -28094.003    59.612   -16.40   10.10
 -27724.988    54.491   -13.88    9.53
 -27355.892    51.947    -6.89    8.20
 -26986.714    54.714     7.50    9.97
 -26617.454    61.707    18.94    8.19
 -26248.112    66.776    13.72    7.07
 -25878.689    70.872    11.09    8.08
 -25509.183    74.195     8.99    6.19
 -25139.596    75.246     2.85    6.03
 -24769.927    75.826     1.57    7.34
 -24400.176    77.227     3.79    7.61
 -24030.342    79.140     5.17    7.34
 -23660.426    77.729    -3.81    8.20
 -23290.429    74.112    -9.78    9.53
 -22920.348    71.462    -7.16    9.90
 -22550.186    67.442   -10.86    8.84
 -22179.941    62.752   -12.67    8.44
 -21809.614    61.246    -4.07    8.61
 -21439.204    60.052    -3.22    6.99
 -21068.712    60.015    -0.10    6.71
 -20698.137    59.898    -0.32    6.72
 -20327.479    57.103    -7.54    8.88
 -19956.739    52.605   -12.13   10.81
 -19585.916    46.769   -15.74   10.64
 -19215.010    42.642   -11.13    8.41
 -18844.022    39.848    -7.53    6.30
 -18472.950    40.822     2.62    6.15
 -18101.795    42.755     5.21    7.06
 -17730.558    42.393    -0.97    7.10
 -17359.237    42.289    -0.28    6.87
 -16987.833    41.707    -1.57    6.17
 -16616.346    42.686     2.64    5.71
 -16244.775    43.598     2.45    5.82
 -15873.122    44.672     2.89    6.02
 -15501.385    45.021     0.94    5.87
 -15129.564    46.224     3.24    6.36
 -14757.660    48.742     6.77    6.77
 -14385.673    52.217     9.34    7.75
 -14013.602    56.462    11.41    8.05
 -13641.447    57.917     3.91    7.38
 -13269.209    58.901     2.64    7.51
 -12896.886    59.285     1.03    7.39
 -12524.480    59.452     0.45    6.45
 -12151.990    60.050     1.61    5.66
 -11779.417    59.882    -0.45    6.22
 -11406.759    59.702    -0.48    6.66
 -11034.017    57.981    -4.62    8.05
 -10661.191    55.422    -6.86    9.49
 -10288.281    53.883    -4.13    9.25
  -9915.287    52.994    -2.39    7.78
  -9542.208    52.217    -2.08    5.00
  -9169.045    52.728     1.37    4.33
  -8795.798    54.654     5.16    5.29
  -8422.466    56.050     3.74    6.15
  -8049.050    55.011    -2.78    7.83
  -7675.549    52.749    -6.06    9.10
  -7301.964    48.596   -11.12    8.00
  -6928.294    46.452    -5.74    5.21
  -6554.539    45.362    -2.92    4.76
  -6180.700    45.658     0.79    4.95
  -5806.775    46.432     2.07    4.74
  -5432.766    45.306    -3.01    4.88
  -5058.672    43.003    -6.16    7.21
  -4684.493    39.132   -10.35    9.09
  -4310.229    34.126   -13.38    7.01
  -3935.879    26.374   -20.71   10.54
  -3561.445    19.402   -18.62   12.15
  -3186.925    12.238   -19.13    9.57
  -2812.320     7.313   -13.15    2.69
  -2437.630     6.668    -1.72    1.17
  -2062.854     6.789     0.32    1.18
  -1687.993     6.981     0.51    1.35
  -1313.046     5.295    -4.50    3.95
   -938.014     2.634    -7.10    4.97
   -562.896     0.031    -6.94    4.30
   -187.692    -1.007    -2.77    3.69
    187.598     1.947     7.87    6.35
    562.973     4.724     7.40    6.19
    938.434     6.860     5.69    4.58
   1313.981     7.745     2.36    2.84
   1689.614     6.763    -2.61    1.20
   2065.333     6.789     0.07    1.13
   2441.138     7.112     0.86    1.13
   2817.029     7.266     0.41    1.05
   3193.007     7.561     0.79    0.93
   3569.071     7.638     0.21    0.88
   3945.221     7.374    -0.70    1.05
   4321.457     7.119    -0.68    1.15
   4697.780     6.672    -1.19    1.09
   5074.190     6.481    -0.51    1.13
   5450.686     6.411    -0.19    1.25
   5827.269     6.625     0.57    1.30
   6203.938     6.932     0.81    1.25
   6580.694     6.937     0.01    1.31
   6957.537     6.891    -0.12    1.24
   7334.467     7.135     0.65    1.22
   7711.483     7.085    -0.13    1.24
   8088.587     6.908    -0.47    1.23
   8465.778     6.749    -0.42    1.20
   8843.056     6.656    -0.25    1.23
   9220.421     6.697     0.11    1.19
   9597.873     7.054     0.95    1.18
   9975.412     7.276     0.59    1.35
  10353.039     7.462     0.49    1.34
  10730.754     7.209    -0.67    1.19
  11108.555     7.035    -0.46    1.18
  11486.445     7.180     0.39    1.14
  11864.421     7.175    -0.01    1.11
  12242.486     6.923    -0.67    1.11
  12620.638     7.163     0.64    1.28
  12998.878     7.326     0.43    1.63
  13377.205     7.564     0.63    1.99
  13755.621     7.899     0.88    2.46
  14134.125     8.421     1.38    2.88
  14512.716    11.015     6.85    5.93
  14891.396    15.157    10.94    9.33
  15270.163    21.122    15.75   10.21
  15649.019    24.658     9.33    8.96
  16027.964    24.125    -1.41    9.53
  16406.996    19.962   -10.98   10.16
  16786.117    15.870   -10.79    8.08
  17165.326    12.947    -7.71    5.08
  17544.624    12.238    -1.87    4.67
  17924.010    12.678     1.16    5.58
  18303.485    13.138     1.21    6.37
  18683.048    14.541     3.70    9.11
  19062.701    15.394     2.25   11.16
  19442.442    13.995    -3.69   10.82
  19822.272    12.825    -3.08    9.36
  20202.191    12.083    -1.95    7.64
  20582.198    13.776     4.45    7.98
  20962.295    17.815    10.63   10.00
  21342.481    23.333    14.52   11.12
  21722.756    28.705    14.12    9.74
  22103.121    34.384    14.93    6.59
  22483.574    37.271     7.59    4.76
  22864.117    39.828     6.72    3.19
  23244.750    39.889     0.16    3.63
  23625.472    39.593    -0.78    4.62
  24006.283    39.866     0.71    4.77
  24387.184    41.332     3.85    6.70
  24768.175    44.789     9.07    8.13
  25149.255    47.048     5.93    6.30
  25530.425    46.481    -1.49    6.28
  25911.685    43.962    -6.61    5.54
  26293.035    42.529    -3.76    4.65
  26674.475    42.910     1.00    4.02
  27056.005    46.025     8.16    7.29
  27437.625    50.707    12.27   10.14
  27804.195    55.277    12.47    8.79
  28168.876    57.734     6.74    6.27
  28533.637    57.393    -0.93    5.80
  28898.479    54.986    -6.60    5.86
  29263.402    52.034    -8.09    8.38
  29628.406    47.386   -12.73   10.64
  29993.491    40.812   -18.01   10.89
  30358.657    31.356   -25.90   10.50
  30723.904    27.757    -9.85    9.79
  31089.232    27.714    -0.12   10.05
  31454.641    28.700     2.70   10.09
  31820.132    30.525     4.99    8.90
  32185.703    31.893     3.74    7.72
  32551.356    32.825     2.55    7.68
  32917.091    34.899     5.67    6.48
  33282.907    37.071     5.94    5.49
  33648.804    39.088     5.51    4.54
  34014.783    40.598     4.12    4.36
  34380.843    42.343     4.77    4.25
  34746.985    43.005     1.81    4.95
  35113.209    40.452    -6.97    8.08
  35479.515    36.882    -9.75   10.07
  35845.902    33.885    -8.18   10.14
  36212.371    32.615    -3.46    9.65
  36578.923    35.957     9.12   11.48
  36945.556    38.860     7.92   12.35
  37312.271    42.952    11.16   14.17
  37679.068    45.019     5.64   15.58
  38045.948    45.677     1.79   15.70
  38412.909    42.905    -7.55   11.74
  38779.953    40.473    -6.63    7.79
  39147.079    37.566    -7.92    4.11
  39514.288    37.805     0.65    4.28
  39881.579    39.491     4.59    5.77
  40248.952    41.122     4.44    6.71
  40616.408    43.279     5.87    6.44
  40983.947    43.995     1.95    5.25
  41351.568    44.442     1.22    3.51
  41719.272    44.238    -0.55    3.23
  42087.059    44.472     0.63    3.07
  42454.928    45.850     3.75    4.28
  42822.880    48.216     6.43    7.65
  43190.915    50.728     6.82    9.43
  43559.034    51.529     2.18    8.91
  43927.235    51.670     0.38    8.37
  44295.519    50.048    -4.40    7.24
  44663.886    48.899    -3.12    7.45
  45032.337    49.032     0.36    9.00
  45400.871    47.404    -4.42    8.94
  45769.488    44.717    -7.29    7.34
  46138.189    42.721    -5.41    5.29
  46506.973    40.898    -4.95    4.38
  46875.840    40.529    -1.00    4.30
  47244.791    42.747     6.01    5.95
  47613.825    44.077     3.60    5.88
  47982.943    43.558    -1.41    6.49
  48352.145    41.122    -6.60    6.84
  48721.431    36.537   -12.42    6.98
  49090.800    32.056   -12.13    6.46
  49460.254    29.914    -5.80    6.94
  49829.791    29.269    -1.74    7.18
  50199.412    31.141     5.06    8.32
  50569.117    32.833     4.58    8.64
  50938.907    35.018     5.91    8.21
  51308.780    37.052     5.50    7.68
  51678.738    38.674     4.39    6.38
  52048.780    40.209     4.15    4.75
  52418.906    41.054     2.28    3.93
  52789.116    41.190     0.37    3.47
  53159.411    40.824    -0.99    3.67
  53529.791    39.789    -2.79    3.38
  53900.255    39.414    -1.01    2.82
  54270.804    39.319    -0.26    2.92
  54641.437    38.811    -1.37    3.89
  55012.155    38.197    -1.65    4.37
  55382.958    37.588    -1.64    4.47
  55753.846    37.996     1.10    5.01
  56124.818    38.805     2.18    5.43
  56495.876    39.731     2.50    5.41
  56867.019    38.342    -3.74    6.44
  57238.246    36.200    -5.77    6.47
  57609.559    34.932    -3.41    6.59
  57980.957    34.858    -0.20    7.15
  58352.440    35.976     3.01    7.43
  58724.009    38.103     5.72    7.10
  59095.662    38.452     0.94    8.03
  59467.402    34.345   -11.05   12.83
  59839.226    30.981    -9.05   15.14
  60211.137    27.911    -8.25   15.95
  60583.132    29.037     3.03   18.26
  60955.214    32.432     9.13   18.76
  61327.381    36.273    10.32   15.70
  61699.634    38.180     5.12   11.18
  62071.973    41.462     8.81    5.89
  62444.398    42.624     3.12    4.72
  62816.908    43.899     3.42    5.08
  63189.505    45.747     4.96    6.18
  63562.187    46.687     2.52    5.65
  63934.956    46.065    -1.67    6.15
  64307.811    43.692    -6.37    7.01
  64680.752    39.490   -11.27    5.67
  65053.780    37.442    -5.49    4.81
  65426.894    40.190     7.36    9.04
  65800.094    43.376     8.54   10.52
  66173.381    45.889     6.73    9.45
  66546.754    47.169     3.43    8.56
  66920.214    44.058    -8.33    7.98
  67293.760    40.843    -8.61    6.01
  67667.394    39.840    -2.68    4.83
  68041.114    38.328    -4.04    3.56
  68414.920    36.675    -4.42    2.50
  68788.814    35.976    -1.87    2.12
  69162.795    35.171    -2.15    2.29
  69536.863    34.327    -2.25    3.00
  69911.017    34.109    -0.58    3.42
  70285.259    34.714     1.62    3.70
  70659.588    34.952     0.64    3.27
  71034.005    36.534     4.22    3.08
  71408.508    38.881     6.27    4.27
  71783.099    39.870     2.64    4.18
  72157.778    39.035    -2.23    4.98
  72532.544    37.297    -4.64    4.40
  72907.397    35.890    -3.75    3.66
  73282.338    37.176     3.43    4.56
  73657.367    35.856    -3.52   10.33
  74032.483    33.394    -6.56   14.52
  74407.688    29.364   -10.74   16.94
  74782.980    28.197    -3.11   18.03
  75158.360    30.712     6.70   18.42
  75533.828    39.414    23.18   15.84
  75909.384    46.534    18.96   10.33
  76285.028    51.254    12.57    5.39
  76660.761    52.678     3.79    5.93
  77036.581    53.546     2.31    5.57
  77412.490    53.795     0.66    5.03
  77788.487    53.320    -1.26    4.68
  78164.573    53.197    -0.33    4.49
  78540.747    52.442    -2.01    4.41
  78917.010    51.178    -3.36    5.28
  79293.361    49.802    -3.66    5.30
  79669.801    50.138     0.89    6.83
  80046.329    50.254     0.31    8.96
  80422.947    51.952     4.51    9.55
  80799.653    55.046     8.21   10.95
  81176.448    59.735    12.44    9.32
  81553.332    61.903     5.75    6.43
  81930.305    59.999    -5.05    6.58
  82307.367    57.942    -5.46    6.24
  82684.519    56.669    -3.38    4.94
  83061.759    57.100     1.14    4.83
  83439.089    58.067     2.56    5.50
  83816.508    57.131    -2.48    6.94
  84194.017    54.933    -5.82    7.61
  84571.615    51.829    -8.22    7.46
  84949.302    49.511    -6.14    6.54
  85327.079    47.905    -4.25    5.30
  85704.946    49.582     4.44    7.49
  86082.903    54.303    12.49    9.19
  86460.949    57.224     7.73    8.90
  86839.085    59.801     6.81    9.31
  87217.311    58.825    -2.58   10.14
  87595.627    59.707     2.33    9.74
  87974.033    60.831     2.97    9.64
  88352.529    59.509    -3.49    9.28
  88731.115    56.947    -6.77   10.06
  89109.792    54.046    -7.66    8.34
  89488.559    52.056    -5.26    6.29
  89867.416    48.990    -8.09    7.77
  90246.363    46.990    -5.28    7.06
  90625.401    45.614    -3.63    6.27
  91004.530    47.536     5.07    6.97
  91383.749    51.234     9.75    7.01
  91763.059    50.480    -1.99    7.77
  92142.459    48.886    -4.20    8.22
  92521.951    48.078    -2.13    8.10
  92901.533    47.115    -2.54    7.25
  93281.206    46.962    -0.41    7.30
  93660.970    50.452     9.19    8.14
  94040.825    49.565    -2.33    8.40
  94420.772    46.256    -8.71    8.49
  94800.809    42.839    -8.99   10.15
  95180.938    39.144    -9.72   10.39
  95561.158    37.754    -3.66   10.84
  95941.469    39.782     5.33   11.79
  96321.872    43.188     8.95   10.07
  96702.366    42.924    -0.69    9.93
  97082.952    37.084   -15.34    9.42
  97463.630    34.938    -5.64    8.83
  97844.399    32.848    -5.49    7.30
  98225.260    33.669     2.16    6.92
  98606.213    37.048     8.87    7.08
  98987.257    41.395    11.41    6.73
  99368.394    45.664    11.20    6.49
  99749.623    48.508     7.46    7.26
 100130.944    47.743    -2.01    7.40
 100512.357    46.388    -3.55    6.90
 100893.862    44.224    -5.67    6.45
 101275.459    43.452    -2.02    5.19
 101657.149    44.897     3.78    5.98
 102038.932    45.723     2.17    5.89
 102412.031    45.003    -1.93    6.58
 102776.466    41.878    -8.58    7.86
 103140.985    39.567    -6.34    6.11
 103505.586    38.660    -2.49    5.50
 103870.269    38.245    -1.14    4.46
 104235.035    36.917    -3.64    3.75
 104599.884    35.489    -3.91    6.09
 104964.816    35.741     0.69    6.10
 105329.830    32.414    -9.11    9.80
 105694.928    28.071   -11.90   11.82
 106060.108    23.481   -12.57   10.83
 106425.371    20.555    -8.01    9.08
 106790.718    21.567     2.77    9.13
 107156.147    26.519    13.55    6.62
 107521.660    29.022     6.85    5.08
 107887.256    28.308    -1.95    5.67
 108252.935    26.535    -4.85    7.40
 108618.698    24.510    -5.54    7.44
 108984.544    22.069    -6.67    6.13
 109350.474    22.321     0.69    5.08
 109716.487    22.173    -0.40    3.66
 110082.583    21.405    -2.10    3.89
 110448.764    20.828    -1.58    3.90
 110815.028    19.798    -2.81    3.66
 111181.375    19.471    -0.89    3.84
 111547.807    20.500     2.81    4.24
 111914.322    19.858    -1.75    4.08
 112280.922    19.217    -1.75    4.08
 112647.605    19.943     1.98    4.15
 113014.372    19.750    -0.53    4.33
 113381.224    20.367     1.68    4.10
 113748.159    21.387     2.78    4.82
 114115.179    21.442     0.15    5.43
 114482.283    22.499     2.88    5.46
 114849.472    24.083     4.32    5.23
 115216.744    23.966    -0.32    5.01
 115584.101    21.658    -6.28    6.61
 115951.543    16.317   -14.53    9.38
 116319.069    10.611   -15.53    8.97
 116686.680     5.187   -14.76    4.62
 117054.376     3.599    -4.32    1.67
 117422.156     4.662     2.89    2.47
 117790.021     6.519     5.05    3.22
 118157.971     7.975     3.96    3.32
 118526.006     9.432     3.96    3.21
 118894.126    10.235     2.18    3.63
 119262.330    10.073    -0.44    4.22
 119630.620    11.237     3.16    4.72
 119998.995    11.770     1.45    4.33
 120367.456    12.785     2.76    3.78
 120736.001    14.581     4.87    3.81
 121104.632    16.483     5.16    4.88
 121473.348    18.067     4.30    4.49
 121842.150    20.282     6.01    4.48
 122211.037    22.218     5.25    5.41
 122580.009    22.060    -0.43    5.11
 122949.067    20.413    -4.46    5.56
 123318.211    18.414    -5.41    6.06
 123687.441    15.119    -8.93    4.52
 124056.756    12.702    -6.54    3.44
 124426.158    11.895    -2.18    2.81
 124795.645    12.004     0.29    2.78
 125165.218    12.883     2.38    3.10
 125534.877    14.870     5.38    5.18
 125904.622    19.245    11.83    9.60
 126274.454    23.472    11.43   11.02
 126644.371    25.901     6.57   11.92
 127014.375    27.602     4.60   11.94
 127384.465    26.782    -2.21   10.72
 127754.642    27.709     2.50    8.52
 128124.905    27.993     0.77    6.04
 128495.254    27.116    -2.37    5.19
 128865.690    27.840     1.96    4.39
 129236.213    28.751     2.46    4.69
 129606.822    29.919     3.15    5.47
 129977.518    32.648     7.36    5.36
 130348.301    32.608    -0.11    6.11
 130719.171    30.483    -5.73    8.13
 131090.128    25.763   -12.72   10.11
 131461.171    21.158   -12.41   10.18
 131832.302    16.218   -13.31    6.31
 132203.520    13.369    -7.68    3.11
 132574.825    12.119    -3.37    1.45
 132946.217    12.406     0.77    1.24
 133317.696    12.442     0.10    1.22
 133689.263    12.461     0.05    1.01
 134060.918    12.818     0.96    0.82
 134432.659    12.591    -0.61    0.98
 134804.488    12.233    -0.96    0.94
 135176.405    11.546    -1.85    1.72
 135548.410    10.184    -3.66    3.00
 135920.502     7.918    -6.09    3.62
 136292.682     5.691    -5.99    3.24
 136664.950     3.650    -5.48    1.65
 137037.306     3.003    -1.74    0.87
 137409.749     2.769    -0.63    0.84
 137782.281     2.656    -0.30    0.78
 138154.901     2.508    -0.40    0.72
 138527.609     2.052    -1.22    1.17
 138900.405     1.433    -1.66    1.27
 139273.289     1.077    -0.96    1.24
 139646.262     0.599    -1.28    1.15
 140019.323     0.014    -1.57    1.18
 140392.473     0.165     0.40    1.45
 140765.711     0.228     0.17    1.53
 141139.038    -0.076    -0.81    1.56
 141512.453    -0.430    -0.95    1.41
 141885.957    -0.246     0.49    1.45
 142259.550     0.017     0.70    1.66
 142633.231     0.423     1.09    1.73
 143007.002     1.054     1.69    1.56
 143380.861     1.461     1.09    1.06
 143754.810     1.303    -0.42    1.04
 144128.848     1.200    -0.27    1.09
 144502.974     1.162    -0.10    1.08
 144877.190     0.736    -1.14    1.37
 145251.496     0.190    -1.46    1.66
 145625.890     0.039    -0.40    1.71
 146000.374    -0.218    -0.69    1.66
 146374.948    -0.215     0.01    1.46
 146749.611     0.015     0.61    1.15
 147124.363     0.396     1.02    0.70
 147499.205     0.489     0.25    0.61
 147874.137     0.611     0.32    0.74
 148249.159     0.415    -0.52    0.92
 148624.270     0.090    -0.87    1.08
 148999.472    -0.419    -1.36    1.19
 149374.763    -0.932    -1.37    1.17
 149750.145    -1.392    -1.23    1.23
 150125.616    -1.479    -0.23    1.42
 150501.178    -1.166     0.83    1.82
 150876.830    -0.891     0.73    2.05
 151252.572    -0.409     1.28    2.39
 151628.405     0.341     2.00    2.33
 152004.328     1.147     2.14    2.60
 152380.341     2.739     4.24    3.78
 152756.445     3.538     2.12    4.13
 153132.640     3.563     0.07    4.04
 153508.925     3.789     0.60    4.21
 153885.301     3.938     0.40    4.56
 154261.768     3.669    -0.72    4.91
 154638.326     3.388    -0.75    4.74
 155014.975     3.065    -0.86    4.40
 155391.714     2.924    -0.37    4.32
 155768.545     2.195    -1.94    3.40
 156145.467     1.565    -1.67    2.31
 156522.480     0.832    -1.95    1.66
 156899.584     0.769    -0.17    1.52
 157276.780     1.214     1.18    1.65
 157654.067     1.483     0.71    1.59
 158031.446     1.709     0.60    1.60
 158408.916     1.678    -0.08    1.68
 158786.477     1.177    -1.33    1.52
 159164.131     0.667    -1.35    1.15
 159541.876     0.609    -0.15    0.94
 159919.713     0.341    -0.71    0.86
 160297.641     0.637     0.78    1.33
 160675.662     0.698     0.16    1.38
 161053.775     0.537    -0.42    1.37
 161431.979     0.341    -0.52    1.38
 161810.276    -0.157    -1.32    0.78
 162188.665    -0.239    -0.22    0.89
 162567.146    -0.567    -0.87    1.33
 162945.720    -1.172    -1.60    1.69
 163324.386    -1.373    -0.53    1.87
 163703.144    -0.966     1.07    3.62
 164081.995     0.546     3.99    5.48
 164460.938     2.013     3.87    5.49
 164839.975     2.125     0.30    4.22
 165219.103     2.571     1.18    3.19
 165598.325     3.887     3.47    3.06
 165977.640     4.975     2.87    3.02
 166357.047     6.516     4.06    2.76
 166736.547    10.144     9.56    5.12
 167116.141    13.975    10.09    7.29
 167495.827    15.529     4.09    7.30
 167875.607    14.916    -1.62    6.85
 168255.480    13.096    -4.79    5.99
 168635.447    12.434    -1.74    5.32
 169015.506    12.128    -0.80    5.64
 169395.660    10.993    -2.99    6.33
 169775.906    11.069     0.20    7.19
 170156.247     9.789    -3.37    7.44
 170536.681    10.630     2.21    7.36
 170917.209    14.209     9.41    7.95
 171297.830    18.048    10.09    9.08
 171678.546    18.998     2.50    8.71
 172059.355    16.736    -5.94    9.39
 172440.259    11.975   -12.50    9.22
 172821.256     7.131   -12.72    5.57
 173202.348     4.480    -6.96    0.22
 173583.533     5.248     2.01    2.79
 173964.814     9.250    10.50    7.96
 174346.188    14.140    12.82    9.15
 174727.657    17.664     9.24    7.74
 175109.220    20.984     8.70    6.74
 175490.878    20.712    -0.71    6.78
 175872.631    17.691    -7.92    7.37
 176254.478    13.757   -10.30    7.03
 176636.420    10.209    -9.29    5.96
 177016.571     8.490    -4.52    5.18
 177380.760     7.984    -1.39    4.44
 177745.033     7.912    -0.20    3.66
 178109.391     9.289     3.78    3.67
 178473.832    11.034     4.79    3.75
 178838.359    10.742    -0.80    4.27
 179202.969    11.045     0.83    6.17
 179567.665    11.361     0.87    7.84
 179932.445    13.598     6.13    9.68
 180297.309    17.034     9.42   10.88
 180662.259    19.144     5.78   10.68
 181027.293    18.591    -1.51    9.70
 181392.412    16.110    -6.80    8.85
 181757.616    11.971   -11.33    7.16
 182122.905     8.770    -8.76    6.39
 182488.279     6.131    -7.22    5.09
 182853.738     6.165     0.09    6.42
 183219.282     9.098     8.02    8.05
 183584.911    11.664     7.02    7.43
 183950.626    12.970     3.57    6.99
 184316.426    14.906     5.29    6.67
 184682.311    14.832    -0.20    6.99
 185048.282    15.861     2.81    6.51
 185414.339    16.589     1.99    5.21
 185780.480    18.325     4.74    5.45
 186146.708    22.980    12.71    8.23
 186513.021    29.901    18.90   11.91
 186879.420    35.461    15.18   12.23
 187245.905    38.567     8.48   11.79
 187612.476    36.686    -5.13   13.86
 187979.132    33.672    -8.22   15.02
 188345.875    31.998    -4.56   14.56
 188712.703    32.056     0.16   12.87
 189079.618    30.682    -3.74    9.25
 189446.619    35.560    13.29   10.92
 189813.706    38.654     8.43   10.86
 190180.880    38.572    -0.22   10.22
 190548.139    38.579     0.02    9.28
 190915.485    34.942    -9.90    7.49
 191282.918    35.934     2.70    8.41
 191650.437    39.287     9.12    8.39
 192018.043    40.305     2.77    8.44
 192385.735    38.140    -5.89    7.97
 192753.515    35.776    -6.43    5.01
 193121.380    36.225     1.22    5.01
 193489.333    38.369     5.83    6.91
 193857.373    42.979    12.53    8.48
 194225.499    46.854    10.53    8.37
 194593.713    47.619     2.08    9.77
 194962.014    46.452    -3.17   11.08
 195330.401    42.919    -9.59   11.90
 195698.876    38.131   -12.99   10.85
 196067.439    34.746    -9.19    8.35
 196436.088    33.017    -4.69    5.49
 196804.825    34.245     3.33    6.30
 197173.650    35.567     3.59    6.83
 197542.562    36.704     3.08    6.17
 197911.561    37.883     3.20    7.60
 198280.649    39.030     3.11    8.62
 198649.823    40.398     3.71    9.35
 199019.086    41.297     2.43    8.94
 199388.436    43.722     6.57    8.20
 199757.875    44.814     2.96    7.54
 200127.401    44.906     0.25    7.82
 200497.015    42.039    -7.76    8.21
 200866.718    37.817   -11.42    5.80
 201236.508    35.318    -6.76    4.21
 201606.387    34.356    -2.60    4.41
 201976.354    33.695    -1.79    4.14
 202346.409    33.801     0.28    4.11
 202716.553    34.906     2.99    4.45
 203086.785    36.802     5.12    5.07
 203457.105    38.523     4.65    4.86
