-138715.451    -9.522     0.00    2.05
-138339.106    -9.953    -1.15    2.01
-137962.842   -10.581    -1.67    2.22
-137586.661   -11.017    -1.16    3.10
-137210.560   -11.456    -1.17    3.54
-136834.542   -11.148     0.82    3.68
-136458.604   -11.292    -0.38    3.00
-136082.749   -11.209     0.22    2.19
-135706.974   -10.858     0.93    1.56
-135331.281   -10.663     0.52    1.65
-134955.669   -10.715    -0.14    1.60
-134580.138   -10.818    -0.27    1.57
-134204.688   -10.945    -0.34    1.75
-133829.320   -10.433     1.36    2.56
-133454.032    -9.401     2.75    2.82
-133078.826    -7.859     4.11    3.36
-132703.700    -5.585     6.06    3.53
-132328.656    -1.844     9.98    7.23
-131953.692     4.417    16.70   11.74
-131578.809    13.520    24.28   12.25
-131204.006    20.114    17.59    8.92
-130829.284    23.698     9.56    4.92
-130454.643    22.783    -2.44    5.09
-130080.083    20.354    -6.49    5.73
-129705.603    19.023    -3.55    5.84
-129331.203    17.308    -4.58    5.51
-128956.884    18.854     4.13    6.16
-128582.646    21.539     7.18    8.73
-128208.487    23.760     5.94    8.78
-127834.409    24.320     1.50    7.42
-127460.411    20.666    -9.77    8.55
-127086.493    16.791   -10.36    7.00
-126712.656    15.234    -4.17    5.45
-126338.898    16.894     4.44    6.28
-125965.220    19.950     8.18    6.72
-125591.623    22.741     7.47    7.43
-125218.105    28.192    14.60    7.51
-124844.667    33.542    14.33    7.70
-124471.309    37.447    10.46    6.66
-124098.031    39.176     4.63    6.42
-123724.832    40.223     2.81    6.01
-123351.713    42.568     6.28    6.87
-122978.674    47.833    14.12    8.54
-122605.714    52.356    12.13    8.54
-122232.834    56.255    10.46    8.25
-121860.033    56.124    -0.35   10.20
-121487.312    52.676    -9.25   12.23
-121114.670    49.667    -8.08   10.99
-120742.107    49.299    -0.99    8.29
-120369.624    49.156    -0.38    5.99
-119997.219    48.442    -1.92    5.62
-119624.894    44.904    -9.50    7.43
-119252.648    39.896   -13.45    6.91
-118880.481    34.973   -13.23    4.72
-118508.393    32.074    -7.79    3.47
-118136.384    29.541    -6.81    2.79
-117764.454    27.918    -4.36    2.22
-117392.603    26.656    -3.40    3.08
-117020.831    25.287    -3.68    4.30
-116649.137    23.676    -4.33    5.31
-116277.522    22.034    -4.42    5.00
-115905.986    21.489    -1.47    4.44
-115534.528    22.614     3.03    4.10
-115163.149    23.931     3.55    3.20
-114791.848    25.072     3.07    2.54
-114420.626    25.991     2.47    3.35
-114049.482    26.293     0.81    3.62
-113678.417    27.696     3.78    3.46
-113307.430    26.368    -3.58    4.03
-112936.521    24.495    -5.05    3.76
-112565.690    22.866    -4.39    3.47
-112194.938    21.218    -4.44    1.47
-111824.264    21.760     1.46    2.12
-111453.667    23.066     3.52    2.83
-111083.149    24.031     2.61    2.77
-110712.709    24.312     0.76    2.53
-110342.347    24.229    -0.22    2.88
-109972.062    24.038    -0.52    3.13
-109601.856    24.048     0.03    3.45
-109231.727    24.644     1.61    3.10
-108861.676    24.907     0.71    2.40
-108491.702    25.239     0.90    2.54
-108121.806    25.124    -0.31    2.39
-107751.988    25.177     0.14    2.31
-107382.248    25.016    -0.43    2.25
-107012.584    25.634     1.67    2.61
-106642.999    26.131     1.34    2.81
-106273.490    26.846     1.94    2.61
-105904.059    26.604    -0.66    2.50
-105534.705    26.429    -0.47    2.69
-105165.429    26.388    -0.11    2.37
-104796.230    25.820    -1.54    2.07
-104427.108    25.385    -1.18    1.84
-104058.063    24.838    -1.48    2.04
-103689.095    24.781    -0.15    2.31
-103320.204    24.729    -0.14    2.40
-102951.390    24.118    -1.66    3.02
-102582.653    22.697    -3.85    3.87
-102213.992    21.138    -4.23    3.10
-101845.409    20.339    -2.17    2.14
-101476.902    20.664     0.88    1.93
-101108.472    21.512     2.30    2.01
-100740.119    22.285     2.10    2.68
-100371.842    22.770     1.32    3.21
-100003.642    22.816     0.13    3.22
 -99635.519    22.329    -1.32    2.98
 -99267.472    22.466     0.37    2.64
 -98899.501    23.059     1.61    1.97
 -98531.607    22.656    -1.10    2.69
 -98163.789    22.202    -1.23    3.47
 -97796.048    21.655    -1.49    3.60
 -97428.382    21.152    -1.37    3.60
 -97060.793    21.533     1.04    3.39
 -96693.280    22.973     3.92    3.49
 -96325.843    24.181     3.29    2.55
 -95958.483    24.793     1.67    1.90
 -95591.198    25.080     0.78    2.20
 -95223.989    26.114     2.82    3.14
 -94856.856    27.531     3.86    3.69
 -94489.799    29.306     4.84    4.10
 -94122.818    32.363     8.33    4.46
 -93755.912    34.381     5.50    4.04
 -93389.083    36.055     4.56    3.81
 -93022.329    36.920     2.36    2.75
 -92655.650    35.899    -2.79    2.84
 -92289.048    33.527    -6.47    4.36
 -91922.520    31.614    -5.22    4.21
 -91556.069    31.729     0.31    5.06
 -91189.693    33.995     6.18    6.16
 -90823.392    37.855    10.54    5.11
 -90457.166    40.066     6.04    2.68
 -90091.016    39.982    -0.23    2.86
 -89724.941    38.260    -4.70    3.71
 -89358.942    36.122    -5.84    4.38
 -88993.017    33.112    -8.23    4.63
 -88627.168    30.297    -7.69    5.05
 -88261.393    26.432   -10.57    5.14
 -87895.694    23.636    -7.65    4.76
 -87530.070    21.849    -4.89    3.67
 -87164.521    22.066     0.59    3.60
 -86799.046    21.965    -0.27    3.25
 -86420.279    22.291     0.86    3.32
 -86039.188    21.471    -2.15    3.50
 -85658.180    20.166    -3.42    3.39
 -85277.255    19.652    -1.35    3.60
 -84896.411    18.947    -1.85    3.32
 -84515.651    17.828    -2.94    2.99
 -84134.973    16.874    -2.51    2.74
 -83754.377    16.170    -1.85    2.61
 -83373.863    15.202    -2.54    1.62
 -82993.432    15.392     0.50    1.53
 -82613.083    15.739     0.91    1.69
 -82232.816    15.900     0.42    1.73
 -81852.631    15.939     0.10    1.97
 -81472.529    15.320    -1.63    2.49
 -81092.508    13.888    -3.77    2.89
 -80712.569    12.798    -2.87    2.55
 -80332.712    12.010    -2.07    2.32
 -79952.937    11.307    -1.85    1.85
 -79573.244    10.966    -0.90    2.17
 -79193.633    10.381    -1.54    2.42
 -78814.103    10.058    -0.85    2.39
 -78434.655     9.752    -0.81    2.46
 -78055.288     9.191    -1.48    2.35
 -77676.003     8.945    -0.65    2.51
 -77296.800     8.899    -0.12    2.14
 -76917.678     9.247     0.92    2.39
 -76538.637     9.503     0.68    2.51
 -76159.678     8.965    -1.42    2.61
 -75780.800    10.281     3.47    3.19
 -75402.003    12.352     5.47    3.43
 -75023.287    14.759     6.36    3.83
 -74644.652    16.740     5.23    2.88
 -74266.099    17.187     1.18    2.82
 -73887.626    16.786    -1.06    3.51
 -73509.235    14.899    -4.99    3.02
 -73130.924    14.385    -1.36    2.56
 -72752.695    15.048     1.75    2.69
 -72374.546    14.350    -1.84    2.77
 -71996.478    14.202    -0.39    2.79
 -71618.490    13.898    -0.80    2.81
 -71240.583    13.843    -0.14    2.77
 -70862.757    13.663    -0.48    3.31
 -70485.012    11.963    -4.50    3.98
 -70107.347    10.585    -3.65    3.23
 -69729.762     9.749    -2.21    2.43
 -69352.258    10.252     1.33    2.28
 -68974.834    11.288     2.75    1.70
 -68597.490    11.355     0.18    1.88
 -68220.227    11.346    -0.02    2.09
 -67843.044    11.637     0.77    2.23
 -67465.941    11.771     0.36    2.33
 -67088.918    11.230    -1.44    3.13
 -66711.975     9.814    -3.76    3.75
 -66335.113     8.085    -4.59    3.82
 -65958.330     6.749    -3.54    3.37
 -65581.627     5.752    -2.65    2.55
 -65205.004     5.229    -1.39    2.74
 -64828.461     4.608    -1.65    2.90
 -64451.997     3.560    -2.78    2.80
 -64075.613     2.696    -2.30    2.17
 -63699.309     2.091    -1.61    2.20
 -63323.085     1.257    -2.22    2.87
 -62946.940     0.104    -3.07    3.30
 -62570.874    -0.370    -1.26    3.35
 -62194.888    -0.069     0.80    3.28
 -61818.981     0.836     2.41    2.87
 -61443.154     0.550    -0.76    2.52
 -61067.406    -0.021    -1.52    2.52
 -60691.738    -0.197    -0.47    2.42
 -60316.148     0.063     0.69    2.25
 -59940.638     0.813     2.00    1.74
 -59565.206     1.148     0.89    1.63
 -59189.854     1.367     0.58    2.34
 -58814.581     1.331    -0.10    3.17
 -58439.387     2.388     2.82    4.05
 -58064.272     3.518     3.01    4.37
 -57689.235     5.523     5.34    4.61
 -57314.278     8.423     7.74    5.94
 -56939.399    13.136    12.57    6.13
 -56564.599    16.318     8.49    6.27
 -56189.877    19.578     8.70    5.11
 -55815.234    21.133     4.15    3.37
 -55440.670    20.641    -1.31    3.73
 -55066.184    19.999    -1.71    4.41
 -54691.777    18.993    -2.69    4.37
 -54317.448    19.037     0.12    4.18
 -53943.197    18.799    -0.64    4.86
 -53569.025    20.559     4.70    4.96
 -53194.931    21.320     2.04    4.57
 -52820.916    20.759    -1.50    5.23
 -52446.978    19.996    -2.04    5.55
 -52073.119    16.939    -8.18    5.83
 -51699.337    15.550    -3.72    5.52
 -51325.634    15.560     0.03    4.42
 -50952.009    16.729     3.13    3.17
 -50578.461    16.546    -0.49    2.67
 -50204.992    15.099    -3.88    2.69
 -49831.600    14.277    -2.20    3.52
 -49458.287    11.176    -8.31    5.21
 -49085.050     8.159    -8.08    5.80
 -48711.892     5.600    -6.86    5.20
 -48338.811     2.664    -7.87    2.63
 -47965.808     1.729    -2.51    2.03
 -47592.883     1.320    -1.10    1.97
 -47220.034     1.508     0.50    2.10
 -46847.264     1.503    -0.01    2.02
 -46474.571     0.591    -2.45    2.39
 -46101.955    -0.721    -3.52    2.64
 -45729.416    -2.208    -3.99    1.94
 -45356.955    -2.811    -1.62    1.46
 -44984.571    -0.927     5.06    3.51
 -44612.264     0.423     3.63    3.49
 -44240.034     1.320     2.41    2.74
 -43867.881     1.442     0.33    2.00
 -43495.806     0.867    -1.55    1.28
 -43123.807     1.608     1.99    2.08
 -42751.885     3.091     3.99    2.46
 -42380.040     4.640     4.17    2.53
 -42008.272     6.644     5.39    2.10
 -41636.581     8.004     3.66    2.29
 -41264.967     9.314     3.53    2.81
 -40893.429     9.544     0.62    3.34
 -40521.968     8.676    -2.34    4.83
 -40150.583     7.388    -3.47    5.99
 -39779.275     5.936    -3.91    6.76
 -39408.044     4.697    -3.34    7.16
 -39036.889     3.960    -1.99    6.95
 -38665.810     4.139     0.48    7.09
 -38294.808     4.309     0.46    6.77
 -37923.882     2.866    -3.89    5.89
 -37553.032     2.437    -1.15    5.66
 -37182.259     1.783    -1.77    5.28
 -36811.561     1.883     0.27    5.71
 -36440.940     2.159     0.74    5.71
 -36070.395     2.899     2.00    5.69
 -35699.926     3.936     2.80    5.57
 -35329.533     5.342     3.80    5.55
 -34959.216     5.842     1.35    5.46
 -34588.975     6.410     1.53    5.62
 -34218.810     6.191    -0.59    5.72
 -33848.721     6.331     0.38    5.48
 -33478.707     6.134    -0.53    5.03
 -33108.769     6.282     0.40    4.39
 -32738.907     5.673    -1.65    3.28
 -32369.120     5.888     0.58    2.75
 -31999.409     5.774    -0.31    2.65
 -31629.774     4.984    -2.14    2.86
 -31260.214     4.109    -2.37    2.78
 -30890.729     4.490     1.03    3.05
 -30521.320     5.546     2.86    3.37
 -30151.986     6.784     3.35    3.02
 -29782.727     6.729    -0.15    2.89
 -29413.544     5.553    -3.18    3.23
 -29044.436     4.654    -2.44    2.68
 -28675.403     3.889    -2.07    2.37
 -28306.445     4.601     1.93    3.39
 -27937.563     6.040     3.90    4.63
 -27568.755     7.527     4.03    5.96
 -27200.022     9.985     6.67    7.93
 -26831.365    12.814     7.67    9.65
 -26462.782    14.503     4.58   10.28
 -26094.274    16.507     5.44   10.10
 -25725.841    18.804     6.23    8.60
 -25357.482    20.320     4.12    6.41
 -24989.199    22.527     5.99    6.61
 -24620.990    26.224    10.04    7.01
 -24252.855    28.148     5.23    5.96
 -23884.796    29.048     2.44    5.26
 -23516.810    27.612    -3.90    6.02
 -23148.900    26.954    -1.79    7.21
 -22781.063    26.675    -0.76    8.83
 -22413.301    27.406     1.99    9.28
 -22045.614    29.186     4.84   10.10
 -21678.001    32.612     9.32   10.20
 -21310.462    34.070     3.97    9.86
 -20942.997    31.420    -7.21   10.55
 -20575.606    26.718   -12.80   10.56
 -20208.290    20.580   -16.71    5.20
 -19841.047    18.014    -6.99    3.26
 -19473.879    15.622    -6.51    3.63
 -19106.785    13.493    -5.80    3.78
 -18739.765    10.869    -7.15    4.54
 -18372.818     8.356    -6.85    4.35
 -18005.946     5.867    -6.78    3.95
 -17639.147     4.164    -4.64    3.26
 -17272.422     2.805    -3.70    2.60
 -16905.771     2.544    -0.71    2.92
 -16539.193     2.661     0.32    3.23
 -16172.689     3.122     1.26    3.01
 -15806.259     3.235     0.31    2.30
 -15439.902     3.410     0.48    1.96
 -15073.619     3.639     0.63    1.76
 -14707.409     3.686     0.13    1.70
 -14341.273     3.852     0.45    1.52
 -13975.210     4.019     0.46    1.52
 -13609.220     4.186     0.46    1.63
 -13243.304     4.809     1.70    1.69
 -12877.461     5.310     1.37    1.58
 -12511.691     5.304    -0.01    1.73
 -12145.995     5.208    -0.26    1.51
 -11771.466     5.107    -0.27    1.50
 -11390.538     5.181     0.19    1.60
 -11009.692     4.980    -0.53    1.75
 -10628.925     4.353    -1.65    2.27
 -10248.239     3.423    -2.44    2.15
  -9867.634     2.942    -1.26    2.41
  -9487.108     2.567    -0.98    2.63
  -9106.663     2.234    -0.87    2.18
  -8726.298     1.902    -0.87    2.37
  -8346.013     1.271    -1.66    2.61
  -7965.809     0.730    -1.42    2.24
  -7585.684    -0.465    -3.14    1.58
  -7205.639    -1.068    -1.59    1.47
  -6825.674    -1.048     0.05    1.75
  -6445.789    -0.805     0.64    2.16
  -6065.984     0.310     2.93    2.85
  -5686.258     1.285     2.57    2.83
  -5306.612     1.299     0.04    3.12
  -4927.046     0.829    -1.24    3.50
  -4547.560     0.879     0.13    3.62
  -4168.153     1.352     1.24    3.78
  -3788.826     1.363     0.03    4.15
  -3409.578     2.085     1.90    4.16
  -3030.409     2.599     1.35    3.75
  -2651.320     2.894     0.78    3.22
  -2272.310     3.327     1.14    2.51
  -1893.380     2.794    -1.41    2.41
  -1514.528     2.664    -0.34    2.77
  -1135.756     2.277    -1.02    3.37
   -757.063     2.055    -0.59    3.66
   -378.449     1.890    -0.44    3.83
      0.085     1.512    -1.00    3.50
    378.541     1.578     0.18    3.27
    756.918     2.443     2.29    3.38
   1135.216     3.030     1.55    3.39
   1513.436     4.290     3.33    3.52
   1891.576     5.933     4.35    3.47
   2269.638     5.662    -0.72    3.60
   2647.621     5.492    -0.45    3.45
   3025.525     5.819     0.87    3.36
   3403.351     5.849     0.08    2.59
   3781.099     6.572     1.92    1.56
   4158.767     6.718     0.39    1.39
   4536.358     7.195     1.26    1.48
   4913.870     7.299     0.27    1.62
   5291.303     6.684    -1.63    2.46
   5668.658     5.793    -2.36    2.87
   6045.936     5.798     0.01    3.16
   6423.134     6.568     2.04    3.12
   6800.255     7.843     3.38    2.36
   7177.298     8.320     1.27    1.89
   7554.262     8.127    -0.51    1.77
   7931.149     8.342     0.57    1.45
   8307.957     7.786    -1.47    1.72
   8684.688     6.138    -4.38    2.51
   9061.341     4.977    -3.08    2.39
   9437.916     4.468    -1.35    2.03
   9814.413     4.213    -0.68    2.28
  10190.832     4.879     1.77    2.03
  10567.174     5.201     0.86    2.08
  10943.438     5.267     0.17    2.03
  11319.625     6.078     2.16    1.83
  11695.734     7.170     2.90    1.63
  12071.765     7.463     0.78    1.61
  12447.719     7.109    -0.94    2.03
  12823.596     7.318     0.56    1.95
  13199.395     7.218    -0.27    1.79
  13575.117     7.952     1.95    2.52
  13950.762    10.164     5.89    3.29
  14326.330    11.840     4.46    3.25
  14701.820    12.370     1.41    3.09
  15077.233    11.224    -3.05    4.03
  15452.569    10.460    -2.03    4.47
  15827.829    10.224    -0.63    4.89
  16203.011    11.514     3.44    5.35
  16578.116    12.630     2.98    4.51
  16953.145    12.998     0.98    3.30
  17328.096    13.839     2.24    3.52
  17702.971    13.707    -0.35    3.61
  18077.769    12.653    -2.81    3.95
  18452.491    12.652    -0.00    4.22
  18827.135    12.696     0.12    5.08
  19201.704    15.152     6.55    6.61
  19576.195    18.697     9.47    6.98
  19950.610    23.407    12.58    6.42
  20324.949    25.611     5.89    3.92
  20699.211    25.491    -0.32    3.78
  21073.397    23.088    -6.42    4.39
  21447.507    19.823    -8.73    3.21
  21821.540    17.957    -4.99    3.24
  22195.497    16.718    -3.31    2.41
  22569.378    16.544    -0.47    1.75
  22943.183    17.137     1.59    1.52
  23316.911    17.512     1.00    1.62
  23690.564    18.683     3.14    2.35
  24064.141    19.327     1.72    2.09
  24437.641    19.477     0.40    2.04
  24811.066    20.023     1.46    1.78
  25184.415    20.263     0.64    1.85
  25557.688    21.396     3.04    1.85
  25930.885    22.443     2.81    1.66
  26304.007    22.806     0.97    1.79
  26677.053    22.804    -0.01    2.06
  27050.023    22.763    -0.11    2.16
  27422.918    22.374    -1.04    2.22
  27795.737    21.818    -1.49    2.26
  28168.481    21.273    -1.46    2.18
  28541.149    20.307    -2.59    1.25
  28913.742    20.175    -0.36    0.91
  29286.259    20.309     0.36    0.89
  29658.702    20.125    -0.49    0.84
  30031.069    19.502    -1.67    1.48
  30403.360    18.883    -1.66    1.80
  30775.577    18.891     0.02    2.18
  31147.718    19.392     1.35    2.44
  31519.784    20.649     3.38    2.44
  31891.776    22.406     4.72    2.33
  32263.692    23.495     2.93    2.10
  32635.533    23.509     0.04    2.55
  33007.300    22.542    -2.60    3.73
  33378.991    20.686    -4.99    3.97
  33750.608    19.235    -3.90    3.15
  34122.150    19.175    -0.16    2.89
  34493.617    19.595     1.13    3.04
  34865.009    20.109     1.39    2.89
  35236.327    20.507     1.07    2.41
  35607.571    21.465     2.58    2.70
  35978.739    22.443     2.63    2.48
  36349.834    23.896     3.91    2.15
  36720.853    24.729     2.25    1.86
  37091.799    25.145     1.12    2.17
  37462.670    26.180     2.79    2.27
  37833.466    26.514     0.90    2.17
  38204.189    26.509    -0.01    2.13
  38574.837    26.509    -0.00    2.14
  38945.411    26.240    -0.72    1.93
  39315.911    26.323     0.22    1.74
  39686.336    25.807    -1.39    2.48
  40056.688    24.672    -3.07    2.81
  40426.966    24.474    -0.53    3.01
  40797.169    24.800     0.88    3.26
  41167.299    27.015     5.99    3.77
  41537.355    28.856     4.98    2.98
  41907.337    29.169     0.84    2.21
  42277.245    29.078    -0.25    2.18
  42647.079    29.114     0.10    2.04
  43016.840    29.849     1.99    2.25
  43386.527    30.493     1.74    1.95
  43756.141    30.936     1.20    1.83
  44125.680    31.514     1.56    2.31
  44495.147    33.142     4.41    3.47
  44864.540    35.040     5.14    3.22
  45233.859    36.359     3.57    2.73
  45603.105    37.172     2.20    2.37
  45972.278    37.345     0.47    3.03
  46341.377    37.468     0.33    3.37
  46710.403    38.285     2.21    3.24
  47079.356    38.389     0.28    2.69
  47448.235    39.849     3.96    3.22
  47817.042    41.036     3.22    3.32
  48185.775    41.476     1.19    3.19
  48554.435    41.529     0.14    2.59
  48923.023    41.542     0.04    2.87
  49291.537    42.048     1.37    3.31
  49659.978    43.291     3.37    3.17
  50028.347    44.870     4.29    2.15
  50396.643    45.048     0.48    2.06
  50764.865    45.641     1.61    1.52
  51133.015    45.871     0.62    1.23
  51501.093    45.740    -0.36    1.20
  51869.098    45.241    -1.35    1.49
  52237.030    43.806    -3.90    2.58
  52604.889    43.286    -1.41    2.74
  52972.676    43.443     0.43    2.94
  53340.390    44.363     2.50    2.71
  53708.032    46.299     5.27    1.75
  54075.602    46.147    -0.41    2.12
  54443.099    46.152     0.01    2.25
  54810.524    46.597     1.21    2.56
  55177.877    47.765     3.18    4.16
  55545.157    49.762     5.44    3.70
  55912.365    51.695     5.26    2.44
  56279.501    52.240     1.48    1.55
  56646.565    52.281     0.11    1.45
  57013.557    53.218     2.55    1.42
  57380.476    54.429     3.30    2.41
  57747.324    56.213     4.86    2.58
  58114.100    57.307     2.98    2.35
  58480.804    58.583     3.48    1.77
  58847.436    59.349     2.09    1.52
  59213.996    59.614     0.72    1.53
  59580.484    59.762     0.40    1.19
  59946.901    59.927     0.45    1.46
  60313.246    59.476    -1.23    1.85
  60679.519    59.224    -0.69    2.15
  61045.721    58.476    -2.04    1.96
  61411.851    57.640    -2.29    1.79
  61777.910    56.963    -1.85    1.87
  62143.897    56.894    -0.19    2.19
  62509.812    56.496    -1.09    2.09
  62880.450    57.642     3.09    2.60
  63261.215    59.415     4.66    2.93
  63641.902    60.619     3.16    3.24
  64022.511    61.607     2.60    2.47
  64403.041    61.136    -1.24    2.70
  64783.494    61.896     2.00    3.57
  65163.868    63.443     4.07    4.04
  65544.164    65.548     5.53    3.32
  65924.382    67.163     4.25    2.12
  66304.522    68.318     3.04    2.95
  66684.584    69.125     2.12    3.00
  67064.568    69.840     1.88    2.87
  67444.474    69.740    -0.27    3.27
  67824.302    68.929    -2.13    3.22
  68204.053    69.125     0.51    3.11
  68583.726    69.385     0.68    2.86
  68963.321    70.066     1.80    2.72
  69342.838    69.795    -0.72    3.61
  69722.278    70.304     1.34    4.76
  70101.641    70.512     0.55    5.18
  70480.926    70.753     0.64    4.80
  70860.133    70.963     0.55    3.77
  71239.263    71.028     0.17    2.47
  71618.316    72.010     2.59    2.29
  71997.292    73.444     3.78    1.99
  72376.190    74.718     3.36    1.48
  72755.011    74.918     0.53    1.96
  73133.755    74.542    -0.99    2.10
  73512.421    73.706    -2.21    1.93
  73891.011    73.817     0.29    2.03
  74269.524    74.424     1.60    2.07
  74647.959    75.465     2.75    2.04
  75026.318    76.730     3.34    1.84
  75404.600    77.663     2.47    1.82
  75782.805    79.100     3.80    1.77
  76160.933    80.389     3.41    2.30
  76538.984    81.550     3.07    2.15
  76916.959    82.312     2.02    1.19
  77294.857    82.616     0.81    0.79
  77672.679    82.440    -0.46    0.79
  78050.424    82.362    -0.21    0.81
  78428.092    82.993     1.67    1.50
  78805.684    83.468     1.26    1.59
  79183.200    83.774     0.81    1.42
  79560.639    84.457     1.81    1.50
  79938.002    84.952     1.31    1.65
  80315.288    85.776     2.18    1.48
  80692.498    85.607    -0.45    1.71
  81069.632    84.934    -1.78    1.77
  81446.690    85.185     0.66    2.16
  81823.672    86.274     2.89    3.03
  82200.578    87.440     3.10    3.04
  82577.408    88.793     3.59    2.76
  82954.162    89.340     1.45    2.14
  83330.840    89.640     0.80    2.06
  83707.442    89.741     0.27    2.25
  84083.968    90.502     2.02    2.47
  84460.418    92.078     4.18    3.24
  84836.793    94.525     6.50    4.32
  85213.092    97.100     6.84    5.16
  85589.315    96.429    -1.78    7.02
  85965.463    94.440    -5.29    7.39
  86341.535    93.440    -2.66    6.75
  86717.532    96.018     6.86    9.23
  87093.453   102.832    18.12   11.46
  87469.299   110.025    19.14    9.42
  87845.069   117.415    19.66    6.32
  88220.764   120.896     9.27    5.11
  88596.384   124.474     9.52    4.37
  88971.928   127.963     9.29    5.58
  89347.398   131.574     9.62    5.34
  89722.792   134.145     6.85    4.06
  90098.111   136.286     5.70    3.35
  90473.355   136.190    -0.26    3.51
  90848.524   135.116    -2.86    3.49
  91223.618   135.190     0.20    3.55
  91598.637   136.111     2.46    4.05
  91973.581   139.036     7.80    5.27
  92348.450   142.911    10.34    5.35
  92723.245   145.831     7.79    4.91
  93097.965   148.309     6.61    3.99
  93472.610   150.280     5.26    4.43
  93847.180   152.241     5.23    4.60
  94221.676   153.985     4.66    4.82
  94596.097   156.501     6.72    5.36
  94970.444   159.185     7.17    4.25
  95344.716   160.617     3.83    3.32
  95718.914   162.258     4.38    2.78
  96093.037   163.937     4.49    4.19
  96467.086   167.007     8.21    6.36
  96841.061   171.097    10.94    6.91
  97214.961   173.583     6.65    6.57
  97588.787   174.974     3.72    6.36
  97962.539   176.347     3.67    5.65
  98336.217   177.044     1.86    4.81
  98709.821   177.974     2.49    4.16
  99083.351   179.358     3.70    3.40
  99456.807   181.213     4.97    4.06
  99830.188   183.858     7.08    4.96
 100203.496   186.892     8.13    4.56
 100576.730   189.635     7.35    3.83
 100949.890   193.952    11.57    6.85
 101322.977   198.909    13.29    8.31
 101695.989   206.593    20.60   12.28
 102068.928   214.658    21.62   14.24
 102441.793   226.066    30.59   21.24
 102814.585   240.333    38.27   24.23
 103187.303   254.887    39.05   23.89
 103559.948   267.683    34.34   14.21
 103932.519   269.085     3.76   11.65
 104305.016   263.419   -15.21   15.28
 104677.441   259.652   -10.11   13.07
 105049.791   263.264     9.70   13.91
 105422.069   274.606    30.46   19.92
 105794.273   289.707    40.57   20.33
 106166.404   302.729    34.99   16.34
 106538.462   310.914    22.00    9.18
 106910.447   309.100    -4.87   11.40
 107282.359   299.954   -24.59   17.79
 107654.197   286.411   -36.42   20.30
 108025.963   277.718   -23.38   20.37
 108397.655   274.673    -8.19   19.82
 108769.275   281.156    17.45   21.40
 109140.822   290.787    25.92   20.95
 109512.296   302.875    32.54   17.24
 109883.697   312.986    27.22   10.08
 110255.025   316.134     8.48    7.48
 110626.281   312.824    -8.91   10.85
 110997.464   304.336   -22.87   14.12
 111368.574   295.071   -24.96   14.61
 111739.612   284.608   -28.20   15.29
 112110.577   277.834   -18.26   12.26
 112481.470   277.164    -1.81   12.66
 112852.290   280.278     8.40   14.62
 113223.038   288.340    21.75   16.53
 113593.714   295.236    18.60   13.16
 113964.317   300.853    15.16    9.19
 114334.848   302.401     4.18    9.21
 114705.306   303.909     4.07    8.72
 115075.693   307.707    10.25    9.27
 115446.007   311.066     9.07    9.90
 115816.249   312.877     4.89   10.57
 116186.419   312.010    -2.34   11.46
 116556.517   308.891    -8.43   11.89
 116926.543   303.914   -13.45   10.95
 117296.497   299.932   -10.76   10.48
 117666.379   297.661    -6.14    8.29
 118036.189   299.429     4.78    9.27
 118405.928   305.074    15.27   11.48
 118775.594   314.007    24.16   14.69
 119145.189   325.123    30.07   15.40
 119514.712   336.574    30.99   16.63
 119884.164   344.861    22.43   16.54
 120253.544   362.616    48.06   33.51
 120622.852   383.925    57.70   43.66
 120992.089   407.201    63.03   45.01
 121361.254   433.276    70.63   34.99
 121730.348   438.996    15.50   35.12
 122099.370   432.074   -18.75   44.74
 122468.321   409.763   -60.47   56.32
 122837.201   383.695   -70.66   51.89
 123206.009   364.111   -53.10   45.59
 123574.746   360.359   -10.18   55.39
 123943.412   352.626   -20.97   64.60
 124312.007   343.022   -26.06   65.54
 124680.531   326.132   -45.83   62.41
 125048.983   304.907   -57.60   54.24
 125417.365   290.159   -40.03   44.77
 125785.675   279.452   -29.07   41.17
 126153.915   285.007    15.09   52.11
 126522.083   294.661    26.22   67.38
 126890.181   309.385    40.00   77.82
 127258.208   316.359    18.95   75.73
 127626.164   320.465    11.16   68.50
 127994.049   308.980   -31.22   61.32
 128361.864   290.298   -50.79   63.51
 128729.608   260.752   -80.34   57.98
 129097.281   238.925   -59.36   41.01
 129464.883   222.316   -45.18   13.50
 129832.415   222.863     1.49   14.44
 130199.877   234.125    30.65   21.36
 130567.268   253.070    51.56   33.42
 130934.589   278.706    69.79   40.61
 131301.839   308.185    80.26   42.95
 131669.019   339.562    85.44   35.70
 132036.128   358.775    52.33   33.65
 132403.168   368.109    25.43   37.88
 132770.137   378.044    27.07   46.19
 133137.036   384.052    16.37   53.72
 133503.864   392.320    22.54   51.92
 133870.623   384.775   -20.57   45.86
 134237.311   381.902    -7.83   36.44
 134603.930   376.606   -14.44   28.88
 134970.478   382.647    16.48   38.07
 135336.957   399.097    44.88   57.65
 135703.365   420.730    59.03   73.61
 136069.704   440.872    54.98   86.94
 136435.973   449.421    23.34   89.65
 136802.172   458.022    23.48   82.09
 137168.301   471.902    37.91   73.28
 137535.357   491.010    52.05   65.15
 137915.960   525.534    90.70   70.20
 138296.487   574.224   127.94   86.65
 138676.938   618.989   117.65   89.59
 139057.313   681.605   164.60   87.53
 139437.612   746.635   170.98   79.23
 139817.834   822.191   198.69  102.22
 140197.980   920.450   258.45  133.34
 140578.051  1016.096   251.63  131.56
 140958.045  1081.875   173.09   94.66
 141337.964  1081.442    -1.14   91.62
 141717.807  1041.393  -105.43  105.64
 142097.573  1009.741   -83.34  100.99
 142477.265   991.265   -48.66   89.57
 142856.880   981.437   -25.89   89.89
 143236.420   940.509  -107.83  107.15
 143615.884   872.974  -177.96  130.10
 143995.272   777.373  -251.96  143.07
 144374.585   679.617  -257.69  129.18
 144753.822   588.184  -241.07   94.75
 145132.984   542.288  -121.03   62.88
 145512.071   525.190   -45.10   49.00
 145891.082   535.994    28.50   60.99
 146270.018   591.650   146.86   87.86
 146648.879   655.258   167.88  113.41
 147027.664   735.775   212.54  107.38
 147406.374   775.451   104.75   81.61
 147785.009   762.695   -33.68  101.85
 148163.569   702.765  -158.29  131.34
 148542.054   625.252  -204.77  121.76
 148920.464   568.016  -151.24   80.18
 149298.798   564.114   -10.31   76.06
 149677.058   592.875    76.03   88.77
 150055.243   645.569   139.32  112.22
 150433.353   697.357   136.95  119.39
 150811.389   760.776   167.74  109.75
 151189.350   815.816   145.61   87.78
 151567.235   861.036   119.65   95.95
 151945.047   911.659   133.97   97.25
 152322.783   915.407     9.92   93.53
 152700.445   879.623   -94.74  113.55
 153078.033   794.468  -225.50  130.90
 153455.546   699.004  -252.85   95.76
 153832.985   647.264  -137.07   57.24
 154210.349   626.290   -55.57   59.24
 154587.639   625.639    -1.73   75.56
 154964.854   617.090   -22.66   88.12
 155341.996   587.991   -77.15   89.94
 155719.063   555.424   -86.36   80.53
 156096.056   513.116  -112.21   57.94
 156472.974   491.373   -57.68   35.44
 156849.819   503.166    31.29   50.98
 157226.590   549.614   123.26   76.06
 157603.286   589.511   105.90   63.98
 157979.909   605.017    41.17   58.76
 158356.457   595.945   -24.09   64.52
 158732.932   577.048   -50.19   69.13
 159109.333   576.370    -1.80   76.12
 159485.660   580.570    11.16   72.91
 159861.914   576.555   -10.67   66.78
 160238.094   531.934  -118.60   73.93
 160614.200   488.602  -115.20   59.78
 160990.232   459.991   -76.08   39.00
 161366.191   472.252    32.61   67.33
 161742.076   512.059   105.89   84.85
 162117.888   527.059    39.91   72.67
 162493.627   515.707   -30.21   75.50
 162869.291   477.207  -102.47   81.32
 163244.883   426.347  -135.39   54.51
 163620.401   395.587   -81.90   35.88
 163995.846   388.707   -18.32   32.99
 164371.218   407.423    49.85   56.66
 164746.517   440.236    87.42   64.94
 165121.742   464.032    63.41   54.58
 165496.895   472.695    23.09   52.39
 165871.974   469.820    -7.66   50.59
 166246.980   463.269   -17.47   42.18
 166621.913   464.622     3.61   37.98
 166996.774   476.651    32.09   39.26
 167371.561   493.309    44.44   47.50
 167746.276   514.742    57.19   57.27
 168120.917   544.602    79.69   59.51
 168495.486   574.871    80.80   52.67
 168869.983   594.957    53.63   47.78
 169244.406   605.965    29.40   39.70
 169618.757   614.634    23.15   32.79
 169993.035   629.033    38.47   39.56
 170367.241   658.514    78.77   53.23
 170741.374   691.918    89.27   60.27
 171115.435   712.189    54.19   63.10
 171489.423   731.895    52.68   64.45
 171863.339   755.411    62.88   71.57
 172237.183   782.359    72.07   74.20
 172610.954   806.201    63.78   62.67
 172984.653   798.752   -19.93   65.75
 173358.280   754.139  -119.39   90.48
 173731.835   684.859  -185.44   88.78
 174105.317   633.093  -138.59   66.30
 174478.727   604.109   -77.61   45.50
 174852.066   620.569    44.08   57.04
 175225.332   654.509    90.92   70.22
 175598.526   689.834    94.64   62.58
 175971.649   713.189    62.58   42.67
 176344.699   711.764    -3.82   32.53
 176717.678   699.635   -32.51   21.91
 177090.584   690.695   -23.97   16.72
 177463.420   685.914   -12.82   22.10
 177836.183   675.764   -27.23   31.75
 178208.874   655.858   -53.40   37.52
 178581.494   635.241   -55.32   37.91
 178954.043   606.951   -75.93   36.19
 179326.520   586.235   -55.61   37.52
 179698.925   564.071   -59.51   30.84
 180071.259   549.086   -40.24   25.98
 180443.521   538.489   -28.46   22.51
 180815.712   528.434   -27.01   20.91
 181187.831   515.706   -34.20   23.28
 181559.880   495.649   -53.90   33.44
 181931.857   474.682   -56.36   38.24
 182303.762   451.246   -63.01   39.40
 182675.597   429.767   -57.76   27.46
 183047.360   416.491   -35.71   21.17
 183419.053   406.950   -25.67   17.56
 183790.674   404.311    -7.10   17.48
 184162.224   404.084    -0.61   18.16
 184533.703   406.707     7.06   17.99
 184905.111   411.188    12.06   16.52
 185276.449   412.593     3.78   16.80
 185647.715   414.848     6.07   19.41
 186018.911   412.116    -7.36   21.38
 186390.036   407.009   -13.76   22.08
 186761.090   397.866   -24.64   20.31
 187132.073   391.396   -17.44   16.05
 187502.986   384.593   -18.34   10.00
 187873.828   381.525    -8.27    7.72
 188244.599   378.866    -7.17    8.75
 188615.300   376.025    -7.66    8.54
 188985.930   372.302   -10.04    6.37
 189356.490   372.224    -0.21    6.23
 189726.980   374.889     7.19    7.46
 190097.399   377.904     8.14    7.01
 190467.748   380.079     5.87    6.98
 190838.026   380.741     1.79    6.23
 191208.234   379.242    -4.05    6.15
 191578.372   378.845    -1.07    5.52
 191948.440   378.028    -2.21    3.91
 192318.438   378.707     1.83    3.09
 192688.365   378.928     0.60    3.77
 193058.222   378.986     0.16    5.30
 193428.010   378.157    -2.24    5.75
 193797.727   377.502    -1.77    5.25
 194167.375   375.694    -4.89    5.04
 194536.952   374.040    -4.47    7.82
 194906.460   372.622    -3.84    8.69
 195275.898   370.798    -4.94    6.64
 195645.266   371.318     1.41    6.39
 196014.564   375.626    11.66    9.05
 196383.792   380.753    13.88    9.68
 196752.951   383.241     6.74    8.99
 197122.041   381.036    -5.97   10.58
 197491.060   377.672    -9.12   11.64
 197860.010   377.764     0.25   12.79
 198228.891   380.417     7.19   14.81
 198597.702   381.765     3.65   15.15
 198966.443   380.939    -2.24   13.13
 199335.116   379.891    -2.84   12.91
 199703.718   380.827     2.54   17.96
 200072.252   388.218    20.05   28.12
 200440.716   396.767    23.20   36.34
 200809.111   397.400     1.72   36.49
 201177.437   399.108     4.64   33.10
 201545.694   407.090    21.67   28.60
 201913.881   419.897    34.78   30.67
 202282.000   435.343    41.95   26.16
 202650.049   443.730    22.78   19.80
 203018.029   444.823     2.97   14.30
 203385.941   441.625    -8.69   11.03
 203753.783   439.942    -4.58    7.34
 204121.557   438.877    -2.89    6.43
 204489.261   439.330     1.23    6.44
 204856.897   442.741     9.28    7.93
 205224.464   447.532    13.03    9.49
 205591.962   452.695    14.05   10.11
 205959.392   458.068    14.62   10.45
 206326.753   462.580    12.28    9.11
 206694.045   466.187     9.82    7.59
 207061.269   468.775     7.05    7.46
 207428.424   470.805     5.53    8.77
 207795.511   473.109     6.28    9.30
 208162.529   475.381     6.19   10.62
 208529.479   475.288    -0.25   11.67
 208896.360   474.335    -2.60   11.45
 209263.173   476.161     4.98   12.63
 209629.918   484.798    23.54   21.96
 209996.594   499.935    41.28   33.38
 210363.202   510.468    28.73   37.18
 210729.742   520.707    27.93   36.97
 211096.214   522.212     4.11   34.73
 211462.618   529.016    18.56   32.03
 211828.953   538.994    27.23   38.20
 212195.221   558.743    53.91   49.60
 212573.156   577.235    48.92   55.21
 212953.528   595.754    48.68   57.94
 213333.827   610.925    39.89   54.36
 213714.051   625.648    38.71   48.81
 214094.201   619.893   -15.14   41.11
 214474.278   606.075   -36.35   42.72
 214854.280   608.139     5.43   45.64
 215234.208   632.695    64.62   67.81
 215614.062   660.706    73.73   64.72
 215993.842   668.230    19.81   56.30
 216373.549   659.569   -22.81   59.82
 216753.181   634.509   -66.00   46.62
 217132.740   629.439   -13.35   36.26
 217512.225   650.775    56.21   51.39
 217891.637   674.309    62.02   63.79
 218270.974   698.968    65.00   70.61
 218650.238   703.243    11.27   69.31
 219029.429   704.707     3.86   64.71
 219408.546   698.281   -16.95   53.71
 219787.590   716.369    47.71   63.19
 220166.560   747.981    83.40   59.55
 220545.457   774.195    69.18   64.71
 220924.280   816.827   112.52   69.79
 221303.030   868.855   137.34   90.99
 221681.707   907.881   103.04   99.47
 222060.311   897.477   -27.48  114.22
 222438.841   887.624   -26.02  113.04
 222817.298   878.799   -23.32   89.70
 223195.683   890.200    30.13   79.61
 223573.994   905.730    41.04   72.03
 223952.232   904.366    -3.61   73.98
 224330.397   898.909   -14.43   64.57
 224708.489   919.276    53.86   73.12
 225086.509   956.672    98.91   81.22
 225464.455  1017.095   159.84   91.32
 225842.329  1059.424   112.00  102.59
 226220.130  1093.602    90.45  109.67
 226597.858  1116.429    60.42  101.37
 226975.514  1125.457    23.90   95.70
 227353.096  1110.349   -40.00   94.28
 227730.607  1076.288   -90.21  109.96
 228108.044  1037.731  -102.14  110.50
 228485.410   997.207  -107.37   79.13
 228862.703   967.568   -78.54   58.71
 229239.923   991.247    62.76   70.54
 229617.071  1024.743    88.80   66.66
 229994.146  1027.247     6.64   82.02
 230371.150  1022.931   -11.45  100.76
 230748.081  1010.125   -33.97  109.14
 231124.940   994.643   -41.07  126.76
 231501.726   972.241   -59.44  124.60
 231878.441   929.325  -113.90   97.88
 232255.083   898.833   -80.94   67.86
 232631.654   889.911   -23.69   68.05
 233008.152   890.346     1.16   87.86
 233384.578   887.875    -6.56   94.05
 233760.933   870.327   -46.62   87.98
 234137.215   851.346   -50.44   67.45
 234513.426   846.160   -13.78   46.72
 234889.565   845.513    -1.72   50.65
 235265.632   849.511    10.63   63.12
 235641.627   836.271   -35.21   67.43
 236017.551   813.349   -60.96   60.75
 236393.403   792.172   -56.33   49.64
 236769.183   790.218    -5.20   52.52
 237144.892   801.236    29.32   61.68
 237520.530   805.304    10.83   52.67
 237896.096   800.741   -12.15   38.82
 238271.590   777.827   -61.01   35.48
 238647.013   754.448   -62.26   26.24
 239022.365   742.009   -33.13   15.38
 239397.645   734.248   -20.68    9.68
 239772.854   731.590    -7.08   10.06
 240147.992   724.787   -18.13   13.91
 240523.058   728.863    10.86   19.62
 240898.054   753.707    66.24   40.46
 241272.978   784.032    80.87   51.50
 241647.831   809.153    67.00   39.81
 242022.614   818.968    26.18   27.34
 242397.325   819.189     0.59   26.98
 242771.965   825.393    16.56   39.92
 243146.534   853.753    75.70   65.00
 243521.033   888.148    91.83   75.37
 243895.461   937.777   132.52   85.36
 244269.817   988.260   134.83   79.40
 244644.103  1004.247    42.70   67.44
 245018.319   999.087   -13.79   73.08
 245392.463   955.883  -115.45   88.60
 245766.537   899.044  -151.92   73.46
 246140.541   849.614  -132.14   44.61
 246514.474   825.076   -65.61   22.68
 246888.336   817.218   -21.01   10.70
 247262.128   820.671     9.24   14.57
 247635.849   834.994    38.32   22.15
 248009.500   847.118    32.44   24.91
 248383.081   854.318    19.27   24.54
 248756.591   861.309    18.71   22.61
 249130.031   869.346    21.52   29.74
 249503.401   882.986    36.52   39.63
 249876.701   902.518    52.31   42.59
 250249.930   915.790    35.55   36.58
 250623.090   906.648   -24.49   48.36
 250996.179   878.608   -75.14   49.85
 251369.198   857.012   -57.88   39.33
 251742.147   849.974   -18.87   25.10
 252115.026   863.183    35.42   28.89
 252487.836   879.260    43.12   30.51
 252860.575   902.506    62.35   32.51
 253233.245   922.706    54.19   38.53
 253605.844   938.827    43.26   41.28
 253978.374   953.800    40.18   49.63
 254350.835   967.381    36.46   58.03
 254723.225   970.754     9.06   58.17
 255095.546   972.921     5.82   53.93
 255467.797   985.914    34.90   56.38
 255839.979   998.694    34.33   55.37
 256212.091  1015.337    44.72   51.69
 256584.134  1034.511    51.53   52.97
 256956.107  1044.909    27.95   61.77
 257328.011  1053.887    24.14   60.63
 257699.845  1044.090   -26.34   65.18
 258071.610  1017.483   -71.56   72.60
 258443.306   972.441  -121.15   56.43
 258814.933   936.048   -97.91   42.16
 259186.490   908.871   -73.13   30.18
 259557.978   886.340   -60.64   20.37
 259929.397   874.358   -32.25   16.61
 260300.747   868.021   -17.06   11.48
 260672.027   869.300     3.44   12.17
 261043.239   874.133    13.02   11.88
 261414.382   879.218    13.70   10.46
 261785.456   884.706    14.79   14.89
 262156.460   898.350    36.77   32.48
 262527.396   920.622    60.03   52.86
 262898.263   951.625    83.58   74.39
 263269.062   981.792    81.34   80.56
 263639.791   998.393    44.77   75.47
 264010.452  1004.928    17.63   62.53
 264381.044   998.165   -18.24   41.77
 264751.568  1002.331    11.24   29.55
 265122.022  1015.218    34.78   30.63
 265492.409  1028.368    35.50   26.45
 265862.726  1035.451    19.12   23.14
 266232.976  1041.335    15.89   21.93
 266603.157  1041.509     0.47   20.99
 266973.269  1039.243    -6.12   16.70
 267343.313  1031.927   -19.76   20.55
 267713.288  1020.068   -32.05   26.88
 268083.196  1008.661   -30.83   27.86
 268453.035  1002.646   -16.26   24.95
 268822.806  1015.836    35.66   39.23
 269192.508  1046.031    81.66   56.66
 269562.143  1096.813   137.36   85.07
 269931.709  1167.114   190.18  120.33
 270301.207  1237.248   189.77  129.62
 270670.637  1291.851   147.77  131.88
 271040.000  1319.009    73.51  117.75
 271409.294  1302.012   -46.01   99.78
 271778.520  1249.477  -142.25   95.20
 272147.678  1196.918  -142.35   75.21
 272516.769  1144.416  -142.22   55.71
 272885.792  1109.893   -93.53   47.20
 273254.746  1076.150   -91.43   40.65
 273623.634  1042.742   -90.55   54.55
 273992.453  1005.756  -100.26   47.63
 274361.205   993.801   -32.41   40.25
 274729.889   994.832     2.80   38.30
 275098.506  1006.393    31.36   39.69
 275467.055  1008.456     5.60   36.68
 275835.536   993.295   -41.14   37.14
 276203.950   981.682   -31.51   40.64
 276572.296   988.353    18.11   46.17
 276940.576  1007.607    52.27   51.67
 277308.787  1021.909    38.83   49.29
 277676.932  1033.361    31.10   41.13
 278045.009  1031.995    -3.71   51.19
 278413.019  1002.968   -78.86   73.57
 278780.961   952.902  -136.04   75.06
 279148.837   924.635   -76.82   57.56
 279516.645   912.816   -32.13   54.17
 279884.386   910.883    -5.25   52.20
 280252.060   914.778    10.59   52.38
 280619.667   916.707     5.24   48.84
 280987.207   918.187     4.03   41.09
 281354.680   932.224    38.19   37.15
 281722.086   930.781    -3.93   43.27
 282089.425   899.230   -85.87   66.46
 282456.698   853.706  -123.92   70.47
 282823.903   807.614  -125.49   63.83
 283191.042   784.018   -64.25   51.88
 283558.114   832.965   133.32  108.05
 283925.119   912.381   216.34  132.69
 284292.058  1002.846   246.49  102.87
 284658.930  1057.157   148.01   51.78
 285025.735  1067.834    29.10   29.51
 285392.474  1060.718   -19.40   29.37
 285759.146  1056.790   -10.71   39.50
 286125.752  1045.330   -31.25   39.44
 286492.291  1029.489   -43.21   28.75
 286858.764  1017.074   -33.87   20.51
 287233.332  1008.218   -23.64   21.75
 287613.552   999.575   -22.73   19.63
 287993.699   987.755   -31.09   11.65
 288373.775   985.875    -4.95   18.24
 288753.778   987.097     3.22   30.57
 289133.709   986.610    -1.28   38.04
 289513.568   974.790   -31.11   46.89
 289893.355   952.230   -59.39   54.60
 290273.070   920.218   -84.29   57.07
 290652.714   893.681   -69.89   43.04
 291032.285   900.451    17.83   48.51
 291411.784   938.518   100.29   57.58
 291791.212   989.506   134.35   53.32
 292170.568  1033.539   116.04   41.95
 292549.852  1072.506   102.72   40.94
 292929.064  1108.525    94.96   35.27
 293308.205  1132.893    64.25   29.68
 293687.274  1140.027    18.82   31.59
 294066.271  1124.873   -39.97   47.88
 294445.197  1090.092   -91.77   59.09
 294824.051  1053.381   -96.88   49.16
 295202.834  1032.790   -54.35   31.77
 295581.546  1044.989    32.20   46.05
 295960.186  1084.897   105.37   66.91
 296338.755  1136.052   135.10   65.77
 296717.252  1177.516   109.52   38.97
 297095.678  1189.682    32.14   33.59
 297474.033  1188.833    -2.24   35.46
 297852.317  1188.817    -0.04   30.32
 298230.530  1203.182    37.97   29.50
 298608.671  1222.465    50.98   26.27
 298986.742  1238.424    42.20   19.88
 299364.741  1240.321     5.02   29.17
 299742.670  1217.848   -59.45   54.64
 300120.527  1189.516   -74.96   60.27
 300498.314  1159.848   -78.51   54.54
 300876.030  1144.393   -40.91   39.40
 301253.675  1161.224    44.56   57.57
 301631.249  1196.866    94.38   88.75
 302008.753  1252.135   146.37  118.27
 302386.185  1310.377   154.27  131.52
 302763.547  1349.516   103.69  140.38
 303140.839  1405.047   147.15  144.78
 303518.060  1451.893   124.16  157.50
 303895.210  1538.742   230.22  186.36
 304272.290  1612.562   195.72  205.19
 304649.299  1715.873   273.96  216.78
 305026.238  1760.389   118.07  211.69
 305403.107  1773.389    34.49  182.56
 305779.905  1770.993    -6.36  145.90
 306156.633  1755.444   -41.26  115.16
 306533.290  1741.340   -37.44   97.56
 306909.878  1743.032     4.49   84.28
 307286.395  1765.531    59.74   72.22
 307662.842  1735.743   -79.11   97.18
 308039.219  1672.933  -166.84  130.11
 308415.526  1629.259  -116.03  130.88
 308791.763  1626.161    -8.23  146.50
 309167.929  1703.980   206.82  162.56
 309544.026  1803.693   265.06  143.24
 309920.053  1809.859    16.39  156.06
 310296.010  1759.885  -132.89  150.81
 310671.897  1755.983   -10.38  128.64
 311047.715  1755.364    -1.65  105.17
 311423.462  1772.071    44.45  104.23
 311799.140  1804.508    86.32  110.34
 312174.749  1832.956    75.72  117.97
 312550.287  1855.893    61.06  123.49
 312925.756  1862.646    17.98  116.43
 313301.156  1822.778  -106.18  125.67
 313676.485  1745.542  -205.73  159.37
 314051.746  1638.781  -284.43  156.67
 314426.937  1545.634  -248.20  127.97
 314802.058  1478.813  -178.09  100.13
 315177.110  1459.506   -51.47  109.74
 315552.093  1467.335    20.87  150.10
 315927.007  1507.236   106.40  189.30
 316301.851  1559.622   139.72  180.16
 316676.626  1568.935    24.84  154.39
 317051.332  1521.499  -126.56  158.27
 317425.969  1454.625  -178.46  156.60
 317800.536  1372.584  -218.97  125.99
 318175.035  1311.525  -163.00  118.60
 318549.464  1249.839  -164.71  110.60
 318923.825  1199.753  -133.76   90.72
 319298.116  1163.755   -96.15   66.57
 319672.339  1154.121   -25.74   51.35
 320046.492  1167.052    34.55   55.04
 320420.577  1190.043    61.45   51.10
 320794.593  1214.778    66.12   33.25
 321168.541  1212.950    -4.89   32.20
 321542.419  1166.968  -122.95   80.28
 321916.229  1101.999  -173.76  103.16
 322289.970  1027.068  -200.44   93.43
 322663.643   964.508  -167.37   57.46
 323037.247   916.779  -127.72   41.21
 323410.782   884.121   -87.41   40.04
 323784.249   857.959   -70.03   34.81
 324157.648   851.535   -17.20   39.44
 324530.978   876.377    66.52   69.72
 324904.240   902.608    70.26   71.33
 325277.433   938.897    97.21   68.87
 325650.558   965.560    71.44   58.72
 326023.615   983.935    49.24   57.42
 326396.603  1012.014    75.26   62.08
 326769.524  1062.283   134.76   89.46
 327142.376  1115.923   143.83  100.79
 327515.160  1176.188   161.62   72.94
 327887.876  1190.916    39.50   51.97
 328260.524  1167.165   -63.72   66.21
 328633.104  1120.492  -125.24   62.72
 329005.616  1072.885  -127.77   55.56
 329378.059  1041.644   -83.86   55.22
 329750.436  1009.171   -87.18   50.35
 330122.744   985.965   -62.31   36.33
 330494.984   966.266   -52.91   29.61
 330867.157   950.879   -41.33   20.50
 331239.261   949.278    -4.30   30.62
 331611.298   961.218    32.09   46.01
 331983.268   975.790    39.16   51.06
 332355.170   989.887    37.90   51.96
 332727.004   985.302   -12.33   52.85
 333098.770   962.337   -61.75   59.86
 333470.469   924.477  -101.83   64.56
 333842.101   899.393   -67.48   41.35
 334213.665   910.056    28.69   54.92
 334585.162   938.992    77.87   70.39
 334956.591   982.694   117.63   69.56
 335327.953  1024.815   113.39   72.62
 335699.247  1054.815    80.78   67.88
 336070.475  1079.278    65.88   61.41
 336441.635  1089.194    26.71   53.57
 336812.728  1079.766   -25.40   53.28
 337183.753  1058.465   -57.40   52.89
 337554.712  1030.092   -76.47   58.26
 337925.604   992.425  -101.53   65.35
 338296.428   970.935   -57.94   60.39
 338667.185   953.230   -47.74   60.51
 339037.876   943.438   -26.41   73.17
 339408.499   914.298   -78.60   79.74
 339779.056   879.153   -94.82   70.59
 340149.546   834.068  -121.66   55.19
 340519.968   802.206   -85.99   42.58
 340890.324   781.052   -57.10   31.32
 341260.614   775.451   -15.12   28.28
 341630.836   783.187    20.89   40.17
 342000.992   790.095    18.66   45.99
