# NaN NaN NaN ;Mean Elev.(m), Avg Gradient(m/km), RMS Gradient(m/km) - SRTM1     
#  -12.665  -9.023  19.891 ;Mean Elev.(m), Avg Gradient(m/km), RMS Gradient(m/km) - ASTER GDEM
#    7.482  -7.332  19.971 ;Mean Elev.(m), Avg Gradient(m/km), RMS Gradient(m/km) - GMTED2010 
  7    21.931 52452.43074498 16.65 153.820290  67.477156 30.115
  7    19.747 52452.43074563 16.95 153.816720  67.480206 30.115
  7    17.895 52452.43074627 16.55 153.813140  67.483266 30.115
  7    18.437 52452.43074692 16.13 153.809570  67.486326 30.115
  7    18.678 52452.43074756 17.06 153.805990  67.489386 30.115
  7    19.484 52452.43074821 21.22 153.802420  67.492436 30.115
  8    19.691 52487.43072551 24.50 153.833983  67.476461 22.825
  8    15.367 52487.43072615 18.86 153.830413  67.479521 22.825
  8    14.484 52487.43072680 19.78 153.826843  67.482571 22.825
  8    15.171 52487.43072744 17.25 153.823263  67.485631 22.825
  8    14.538 52487.43072809 17.53 153.819693  67.488691 22.825
  8    19.227 52487.43072873 16.52 153.816113  67.491751 22.825
 10     8.702 52557.43074812 37.57 153.814009  67.477703 21.427
 10     8.641 52557.43074877 49.14 153.810439  67.480763 21.427
 10     8.779 52557.43074941 49.11 153.806859  67.483823 21.427
 10     8.579 52557.43075005 37.97 153.803289  67.486883 21.427
 10     8.903 52557.43075070 42.81 153.799709  67.489933 21.427
 11     8.710 52592.43074414 27.61 153.822144  67.478712  8.392
 11     8.657 52592.43074478 30.88 153.818574  67.481762  8.392
 11     8.546 52592.43074543 28.90 153.815004  67.484822  8.392
 11     8.617 52592.43074607 27.32 153.811424  67.487882  8.392
 11     8.843 52592.43074672 26.46 153.807854  67.490942  8.392
 12    16.113 52627.43066236 21.43 153.819206  67.477565  4.951
 12    12.960 52627.43066300 22.23 153.815626  67.480615  4.951
 12    12.546 52627.43066364 21.30 153.812056  67.483675  4.951
 12    13.612 52627.43066429 22.70 153.808476  67.486735  4.951
 12    15.105 52627.43066493 21.87 153.804896  67.489785  4.951
 13    12.328 52662.43070706 19.20 153.825464  67.478696  3.514
 13    12.667 52662.43070771 19.49 153.821894  67.481756  3.514
 13    14.830 52662.43070835 19.75 153.818314  67.484806  3.514
 13    11.054 52662.43070900 19.98 153.814744  67.487866  3.514
 13    14.751 52662.43070964 19.73 153.811164  67.490926  3.514
 14    13.499 52697.43068438 19.48 153.810658  67.478928  3.220
 14    12.643 52697.43068502 19.76 153.807078  67.481978  3.220
 14    14.157 52697.43068567 19.70 153.803508  67.485038  3.220
 14    11.158 52697.43068631 19.39 153.799928  67.488098  3.220
 14    11.962 52697.43068696 19.33 153.796348  67.491148  3.220
 15    11.519 52732.43070556 17.92 153.838148  67.476913  2.710
 15    11.667 52732.43070620 18.57 153.834568  67.479973  2.710
 15    12.744 52732.43070685 18.09 153.830998  67.483023  2.710
 15    13.346 52732.43070749 19.05 153.827428  67.486083  2.710
 15    15.447 52732.43070814 19.13 153.823848  67.489143  2.710
 17    17.330 52802.43072667 37.87 153.809271  67.478305 15.115
 17    17.601 52802.43072731 35.66 153.805691  67.481355 15.115
 17    16.970 52802.43072796 34.50 153.802111  67.484415 15.115
 17    16.679 52802.43072860 33.97 153.798541  67.487475 15.115
 17    16.627 52802.43072925 33.38 153.794961  67.490525 15.115
 18    10.144 52837.43079142 49.16 153.817382  67.478468 28.409
 18    10.164 52837.43079206 43.09 153.813802  67.481528 28.409
 18    10.228 52837.43079271 38.70 153.810232  67.484588 28.409
 18    10.282 52837.43079335 47.40 153.806652  67.487638 28.409
 18    10.443 52837.43079400 49.85 153.803072  67.490698 28.409
 19     8.874 52872.43083146 24.29 153.823019  67.478292 32.648
 19     8.910 52872.43083211 24.18 153.819449  67.481352 32.648
 19     9.118 52872.43083275 30.14 153.815869  67.484412 32.648
 19     9.312 52872.43083340 33.50 153.812299  67.487472 32.648
 19     9.000 52872.43083404 47.38 153.808719  67.490522 32.648
 20     9.027 52907.43081980 22.69 153.833952  67.478339 37.300
 20     9.119 52907.43082044 27.77 153.830382  67.481389 37.300
 20     9.335 52907.43082109 30.52 153.826812  67.484449 37.300
 20     9.691 52907.43082173 41.05 153.823232  67.487509 37.300
 20     9.178 52907.43082238 51.03 153.819662  67.490569 37.300
 21   300.772 52942.43074798 40.90 153.815304  67.477939 10.305
 21   300.767 52942.43074863 48.09 153.811734  67.480999 10.305
 21   301.034 52942.43074927 27.75 153.808154  67.484059 10.305
 21   302.390 52942.43074992 23.24 153.804574  67.487109 10.305
 21   301.376 52942.43075056 24.71 153.801004  67.490169 10.305
 23    12.456 53012.43080439 19.41 153.826388  67.479007  3.683
 23    12.678 53012.43080503 18.22 153.822808  67.482067  3.683
 23    10.791 53012.43080568 19.13 153.819238  67.485127  3.683
 23    13.243 53012.43080632 19.07 153.815668  67.488177  3.683
 23    12.220 53012.43080697 18.70 153.812088  67.491237  3.683
 24    13.927 53047.43077219 18.85 153.813352  67.478171  3.068
 24    13.312 53047.43077284 18.42 153.809782  67.481231  3.068
 24    12.184 53047.43077348 18.40 153.806202  67.484291  3.068
 24    14.151 53047.43077413 17.85 153.802632  67.487351  3.068
 24    14.612 53047.43077477 18.01 153.799052  67.490401  3.068
 25    13.365 53082.43080644 17.91 153.825692  67.476828  3.285
 25    12.618 53082.43080708 18.18 153.822122  67.479888  3.285
 25    11.981 53082.43080772 18.28 153.818552  67.482948  3.285
 25    10.608 53082.43080837 18.29 153.814972  67.485998  3.285
 25    10.523 53082.43080901 17.85 153.811402  67.489058  3.285
 25     9.162 53082.43080966 19.14 153.807822  67.492118  3.285
 26    14.239 53117.43077761 16.05 153.810480  67.478455  3.317
 26    13.424 53117.43077825 16.64 153.806900  67.481515  3.317
 26    13.002 53117.43077890 16.58 153.803330  67.484565  3.317
 26    13.856 53117.43077954 15.11 153.799750  67.487625  3.317
 26    12.350 53117.43078019 15.66 153.796170  67.490685  3.317
 27    15.572 53152.43082714 24.75 153.814964  67.480072 16.333
 27    29.623 53152.43082779 27.12 153.811384  67.483122 16.333
 27    23.119 53152.43082843 28.11 153.807814  67.486182 16.333
 27    19.536 53152.43082908 28.48 153.804234  67.489242 16.333
 27    18.517 53152.43082972 25.91 153.800664  67.492292 16.333
 29    18.601 53222.43083509 14.66 153.833722  67.477664 22.651
 29    17.244 53222.43083573 15.42 153.830152  67.480724 22.651
 29    16.223 53222.43083638 15.71 153.826582  67.483784 22.651
 29    16.632 53222.43083702 15.90 153.823002  67.486834 22.651
 29    17.611 53222.43083767 15.09 153.819432  67.489894 22.651
 30    17.950 53257.43081072 19.07 153.836982  67.476420 24.119
 30    11.468 53257.43081136 21.89 153.833412  67.479480 24.119
 30    11.470 53257.43081200 24.48 153.829842  67.482540 24.119
 30    15.900 53257.43081265 29.32 153.826262  67.485600 24.119
 30    13.452 53257.43081329 34.95 153.822692  67.488650 24.119
 30    12.501 53257.43081394 36.80 153.819122  67.491710 24.119
 31    10.455 53292.43082986 36.72 153.806577  67.477384 18.839
 31    10.613 53292.43083050 36.56 153.802997  67.480434 18.839
 31    10.602 53292.43083115 37.21 153.799424  67.483494 17.912
 31    10.654 53292.43083179 42.71 153.795854  67.486554 17.912
 31    10.625 53292.43083244 39.15 153.792274  67.489614 17.912
 32    -2.053 53327.43080355 22.17 153.829707  67.479150  8.488
 32    -1.976 53327.43080419 22.22 153.826137  67.482210  8.488
 32    -1.954 53327.43080484 22.00 153.822557  67.485270  8.488
 32    -0.310 53327.43080548 19.77 153.818980  67.488324  4.208
 32     3.490 53327.43080613 18.88 153.815410  67.491384  4.208
 33    13.185 53362.43075804 17.08 153.841230  67.477275  5.099
 33    12.334 53362.43075869 18.12 153.837660  67.480335  5.099
 33    12.773 53362.43075933 17.92 153.834090  67.483385  5.099
 33    14.658 53362.43075998 17.14 153.830520  67.486445  5.099
 33    15.656 53362.43076062 16.01 153.826940  67.489505  5.099
 34    13.875 53397.43078014 16.60 153.816591  67.477368  6.001
 34    13.349 53397.43078079 15.71 153.813021  67.480428  6.001
 34    13.865 53397.43078143 16.19 153.809441  67.483478  6.001
 34    11.478 53397.43078208 15.96 153.805861  67.486538  2.893
 34    14.147 53397.43078272 15.56 153.802291  67.489598  2.893
 34    16.559 53397.43078337 14.68 153.798711  67.492658  2.893
 35    12.886 53432.43077114 15.93 153.838468  67.478679  3.689
 35    11.815 53432.43077178 15.83 153.834898  67.481729  3.689
 35    13.514 53432.43077243 15.37 153.831328  67.484789  3.689
 35    14.850 53432.43077307 14.82 153.827758  67.487849  3.689
 35    15.675 53432.43077371 14.60 153.824180  67.490906  2.729
 36    14.002 53467.43080787 14.70 153.810509  67.479659  3.559
 36    13.514 53467.43080851 14.51 153.806939  67.482718  3.245
 36    13.724 53467.43080916 14.60 153.803359  67.485778  3.245
 36    11.646 53467.43080980 14.39 153.799789  67.488838  3.245
 36    10.928 53467.43081045 14.66 153.796209  67.491888  3.245
 37     9.166 53502.43085985 29.21 153.817694  67.480736  7.985
 37    10.092 53502.43086049 27.22 153.814114  67.483796  7.985
 37    11.037 53502.43086114 26.97 153.810539  67.486852 12.403
 37    11.354 53502.43086178 26.10 153.806969  67.489912 12.403
 38     9.654 53537.43085238 25.80 153.827758  67.478937 30.678
 38    10.012 53537.43085302 32.16 153.824188  67.481997 30.678
 38    10.290 53537.43085367 36.56 153.820618  67.485055 35.815
 38    10.604 53537.43085431 39.27 153.817038  67.488115 35.815
 38    10.664 53537.43085496 51.05 153.813458  67.491165 35.815
 40    18.925 53607.43080390 14.59 153.844435  67.476124 13.423
 40    18.508 53607.43080455 15.52 153.840865  67.479184 13.423
 40    17.549 53607.43080519 15.35 153.837295  67.482244 13.423
 40    16.889 53607.43080584 16.07 153.833725  67.485294 13.423
 40    17.749 53607.43080648 15.92 153.830155  67.488354 13.423
 40    14.339 53607.43080713 29.89 153.826585  67.491414 13.423
 41     9.330 53642.43080654 49.18 153.807901  67.480246 28.728
 41     9.357 53642.43080719 50.24 153.804331  67.483296 28.728
 41     9.421 53642.43080783 48.73 153.800747  67.486355 33.316
 41     9.617 53642.43080848 40.93 153.797167  67.489415 33.316
 41     9.444 53642.43080912 50.09 153.793597  67.492475 33.316
 42     8.324 53677.43082432 29.29 153.823057  67.476926 13.558
 42     8.418 53677.43082497 33.15 153.819487  67.479986 13.558
 42     8.471 53677.43082561 35.24 153.815907  67.483046 13.558
 42     8.327 53677.43082626 27.42 153.812337  67.486106 13.558
 42    15.843 53677.43082690 24.77 153.808761  67.489159  5.441
 42    16.772 53677.43082755 22.88 153.805181  67.492219  5.441
 43     8.148 53712.43075274 29.07 153.843766  67.477183 10.380
 43     8.205 53712.43075339 31.18 153.840186  67.480243 10.380
 43     8.125 53712.43075403 29.92 153.836616  67.483293 10.380
 43     8.032 53712.43075468 28.94 153.833046  67.486353 10.380
 43     8.109 53712.43075532 24.21 153.829476  67.489413 10.380
 44    15.830 53747.43066621 20.68 153.810968  67.478045  5.809
 44    13.566 53747.43066686 20.42 153.807388  67.481105  5.809
 44    14.730 53747.43066750 20.02 153.803818  67.484155  5.809
 44    11.156 53747.43066815 20.43 153.800234  67.487210  3.511
 44    14.981 53747.43066879 18.52 153.796654  67.490270  3.511
 45    16.654 53782.43069645 17.53 153.833167  67.477422  4.236
 45    15.962 53782.43069709 17.75 153.829587  67.480472  4.236
 45    15.016 53782.43069773 17.10 153.826017  67.483532  4.236
 45    15.507 53782.43069838 17.00 153.822447  67.486592  4.236
 45    15.894 53782.43069902 17.02 153.818867  67.489652  4.236
 46    14.294 53817.43066112 18.19 153.850894  67.477314  3.602
 46    14.064 53817.43066176 18.12 153.847324  67.480374  3.602
 46    14.267 53817.43066241 17.97 153.843754  67.483434  3.602
 46    15.319 53817.43066305 17.65 153.840174  67.486484  3.602
 46    15.979 53817.43066370 17.21 153.836604  67.489544  3.602
 47    15.542 53852.43073566 17.63 153.811463  67.478008  4.265
 47    13.652 53852.43073630 17.09 153.807883  67.481058  4.265
 47    13.985 53852.43073695 16.97 153.804313  67.484118  4.265
 47    14.920 53852.43073759 16.55 153.800733  67.487178  4.265
 47    16.348 53852.43073824 16.23 153.797153  67.490228  4.265
 48    18.562 53887.43074138 18.59 153.831704  67.478769  7.161
 48    18.170 53887.43074202 18.57 153.828124  67.481829  7.161
 48    18.124 53887.43074267 17.84 153.824553  67.484883 24.801
 48    19.210 53887.43074331 18.23 153.820983  67.487943 24.801
 48    20.837 53887.43074396 18.80 153.817403  67.490993 24.801
 49    11.742 53922.43081521 47.51 153.801158  67.489236 16.432
 49    12.764 53922.43081585 45.22 153.797583  67.492289 29.924
 50    12.402 53957.43080730 19.85 153.821016  67.479548 14.249
 50    12.334 53957.43080794 20.78 153.817446  67.482608 14.249
 50    12.496 53957.43080859 25.62 153.813876  67.485658 14.249
 50    12.452 53957.43080923 24.94 153.810296  67.488718 14.249
 50    12.297 53957.43080988 23.65 153.806716  67.491778 14.249
 52    10.567 54027.43079474 33.40 153.812859  67.479836  9.795
 52     9.279 54027.43079538 28.30 153.809279  67.482896  9.795
 52     8.952 54027.43079603 30.07 153.805709  67.485956  9.795
 52     9.047 54027.43079667 31.89 153.802129  67.489016  9.795
 52     8.958 54027.43079732 41.92 153.798549  67.492066  9.795
 53     8.696 54062.43078733 28.07 153.833101  67.478120  9.089
 53     8.537 54062.43078798 37.67 153.829531  67.481180  9.089
 53     8.343 54062.43078862 31.59 153.825961  67.484240  9.089
 53    14.722 54062.43078926 19.87 153.822381  67.487290  9.089
 53    16.486 54062.43078991 17.39 153.818811  67.490350  9.089
 55    14.013 54132.43071024 15.56 153.813122  67.477467  5.783
 55    13.812 54132.43071088 15.78 153.809552  67.480527  5.783
 55    13.781 54132.43071153 15.57 153.805972  67.483587  5.783
 55    12.016 54132.43071217 15.37 153.802392  67.486647  5.783
 55    12.890 54132.43071282 14.89 153.798822  67.489697  5.783
 55    15.128 54132.43071346 14.81 153.795239  67.492753  2.469
 56    13.886 54167.43073093 14.16 153.833389  67.478078  4.663
 56    14.633 54167.43073158 13.52 153.829809  67.481138  4.663
 56    14.631 54167.43073222 14.37 153.826239  67.484198  4.663
 56    15.016 54167.43073287 13.41 153.822669  67.487248  4.663
 56    16.033 54167.43073351 12.75 153.819089  67.490308  4.663
 57    14.942 54202.43071380 11.76 153.814086  67.478379  4.386
 57    13.998 54202.43071445 11.67 153.810506  67.481429  4.386
 57    15.226 54202.43071509 11.81 153.806936  67.484489  4.386
 57    13.127 54202.43071574 11.75 153.803356  67.487549  4.386
 57    16.298 54202.43071638 11.34 153.799776  67.490599  4.386
 58    10.142 54237.43074925 37.91 153.823627  67.478536 27.818
 58    10.013 54237.43074990 34.14 153.820057  67.481596 27.818
 58    10.235 54237.43075054 43.52 153.816477  67.484646 27.818
 58    10.156 54237.43075119 43.46 153.812907  67.487706 27.818
 58    10.485 54237.43075183 37.69 153.809327  67.490766 27.818
 60    11.578 54307.43077078 23.10 153.823272  67.479516 24.042
 60    11.422 54307.43077143 24.78 153.819702  67.482576 24.042
 60    12.183 54307.43077207 23.36 153.816122  67.485626 24.042
 60    12.328 54307.43077272 29.02 153.812552  67.488686 24.042
 60    12.442 54307.43077336 32.04 153.808972  67.491746 24.042
 62    10.725 54377.43070599 47.43 153.817982  67.479182 28.989
 62    10.774 54377.43070664 53.63 153.814412  67.482242 28.989
 62    10.787 54377.43070728 40.69 153.810832  67.485292 28.989
 62    10.850 54377.43070793 46.88 153.807262  67.488352 28.989
 62    10.921 54377.43070857 52.00 153.803682  67.491412 28.989
 63     8.718 54412.43069746 31.01 153.828172  67.478567  9.698
 63     8.634 54412.43069811 38.01 153.824592  67.481627  9.698
 63     8.513 54412.43069875 31.77 153.821022  67.484687  9.698
 63     8.610 54412.43069940 28.12 153.817442  67.487737  9.698
 63     8.951 54412.43070004 29.59 153.813872  67.490797  9.698
 66    13.743 54517.43068537 14.96 153.814683  67.479260  5.141
 66    13.016 54517.43068602 15.35 153.811103  67.482320  5.141
 66    13.545 54517.43068666 15.21 153.807533  67.485370  5.141
 66    11.936 54517.43068731 15.80 153.803953  67.488430  5.141
 66    12.853 54517.43068795 14.34 153.800373  67.491490  5.141
 67    12.524 54552.43070250 16.07 153.834818  67.478707  3.750
 67    11.501 54552.43070315 15.91 153.831238  67.481767  3.750
 67    10.477 54552.43070379 16.32 153.827668  67.484817  3.750
 67    15.070 54552.43070444 15.67 153.824098  67.487877  3.750
 67    14.006 54552.43070508 15.21 153.820518  67.490937  3.750
 68    18.381 54587.43068074  5.83 153.822805  67.477713  2.231
 68    17.723 54587.43068138  5.68 153.819235  67.480773  2.231
 68    17.438 54587.43068203  5.87 153.815655  67.483833  2.231
 68    16.696 54587.43068267  5.54 153.812085  67.486893  2.231
 68    16.358 54587.43068332  5.74 153.808505  67.489943  2.231
 70    38.562 54657.43070908 14.65 153.821204  67.481366 11.296
 70    18.431 54657.43070972 14.81 153.817634  67.484426 11.296
 70    18.332 54657.43071037 14.36 153.814054  67.487486 11.296
 70    19.027 54657.43071101 15.03 153.810484  67.490546 11.296
 71    11.201 54692.43069142 22.34 153.830357  67.479250 33.007
 71    11.146 54692.43069207 27.63 153.826777  67.482310 33.007
 71    11.338 54692.43069271 34.78 153.823207  67.485370 33.007
 71    11.359 54692.43069336 41.58 153.819627  67.488420 33.007
 71    11.347 54692.43069400 46.54 153.816057  67.491480 33.007
 72    19.630 54727.43066175 14.93 153.815356  67.479831 20.252
 72    16.598 54727.43066240 14.95 153.811776  67.482891 20.252
 72    16.091 54727.43066304 15.79 153.808206  67.485951 20.252
 72    18.301 54727.43066369 15.98 153.804626  67.489001 20.252
 72    19.495 54727.43066433 16.67 153.801046  67.492061 20.252
 73     9.752 54762.43066878 33.93 153.824576  67.479563 17.720
 73     9.773 54762.43066942 37.81 153.821006  67.482623 17.720
 73     9.741 54762.43067007 33.61 153.817426  67.485673 17.720
 73     9.715 54762.43067071 29.42 153.813856  67.488733 17.720
 73     9.913 54762.43067136 34.39 153.810276  67.491793 17.720
 74    16.605 54797.43065458 22.71 153.811423  67.477436  7.726
 74    13.459 54797.43065523 22.77 153.807843  67.480496  7.726
 74    11.312 54797.43065587 23.92 153.804273  67.483546  7.726
 74    11.240 54797.43065652 24.22 153.800693  67.486606  7.726
 74     9.576 54797.43065716 25.39 153.797113  67.489666  7.726
 75    16.554 54832.43065802 18.58 153.828558  67.476971  4.434
 75    13.534 54832.43065866 18.36 153.824988  67.480031  4.434
 75    13.876 54832.43065931 17.58 153.821418  67.483091  4.434
 75    14.786 54832.43065995 17.66 153.817838  67.486151  4.434
 75    15.910 54832.43066060 17.18 153.814268  67.489201  4.434
 75    15.862 54832.43066124 17.17 153.810688  67.492261  4.434
 76    13.950 54867.43065085 16.57 153.811992  67.480089  3.201
 76    14.970 54867.43065150 16.48 153.808422  67.483149  3.201
 76    15.178 54867.43065214 16.12 153.804842  67.486199  3.201
 76    14.734 54867.43065279 16.21 153.801262  67.489259  3.201
 76    15.951 54867.43065343 15.61 153.797682  67.492319  3.201
 77    13.225 54902.43066813 16.31 153.832628  67.478405  2.946
 77    12.679 54902.43066877 16.71 153.829048  67.481465  2.946
 77    14.510 54902.43066941 16.41 153.825478  67.484515  2.946
 77    15.106 54902.43067006 16.08 153.821908  67.487575  2.946
 77    15.884 54902.43067070 15.46 153.818328  67.490635  2.946
 78    14.067 54937.43064024 15.45 153.821394  67.477047  3.268
 78    13.464 54937.43064089 15.16 153.817814  67.480107  3.268
 78    13.177 54937.43064153 14.74 153.814244  67.483167  3.268
 78    14.278 54937.43064218 15.43 153.810664  67.486217  3.268
 78    16.074 54937.43064282 15.13 153.807094  67.489277  3.268
 78    15.984 54937.43064347 14.89 153.803514  67.492337  3.268
 79    11.853 54972.43067282 39.51 153.824273  67.477302 10.691
 79    12.844 54972.43067347 29.88 153.820703  67.480362 10.691
 80    17.339 55007.43068980 21.71 153.827364  67.478120 19.596
 80    10.933 55007.43069045 23.76 153.823794  67.481180 19.596
 80    11.366 55007.43069109 24.56 153.820214  67.484230 19.596
 80    11.660 55007.43069174 28.66 153.816644  67.487290 19.596
 80    11.376 55007.43069238 42.93 153.813064  67.490350 19.596
 81    10.607 55042.43067893 19.10 153.825267  67.479086 29.907
 81    10.559 55042.43067957 20.52 153.821687  67.482136 29.907
 81    10.406 55042.43068022 25.47 153.818117  67.485196 29.907
 81    10.227 55042.43068086 27.55 153.814537  67.488256 29.907
 81    10.707 55042.43068151 34.38 153.810967  67.491316 29.907
 82    12.209 55077.43065759 40.35 153.836152  67.476845 25.052
 82    12.061 55077.43065824 41.30 153.832572  67.479905 25.052
 82    12.009 55077.43065888 39.00 153.829002  67.482965 25.052
 82    12.119 55077.43065953 42.47 153.825432  67.486025 25.052
 82    12.294 55077.43066017 44.15 153.821852  67.489075 25.052
 82    11.461 55077.43066082 43.81 153.818282  67.492135 25.052
 83     8.496 55112.43061144 46.98 153.819014  67.478699 22.651
 83     8.438 55112.43061208 52.95 153.815434  67.481749 22.651
 83     8.442 55112.43061273 51.43 153.811864  67.484809 22.651
 83     8.511 55112.43061337 36.76 153.808284  67.487869 22.651
 83     8.868 55112.43061402 39.73 153.804714  67.490919 22.651
 84    11.898 55147.43061236 25.42 153.826483  67.477652  5.214
 84    11.503 55147.43061301 24.81 153.822903  67.480712  5.214
 84     8.643 55147.43061365 25.08 153.819333  67.483772  5.214
 84     9.093 55147.43061430 24.76 153.815763  67.486822  5.214
 84     9.098 55147.43061494 23.83 153.812183  67.489882  5.214
 85    13.393 55182.43059200 19.54 153.810942  67.479486  3.142
 85    12.593 55182.43059264 19.60 153.807372  67.482536  3.142
 85    11.624 55182.43059329 19.29 153.803792  67.485596  3.142
 85    11.045 55182.43059393 19.34 153.800212  67.488656  3.142
 85    15.572 55182.43059458 18.70 153.796632  67.491706  3.142
 86    15.525 55217.43060842 19.33 153.831033  67.476993  4.721
 86    12.148 55217.43060906 19.59 153.827463  67.480053  4.721
 86    12.840 55217.43060971 18.74 153.823883  67.483113  4.721
 86    13.489 55217.43061035 19.22 153.820313  67.486173  4.721
 86    14.392 55217.43061099 18.13 153.816733  67.489223  4.721
 86    15.000 55217.43061164 17.70 153.813163  67.492283  4.721
 87    13.451 55252.43058776 17.65 153.817866  67.478252  3.338
 87    13.056 55252.43058840 17.62 153.814286  67.481312  3.338
 87    13.939 55252.43058905 16.91 153.810716  67.484362  3.338
 87    10.992 55252.43058969 17.56 153.807136  67.487422  3.338
 87    11.427 55252.43059034 17.21 153.803556  67.490482  3.338
 91     9.906 55392.43057799 45.90 153.819357  67.477534 35.745
 91     9.838 55392.43057863 45.00 153.815787  67.480594 35.745
 91     9.799 55392.43057927 45.14 153.812207  67.483654 35.745
 91     9.976 55392.43057992 41.78 153.808637  67.486714 35.745
 91    10.171 55392.43058056 43.71 153.805057  67.489764 35.745
 92    10.592 55427.43059172 19.24 153.827774  67.476825 34.765
 92    10.788 55427.43059237 25.35 153.824194  67.479885 34.765
 92    11.762 55427.43059301 24.71 153.820624  67.482945 34.765
 92    11.598 55427.43059366 35.46 153.817044  67.485995 34.765
 92    11.498 55427.43059430 35.45 153.813474  67.489055 34.765
 92    11.935 55427.43059494 35.92 153.809894  67.492115 34.765
