# NaN NaN NaN ;Mean Elev.(m), Avg Gradient(m/km), RMS Gradient(m/km) - SRTM1     
#   -6.083   0.075  15.014 ;Mean Elev.(m), Avg Gradient(m/km), RMS Gradient(m/km) - ASTER GDEM
#    8.007   0.486   9.878 ;Mean Elev.(m), Avg Gradient(m/km), RMS Gradient(m/km) - GMTED2010 
  6    15.784 52438.04767312 52.05 154.013479  67.497588 43.201
  6    15.643 52438.04767377 52.91 154.009899  67.494528 43.201
  6    15.679 52438.04767441 52.32 154.006329  67.491478 43.201
  6    15.796 52438.04767506 50.99 154.002749  67.488418 43.201
  6    15.757 52438.04767570 52.18 153.999179  67.485358 43.201
  6    15.656 52438.04767635 52.46 153.995599  67.482298 43.201
  6    15.688 52438.04767699 52.81 153.992029  67.479248 43.201
  6    15.753 52438.04767764 52.18 153.988458  67.476187 38.912
  6    15.845 52438.04767828 52.63 153.984888  67.473127 38.912
  6    15.880 52438.04767893 48.09 153.981308  67.470077 38.912
  7    15.866 52473.04767314 15.50 154.015650  67.498059 12.361
  7    16.181 52473.04767379 14.21 154.012070  67.494999 12.361
  7    15.690 52473.04767443 17.05 154.008490  67.491949 12.361
  7    15.988 52473.04767508 16.25 154.004920  67.488889 12.361
  7    15.416 52473.04767572 15.54 154.001340  67.485829 12.361
  7    14.877 52473.04767636 16.93 153.997770  67.482769 12.361
  7    14.787 52473.04767701 17.73 153.994200  67.479719 12.361
  7    15.725 52473.04767765 15.34 153.990620  67.476659 12.361
  7    16.226 52473.04767830 16.96 153.987050  67.473599 12.361
  7    16.261 52473.04767894 24.17 153.983480  67.470539 12.361
  8    16.206 52508.04764405 14.82 154.015064  67.497821  9.910
  8    16.282 52508.04764469 15.67 154.011484  67.494771  9.910
  8    15.627 52508.04764534 19.68 154.007914  67.491711  9.910
  8    16.028 52508.04764598 18.78 154.004334  67.488651  9.910
  8    15.640 52508.04764663 16.93 154.000764  67.485591  9.910
  8    15.015 52508.04764727 18.04 153.997194  67.482541  9.910
  8    14.814 52508.04764792 16.72 153.993614  67.479481  9.910
  8    15.956 52508.04764856 13.98 153.990044  67.476421  9.910
  8    16.222 52508.04764921 16.01 153.986474  67.473361  9.910
  8    16.205 52508.04764985 23.25 153.982904  67.470301  9.910
 11    14.204 52613.04764324 29.63 154.011665  67.500008  7.787
 11     7.602 52613.04764389 31.22 154.008085  67.496948  7.787
 11    14.169 52613.04764453 27.96 154.004515  67.493898  7.787
 11    14.293 52613.04764518 26.86 154.000935  67.490838  7.787
 11    15.154 52613.04764582 23.62 153.997365  67.487778  7.787
 11    14.806 52613.04764647 22.89 153.993795  67.484728  7.787
 11    14.437 52613.04764711 21.54 153.990215  67.481668  7.787
 11    14.143 52613.04764775 21.89 153.986645  67.478608  7.787
 11    14.819 52613.04764840 22.50 153.983075  67.475548  7.787
 11    15.246 52613.04764904 22.28 153.979505  67.472488  7.787
 11    15.529 52613.04764969 21.57 153.975936  67.469431  8.806
 12    13.964 52648.04762802 21.91 154.017335  67.488417  4.854
 12    14.495 52648.04762867 19.93 154.013755  67.485357  4.854
 12    14.396 52648.04762931 19.39 154.010185  67.482297  4.854
 12    12.980 52648.04762996 19.53 154.006605  67.479247  4.854
 12    11.971 52648.04763060 19.15 154.003035  67.476187  4.854
 13    15.189 52683.04760199 19.56 154.015289  67.493031  4.750
 13    14.315 52683.04760263 20.44 154.011719  67.489971  4.750
 13    13.864 52683.04760328 20.22 154.008139  67.486911  4.750
 13    14.285 52683.04760392 18.62 154.004569  67.483861  4.750
 13    13.879 52683.04760457 17.87 154.000999  67.480801  4.750
 13    13.202 52683.04760521 18.96 153.997429  67.477741  4.750
 13    11.890 52683.04760586 17.91 153.993849  67.474681  4.750
 13    10.749 52683.04760650 17.66 153.990282  67.471624  6.059
 14    14.055 52718.04765885 18.60 154.016889  67.492404  3.238
 14    13.881 52718.04765949 18.93 154.013309  67.489354  3.238
 14    14.223 52718.04766014 18.47 154.009739  67.486294  3.238
 14    14.973 52718.04766078 16.41 154.006159  67.483234  3.238
 14    13.997 52718.04766143 17.37 154.002589  67.480184  3.238
 14    13.586 52718.04766207 16.79 153.999019  67.477124  3.238
 14    13.021 52718.04766271 16.30 153.995439  67.474064  3.238
 15    15.315 52753.04768630 16.85 153.982473  67.484065  5.446
 15    15.737 52753.04768694 15.73 153.978903  67.481005  5.446
 15    15.452 52753.04768759 16.55 153.975333  67.477945  5.446
 15    15.096 52753.04768823 16.28 153.971763  67.474885  5.446
 15     7.852 52753.04768888 16.42 153.968194  67.471827  5.480
 15    15.912 52753.04768952 16.51 153.964624  67.468777  5.480
 16    14.809 52788.04763086 31.45 154.023353  67.484535 18.221
 16    15.488 52788.04763151 29.23 154.019773  67.481485 18.221
 17    17.306 52823.04770232 17.35 154.020935  67.486551  9.122
 17    16.953 52823.04770297 19.59 154.017355  67.483491  9.122
 17    15.308 52823.04770361 27.09 154.013775  67.480441  9.122
 17    15.247 52823.04770426 32.02 154.010205  67.477381  9.122
 18     8.637 52858.04774906 40.77 154.020113  67.486399 25.840
 18     8.601 52858.04774971 46.08 154.016533  67.483339 25.840
 18     8.656 52858.04775035 47.98 154.012963  67.480289 25.840
 18     8.542 52858.04775100 49.88 154.009383  67.477229 25.840
 19    16.288 52893.04777902 13.62 154.016667  67.497236 12.986
 19    15.818 52893.04777967 15.93 154.013087  67.494176 12.986
 19     9.997 52893.04778031 22.13 154.009517  67.491126 12.986
 19    15.505 52893.04778096 20.09 154.005937  67.488066 12.986
 19     9.924 52893.04778160 24.29 154.002367  67.485006 12.986
 19     9.165 52893.04778225 25.64 153.998787  67.481946 12.986
 19     9.711 52893.04778289 23.12 153.995217  67.478896 12.986
 19     9.528 52893.04778354 20.96 153.991647  67.475836 12.986
 19    15.801 52893.04778418 18.03 153.988077  67.472776 12.986
 20     8.001 52928.04773240 35.02 153.990813  67.488621 29.084
 20     8.042 52928.04773304 36.50 153.987243  67.485561 29.084
 20     8.041 52928.04773369 39.64 153.983673  67.482501 29.084
 20     8.090 52928.04773433 39.27 153.980103  67.479441 29.084
 20     8.021 52928.04773498 35.76 153.976533  67.476381 29.084
 20     8.065 52928.04773562 33.15 153.972963  67.473331 29.084
 20     8.278 52928.04773626 41.29 153.969393  67.470271 29.084
 22    14.104 52998.04774639 19.27 154.014442  67.495741  4.460
 22    14.153 52998.04774703 19.84 154.010872  67.492681  4.460
 22    14.238 52998.04774768 19.99 154.007292  67.489631  4.460
 22    14.068 52998.04774832 20.41 154.003722  67.486571  4.460
 22    14.040 52998.04774896 19.86 154.000142  67.483511  4.460
 22    13.327 52998.04774961 19.36 153.996572  67.480451  4.460
 22    12.460 52998.04775025 19.76 153.993002  67.477401  4.460
 22    12.354 52998.04775090 19.08 153.989429  67.474340  4.038
 22    11.797 52998.04775154 18.57 153.985859  67.471280  4.038
 23    15.956 53033.04770161 17.89 154.004773  67.498188  3.835
 23    16.017 53033.04770225 18.35 154.001203  67.495138  3.835
 23    15.549 53033.04770290 17.66 153.997623  67.492078  3.835
 23    15.665 53033.04770354 17.47 153.994053  67.489018  3.835
 23    15.426 53033.04770419 17.61 153.990483  67.485958  3.835
 23    14.849 53033.04770483 17.22 153.986913  67.482908  3.835
 23    14.395 53033.04770548 17.47 153.983343  67.479848  3.835
 23    13.906 53033.04770612 17.66 153.979773  67.476788  3.835
 23    12.841 53033.04770676 17.57 153.976203  67.473728  3.835
 23    12.068 53033.04770741 17.52 153.972632  67.470667  3.713
 24    13.174 53068.04771564 18.02 154.017670  67.489814  4.622
 24     7.802 53068.04771629 18.81 154.014090  67.486764  4.622
 24     8.298 53068.04771693 18.83 154.010520  67.483704  4.622
 24     7.910 53068.04771758 19.05 154.006940  67.480644  4.622
 24     7.873 53068.04771822 18.37 154.003370  67.477584  4.622
 24     7.665 53068.04771887 17.52 153.999800  67.474534  4.622
 25    15.872 53103.04770608 15.12 153.988694  67.487728  3.586
 25    15.141 53103.04770672 16.29 153.985124  67.484668  3.586
 25    14.795 53103.04770737 16.24 153.981554  67.481608  3.586
 25    14.180 53103.04770801 16.32 153.977984  67.478558  3.586
 25    13.911 53103.04770866 15.51 153.974414  67.475498  3.586
 25    12.130 53103.04770930 15.82 153.970844  67.472438  3.586
 25    11.873 53103.04770995 15.06 153.967274  67.469378  3.586
 26     8.847 53138.04771912 20.41 154.022389  67.489674 17.651
 26     8.877 53138.04771977 20.89 154.018809  67.486624 17.651
 26     8.723 53138.04772041 23.78 154.015229  67.483564 17.651
 26     8.707 53138.04772105 21.12 154.011659  67.480504 17.651
 26     8.717 53138.04772170 20.96 154.008089  67.477444 17.651
 27    14.984 53173.04776270 17.19 154.017121  67.492184  8.489
 27    14.722 53173.04776335 20.74 154.013551  67.489134  8.489
 27    15.644 53173.04776399 17.15 154.009971  67.486074  8.489
 27    15.222 53173.04776464 18.93 154.006401  67.483014  8.489
 27    14.899 53173.04776528 23.76 154.002821  67.479954  8.489
 27    15.107 53173.04776593 22.34 153.999251  67.476904  8.489
 27    16.793 53173.04776657 17.68 153.995681  67.473844  8.489
 28    15.599 53208.04777764 15.79 154.014687  67.495894  6.580
 28    15.695 53208.04777829 16.87 154.011117  67.492844  6.580
 28    15.624 53208.04777893 18.20 154.007537  67.489784  6.580
 28    15.643 53208.04777957 18.96 154.003967  67.486724  6.580
 28    14.808 53208.04778022 18.17 154.000387  67.483664  6.580
 28    14.669 53208.04778086 20.85 153.996817  67.480614  6.580
 28    15.424 53208.04778151 16.15 153.993247  67.477554  6.580
 28    16.309 53208.04778215 14.24 153.989677  67.474494  6.580
 28    16.454 53208.04778280 19.13 153.986107  67.471434  6.580
 29     9.025 53243.04774503 26.71 154.015497  67.497265 18.791
 29     9.969 53243.04774568 28.37 154.011927  67.494215 18.791
 29    10.272 53243.04774632 29.84 154.008347  67.491155 18.791
 29    10.428 53243.04774697 32.09 154.004777  67.488095 18.791
 29    10.256 53243.04774761 34.14 154.001207  67.485035 18.791
 29    10.413 53243.04774826 35.02 153.997627  67.481985 18.791
 29    10.488 53243.04774890 35.07 153.994057  67.478925 18.791
 29    10.522 53243.04774955 38.96 153.990487  67.475865 18.791
 29    10.516 53243.04775019 43.71 153.986917  67.472805 18.791
 30    15.503 53278.04772279 17.54 154.022254  67.483952 18.377
 30    14.320 53278.04772343 30.95 154.018684  67.480892 18.377
 31     8.529 53313.04775194 27.67 154.017591  67.494119 11.153
 31     8.395 53313.04775258 26.81 154.014021  67.491059 11.153
 31     8.318 53313.04775323 28.30 154.010441  67.488009 11.153
 31     8.384 53313.04775387 27.99 154.006861  67.484949 11.153
 31     8.401 53313.04775452 25.94 154.003291  67.481889 11.153
 31     8.370 53313.04775516 27.13 153.999721  67.478829 11.153
 31     8.455 53313.04775580 27.27 153.996141  67.475779 11.153
 31     8.355 53313.04775645 23.80 153.992571  67.472719 11.153
 32    14.084 53348.04771717 20.17 154.017602  67.497096  5.314
 32    15.380 53348.04771781 19.30 154.014022  67.494036  5.314
 32    15.443 53348.04771846 18.26 154.010452  67.490976  5.314
 32    15.084 53348.04771910 19.41 154.006872  67.487926  5.314
 32    14.741 53348.04771975 19.39 154.003302  67.484866  5.314
 32    14.312 53348.04772039 18.61 153.999722  67.481806  5.314
 32    13.356 53348.04772103 19.19 153.996152  67.478756  5.314
 32    11.872 53348.04772168 19.41 153.992582  67.475696  5.314
 32    12.146 53348.04772232 18.26 153.989012  67.472636  5.314
 33    12.627 53383.04768646 16.87 154.023558  67.486041  4.270
 33    11.721 53383.04768710 17.30 154.019988  67.482981  4.270
 33    11.415 53383.04768775 17.48 154.016408  67.479921  4.270
 34    14.759 53418.04769740 15.97 154.019823  67.491078  4.576
 34    13.137 53418.04769804 16.54 154.016243  67.488028  4.576
 34    12.565 53418.04769869 17.09 154.012673  67.484968  4.576
 34     8.125 53418.04769933 17.98 154.009093  67.481908  4.576
 34     8.313 53418.04769998 17.16 154.005523  67.478848  4.576
 34     8.424 53418.04770062 16.55 154.001953  67.475798  4.576
 36    15.282 53488.04778401 11.51 154.016562  67.498093  4.679
 36    15.449 53488.04778466 12.25 154.012982  67.495043  4.679
 36    15.546 53488.04778530 12.19 154.009412  67.491983  4.679
 36    15.077 53488.04778594 13.72 154.005832  67.488923  4.679
 36    14.527 53488.04778659 14.01 154.002252  67.485873  4.679
 36    14.177 53488.04778723 14.37 153.998682  67.482813  4.679
 36    13.634 53488.04778788 13.02 153.995112  67.479753  4.679
 36     8.255 53488.04778852 13.18 153.991532  67.476693  4.679
 36     8.225 53488.04778917 13.67 153.987962  67.473643  4.679
 36     8.182 53488.04778981 12.73 153.984389  67.470579  3.049
 37    15.499 53523.04777397 17.62 154.019003  67.493757  8.974
 37    15.428 53523.04777461 19.10 154.015423  67.490697  8.974
 37    15.871 53523.04777526 19.75 154.011853  67.487647  8.974
 37    15.549 53523.04777590 21.11 154.008273  67.484587  8.974
 37    15.025 53523.04777655 23.73 154.004703  67.481527  8.974
 37    15.057 53523.04777719 26.36 154.001133  67.478467  8.974
 37    16.648 53523.04777784 21.01 153.997563  67.475417  8.974
 37    17.469 53523.04777848 21.67 153.993993  67.472357  8.974
 38    16.272 53558.04779913 15.10 154.011957  67.498680  6.867
 38    15.963 53558.04779977 18.57 154.008377  67.495620  6.867
 38    15.515 53558.04780042 22.89 154.004807  67.492570  6.867
 38    16.300 53558.04780106 23.51 154.001227  67.489510  6.867
 38    15.635 53558.04780171 20.20 153.997657  67.486450  6.867
 38    15.377 53558.04780235 17.11 153.994077  67.483390  6.867
 38    15.168 53558.04780300 17.72 153.990507  67.480340  6.867
 38    16.035 53558.04780364 15.21 153.986937  67.477280  6.867
 38    16.002 53558.04780429 19.19 153.983367  67.474220  6.867
 38    16.211 53558.04780493 26.97 153.979797  67.471160  6.867
 39    15.732 53593.04773671 15.25 154.014973  67.496370  9.023
 39    15.698 53593.04773735 16.36 154.011393  67.493320  9.023
 39    15.772 53593.04773800 17.86 154.007823  67.490260  9.023
 39    15.142 53593.04773864 19.22 154.004243  67.487200  9.023
 39    15.061 53593.04773929 18.37 154.000673  67.484140  9.023
 39    14.673 53593.04773993 20.72 153.997103  67.481090  9.023
 39    15.411 53593.04774057 16.59 153.993533  67.478030  9.023
 39    16.333 53593.04774122 14.10 153.989963  67.474970  9.023
 39    16.283 53593.04774186 19.06 153.986393  67.471910  9.023
 40    17.081 53628.04772948 16.75 154.021193  67.485902 11.106
 40    15.581 53628.04773012 23.02 154.017623  67.482852 11.106
 40    15.410 53628.04773077 28.24 154.014043  67.479792 11.106
 40    15.107 53628.04773141 32.24 154.010463  67.476732 11.106
 41     7.755 53663.04775307 34.97 154.017196  67.493851 21.548
 41     7.832 53663.04775371 37.26 154.013626  67.490791 21.548
 41     7.778 53663.04775436 39.53 154.010046  67.487731 21.548
 41     7.692 53663.04775500 39.41 154.006476  67.484681 21.548
 41     7.760 53663.04775565 35.55 154.002896  67.481621 21.548
 41     7.695 53663.04775629 35.02 153.999326  67.478561 21.548
 41     7.694 53663.04775694 35.07 153.995756  67.475501 21.548
 41     7.645 53663.04775758 33.06 153.992176  67.472451 21.548
 42     7.512 53698.04771523 31.28 154.014081  67.497764 12.409
 42     7.544 53698.04771588 29.13 154.010501  67.494704 12.409
 42     7.478 53698.04771652 29.96 154.006931  67.491644 12.409
 42     7.483 53698.04771717 29.11 154.003351  67.488594 12.409
 42     7.401 53698.04771781 30.20 153.999781  67.485534 12.409
 42     7.402 53698.04771846 30.38 153.996201  67.482474 12.409
 42     7.425 53698.04771910 29.55 153.992631  67.479414 12.409
 42     7.435 53698.04771975 27.41 153.989061  67.476364 12.409
 42     7.470 53698.04772039 27.44 153.985491  67.473304 12.409
 42     7.549 53698.04772104 26.08 153.981921  67.470244 12.409
 43    14.965 53733.04763727 23.49 154.012103  67.500576  7.161
 43    15.522 53733.04763791 23.30 154.008533  67.497516  7.161
 43    14.459 53733.04763856 24.57 154.004953  67.494456  7.161
 43    14.367 53733.04763920 25.14 154.001383  67.491396  7.161
 43     7.385 53733.04763985 24.93 153.997803  67.488346  7.161
 43    13.784 53733.04764049 24.34 153.994233  67.485286  7.161
 43     7.472 53733.04764114 24.81 153.990663  67.482226  7.161
 43     7.425 53733.04764178 23.83 153.987093  67.479166  7.161
 43     7.659 53733.04764243 22.64 153.983523  67.476116  7.161
 43     7.545 53733.04764307 23.34 153.979953  67.473056  7.161
 43     7.604 53733.04764371 22.50 153.976383  67.469996  7.161
 44    11.529 53768.04761769 20.57 154.022895  67.489344  4.997
 44    11.677 53768.04761833 19.84 154.019315  67.486294  4.997
 44     7.719 53768.04761897 19.92 154.015745  67.483234  4.997
 44    11.524 53768.04761962 19.56 154.012165  67.480174  4.997
 44     7.797 53768.04762026 19.14 154.008595  67.477114  4.997
 45    15.213 53803.04761486 19.89 154.013436  67.497635  4.647
 45    15.463 53803.04761551 19.61 154.009866  67.494575  4.647
 45    15.513 53803.04761615 18.76 154.006286  67.491525  4.647
 45    15.345 53803.04761679 18.35 154.002716  67.488465  4.647
 45    14.712 53803.04761744 17.40 153.999136  67.485405  4.647
 45    14.230 53803.04761808 17.78 153.995566  67.482345  4.647
 45    13.856 53803.04761873 17.70 153.991996  67.479295  4.647
 45     7.914 53803.04761937 17.82 153.988426  67.476235  4.647
 45    11.913 53803.04762002 16.88 153.984856  67.473175  4.647
 45    11.177 53803.04762066 16.65 153.981286  67.470115  4.647
 46     7.586 53838.04763113 19.14 154.022390  67.486118  5.100
 46     7.716 53838.04763178 18.93 154.018820  67.483068  5.100
 46     7.998 53838.04763242 17.29 154.015240  67.480008  5.100
 47     8.510 53873.04768062 19.86 154.017624  67.490997 20.184
 47     8.342 53873.04768127 24.51 154.014044  67.487937 20.184
 47     8.366 53873.04768191 25.10 154.010474  67.484877 20.184
 47     8.248 53873.04768255 26.27 154.006894  67.481817 20.184
 47     8.415 53873.04768320 22.81 154.003324  67.478767 20.184
 47     8.354 53873.04768384 21.90 153.999744  67.475707 20.184
 47     8.413 53873.04768449 20.62 153.996174  67.472647 20.184
 48    15.636 53908.04772230 14.48 154.015644  67.493006 10.344
 48    15.210 53908.04772295 19.42 154.012064  67.489946 10.344
 48    15.900 53908.04772359 18.41 154.008494  67.486886 10.344
 48    15.139 53908.04772424 19.28 154.004914  67.483836 10.344
 48    14.800 53908.04772488 23.85 154.001344  67.480776 10.344
 48    15.290 53908.04772553 20.47 153.997764  67.477716 10.344
 48    17.139 53908.04772617 15.70 153.994194  67.474656 10.344
 48    17.401 53908.04772682 19.93 153.990624  67.471606 10.344
 49    16.233 53943.04774614 16.17 154.014409  67.501280 12.465
 49    16.460 53943.04774678 15.39 154.010829  67.498220 12.465
 49    16.091 53943.04774743 17.81 154.007249  67.495160 12.465
 49    15.797 53943.04774807 22.88 154.003669  67.492110 12.465
 49    16.489 53943.04774872 22.64 154.000099  67.489050 12.465
 49    15.652 53943.04774936 19.47 153.996519  67.485990 12.465
 49    15.144 53943.04775000 18.20 153.992949  67.482930 12.465
 49    15.033 53943.04775065 17.38 153.989379  67.479880 12.465
 49    15.784 53943.04775129 14.25 153.985799  67.476820 12.465
 49    15.777 53943.04775194 20.33 153.982229  67.473760 12.465
 49    15.946 53943.04775258 26.38 153.978659  67.470700 12.465
 50    16.059 53978.04769796 16.49 154.011548  67.502360 13.861
 50    16.362 53978.04769860 18.20 154.007978  67.499300 13.861
 50    15.640 53978.04769925 23.85 154.004398  67.496240 13.861
 50    15.927 53978.04769989 24.56 154.000818  67.493180 13.861
 50    16.489 53978.04770054 24.14 153.997248  67.490130 13.861
 50    16.383 53978.04770118 17.77 153.993678  67.487070 13.861
 50    16.851 53978.04770183 18.08 153.990098  67.484010 13.861
 50    16.769 53978.04770247 17.64 153.986528  67.480950 13.861
 50    15.557 53978.04770312 18.03 153.982958  67.477900 13.861
 50    16.042 53978.04770376 20.26 153.979388  67.474840 13.861
 50    16.519 53978.04770441 22.88 153.975818  67.471780 13.861
 52    14.579 54048.04771827 22.16 154.019537  67.488705  6.234
 52     7.733 54048.04771891 23.33 154.015967  67.485645  6.234
 52    13.241 54048.04771956 22.08 154.012387  67.482585  6.234
 52    13.257 54048.04772020 19.98 154.008817  67.479525  6.234
 52    12.439 54048.04772084 19.42 154.005247  67.476475  6.234
 54    16.188 54118.04764202 13.24 153.991352  67.489107  3.476
 54    15.514 54118.04764266 14.56 153.987782  67.486047  3.476
 54    15.538 54118.04764331 14.03 153.984212  67.482987  3.476
 54    14.813 54118.04764395 14.50 153.980632  67.479927  3.476
 54    15.286 54118.04764460 15.18 153.977072  67.476877  3.476
 54    12.760 54118.04764524 16.06 153.973502  67.473817  3.476
 54    12.303 54118.04764588 16.02 153.969932  67.470757  3.476
 55    14.760 54153.04766325 11.42 154.018238  67.496242  2.840
 55    15.479 54153.04766389 11.71 154.014658  67.493192  2.840
 55    15.342 54153.04766454 11.82 154.011088  67.490132  2.840
 55    15.242 54153.04766518 12.19 154.007508  67.487072  2.840
 55    14.890 54153.04766583 12.25 154.003938  67.484012  2.840
 55    14.468 54153.04766647 12.57 154.000358  67.480962  2.840
 55    14.057 54153.04766711 13.38 153.996788  67.477902  2.840
 55    13.267 54153.04766776 13.96 153.993218  67.474842  2.840
 55    12.086 54153.04766840 14.10 153.989648  67.471782  2.840
 57    13.566 54223.04767395  6.70 154.018369  67.491409  4.449
 57    10.921 54223.04767460  7.37 154.014799  67.488359  4.449
 57    10.945 54223.04767524  8.04 154.011219  67.485299  4.449
 57     7.885 54223.04767588 17.08 154.007649  67.482239  4.449
 57    10.452 54223.04767653  9.95 154.004069  67.479179  4.449
 57     9.911 54223.04767717  8.05 154.000499  67.476129  4.449
 57     8.757 54223.04767782  8.70 153.996923  67.473068  2.882
 58    15.621 54258.04769532 33.31 154.016416  67.494056 17.535
 58    15.632 54258.04769596 37.59 154.012836  67.490996 17.535
 58    15.704 54258.04769661 35.98 154.009256  67.487936 17.535
 58    15.638 54258.04769725 34.44 154.005686  67.484886 17.535
 58    15.772 54258.04769789 34.48 154.002116  67.481826 17.535
 58    15.847 54258.04769854 37.79 153.998536  67.478766 17.535
 58    15.883 54258.04769918 40.85 153.994966  67.475716 17.535
 58    15.836 54258.04769983 40.61 153.991391  67.472651 19.058
 59    15.556 54293.04769831 13.40 154.017057  67.492855  5.581
 59    15.645 54293.04769895 14.03 154.013477  67.489795  5.581
 59    15.701 54293.04769960 16.79 154.009907  67.486745  5.581
 59    14.818 54293.04770024 18.63 154.006327  67.483685  5.581
 59    14.855 54293.04770089 22.59 154.002757  67.480625  5.581
 59    15.035 54293.04770153 19.41 153.999187  67.477565  5.581
 59    16.232 54293.04770218 16.62 153.995607  67.474515  5.581
 59    16.512 54293.04770282 18.70 153.992039  67.471452 23.787
 60    11.996 54328.04769316 38.12 154.015807  67.496118 10.352
 60    11.918 54328.04769380 31.11 154.012227  67.493058 10.352
 60    11.720 54328.04769445 24.66 154.008647  67.489998 10.352
 60    14.729 54328.04769509 23.05 154.005077  67.486948 10.352
 60    14.071 54328.04769574 23.63 154.001507  67.483888 10.352
 60    14.382 54328.04769638 22.79 153.997927  67.480828 10.352
 60    13.951 54328.04769703 22.22 153.994357  67.477768 10.352
 60    11.817 54328.04769767 21.69 153.990787  67.474708 10.352
 60    16.104 54328.04769831 23.41 153.987214  67.471652 27.778
 61    15.827 54363.04764132 23.71 154.005190  67.499114  8.907
 61    15.145 54363.04764196 31.06 154.001620  67.496064  8.907
 61    15.303 54363.04764261 28.67 153.998050  67.493004  8.907
 61    16.609 54363.04764325 26.94 153.994470  67.489944  8.907
 61    17.169 54363.04764390 17.79 153.990900  67.486884  8.907
 61    17.243 54363.04764454 17.11 153.987330  67.483834  8.907
 61    16.967 54363.04764519 15.44 153.983760  67.480774  8.907
 61    16.293 54363.04764583 15.55 153.980190  67.477714  8.907
 61    16.243 54363.04764648 16.70 153.976620  67.474654  8.907
 61    16.376 54363.04764712 21.29 153.973053  67.471592 24.682
 62     8.459 54398.04763378 35.84 154.018209  67.491165 19.747
 62     8.478 54398.04763443 36.94 154.014629  67.488105 19.747
 62     8.391 54398.04763507 34.62 154.011059  67.485045 19.747
 62     8.315 54398.04763572 36.67 154.007479  67.481995 19.747
 62     8.470 54398.04763636 36.28 154.003909  67.478935 19.747
 62     8.497 54398.04763700 34.16 154.000339  67.475875 19.747
 62     8.438 54398.04763765 32.28 153.996759  67.472815 19.747
 63    14.740 54433.04759064 23.53 154.012878  67.499873 10.597
 63    14.216 54433.04759129 24.68 154.009298  67.496813 10.597
 63     7.770 54433.04759193 24.70 154.005728  67.493753 10.597
 63     7.897 54433.04759257 26.01 154.002148  67.490703 10.597
 63     7.837 54433.04759322 27.47 153.998578  67.487643 10.597
 63     7.820 54433.04759386 27.90 153.995008  67.484583 10.597
 63     7.856 54433.04759451 28.52 153.991428  67.481523 10.597
 63     7.692 54433.04759515 28.90 153.987858  67.478473 10.597
 63     7.790 54433.04759580 27.72 153.984288  67.475413 10.597
 63     7.771 54433.04759644 27.50 153.980718  67.472353 10.597
 63     7.644 54433.04759709 27.01 153.977148  67.469293 10.597
 64    14.397 54468.04761637 11.65 154.021486  67.488790  3.410
 64    14.388 54468.04761701 11.66 154.017906  67.485730  3.410
 64    14.410 54468.04761766 12.04 154.014336  67.482680  3.410
 64    13.235 54468.04761830 13.09 154.010756  67.479620  3.410
 64    12.616 54468.04761895 13.19 154.007186  67.476560  3.410
 65    14.987 54503.04760684 13.09 154.013267  67.498349  4.106
 65    14.947 54503.04760748 14.16 154.009697  67.495289  4.106
 65    15.594 54503.04760813 14.07 154.006117  67.492239  4.106
 65    15.653 54503.04760877 14.38 154.002547  67.489179  4.106
 65    15.039 54503.04760942 15.55 153.998967  67.486119  4.106
 65    14.700 54503.04761006 14.56 153.995397  67.483059  4.106
 65    14.155 54503.04761071 15.70 153.991827  67.480009  4.106
 65     7.794 54503.04761135 17.11 153.988257  67.476949  4.106
 65     7.750 54503.04761199 16.44 153.984687  67.473889  4.106
 65    11.693 54503.04761264 15.83 153.981117  67.470829  4.106
 66    13.956 54538.04763121 14.08 154.016651  67.493816  3.935
 66    14.393 54538.04763186 14.55 154.013071  67.490766  3.935
 66    14.637 54538.04763250 14.95 154.009501  67.487706  3.935
 66    14.235 54538.04763315 15.31 154.005921  67.484646  3.935
 66    13.719 54538.04763379 15.05 154.002351  67.481586  3.935
 66     8.709 54538.04763443 16.00 153.998781  67.478536  3.935
 66     8.018 54538.04763508 15.91 153.995205  67.475474  3.388
 66     7.879 54538.04763572 15.87 153.991635  67.472414  3.388
 67    15.284 54573.04760721 12.07 154.013958  67.501909  3.916
 67    15.358 54573.04760785 12.14 154.010378  67.498849  3.916
 67    15.851 54573.04760850 12.66 154.006808  67.495799  3.916
 67    15.905 54573.04760914 13.04 154.003228  67.492739  3.916
 67    15.683 54573.04760979 13.50 153.999658  67.489679  3.916
 67    15.298 54573.04761043 14.31 153.996088  67.486619  3.916
 67    14.777 54573.04761107 14.51 153.992508  67.483569  3.916
 67    14.338 54573.04761172 14.74 153.988938  67.480509  3.916
 67     7.898 54573.04761236 14.74 153.985368  67.477449  3.916
 67    12.186 54573.04761301 14.24 153.981798  67.474389  3.916
 67     7.786 54573.04761365 13.94 153.978228  67.471337  3.206
 68    14.927 54608.04762423 44.50 154.017362  67.493971 28.327
 68    14.946 54608.04762488 37.07 154.013782  67.490911 28.327
 68    14.661 54608.04762552 30.95 154.010202  67.487861 28.327
 68    14.746 54608.04762617 25.64 154.006632  67.484801 28.327
 68    14.772 54608.04762681 29.71 154.003052  67.481741 28.327
 68    14.864 54608.04762746 30.22 153.999482  67.478681 28.327
 68    14.985 54608.04762810 23.27 153.995912  67.475621 28.327
 68    16.496 54608.04762875 20.28 153.992335  67.472567 27.707
 69    15.085 54643.04763268 17.35 154.014693  67.495352  9.553
 69    15.720 54643.04763333 17.75 154.011113  67.492292  9.553
 69    15.902 54643.04763397 18.68 154.007533  67.489242  9.553
 69    15.831 54643.04763462 19.71 154.003963  67.486182  9.553
 69    14.522 54643.04763526 21.79 154.000393  67.483122  9.553
 69    14.497 54643.04763591 23.75 153.996813  67.480062  9.553
 69    14.192 54643.04763655 24.49 153.993243  67.477012  9.553
 69    10.006 54643.04763720 24.59 153.989671  67.473949 22.966
 69    16.268 54643.04763784 25.09 153.986101  67.470889 22.966
 70    15.598 54678.04763401 14.84 154.018416  67.496907 10.414
 70    14.702 54678.04763466 18.66 154.014846  67.493847 10.414
 70    14.945 54678.04763530 18.60 154.011266  67.490787 10.414
 70    15.888 54678.04763595 16.78 154.007686  67.487737 10.414
 70    15.050 54678.04763659 17.22 154.004116  67.484677 10.414
 70    14.656 54678.04763724 20.43 154.000546  67.481617 10.414
 70    14.967 54678.04763788 18.47 153.996966  67.478557 10.414
 70    15.768 54678.04763853 15.27 153.993396  67.475497 10.414
 70    16.409 54678.04763917 17.68 153.989824  67.472443 25.993
 71    16.327 54713.04758669 17.77 154.011170  67.500915 10.770
 71    15.468 54713.04758734 20.65 154.007600  67.497855 10.770
 71    15.255 54713.04758798 23.89 154.004020  67.494805 10.770
 71    15.977 54713.04758863 25.23 154.000450  67.491745 10.770
 71    16.300 54713.04758927 23.59 153.996870  67.488685 10.770
 71    15.930 54713.04758992 17.75 153.993300  67.485625 10.770
 71    14.828 54713.04759056 19.69 153.989730  67.482575 10.770
 71    14.703 54713.04759120 18.23 153.986160  67.479515 10.770
 71    15.488 54713.04759185 16.28 153.982590  67.476455 10.770
 71    15.879 54713.04759249 17.76 153.979020  67.473395 10.770
 71    15.799 54713.04759314 26.26 153.975454  67.470343 23.761
 72    15.584 54748.04760397 22.37 154.018487  67.492362 19.540
 72    15.445 54748.04760461 23.31 154.014917  67.489302 19.540
 72    15.138 54748.04760526 23.31 154.011337  67.486252 19.540
 72    14.874 54748.04760590 24.31 154.007767  67.483192 19.540
 72    14.608 54748.04760655 26.40 154.004187  67.480132 19.540
 72    13.294 54748.04760719 24.88 154.000617  67.477072 19.540
 72    14.493 54748.04760783 24.00 153.997047  67.474022 19.540
 73     8.161 54783.04757441 38.19 154.014847  67.496602 15.806
 73     7.994 54783.04757505 43.50 154.011267  67.493542 15.806
 73     7.790 54783.04757570 41.55 154.007687  67.490492 15.806
 73     7.966 54783.04757634 33.39 154.004117  67.487432 15.806
 73     8.116 54783.04757699 36.98 154.000547  67.484372 15.806
 73     7.967 54783.04757763 30.24 153.996977  67.481312 15.806
 73     8.115 54783.04757827 29.45 153.993397  67.478262 15.806
 73     8.115 54783.04757892 29.17 153.989828  67.475198  9.478
 73     7.910 54783.04757956 28.49 153.986258  67.472138  9.478
 74    12.725 54818.04759676 21.05 154.018632  67.490956  4.894
 74    11.951 54818.04759741 21.16 154.015052  67.487906  4.894
 74     8.142 54818.04759805 21.54 154.011472  67.484846  4.894
 74    12.768 54818.04759870 20.25 154.007902  67.481786  4.894
 74    12.925 54818.04759934 19.23 154.004332  67.478726  4.894
 74    12.095 54818.04759999 19.69 154.000752  67.475676  4.894
 74     7.725 54818.04760063 20.08 153.997182  67.472615  3.871
 75    14.225 54853.04757155 20.89 154.013506  67.496550  4.816
 75    13.997 54853.04757220 20.64 154.009926  67.493490  4.816
 75    13.834 54853.04757284 20.05 154.006346  67.490430  4.816
 75    13.955 54853.04757349 19.69 154.002776  67.487380  4.816
 75    13.272 54853.04757413 19.09 153.999206  67.484320  4.816
 75    13.016 54853.04757478 19.28 153.995636  67.481260  4.816
 75    12.975 54853.04757542 19.13 153.992056  67.478200  4.816
 75     7.899 54853.04757607 19.10 153.988486  67.475140  4.816
 75    11.789 54853.04757671 18.61 153.984917  67.472084  3.661
 76    13.465 54888.04760094 20.63 154.015955  67.494294  5.208
 76     7.572 54888.04760159 21.98 154.012375  67.491244  5.208
 76    13.081 54888.04760223 20.32 154.008795  67.488184  5.208
 76     7.558 54888.04760288 19.12 154.005225  67.485124  5.208
 76    13.499 54888.04760352 19.17 154.001655  67.482064  5.208
 76    13.112 54888.04760416 18.71 153.998075  67.479014  5.208
 76    12.800 54888.04760481 17.54 153.994504  67.475954  3.648
 76    12.222 54888.04760545 17.94 153.990934  67.472894  3.648
 77    14.904 54923.04757419 17.72 153.988327  67.486746  4.084
 77    15.192 54923.04757484 18.55 153.984757  67.483686  4.084
 77    14.257 54923.04757548 17.69 153.981187  67.480626  4.084
 77    13.558 54923.04757612 17.70 153.977617  67.477566  4.084
 77     7.849 54923.04757677 17.41 153.974045  67.474505  4.106
 77     7.712 54923.04757741 17.57 153.970475  67.471455  4.106
 78    10.264 54958.04759802 11.05 154.017913  67.490800 13.888
 78    10.792 54958.04759867 13.00 154.014333  67.487750 13.888
 78    10.377 54958.04759931 14.81 154.010753  67.484690 13.888
 78    10.044 54958.04759996 13.41 154.007183  67.481630 13.888
 78     9.535 54958.04760060 12.74 154.003603  67.478570 13.888
 78     8.953 54958.04760125 12.16 154.000033  67.475520 13.888
 78     8.252 54958.04760189 11.38 153.996460  67.472457 11.664
 79    16.115 54993.04761995 15.00 154.015571  67.495648  4.940
 79    15.959 54993.04762059 17.47 154.011991  67.492588  4.940
 79    16.013 54993.04762124 17.02 154.008411  67.489528  4.940
 79    15.944 54993.04762188 19.33 154.004841  67.486478  4.940
 79    15.126 54993.04762253 19.85 154.001261  67.483418  4.940
 79    14.860 54993.04762317 20.57 153.997691  67.480358  4.940
 79    16.153 54993.04762382 16.84 153.994121  67.477308  4.940
 79    16.345 54993.04762446 17.01 153.990549  67.474245 27.966
 79    16.361 54993.04762511 22.50 153.986979  67.471185 27.966
 80    16.181 55028.04761026 15.70 154.015297  67.496198 13.764
 80    16.090 55028.04761090 16.89 154.011717  67.493138 13.764
 80    16.072 55028.04761155 16.33 154.008137  67.490088 13.764
 80    15.718 55028.04761219 18.82 154.004567  67.487028 13.764
 80    14.994 55028.04761284 16.90 154.000997  67.483968 13.764
 80    14.692 55028.04761348 18.67 153.997417  67.480908 13.764
 80    15.136 55028.04761413 16.38 153.993847  67.477858 13.764
 80    16.009 55028.04761477 15.14 153.990274  67.474794 27.581
 80    16.259 55028.04761542 17.14 153.986704  67.471734 27.581
 82    16.439 55098.04755161 19.54 153.988656  67.487220 11.136
 82    15.804 55098.04755226 19.06 153.985086  67.484160 11.136
 82    16.776 55098.04755290 15.51 153.981516  67.481110 11.136
 82    15.667 55098.04755355 14.52 153.977946  67.478050 11.136
 82    15.716 55098.04755419 14.06 153.974376  67.474990 11.136
 82    16.231 55098.04755484 14.42 153.970802  67.471937 23.325
 82    16.455 55098.04755548 15.69 153.967242  67.468877 23.325
 83    15.052 55133.04754673 21.45 154.019404  67.493300 12.072
 83    14.001 55133.04754737 21.58 154.015834  67.490250 12.072
 83    11.574 55133.04754801 23.26 154.012254  67.487190 12.072
 83    14.622 55133.04754866 20.44 154.008684  67.484130 12.072
 83     8.114 55133.04754930 23.16 154.005104  67.481070 12.072
 83     7.971 55133.04754995 24.73 154.001534  67.478020 12.072
 83    12.167 55133.04755059 21.83 153.997957  67.474961  7.816
 83    10.882 55133.04755124 20.90 153.994387  67.471901  7.816
 84    14.988 55168.04751115 18.61 154.015657  67.498853  3.945
 84    15.187 55168.04751179 18.61 154.012087  67.495803  3.945
 84    15.169 55168.04751244 18.47 154.008507  67.492743  3.945
 84    15.030 55168.04751308 17.57 154.004937  67.489683  3.945
 84    15.011 55168.04751373 17.30 154.001357  67.486623  3.945
 84    14.614 55168.04751437 16.51 153.997787  67.483573  3.945
 84    14.122 55168.04751502 17.32 153.994217  67.480513  3.945
 84    13.476 55168.04751566 17.88 153.990647  67.477453  3.945
 84    12.937 55168.04751631 18.28 153.987077  67.474393  3.945
 84    14.725 55168.04751695 19.30 153.983505  67.471335  4.329
 85    13.432 55203.04753962 18.16 154.016408  67.490847  4.228
 85    13.764 55203.04754027 18.17 154.012828  67.487797  4.228
 85    14.090 55203.04754091 17.40 154.009258  67.484737  4.228
 85    14.126 55203.04754156 16.37 154.005678  67.481677  4.228
 85    12.994 55203.04754220 16.31 154.002108  67.478617  4.228
 85    12.301 55203.04754284 16.94 153.998538  67.475567  4.228
 85    10.398 55203.04754349 17.13 153.994964  67.472506  3.725
 86    15.258 55238.04751843 15.38 154.013884  67.501815  2.991
 86    16.143 55238.04751908 15.36 154.010314  67.498765  2.991
 86    16.255 55238.04751972 15.57 154.006734  67.495705  2.991
 86    16.160 55238.04752037 15.85 154.003154  67.492645  2.991
 86    16.021 55238.04752101 14.47 153.999584  67.489585  2.991
 86    15.467 55238.04752166 14.38 153.996014  67.486535  2.991
 86    14.946 55238.04752230 14.18 153.992444  67.483475  2.991
 86    14.623 55238.04752295 14.01 153.988864  67.480415  2.991
 86    13.801 55238.04752359 14.08 153.985294  67.477355  2.991
 86    12.966 55238.04752424 15.63 153.981726  67.474299  3.548
 86    12.161 55238.04752488 16.10 153.978156  67.471239  3.548
 87    15.839 55273.04753267 14.54 154.015222  67.495230  2.715
 87    15.625 55273.04753332 14.29 154.011642  67.492170  2.715
 87    15.486 55273.04753396 14.41 154.008062  67.489120  2.715
 87    15.220 55273.04753461 14.06 154.004492  67.486060  2.715
 87    14.799 55273.04753525 14.18 154.000922  67.483000  2.715
 87    14.573 55273.04753590 13.72 153.997342  67.479940  2.715
 87    13.470 55273.04753654 14.61 153.993772  67.476890  2.715
 87    12.798 55273.04753719 14.42 153.990200  67.473826  3.119
 87    12.067 55273.04753783 14.71 153.986630  67.470766  3.119
 88    15.540 55308.04750055 15.01 154.012935  67.503230  3.649
 88    15.976 55308.04750119 15.14 154.009355  67.500170  3.649
 88    16.331 55308.04750184 14.90 154.005785  67.497120  3.649
 88    16.511 55308.04750248 14.69 154.002205  67.494060  3.649
 88    16.285 55308.04750313 14.18 153.998635  67.491000  3.649
 88    16.118 55308.04750377 13.96 153.995065  67.487940  3.649
 88    15.493 55308.04750442 13.99 153.991485  67.484890  3.649
 88    14.774 55308.04750506 14.39 153.987915  67.481830  3.649
 88    14.630 55308.04750571 14.44 153.984345  67.478770  3.649
 88    13.112 55308.04750635 14.70 153.980775  67.475710  3.649
 88    12.330 55308.04750700 14.86 153.977205  67.472657  3.495
 88    11.905 55308.04750764 15.19 153.973635  67.469597  3.495
 89    15.615 55343.04750218 19.60 154.017067  67.493437  9.915
 89    15.660 55343.04750283 21.01 154.013497  67.490377  9.915
 89    15.303 55343.04750347 22.91 154.009917  67.487317  9.915
 89    15.390 55343.04750411 24.36 154.006347  67.484267  9.915
 89    15.444 55343.04750476 26.02 154.002777  67.481207  9.915
 89    15.534 55343.04750540 25.87 153.999197  67.478147  9.915
 89    15.598 55343.04750605 24.74 153.995627  67.475087  9.915
 89    17.487 55343.04750669 22.96 153.992057  67.472027  9.915
 90    16.392 55378.04749551 14.04 154.016170  67.499080  9.888
 90    15.807 55378.04749615 17.87 154.012600  67.496020  9.888
 90    16.054 55378.04749680 17.25 154.009020  67.492960  9.888
 90    15.438 55378.04749744 21.49 154.005450  67.489900  9.888
 90    15.021 55378.04749809 22.86 154.001870  67.486850  9.888
 90    14.729 55378.04749873 21.50 153.998300  67.483790  9.888
 90    14.781 55378.04749938 19.17 153.994730  67.480730  9.888
 90    15.575 55378.04750002 16.70 153.991160  67.477670  9.888
 90    16.172 55378.04750067 16.06 153.987586  67.474615 28.880
 90    16.256 55378.04750131 22.48 153.984016  67.471555 28.880
 91    15.401 55413.04752088 12.71 154.019934  67.491597 11.778
 91    15.215 55413.04752152 13.45 154.016364  67.488547 11.778
 91    15.287 55413.04752216 15.86 154.012784  67.485487 11.778
 91    15.296 55413.04752281 17.36 154.009214  67.482427 11.778
 91    14.964 55413.04752345 23.12 154.005634  67.479367 11.778
 91    14.312 55413.04752410 28.03 154.002064  67.476317 11.778
 91     8.369 55413.04752474 39.22 153.998489  67.473256 31.974
 92    15.601 55448.04750991 16.42 154.014669  67.495982  6.951
 92    15.324 55448.04751056 18.40 154.011099  67.492932  6.951
 92    15.746 55448.04751120 17.51 154.007519  67.489872  6.951
 92    14.830 55448.04751184 20.30 154.003949  67.486812  6.951
 92    14.734 55448.04751249 18.42 154.000369  67.483752  6.951
 92    14.568 55448.04751313 19.51 153.996799  67.480702  6.951
 92    15.198 55448.04751378 16.81 153.993229  67.477642  6.951
 92    16.175 55448.04751442 13.71 153.989659  67.474582  6.951
 92    16.254 55448.04751507 20.19 153.986089  67.471522  6.951
 93    16.411 55483.04743929 30.70 153.999024  67.495446 30.980
 93     9.228 55483.04744058 35.72 153.991874  67.489326 30.980
 93     9.153 55483.04744123 37.43 153.988304  67.486266 30.980
 93     9.315 55483.04744187 44.24 153.984734  67.483216 30.980
 93     9.215 55483.04744252 47.51 153.981164  67.480156 30.980
 93     9.196 55483.04744316 46.30 153.977594  67.477096 30.980
 93     9.213 55483.04744380 42.96 153.974024  67.474036 30.980
 93     9.275 55483.04744445 42.11 153.970461  67.470983 14.322
