# NaN NaN NaN ;Mean Elev.(m), Avg Gradient(m/km), RMS Gradient(m/km) - SRTM1     
#   21.105   0.274   4.893 ;Mean Elev.(m), Avg Gradient(m/km), RMS Gradient(m/km) - ASTER GDEM
#   35.282  -0.204   2.652 ;Mean Elev.(m), Avg Gradient(m/km), RMS Gradient(m/km) - GMTED2010 
  7 150.778095  65.851327    30.353    30.381  8 52476.05201271 33.127
  8 150.780807  65.852121    31.033    30.719  7 52511.05196535 28.238
  9 150.787102  65.842249    29.604    29.570  3 52546.05198678 35.631
 10 150.786651  65.852345    29.489    29.311 10 52581.05200789 26.112
 11 150.770591  65.854316    31.744    31.714  4 52616.05197775 15.128
 12 150.786453  65.843494    34.266    34.312  4 52651.05195630 14.898
 13 150.777757  65.851180    32.253    32.139  7 52686.05194499 13.392
 14 150.784821  65.852483    32.417    32.436  9 52721.05199445 12.880
 16 150.786902  65.838910    34.921    35.358  3 52791.05196967 32.343
 17 150.787575  65.842039    31.213    31.190  4 52826.05203836 34.165
 18 150.787250  65.841459    34.177    34.308  4 52861.05208412 25.311
 19 150.777021  65.851105    29.446    29.497  7 52896.05211303 30.729
 21 150.786715  65.840162    34.849    34.867  3 52966.05205904 14.255
 22 150.776085  65.853395    32.223    31.888  6 53001.05208785 13.584
 23 150.770884  65.855147    31.004    30.916  4 53036.05203678 13.107
 24 150.785431  65.853321    32.490    32.436 10 53071.05205808 13.410
 26 150.787341  65.847495    30.779    30.050  7 53141.05206609 31.271
 27 150.787057  65.852912    32.990    32.974  9 53176.05209544 43.909
 28 150.778950  65.851250    30.775    30.816  8 53211.05211487 25.021
 29 150.776825  65.850963    29.754    29.750  7 53246.05208315 43.663
 30 150.786385  65.843840    34.232    34.244  4 53281.05206907 22.216
 31 150.787131  65.850871    29.930    29.481  9 53316.05208019 24.289
 32 150.782568  65.853074    29.508    29.684  8 53351.05204561 21.706
 33 150.787514  65.843643    30.745    29.113  3 53386.05203134 20.733
 34 150.787614  65.849318    30.752    30.438  9 53421.05203396 19.059
 36 150.778892  65.852057    29.067    29.322  7 53491.05212437 18.403
 37 150.787139  65.851044    30.197    30.160  9 53526.05210711 43.072
 38 150.773147  65.852967    29.997    29.986  5 53561.05213546 46.656
 39 150.777740  65.850844    31.549    31.192  7 53596.05207445 26.709
 40 150.785934  65.842422    29.768    29.745  4 53631.05206980 35.752
 41 150.781458  65.852280    28.929    28.941  7 53666.05209129 36.587
 42 150.780862  65.851872    29.694    30.207  7 53701.05204276 25.076
 43 150.771948  65.853353    30.915    31.394  4 53736.05195302 20.357
 44 150.785071  65.842885    34.237    34.406  4 53771.05195805 19.511
 45 150.776811  65.852426    31.577    31.652  7 53806.05194827 16.794
 47 150.786367  65.847837    33.427    32.761  7 53876.05201625 29.267
 48 150.780966  65.851082    30.399    30.403  8 53911.05206424 35.608
 49 150.772225  65.852589    31.864    31.067  5 53946.05208273 22.641
 50 150.773313  65.853595    35.321    35.927  5 53981.05202813 20.470
 51 150.786483  65.838610    29.756    29.756  2 54016.05205169 40.534
 52 150.785532  65.844566    33.470    33.982  6 54051.05205074 15.805
 53 150.778855  65.851804    32.262    32.155  7 54086.05204177 11.631
 55 150.783371  65.852108    32.324    32.521  8 54156.05200056 10.693
 56 150.770977  65.854377    31.837    31.853  4 54191.05196506 10.449
 57 150.790733  65.856186    28.667    28.650  7 54226.05201076 22.998
 58 150.787623  65.853877    34.891    34.795  9 54261.05203115 23.315
 59 150.785502  65.853680    32.390    32.024  9 54296.05203562 23.337
 60 150.779378  65.852241    32.227    31.591  7 54331.05202787 24.829
 61 150.771475  65.854457    30.617    30.666  4 54366.05197110 46.228
 62 150.785106  65.852696    28.967    28.999  9 54401.05196969 27.894
 63 150.774152  65.853177    31.722    31.684  6 54436.05192725 13.684
 64 150.786423  65.844883    32.742    32.982  6 54471.05195524 13.146
 65 150.773294  65.853216    31.310    31.454  5 54506.05194022 11.038
 66 150.787071  65.854330    31.486    31.694  9 54541.05196834 12.472
 67 150.770865  65.851831    31.840    32.000  5 54576.05194188  9.688
 68 150.784874  65.853209    35.215    35.252  8 54611.05196027 32.971
 69 150.782240  65.851664    29.823    29.810  8 54646.05196813 46.198
 70 150.780280  65.851892    29.321    29.220  7 54681.05196917 37.883
 71 150.772028  65.853795    29.355    29.358  5 54716.05191867 32.954
 72 150.786696  65.850424    29.393    29.369  9 54751.05194056 42.537
 73 150.776246  65.853206    31.411    31.383  6 54786.05190818 20.663
 74 150.788427  65.850238    32.768    32.856  9 54821.05193387 16.296
 75 150.776598  65.851835    31.580    31.485  7 54856.05190456 15.628
 76 150.778843  65.851267    32.055    32.025  8 54891.05193781 13.708
 77 150.770041  65.855224    31.715    31.715  2 54926.05190281 11.597
 78 150.785846  65.851089    30.099    30.127  9 54961.05193579 34.772
 79 150.779874  65.851725    32.674    32.823  8 54996.05195741 21.327
 80 150.781821  65.852615    29.645    29.615  8 55031.05194696 44.339
 81 150.778071  65.851313    28.950    28.966  7 55066.05193712 37.008
 83 150.786242  65.850824    31.527    31.975  9 55136.05188282 20.340
 84 150.773504  65.851945    31.545    31.638  6 55171.05184560 14.896
 85 150.787982  65.851627    32.676    32.870 10 55206.05187604 15.269
 86 150.771784  65.853535    31.140    31.159  5 55241.05185125 13.858
 87 150.777551  65.850838    32.057    32.106  8 55276.05187045 12.660
 88 150.773801  65.854195    30.495    30.808  5 55311.05183518 16.320
 89 150.782427  65.851659    33.378    33.375  8 55346.05183931 49.060
 90 150.776462  65.851050    30.711    30.711  7 55381.05183232 49.593
 91 150.787628  65.849361    31.076    29.189  9 55416.05185895 32.368
 92 150.775559  65.851154    31.730    31.213  7 55451.05184336 26.865
 93 150.768387  65.853061    28.861    28.864  4 55486.05176734 46.415
