# NaN NaN NaN ;Mean Elev.(m), Avg Gradient(m/km), RMS Gradient(m/km) - SRTM1     
#  -10.854     NaN     NaN ;Mean Elev.(m), Avg Gradient(m/km), RMS Gradient(m/km) - ASTER GDEM
#    2.902  -1.194   6.922 ;Mean Elev.(m), Avg Gradient(m/km), RMS Gradient(m/km) - GMTED2010 
  7    12.795 52472.41101213 14.52 159.688543  68.556419 10.322
  7    12.273 52472.41101278 14.60 159.684643  68.559449 10.322
  7     6.523 52472.41101342 15.99 159.680743  68.562479 10.322
  7     4.973 52472.41101406 15.40 159.676843  68.565509 10.322
  7     3.598 52472.41101471 15.30 159.672943  68.568539 10.322
  7     4.440 52472.41101535 14.63 159.669043  68.571569 10.322
  7     6.030 52472.41101600 14.97 159.665133  68.574599 10.322
  8     1.192 52507.41098598 24.29 159.696477  68.556515 28.212
  8     1.280 52507.41098663 20.54 159.692577  68.559545 28.212
  8     0.713 52507.41098727 17.47 159.688677  68.562575 28.212
  8     0.785 52507.41098792 19.76 159.684777  68.565605 28.212
  8     1.095 52507.41098856 19.82 159.680877  68.568635 28.212
  8     1.140 52507.41098921 23.91 159.676977  68.571675 28.212
  8     1.269 52507.41098985 38.01 159.673077  68.574695 28.212
  9     1.406 52542.41096883 48.27 159.681767  68.556707 34.010
  9     1.450 52542.41096947 49.59 159.677867  68.559747 34.010
  9     1.368 52542.41097012 48.26 159.673967  68.562767 34.010
  9     1.377 52542.41097076 47.69 159.670067  68.565797 34.010
  9     1.248 52542.41097141 44.84 159.666157  68.568837 34.010
  9     1.553 52542.41097205 41.23 159.662257  68.571857 34.010
  9     1.454 52542.41097270 48.35 159.658347  68.574887 34.010
  9     1.377 52542.41097334 47.80 159.654437  68.577927 34.010
 10     0.428 52577.41101937 31.98 159.682294  68.557321 10.639
 10     0.315 52577.41102002 32.50 159.678394  68.560351 10.639
 10     0.375 52577.41102066 34.10 159.674494  68.563381 10.639
 10     0.412 52577.41102131 33.78 159.670594  68.566411 10.639
 10     0.597 52577.41102195 32.33 159.666694  68.569441 10.639
 10     0.413 52577.41102260 32.26 159.662784  68.572471 10.639
 10     0.294 52577.41102324 31.01 159.658884  68.575501 10.639
 11     9.459 52612.41098235 23.11 159.699012  68.554786  5.826
 11     7.995 52612.41098300 24.78 159.695112  68.557816  5.826
 11     6.644 52612.41098364 25.72 159.691212  68.560846  5.826
 11     0.173 52612.41098429 26.39 159.687312  68.563876  5.826
 11     0.225 52612.41098493 26.47 159.683412  68.566906  5.826
 11     3.035 52612.41098558 25.60 159.679512  68.569936  5.826
 11     4.175 52612.41098622 24.99 159.675612  68.572966  5.826
 11     5.486 52612.41098687 24.37 159.671712  68.575996  5.826
 12    18.683 52647.41096757 19.72 159.684376  68.557365  3.301
 12    13.186 52647.41096821 19.84 159.680476  68.560405  3.301
 12     6.047 52647.41096886 20.11 159.676576  68.563435  3.301
 12    11.201 52647.41096950 20.65 159.672676  68.566465  3.301
 12     4.500 52647.41097015 20.41 159.668766  68.569495  3.301
 12     5.029 52647.41097079 20.16 159.664866  68.572525  3.301
 12     5.873 52647.41097144 20.39 159.660956  68.575555  3.301
 15    21.024 52752.41102192 13.96 159.693312  68.554305  2.720
 15    19.301 52752.41102257 14.24 159.689412  68.557335  2.720
 15    16.659 52752.41102321 14.50 159.685512  68.560365  2.720
 15    11.088 52752.41102386 14.85 159.681612  68.563395  2.720
 15     4.463 52752.41102450 15.28 159.677712  68.566425  2.720
 15     3.990 52752.41102515 14.88 159.673812  68.569455  2.720
 15     5.549 52752.41102579 15.16 159.669912  68.572495  2.720
 15     5.580 52752.41102644 15.24 159.666012  68.575515  2.720
 16    12.057 52787.41096815 23.40 159.669503  68.555908 16.915
 16     2.296 52787.41096879 33.64 159.665603  68.558938 16.915
 16     1.534 52787.41096944 33.80 159.661703  68.561968 16.915
 17    13.166 52822.41104055 13.07 159.675668  68.557078 10.498
 17    12.278 52822.41104119 12.83 159.671768  68.560108 10.498
 17     6.594 52822.41104184 13.38 159.667868  68.563128 10.498
 17     5.334 52822.41104248 13.57 159.663968  68.566168 10.498
 17     4.827 52822.41104313 14.21 159.660058  68.569198 10.498
 17     4.995 52822.41104377 13.96 159.656158  68.572228 10.498
 17     5.622 52822.41104442 14.04 159.652248  68.575258 10.498
 17     5.974 52822.41104506 13.99 159.648338  68.578288 10.498
 18     1.028 52857.41108708 49.69 159.684291  68.555972 30.319
 18     1.007 52857.41108773 50.46 159.680381  68.559002 30.319
 18     1.056 52857.41108837 49.14 159.676481  68.562032 30.319
 18     1.076 52857.41108902 49.68 159.672581  68.565062 30.319
 18     1.117 52857.41108966 49.43 159.668681  68.568092 30.319
 18     0.945 52857.41109031 47.51 159.664771  68.571122 30.319
 18     0.921 52857.41109095 49.96 159.660871  68.574152 30.319
 18     1.143 52857.41109159 47.53 159.656961  68.577182 30.319
 19     0.942 52892.41111933 30.31 159.685410  68.557285 23.940
 19     0.683 52892.41111998 18.61 159.681510  68.560315 23.940
 19     1.263 52892.41112062 18.15 159.677610  68.563345 23.940
 19     1.350 52892.41112127 20.11 159.673700  68.566375 23.940
 19     1.719 52892.41112191 21.05 159.669800  68.569405 23.940
 19     1.829 52892.41112256 23.48 159.665900  68.572445 23.940
 19     1.829 52892.41112320 37.95 159.661990  68.575465 23.940
 20     0.282 52927.41106971 36.58 159.708727  68.553937 20.108
 20     0.060 52927.41107036 47.33 159.704827  68.556967 20.108
 20     0.177 52927.41107100 44.45 159.700934  68.559998 20.877
 20     0.294 52927.41107165 44.85 159.697034  68.563028 20.877
 20     0.413 52927.41107229 43.99 159.693134  68.566058 20.877
 20     0.103 52927.41107294 46.04 159.689234  68.569088 20.877
 20     0.019 52927.41107358 42.56 159.685334  68.572118 20.877
 20    -0.091 52927.41107423 35.26 159.681434  68.575148 20.877
 21     0.068 52962.41104203 27.25 159.684112  68.555321  7.077
 21     0.217 52962.41104268 30.00 159.680202  68.558351  7.077
 21     0.234 52962.41104332 31.14 159.676302  68.561381  7.077
 21     0.108 52962.41104397 32.59 159.672402  68.564411  7.077
 21     0.277 52962.41104461 31.33 159.668502  68.567441  7.077
 21     0.399 52962.41104525 29.39 159.664592  68.570471  7.077
 21     0.304 52962.41104590 30.74 159.660692  68.573501  7.077
 21     0.172 52962.41104654 27.34 159.656776  68.576526  4.410
 22    18.691 52997.41108370 23.16 159.684808  68.557231  4.177
 22     0.127 52997.41108434 23.11 159.680908  68.560261  4.177
 22     0.249 52997.41108499 24.34 159.677008  68.563291  4.177
 22     0.180 52997.41108563 23.63 159.673108  68.566321  4.177
 22     0.137 52997.41108628 23.16 159.669199  68.569356  4.002
 22     0.058 52997.41108692 22.49 159.665299  68.572386  4.002
 22     5.437 52997.41108756 22.38 159.661389  68.575416  4.002
 23    17.203 53032.41104059 18.31 159.705222  68.555832  3.059
 23    16.697 53032.41104123 18.41 159.701332  68.558862  3.059
 23    10.193 53032.41104188 18.62 159.697432  68.561892  3.059
 23     4.569 53032.41104252 19.30 159.693532  68.564922  3.059
 23     1.969 53032.41104317 19.33 159.689632  68.567962  3.059
 23     2.360 53032.41104381 19.39 159.685732  68.570992  3.059
 23     4.315 53032.41104446 18.72 159.681832  68.574022  3.059
 24    19.598 53067.41105179 17.09 159.691073  68.554610  3.081
 24    17.834 53067.41105244 16.90 159.687173  68.557640  3.081
 24     6.478 53067.41105308 17.81 159.683273  68.560670  3.081
 24    10.700 53067.41105373 17.71 159.679373  68.563700  3.081
 24     8.967 53067.41105437 17.85 159.675463  68.566730  3.081
 24     8.130 53067.41105502 17.19 159.671563  68.569760  3.081
 24     6.089 53067.41105566 17.73 159.667662  68.572793  2.385
 24     5.061 53067.41105631 18.12 159.663752  68.575823  2.385
 25     9.808 53102.41104378 16.27 159.708977  68.553502  2.995
 25     8.709 53102.41104443 16.98 159.705077  68.556532  2.995
 25     7.071 53102.41104507 17.17 159.701187  68.559562  2.995
 25     5.602 53102.41104572 18.06 159.697287  68.562592  2.995
 25     3.832 53102.41104636 17.56 159.693387  68.565622  2.995
 25     1.863 53102.41104700 17.69 159.689487  68.568662  2.995
 25     2.852 53102.41104765 17.93 159.685587  68.571692  2.995
 25     3.877 53102.41104829 17.64 159.681687  68.574722  2.995
 26     7.272 53137.41105524 11.86 159.687574  68.556152  2.978
 26     1.780 53137.41105589 12.44 159.683674  68.559182  2.978
 26     1.193 53137.41105653 13.12 159.679774  68.562212  2.978
 26     1.454 53137.41105718 13.16 159.675874  68.565242  2.978
 26     2.644 53137.41105782 13.14 159.671972  68.568277  2.239
 26     0.625 53137.41105847 12.92 159.668062  68.571307  2.239
 26    -0.043 53137.41105911 13.07 159.664162  68.574337  2.239
 27    12.769 53172.41110227 16.53 159.682746  68.557150 10.331
 27    12.208 53172.41110291 15.38 159.678846  68.560180 10.331
 27    11.751 53172.41110356 14.95 159.674946  68.563210 10.331
 27     5.833 53172.41110420 15.74 159.671046  68.566240 10.331
 27     4.736 53172.41110485 16.57 159.667146  68.569270 10.331
 27     4.728 53172.41110549 18.23 159.663236  68.572300 10.331
 27     5.567 53172.41110614 20.91 159.659336  68.575330 10.331
 28     2.354 53207.41111655 24.61 159.690826  68.556394 15.450
 28     2.214 53207.41111720 25.38 159.686926  68.559424 15.450
 28     2.043 53207.41111784 16.30 159.683026  68.562454 15.450
 28     2.541 53207.41111849 16.43 159.679126  68.565484 15.450
 28     3.629 53207.41111913 16.26 159.675226  68.568514 15.450
 28     3.781 53207.41111978 17.72 159.671316  68.571544 15.450
 28     4.701 53207.41112042 19.08 159.667416  68.574574 15.450
 29     2.246 53242.41108356 47.15 159.704015  68.554902 28.140
 29     2.287 53242.41108420 48.79 159.700115  68.557932 28.140
 29     2.264 53242.41108485 48.17 159.696215  68.560962 28.140
 29     2.290 53242.41108549 47.53 159.692315  68.563992 28.140
 29     2.352 53242.41108614 47.29 159.688415  68.567022 28.140
 29     2.195 53242.41108678 49.51 159.684515  68.570052 28.140
 29     2.129 53242.41108743 47.86 159.680615  68.573082 28.140
 30     6.168 53277.41105858 17.32 159.669502  68.557594 13.776
 30     5.107 53277.41105922 16.04 159.665602  68.560624 13.776
 30     2.700 53277.41105987 17.81 159.661702  68.563654 13.776
 30    11.877 53277.41106051 14.90 159.657792  68.566684 13.776
 30     4.484 53277.41106115 14.16 159.653882  68.569714 13.776
 30     5.134 53277.41106180 15.13 159.649982  68.572734 13.776
 31     7.541 53312.41109265 17.02 159.684206  68.556975  3.911
 31     6.361 53312.41109329 16.98 159.680306  68.560005  3.911
 31    -0.037 53312.41109394 17.59 159.676396  68.563035  3.911
 31     0.091 53312.41109458 17.61 159.672496  68.566065  3.911
 31    -0.095 53312.41109523 18.14 159.668596  68.569095  3.911
 31    -0.137 53312.41109587 17.89 159.664696  68.572125  3.911
 31    -0.175 53312.41109652 17.85 159.660786  68.575155  3.911
 32    17.780 53347.41105780 13.25 159.698112  68.555717  3.182
 32    12.868 53347.41105844 12.96 159.694222  68.558747  3.182
 32     7.333 53347.41105909 13.42 159.690322  68.561777  3.182
 32     5.805 53347.41105973 13.58 159.686422  68.564807  3.182
 32     3.451 53347.41106038 13.47 159.682522  68.567837  3.182
 32     3.212 53347.41106102 13.41 159.678612  68.570867  3.182
 32     5.467 53347.41106167 13.81 159.674712  68.573897  3.182
 33    19.459 53382.41102306 11.71 159.672058  68.558370  2.640
 33    18.205 53382.41102370 11.28 159.668158  68.561400  2.640
 33    17.028 53382.41102435 11.62 159.664258  68.564430  2.640
 33    14.998 53382.41102499 12.26 159.660348  68.567460  2.640
 33    13.859 53382.41102564 11.92 159.656448  68.570490  2.640
 33     3.682 53382.41102628 12.07 159.652538  68.573520  2.640
 33     5.189 53382.41102693 11.80 159.648633  68.576545  2.110
 34    19.377 53417.41103651 11.11 159.699976  68.555556  2.751
 34    16.548 53417.41103716 11.42 159.696076  68.558586  2.751
 34    15.684 53417.41103780 11.19 159.692186  68.561616  2.751
 34     6.300 53417.41103845 11.85 159.688276  68.564646  2.751
 34     5.498 53417.41103909 11.41 159.684376  68.567676  2.751
 34     6.501 53417.41103973 11.86 159.680476  68.570706  2.751
 34     5.958 53417.41104038 11.67 159.676576  68.573736  2.751
 35    21.323 53452.41103838  9.43 159.669258  68.557199  2.501
 35    19.302 53452.41103902  9.65 159.665358  68.560229  2.501
 35    17.576 53452.41103967 10.17 159.661448  68.563259  2.501
 35    14.973 53452.41104031 10.44 159.657548  68.566289  2.501
 35    14.253 53452.41104096 10.42 159.653638  68.569319  2.501
 36    21.204 53487.41112327  9.41 159.678991  68.556367  2.416
 36    17.468 53487.41112391  9.61 159.675091  68.559397  2.416
 36    14.062 53487.41112456  9.68 159.671191  68.562427  2.416
 36    12.593 53487.41112520  9.66 159.667291  68.565457  2.416
 36    10.585 53487.41112585  9.62 159.663391  68.568487  2.416
 36     7.813 53487.41112649 10.08 159.659491  68.571517  2.416
 36     5.153 53487.41112714  9.88 159.655580  68.574550  2.004
 36     5.960 53487.41112778  9.90 159.651680  68.577580  2.004
 37     4.093 53522.41111316 45.92 159.696679  68.554104 22.376
 37     3.813 53522.41111380 38.83 159.692779  68.557134 22.376
 37     3.940 53522.41111445 24.03 159.688879  68.560164 22.376
 37     3.738 53522.41111509 23.57 159.684979  68.563194 22.376
 37     4.011 53522.41111574 23.27 159.681079  68.566224 22.376
 37     4.441 53522.41111638 23.29 159.677179  68.569254 22.376
 37     4.264 53522.41111702 29.62 159.673269  68.572284 22.376
 37     4.036 53522.41111767 39.29 159.669369  68.575314 22.376
 38     1.589 53557.41113892 37.94 159.686276  68.556199 15.889
 38     1.432 53557.41113957 37.83 159.682376  68.559229 15.889
 38     1.539 53557.41114021 40.20 159.678476  68.562259 15.889
 38     1.508 53557.41114086 43.23 159.674576  68.565289 15.889
 38     1.597 53557.41114150 43.22 159.670676  68.568319 15.889
 38     1.676 53557.41114215 43.46 159.666776  68.571349 15.889
 38     1.855 53557.41114279 44.54 159.662876  68.574379 15.889
 38     1.796 53557.41114344 47.81 159.658964  68.577414 19.820
 39     3.847 53592.41107472 24.17 159.713598  68.554178 16.588
 39     8.907 53592.41107537 19.06 159.709698  68.557208 16.588
 39     8.359 53592.41107601 18.16 159.705798  68.560238 16.588
 39     6.882 53592.41107665 18.02 159.701898  68.563268 16.588
 39     3.102 53592.41107730 16.80 159.698008  68.566298 16.588
 39     3.887 53592.41107794 18.08 159.694098  68.569328 16.588
 39     5.347 53592.41107859 16.53 159.690198  68.572358 16.588
 41     0.989 53662.41109154 36.84 159.683258  68.556178 16.334
 41     1.030 53662.41109218 39.97 159.679358  68.559208 16.334
 41     1.063 53662.41109283 41.34 159.675458  68.562238 16.334
 41     1.211 53662.41109347 37.27 159.671558  68.565268 16.334
 41     1.097 53662.41109412 38.09 159.667648  68.568298 16.334
 41     1.046 53662.41109476 37.37 159.663748  68.571328 16.334
 41     0.855 53662.41109541 36.45 159.659848  68.574358 16.334
 41     0.912 53662.41109605 31.83 159.655936  68.577388  6.404
 42     0.421 53697.41105618 26.89 159.699915  68.556108  8.750
 42     0.154 53697.41105682 29.83 159.696015  68.559138  8.750
 42     0.231 53697.41105747 29.85 159.692115  68.562168  8.750
 42     0.288 53697.41105811 29.05 159.688215  68.565198  8.750
 42     0.247 53697.41105876 27.20 159.684315  68.568228  8.750
 42     0.281 53697.41105940 27.06 159.680415  68.571258  8.750
 42     0.116 53697.41106005 25.59 159.676505  68.574288  8.750
 43     9.012 53732.41097821 24.18 159.714028  68.555173  6.261
 43     7.153 53732.41097886 24.76 159.710138  68.558203  6.261
 43     0.172 53732.41097950 26.30 159.706238  68.561233  6.261
 43     0.184 53732.41098015 26.51 159.702338  68.564263  6.261
 43     0.193 53732.41098079 25.63 159.698438  68.567293  6.261
 43     0.169 53732.41098144 24.74 159.694538  68.570323  6.261
 43     0.020 53732.41098208 24.68 159.690638  68.573353  6.261
 45    19.770 53802.41095411 15.35 159.709560  68.554734  2.957
 45    17.256 53802.41095476 15.66 159.705660  68.557764  2.957
 45    18.872 53802.41095540 15.52 159.701760  68.560794  2.957
 45    18.241 53802.41095605 15.53 159.697860  68.563824  2.957
 45     5.111 53802.41095669 15.58 159.693970  68.566854  2.957
 45     4.245 53802.41095734 15.18 159.690060  68.569884  2.957
 45     3.788 53802.41095798 15.55 159.686160  68.572914  2.957
 46    22.580 53837.41096760 14.55 159.671352  68.557966  2.829
 46    14.650 53837.41096825 14.23 159.667452  68.560996  2.829
 46     3.328 53837.41096889 15.34 159.663542  68.564026  2.829
 46     9.938 53837.41096953 15.25 159.659642  68.567056  2.829
 46     3.329 53837.41097018 14.99 159.655742  68.570086  2.829
 46     2.683 53837.41097082 15.15 159.651832  68.573116  2.829
 46     4.793 53837.41097147 14.72 159.647922  68.576146  2.829
 46     5.202 53837.41097211 14.72 159.644020  68.579170  2.108
 47    22.961 53872.41101934  7.95 159.686052  68.556667  4.643
 47    19.879 53872.41101998  8.74 159.682152  68.559697  4.643
 47    18.815 53872.41102063  8.59 159.678252  68.562727  4.643
 47     4.170 53872.41102127  8.99 159.674352  68.565757  4.643
 47     5.074 53872.41102192  9.39 159.670442  68.568787  4.643
 47     5.409 53872.41102256 10.11 159.666542  68.571817  4.643
 47     5.993 53872.41102321  9.99 159.662632  68.574847  4.643
 48    12.503 53907.41106041 16.80 159.680378  68.557513 21.969
 48     8.680 53907.41106106 15.57 159.676478  68.560543 21.969
 48     7.258 53907.41106170 16.40 159.672578  68.563573 21.969
 48     4.306 53907.41106235 18.17 159.668668  68.566603 21.969
 48     4.418 53907.41106299 19.43 159.664768  68.569633 21.969
 48     4.888 53907.41106364 20.85 159.660865  68.572667 22.068
 48     5.237 53907.41106428 24.95 159.656955  68.575697 22.068
 49     1.800 53942.41108657 44.08 159.683136  68.555165 31.318
 49     2.227 53942.41108721 28.04 159.679236  68.558195 31.318
 49     2.197 53942.41108786 45.86 159.675346  68.561225 31.318
 49     1.954 53942.41108850 48.98 159.671436  68.564255 31.318
 49     2.025 53942.41108915 49.72 159.667536  68.567285 31.318
 49     2.041 53942.41108979 48.65 159.663636  68.570315 31.318
 49     2.032 53942.41109044 49.99 159.659736  68.573345 31.318
 49     1.732 53942.41109108 48.49 159.655826  68.576375 31.318
 50     3.164 53977.41103933 26.99 159.702204  68.556207 17.577
 50     2.861 53977.41103997 18.39 159.698304  68.559237 17.577
 50     8.041 53977.41104062 16.37 159.694404  68.562277 17.577
 50     3.128 53977.41104126 16.93 159.690504  68.565307 17.577
 50     5.215 53977.41104191 15.62 159.686614  68.568337 17.577
 50     5.576 53977.41104255 15.47 159.682704  68.571367 17.577
 50     6.558 53977.41104320 16.46 159.678804  68.574397 17.577
 51     0.829 54012.41104655 30.94 159.672642  68.555943 13.468
 51     1.003 54012.41104719 23.06 159.668742  68.558973 13.468
 51     0.715 54012.41104784 23.68 159.664832  68.562003 13.468
 51     0.441 54012.41104848 22.59 159.660932  68.565033 13.468
 51     0.415 54012.41104913 20.97 159.657032  68.568063 13.468
 51     0.200 54012.41104977 20.48 159.653122  68.571093 13.468
 51     5.061 54012.41105042 18.42 159.649212  68.574123 13.468
 51     5.605 54012.41105106 18.43 159.645302  68.577143 13.468
 52    18.246 54047.41105661 18.40 159.695829  68.555300  3.902
 52     7.957 54047.41105725 18.50 159.691929  68.558340  3.902
 52     7.111 54047.41105790 18.24 159.688029  68.561370  3.902
 52     1.231 54047.41105854 19.49 159.684129  68.564400  3.902
 52     3.668 54047.41105919 19.47 159.680229  68.567430  3.902
 52    -0.073 54047.41105983 20.07 159.676319  68.570460  3.902
 52     4.824 54047.41106048 19.53 159.672419  68.573490  3.902
 52     5.743 54047.41106112 18.13 159.668519  68.576520  3.902
 54    19.667 54117.41098006 12.86 159.715136  68.553839  2.705
 54    19.383 54117.41098070 13.41 159.711246  68.556879  2.705
 54    16.374 54117.41098135 13.95 159.707346  68.559909  2.705
 54    18.374 54117.41098199 13.94 159.703456  68.562939  2.705
 54     5.198 54117.41098264 14.34 159.699556  68.565969  2.705
 54     4.305 54117.41098328 14.48 159.695656  68.568999  2.705
 54     4.672 54117.41098392 14.44 159.691756  68.572029  2.705
 55    21.754 54152.41100180 12.97 159.691989  68.554324  2.675
 55    21.421 54152.41100244 13.11 159.688089  68.557354  2.675
 55    20.785 54152.41100309 13.33 159.684189  68.560384  2.675
 55    19.523 54152.41100373 13.61 159.680289  68.563414  2.675
 55    11.202 54152.41100438 13.58 159.676389  68.566444  2.675
 55     9.519 54152.41100502 14.04 159.672489  68.569474  2.675
 55     7.353 54152.41100567 14.05 159.668589  68.572504  2.675
 55     5.748 54152.41100631 13.89 159.664679  68.575534  2.675
 56    19.879 54187.41097394 11.63 159.709110  68.555723  2.205
 56    19.191 54187.41097459 12.06 159.705220  68.558753  2.205
 56    18.709 54187.41097523 12.10 159.701320  68.561783  2.205
 56     6.525 54187.41097587 12.46 159.697420  68.564813  2.205
 56     5.321 54187.41097652 12.63 159.693520  68.567843  2.205
 56     4.559 54187.41097716 12.41 159.689620  68.570873  2.205
 56     5.014 54187.41097781 12.72 159.685720  68.573913  2.205
 57    21.552 54222.41101225 10.19 159.683061  68.556186  2.461
 57    18.512 54222.41101289 11.12 159.679161  68.559216  2.461
 57    17.236 54222.41101354 11.02 159.675261  68.562246  2.461
 57    12.029 54222.41101418 11.40 159.671351  68.565276  2.461
 57    10.600 54222.41101483 11.38 159.667451  68.568306  2.461
 57     7.078 54222.41101547 11.90 159.663551  68.571346  2.461
 57     5.348 54222.41101612 11.63 159.659641  68.574376  2.461
 57     5.698 54222.41101676 11.53 159.655741  68.577406  2.461
 58     9.932 54257.41103423 22.90 159.692419  68.555670 17.081
 58     4.784 54257.41103487 26.10 159.688519  68.558700 17.081
 58     4.564 54257.41103552 23.01 159.684619  68.561730 17.081
 58     4.757 54257.41103616 19.64 159.680719  68.564760 17.081
 58     5.368 54257.41103681 19.09 159.676809  68.567790 17.081
 58     5.447 54257.41103745 19.79 159.672909  68.570820 17.081
 58     5.956 54257.41103810 21.19 159.669009  68.573850 17.081
 59     1.580 54292.41103630 26.54 159.693638  68.555159 11.725
 59     1.873 54292.41103694 18.24 159.689748  68.558189 11.725
 59     8.181 54292.41103759 14.00 159.685848  68.561219 11.725
 59    11.305 54292.41103823 12.81 159.681948  68.564249 11.725
 59     4.444 54292.41103888 13.36 159.678038  68.567289 11.725
 59     9.759 54292.41103952 13.29 159.674138  68.570319 11.725
 59     5.658 54292.41104017 14.77 159.670238  68.573339 11.725
 59     6.349 54292.41104081 16.19 159.666328  68.576379 11.725
 60     1.910 54327.41103258 23.99 159.698016  68.556486 26.566
 60     1.989 54327.41103322 18.03 159.694126  68.559516 26.566
 60     1.891 54327.41103387 20.30 159.690216  68.562546 26.566
 60     2.307 54327.41103451 19.87 159.686326  68.565576 26.566
 60     2.374 54327.41103516 22.35 159.682416  68.568606 26.566
 60     2.623 54327.41103580 27.06 159.678516  68.571646 26.566
 60     2.713 54327.41103645 38.60 159.674616  68.574666 26.566
 61     1.324 54362.41098137 33.41 159.713112  68.554566 28.436
 61     1.488 54362.41098201 24.99 159.709222  68.557596 28.436
 61     1.452 54362.41098266 24.06 159.705322  68.560626 28.436
 61     1.503 54362.41098330 23.65 159.701422  68.563656 28.436
 61     1.757 54362.41098395 21.34 159.697522  68.566686 28.436
 61     2.233 54362.41098459 21.15 159.693622  68.569716 28.436
 61     1.937 54362.41098524 25.33 159.689722  68.572746 28.436
 62     0.602 54397.41097255 36.02 159.689377  68.556222  9.706
 62     0.507 54397.41097320 38.40 159.685477  68.559252  9.706
 62     0.368 54397.41097384 34.14 159.681577  68.562282  9.706
 62     0.486 54397.41097449 35.09 159.677677  68.565312  9.706
 62     0.503 54397.41097513 35.49 159.673767  68.568352  9.706
 62     0.348 54397.41097578 34.96 159.669867  68.571382  9.706
 62     0.204 54397.41097642 32.15 159.665967  68.574402  9.706
 63     9.166 54432.41093146 21.49 159.706665  68.555908  4.102
 63     7.878 54432.41093210 22.21 159.702765  68.558938  4.102
 63     6.108 54432.41093274 24.33 159.698875  68.561968  4.102
 63     4.336 54432.41093339 23.70 159.694975  68.564998  4.102
 63     3.761 54432.41093403 22.85 159.691075  68.568028  4.102
 63     2.665 54432.41093468 24.06 159.687175  68.571058  4.102
 63     4.454 54432.41093532 23.95 159.683265  68.574088  4.102
 64    23.206 54467.41095408 14.43 159.686196  68.555037  2.643
 64    22.496 54467.41095473 15.32 159.682296  68.558067  2.643
 64    21.857 54467.41095537 15.04 159.678396  68.561097  2.643
 64    20.360 54467.41095602 15.22 159.674496  68.564127  2.643
 64    11.377 54467.41095666 15.52 159.670596  68.567157  2.643
 64     8.813 54467.41095730 16.04 159.666686  68.570187  2.643
 64     6.991 54467.41095795 15.62 159.662786  68.573217  2.643
 64     5.401 54467.41095859 15.78 159.658876  68.576247  2.643
 65    21.857 54502.41094635 13.58 159.703577  68.554877  2.611
 65    21.510 54502.41094700 13.65 159.699677  68.557907  2.611
 65    20.987 54502.41094764 13.55 159.695777  68.560937  2.611
 65    18.647 54502.41094829 13.96 159.691877  68.563967  2.611
 65    17.821 54502.41094893 13.63 159.687977  68.566997  2.611
 65    16.724 54502.41094958 13.40 159.684077  68.570027  2.611
 65     4.740 54502.41095022 14.07 159.680177  68.573057  2.611
 66    22.176 54537.41096953 13.11 159.694705  68.556138  2.531
 66    21.700 54537.41097017 13.37 159.690805  68.559168  2.531
 66    19.740 54537.41097082 13.12 159.686905  68.562198  2.531
 66    18.994 54537.41097146 12.91 159.683005  68.565228  2.531
 66    17.523 54537.41097211 12.84 159.679105  68.568258  2.531
 66    16.215 54537.41097275 13.07 159.675195  68.571288  2.531
 66     5.167 54537.41097340 13.42 159.671293  68.574322  2.298
 67    19.739 54572.41094777 12.49 159.709233  68.554442  2.573
 67    19.291 54572.41094841 12.73 159.705343  68.557472  2.573
 67    15.183 54572.41094906 13.14 159.701443  68.560502  2.573
 67    13.465 54572.41094970 13.16 159.697543  68.563532  2.573
 67    13.820 54572.41095034 13.25 159.693643  68.566562  2.573
 67     4.457 54572.41095099 12.83 159.689743  68.569592  2.573
 67     4.875 54572.41095163 13.15 159.685843  68.572622  2.573
 68     2.741 54607.41096292 27.15 159.691972  68.554891 11.071
 68     2.176 54607.41096357 26.71 159.688072  68.557921 11.071
 68     0.557 54607.41096421 25.99 159.684172  68.560951 11.071
 68     0.392 54607.41096486 24.88 159.680272  68.563981 11.071
 68     0.135 54607.41096550 23.88 159.676372  68.567011 11.071
 68     0.321 54607.41096615 22.90 159.672472  68.570041 11.071
 68     5.177 54607.41096679 19.98 159.668562  68.573071 11.071
 68     6.246 54607.41096744 18.85 159.664658  68.576106 13.017
 69     8.756 54642.41097190 23.75 159.694066  68.556842 15.404
 69     2.202 54642.41097254 22.97 159.690166  68.559872 15.404
 69     2.102 54642.41097319 18.91 159.686266  68.562902 15.404
 69     2.646 54642.41097383 18.93 159.682366  68.565932 15.404
 69     3.077 54642.41097447 19.42 159.678466  68.568962 15.404
 69     2.995 54642.41097512 22.43 159.674566  68.571992 15.404
 69     2.990 54642.41097576 36.27 159.670666  68.575022 15.404
 70     1.568 54677.41097397 24.19 159.689824  68.556891 15.781
 70     1.506 54677.41097462 17.87 159.685924  68.559921 15.781
 70     1.425 54677.41097526 16.55 159.682024  68.562951 15.781
 70     1.672 54677.41097591 16.75 159.678124  68.565981 15.781
 70     1.591 54677.41097655 20.64 159.674224  68.569011 15.781
 70     1.660 54677.41097720 25.37 159.670324  68.572041 15.781
 70     1.812 54677.41097784 33.73 159.666414  68.575071 15.781
 71     1.181 54712.41092713 23.49 159.710535  68.555494 23.606
 71     8.488 54712.41092778 16.65 159.706635  68.558524 23.606
 71     0.132 54712.41092842 17.86 159.702745  68.561554 23.606
 71     0.075 54712.41092907 21.05 159.698845  68.564584 23.606
 71     0.799 54712.41092971 21.05 159.694945  68.567614 23.606
 71     1.110 54712.41093036 27.51 159.691045  68.570644 23.606
 71     0.154 54712.41093100 38.22 159.687145  68.573674 23.606
 72     9.362 54747.41094267 21.34 159.685387  68.556954 19.143
 72     7.030 54747.41094332 22.41 159.681487  68.559984 19.143
 72     0.818 54747.41094396 25.73 159.677587  68.563014 19.143
 72     4.403 54747.41094461 21.52 159.673687  68.566044 19.143
 72     4.730 54747.41094525 21.73 159.669787  68.569074 19.143
 72     5.421 54747.41094590 23.96 159.665877  68.572104 19.143
 72     5.574 54747.41094654 27.20 159.661980  68.575136 23.075
 73     8.602 54782.41091343 25.11 159.700114  68.554925  7.611
 73     0.286 54782.41091407 28.53 159.696214  68.557955  7.611
 73     0.187 54782.41091472 29.55 159.692314  68.560985  7.611
 73     0.333 54782.41091536 28.85 159.688424  68.564015  7.611
 73     0.266 54782.41091601 29.16 159.684514  68.567045  7.611
 73     0.136 54782.41091665 26.88 159.680614  68.570075  7.611
 73     0.128 54782.41091730 25.92 159.676714  68.573105  7.611
 74    18.911 54817.41093561 20.03 159.684589  68.557368  3.421
 74     6.989 54817.41093625 20.62 159.680689  68.560398  3.421
 74     2.358 54817.41093690 20.87 159.676789  68.563428  3.421
 74    11.323 54817.41093754 19.46 159.672889  68.566458  3.421
 74     3.548 54817.41093819 20.49 159.668989  68.569488  3.421
 74     4.308 54817.41093883 20.80 159.665079  68.572518  3.421
 74     5.365 54817.41093947 21.26 159.661177  68.575549  3.078
 75     9.357 54852.41091099 15.84 159.701825  68.554897  3.247
 75    17.676 54852.41091164 16.22 159.697925  68.557927  3.247
 75     7.342 54852.41091228 16.64 159.694025  68.560957  3.247
 75     5.196 54852.41091293 16.83 159.690125  68.563987  3.247
 75     3.583 54852.41091357 17.20 159.686225  68.567017  3.247
 75     3.059 54852.41091422 17.65 159.682325  68.570047  3.247
 75     4.699 54852.41091486 17.21 159.678425  68.573077  3.247
 76    18.576 54887.41093964 14.14 159.688530  68.556561  2.903
 76    16.754 54887.41094029 14.15 159.684630  68.559591  2.903
 76     6.418 54887.41094093 14.62 159.680730  68.562621  2.903
 76     4.594 54887.41094158 15.37 159.676830  68.565651  2.903
 76     3.371 54887.41094222 14.92 159.672920  68.568681  2.903
 76     3.399 54887.41094287 15.43 159.669020  68.571711  2.903
 76     4.507 54887.41094351 15.63 159.665118  68.574743  2.287
 77    16.048 54922.41091100 13.74 159.712706  68.553824  2.929
 77     8.729 54922.41091165 14.07 159.708816  68.556864  2.929
 77     8.085 54922.41091229 13.79 159.704916  68.559894  2.929
 77     5.580 54922.41091294 14.41 159.701016  68.562924  2.929
 77     3.947 54922.41091358 14.50 159.697126  68.565954  2.929
 77     3.434 54922.41091422 15.04 159.693226  68.568984  2.929
 77     4.046 54922.41091487 14.23 159.689326  68.572014  2.929
 78    12.669 54957.41093605  3.19 159.685839  68.554703  2.883
 78    11.448 54957.41093669  3.87 159.681939  68.557733  2.883
 78     5.391 54957.41093734  4.03 159.678029  68.560763  2.883
 78     5.585 54957.41093798  3.51 159.674129  68.563793  2.883
 78     5.145 54957.41093862  3.89 159.670229  68.566823  2.883
 78     3.889 54957.41093927  4.43 159.666329  68.569853  2.883
 78     5.239 54957.41093991  3.72 159.662419  68.572888  7.349
 78     5.416 54957.41094056  3.92 159.658519  68.575918  7.349
 79     7.663 54992.41095913 21.34 159.688102  68.556998 18.300
 79     8.265 54992.41095978 15.93 159.684202  68.560028 18.300
 79     4.662 54992.41096042 17.00 159.680302  68.563058 18.300
 79     3.900 54992.41096107 14.80 159.676402  68.566088 18.300
 79     4.384 54992.41096171 15.46 159.672492  68.569118 18.300
 79     5.457 54992.41096235 15.32 159.668592  68.572148 18.300
 79     3.873 54992.41096300 24.17 159.664689  68.575183 23.389
 80     1.328 55027.41094913 18.94 159.697791  68.555808 16.030
 80     1.937 55027.41094978 16.18 159.693901  68.558838 16.030
 80     1.456 55027.41095042 18.87 159.690001  68.561868 16.030
 80     1.764 55027.41095107 15.65 159.686101  68.564898 16.030
 80     2.535 55027.41095171 17.13 159.682201  68.567928 16.030
 80     1.763 55027.41095235 18.86 159.678291  68.570958 16.030
 80     1.571 55027.41095300 24.05 159.674391  68.573988 16.030
 81    11.992 55062.41094177 13.53 159.696108  68.554904 10.673
 81     1.853 55062.41094242 18.54 159.692208  68.557934 10.673
 81     1.534 55062.41094306 16.26 159.688308  68.560964 10.673
 81     1.187 55062.41094371 16.84 159.684408  68.563994 10.673
 81     1.448 55062.41094435 17.96 159.680508  68.567024 10.673
 81     1.435 55062.41094500 19.47 159.676608  68.570054 10.673
 81     1.368 55062.41094564 23.06 159.672698  68.573084 10.673
 81     1.449 55062.41094629 37.70 159.668798  68.576114 10.673
 82     2.458 55097.41088904 20.27 159.713141  68.554709 23.192
 82     8.751 55097.41088969 17.70 159.709241  68.557739 23.192
 82     1.057 55097.41089033 19.35 159.705351  68.560769 23.192
 82     1.351 55097.41089098 18.86 159.701451  68.563799 23.192
 82     1.511 55097.41089162 18.86 159.697551  68.566829 23.192
 82     3.554 55097.41089226 19.22 159.693651  68.569859 23.192
 82     2.017 55097.41089291 29.56 159.689751  68.572889 23.192
 83     8.973 55132.41088565 24.31 159.685861  68.557295  5.267
 83     6.580 55132.41088629 25.23 159.681961  68.560325  5.267
 83     0.232 55132.41088694 25.95 159.678061  68.563355  5.267
 83     3.259 55132.41088758 25.68 159.674161  68.566385  5.267
 83     3.083 55132.41088823 24.80 159.670261  68.569415  5.267
 83     0.292 55132.41088887 25.30 159.666351  68.572445  5.267
 83     4.570 55132.41088952 25.34 159.662455  68.575476  4.172
 84    17.514 55167.41085157 19.05 159.703125  68.554814  3.721
 84    18.265 55167.41085222 19.20 159.699225  68.557854  3.721
 84     7.797 55167.41085286 19.63 159.695335  68.560884  3.721
 84     6.435 55167.41085351 20.20 159.691435  68.563914  3.721
 84     4.549 55167.41085415 20.01 159.687535  68.566944  3.721
 84     3.678 55167.41085480 20.00 159.683635  68.569974  3.721
 84     5.294 55167.41085544 19.62 159.679725  68.573004  3.721
 85    19.405 55202.41087799 15.17 159.685946  68.556798  3.385
 85    18.446 55202.41087864 15.85 159.682046  68.559828  3.385
 85    16.991 55202.41087928 16.60 159.678146  68.562858  3.385
 85    10.272 55202.41087992 16.57 159.674246  68.565888  3.385
 85     9.912 55202.41088057 16.68 159.670346  68.568918  3.385
 85     7.503 55202.41088121 16.88 159.666436  68.571948  3.385
 85     5.924 55202.41088186 16.81 159.662531  68.574980  2.559
 86    20.400 55237.41085889 15.43 159.703592  68.555817  3.058
 86    19.950 55237.41085954 14.67 159.699692  68.558847  3.058
 86    19.157 55237.41086018 14.95 159.695792  68.561877  3.058
 86    14.770 55237.41086083 15.98 159.691892  68.564907  3.058
 86     8.004 55237.41086147 15.98 159.687992  68.567937  3.058
 86     5.921 55237.41086212 15.61 159.684092  68.570967  3.058
 86     5.220 55237.41086276 16.37 159.680192  68.573997  3.058
 87    21.250 55272.41087136 13.89 159.696133  68.554156  2.714
 87    20.827 55272.41087200 13.53 159.692233  68.557186  2.714
 87    17.564 55272.41087265 13.72 159.688333  68.560216  2.714
 87    16.515 55272.41087329 14.05 159.684433  68.563246  2.714
 87    10.674 55272.41087394 14.36 159.680533  68.566276  2.714
 87    13.251 55272.41087458 14.73 159.676633  68.569306  2.714
 87     7.508 55272.41087523 14.63 159.672723  68.572336  2.714
 87     5.542 55272.41087587 14.60 159.668827  68.575370  2.494
 88    17.511 55307.41084099 13.73 159.711191  68.555094  2.995
 88    16.584 55307.41084163 13.86 159.707291  68.558124  2.995
 88    18.545 55307.41084228 14.17 159.703401  68.561154  2.995
 88    14.180 55307.41084292 14.33 159.699501  68.564184  2.995
 88     4.538 55307.41084357 14.53 159.695601  68.567214  2.995
 88     3.917 55307.41084421 14.63 159.691701  68.570244  2.995
 88     4.942 55307.41084485 15.06 159.687801  68.573274  2.995
 89     4.817 55342.41084140 45.13 159.693229  68.555596 21.991
 89     5.109 55342.41084204 28.03 159.689329  68.558626 21.991
 89     5.280 55342.41084269 33.33 159.685429  68.561656 21.991
 89     5.269 55342.41084333 33.36 159.681529  68.564686 21.991
 89     4.936 55342.41084398 32.02 159.677619  68.567716 21.991
 89     5.367 55342.41084462 31.96 159.673719  68.570746 21.991
 89     5.360 55342.41084527 37.28 159.669819  68.573776 21.991
 90    11.411 55377.41083502 16.13 159.699510  68.556233 11.432
 90     8.847 55377.41083567 15.64 159.695610  68.559263 11.432
 90     7.888 55377.41083631 13.76 159.691710  68.562293 11.432
 90     6.604 55377.41083696 14.07 159.687810  68.565323 11.432
 90     5.426 55377.41083760 13.53 159.683910  68.568353 11.432
 90     5.525 55377.41083825 13.20 159.680010  68.571383 11.432
 90     6.097 55377.41083889 14.19 159.676100  68.574413 11.432
 91     1.207 55412.41085918 47.70 159.687252  68.556104 23.207
 91     1.106 55412.41085982 50.02 159.683352  68.559134 23.207
 91     1.151 55412.41086047 47.66 159.679452  68.562164 23.207
 91     1.089 55412.41086111 46.16 159.675552  68.565194 23.207
 91     1.050 55412.41086176 46.67 159.671652  68.568224 23.207
 91     1.076 55412.41086240 45.22 159.667742  68.571254 23.207
 91     1.077 55412.41086305 45.50 159.663838  68.574287 27.077
 91     0.905 55412.41086369 48.81 159.659938  68.577317 27.077
 92     2.635 55447.41084922 44.62 159.700009  68.554355 22.017
 92     2.094 55447.41084986 29.75 159.696119  68.557385 22.017
 92     2.230 55447.41085051 18.39 159.692219  68.560415 22.017
 92     2.050 55447.41085115 17.56 159.688319  68.563445 22.017
 92     2.369 55447.41085180 16.75 159.684419  68.566475 22.017
 92     2.851 55447.41085244 17.50 159.680519  68.569505 22.017
 92     2.903 55447.41085309 22.52 159.676609  68.572535 22.017
 92     5.944 55447.41085373 18.96 159.672709  68.575565 22.017
 93     1.215 55482.41077881 48.91 159.716818  68.555014 19.742
 93     0.786 55482.41077946 50.23 159.712928  68.558044 19.742
 93     1.131 55482.41078010 44.94 159.709028  68.561074 19.742
 93     1.230 55482.41078075 41.37 159.705138  68.564114 19.742
 93     1.275 55482.41078139 42.15 159.701238  68.567144 19.742
 93     0.864 55482.41078204 40.92 159.697338  68.570174 19.742
 93     0.900 55482.41078268 36.07 159.693438  68.573204 19.742
