-179941.613    -1.463     0.00    0.00
-179568.060    -1.463     0.00    0.00
-179194.597    -1.463     0.00    0.00
-178821.225    -1.463     0.00    0.00
-178447.943    -1.463     0.00    0.00
-178074.751    -1.463     0.00    0.00
-177701.649    -1.463     0.00    0.00
-177328.638    -1.463     0.00    0.00
-176955.716    -1.463     0.00    0.00
-176582.884    -1.463     0.00    0.00
-176210.142    -1.463     0.00    0.00
-175837.490    -1.463     0.00    0.00
-175464.928    -1.463     0.00    0.00
-175092.455    -1.463     0.00    0.00
-174720.072    -1.463     0.00    0.00
-174347.779    -1.463     0.00    0.00
-173975.574    -1.463     0.00    0.00
-173603.460    -1.463     0.00    0.00
-173231.434    -1.463     0.00    0.00
-172859.498    -1.463     0.00    0.00
-172487.652    -1.463     0.00    0.00
-172115.894    -1.463     0.00    0.00
-171744.225    -1.463     0.00    0.00
-171372.646    -1.463     0.00    0.00
-171001.155    -1.463     0.00    0.00
-170629.753    -1.463     0.00    0.00
-170258.441    -1.463     0.00    0.00
-169887.216    -1.463     0.00    0.00
-169516.081    -1.463     0.00    0.00
-169145.034    -1.463     0.00    0.00
-168774.076    -1.463     0.00    0.00
-168403.207    -1.463     0.00    0.00
-168032.425    -1.463     0.00    0.00
-167661.733    -1.463     0.00    0.00
-167291.128    -1.463     0.00    0.00
-166920.612    -1.463     0.00    0.00
-166550.184    -1.463     0.00    0.00
-166179.844    -1.463     0.00    0.00
-165809.593    -1.463     0.00    0.00
-165439.429    -1.463     0.00    0.00
-165069.353    -1.463     0.00    0.00
-164699.365    -1.463     0.00    0.00
-164329.465    -1.463     0.00    0.00
-163959.653    -1.463     0.00    0.00
-163589.929    -1.463     0.00    0.00
-163220.292    -1.463     0.00    0.00
-162850.742    -1.463     0.00    0.00
-162481.281    -1.463     0.00    0.00
-162111.906    -1.463     0.00    0.00
-161742.619    -1.463     0.00    0.00
-161373.420    -1.463     0.00    0.00
-161004.308    -1.463     0.00    0.00
-160635.283    -1.463     0.00    0.00
-160266.345    -1.463     0.00    0.00
-159897.494    -1.463     0.00    0.00
-159528.730    -1.463     0.00    0.00
-159160.053    -1.463     0.00    0.00
-158791.463    -1.463     0.00    0.00
-158422.960    -1.463     0.00    0.00
-158054.544    -1.463     0.00    0.00
-157686.215    -1.463     0.00    0.00
-157317.972    -1.463     0.00    0.00
-156949.816    -1.463     0.00    0.00
-156581.746    -1.463     0.00    0.00
-156213.763    -1.463     0.00    0.00
-155845.866    -1.463     0.00    0.00
-155478.055    -1.463     0.00    0.00
-155110.331    -1.463     0.00    0.00
-154742.693    -1.463     0.00    0.00
-154375.142    -1.463     0.00    0.00
-154007.676    -1.463     0.00    0.00
-153640.297    -1.463     0.00    0.00
-153273.003    -1.463     0.00    0.00
-152905.796    -1.463     0.00    0.00
-152538.674    -1.463     0.00    0.00
-152171.638    -1.463     0.00    0.00
-151804.688    -1.463     0.00    0.00
-151437.824    -1.463     0.00    0.00
-151071.045    -1.463     0.00    0.00
-150704.352    -1.463     0.00    0.00
-150337.744    -1.463     0.00    0.00
-149971.222    -1.463     0.00    0.00
-149604.786    -1.463     0.00    0.00
-149238.434    -1.463     0.00    0.00
-148872.168    -1.463     0.00    0.00
-148505.987    -1.463     0.00    0.00
-148139.892    -1.463     0.00    0.00
-147773.881    -1.463     0.00    0.00
-147407.955    -1.463     0.00    0.00
-147042.115    -1.463     0.00    0.00
-146676.359    -1.463     0.00    0.00
-146310.689    -1.463     0.00    0.00
-145945.103    -1.463     0.00    0.00
-145579.602    -1.463     0.00    0.00
-145214.185    -1.463     0.00    0.00
-144848.853    -1.463     0.00    0.00
-144483.606    -1.463     0.00    0.00
-144118.443    -1.463     0.00    0.00
-143753.365    -1.463     0.00    0.00
-143388.371    -1.158     0.84    1.08
-143023.462     3.320    12.27   11.86
-142658.637    14.518    30.70   26.14
-142293.896    27.113    34.54   36.78
-141929.239    41.931    40.64   45.62
-141564.666    48.481    17.97   47.30
-141200.178    49.698     3.34   46.06
-140835.773    45.426   -11.72   40.59
-140471.453    38.831   -18.11   33.36
-140089.930    29.564   -24.29   27.42
-139707.942    21.775   -20.39   21.41
-139326.048    14.197   -19.84   13.27
-138944.249     9.714   -11.74    6.31
-138562.544     9.051    -1.74    3.96
-138180.933    12.593     9.28    7.80
-137799.415    18.445    15.34   10.02
-137417.992    22.027     9.39    9.15
-137036.663    23.593     4.11    7.21
-136655.428    22.018    -4.13    5.26
-136274.286    22.023     0.01    4.70
-135893.238    22.435     1.08    4.97
-135512.284    24.329     4.97    5.81
-135131.423    26.999     7.01    5.63
-134750.656    28.698     4.46    3.92
-134369.983    29.408     1.86    2.83
-133989.402    31.748     6.15    5.04
-133608.915    38.473    17.68   11.09
-133228.521    48.109    25.33   13.40
-132848.221    58.674    27.78   11.24
-132468.013    68.216    25.10    9.00
-132087.898    80.818    33.16   17.19
-131707.877    93.706    33.92   20.52
-131327.948   110.490    44.18   18.19
-130948.112   128.621    47.74   20.71
-130568.369   147.611    50.01   25.18
-130188.718   165.546    47.24   23.28
-129809.161   182.611    44.96   14.70
-129429.695   191.368    23.08   12.31
-129050.323   198.565    18.97   12.80
-128671.042   204.891    16.68   14.61
-128291.854   213.301    22.18   14.60
-127912.758   219.096    15.29   14.41
-127533.755   217.595    -3.96   20.45
-127154.844   203.118   -38.21   28.38
-126776.024   180.721   -59.13   31.05
-126397.297   157.396   -61.59   28.15
-126018.662   142.414   -39.57   21.05
-125640.118   130.629   -31.13   10.28
-125261.667   126.814   -10.08    8.51
-124883.307   121.200   -14.84   12.09
-124505.039   115.178   -15.92   12.60
-124126.863   108.994   -16.35   13.63
-123748.778   103.898   -13.48   13.17
-123370.784    97.414   -17.15   11.11
-122992.882    92.555   -12.86    8.67
-122615.072    88.498   -10.74    6.79
-122237.352    86.182    -6.13    5.44
-121859.724    81.527   -12.33    6.05
-121482.188    75.316   -16.45    9.74
-121104.742    68.643   -17.68   10.47
-120727.387    61.463   -19.03    8.06
-120350.123    55.146   -16.75    8.03
-119972.950    52.041    -8.23    9.47
-119595.868    55.135     8.20   14.34
-119218.877    68.670    35.91   23.66
-118841.977    81.388    33.75   20.95
-118465.167    89.041    20.31   12.88
-118088.448    88.867    -0.46   10.23
-117711.819    85.332    -9.38    6.37
-117335.281    92.659    19.46   14.81
-116958.833   103.284    28.23   18.86
-116582.475   108.481    13.81   16.65
-116206.208   114.649    16.39   13.09
-115830.031   119.957    14.11   14.00
-115453.944   124.406    11.83   12.91
-115077.947   134.112    25.82    9.15
-114702.040   147.228    34.89   21.85
-114326.223   174.808    73.39   45.71
-113950.496   214.749   106.31   57.91
-113574.859   256.690   111.66   48.76
-113199.311   275.722    50.68   31.09
-112823.854   272.909    -7.49   29.68
-112448.485   251.472   -57.11   35.21
-112073.207   227.222   -64.62   29.66
-111698.018   205.565   -57.73   20.62
-111322.918   190.480   -40.22   15.71
-110947.908   180.375   -26.95   11.87
-110572.987   177.240    -8.36   10.01
-110198.155   175.733    -4.02    9.80
-109823.413   173.023    -7.23   12.20
-109448.759   166.667   -16.97   15.18
-109074.195   155.115   -30.84   16.14
-108699.720   144.652   -27.94   13.77
-108325.333   136.508   -21.75   11.50
-107951.036   128.687   -20.90   11.18
-107576.827   119.782   -23.80   11.39
-107202.707   112.920   -18.34    9.28
-106828.676   110.750    -5.80    7.01
-106454.733   111.894     3.06    7.00
-106080.879   113.309     3.78    6.41
-105707.114   114.683     3.68    6.47
-105333.437   115.921     3.31    7.27
-104959.848   117.648     4.62    6.89
-104586.347   118.920     3.41    6.13
-104212.935   118.970     0.14    6.89
-103839.611   118.396    -1.54    8.06
-103466.375   122.498    10.99   10.44
-103093.227   126.500    10.73   11.84
-102720.168   130.923    11.86   12.51
-102347.196   131.953     2.76   12.05
-101974.312   130.740    -3.25   11.01
-101601.516   132.669     5.17    9.76
-101228.807   138.153    14.72   13.85
-100856.186   147.517    25.13   14.60
-100483.653   150.584     8.23   12.73
-100111.208   147.047    -9.50   14.72
 -99738.850   138.972   -21.69   13.03
 -99366.579   131.388   -20.37    7.58
 -98994.396   127.829    -9.56    7.32
 -98622.300   126.851    -2.63    8.96
 -98250.292   127.518     1.79   10.55
 -97878.370   126.395    -3.02   10.87
 -97506.536   121.624   -12.83   13.10
 -97134.789   112.826   -23.67   13.63
 -96763.129   104.383   -22.72    9.84
 -96391.556    97.649   -18.13    8.13
 -96020.070    92.633   -13.50    8.56
 -95648.670    90.480    -5.80    7.63
 -95277.358    91.697     3.28    9.10
 -94906.132    99.933    22.19   13.67
 -94534.993   112.014    32.55   16.95
 -94163.940   127.118    40.71   17.02
 -93792.974   140.733    36.70   16.45
 -93422.095   153.233    33.71   13.63
 -93051.302   163.499    27.69   11.90
 -92680.595   172.097    23.20   10.81
 -92309.975   176.813    12.72    8.65
 -91939.440   176.803    -0.03   11.04
 -91568.992   174.353    -6.61   13.36
 -91198.630   168.716   -15.22   14.45
 -90828.355   165.242    -9.38   14.72
 -90458.165   164.555    -1.86   15.74
 -90088.061   165.442     2.40   15.09
 -89718.043   167.660     6.00   14.65
 -89348.111   171.602    10.66   12.96
 -88978.265   173.639     5.51   10.09
 -88608.504   172.277    -3.68   12.93
 -88238.829   168.663    -9.78   17.08
 -87869.240   165.489    -8.59   19.55
 -87499.736   163.008    -6.72   18.70
 -87130.317   159.940    -8.31   16.62
 -86760.984   150.452   -25.69   20.49
 -86391.737   133.170   -46.80   29.29
 -86022.575   109.378   -64.45   31.65
 -85653.498    91.575   -48.24   20.90
 -85284.506    85.013   -17.78   10.80
 -84915.599    87.017     5.43   11.81
 -84546.777    95.681    23.49   12.70
 -84178.041   103.376    20.87   14.00
 -83809.389   107.392    10.89   15.49
 -83440.822   105.074    -6.29   18.76
 -83072.340    96.075   -24.42   23.65
 -82703.943    82.984   -35.54   21.08
 -82335.630    75.144   -21.29   13.63
 -81967.403    71.323   -10.38    7.04
 -81599.259    71.923     1.63    6.11
 -81231.201    76.907    13.54    7.21
 -80863.227    84.291    20.07   12.82
 -80495.337    95.923    31.62   21.39
 -80127.531   113.613    48.10   32.53
 -79759.810   141.854    76.81   52.49
 -79392.174   181.639   108.22   71.38
 -79024.621   230.093   131.84   79.88
 -78657.152   266.919   100.22   69.90
 -78289.768   280.079    35.82   54.19
 -77922.468   275.565   -12.29   41.48
 -77555.251   257.684   -48.70   28.38
 -77188.119   240.565   -46.63   25.19
 -76821.070   222.945   -48.01   24.96
 -76454.105   204.810   -49.42   26.22
 -76087.224   186.622   -49.58   24.26
 -75720.427   169.156   -47.62   20.71
 -75353.713   157.892   -30.72   19.63
 -74987.083   148.933   -24.44   21.75
 -74620.536   150.723     4.89   20.93
 -74254.073   158.017    19.90   21.26
 -73887.693   172.642    39.92   24.37
 -73521.397   187.857    41.54   26.56
 -73155.184   209.705    59.66   28.79
 -72789.054   234.537    67.83   36.90
 -72423.007   260.938    72.13   35.47
 -72057.043   279.018    49.40   30.38
 -71691.163   279.593     1.57   36.60
 -71325.365   256.090   -64.25   52.68
 -70959.651   221.443   -94.74   55.15
 -70594.019   182.343  -106.94   39.60
 -70228.470   154.324   -76.65   32.24
 -69863.004   131.964   -61.18   22.78
 -69497.621   115.056   -46.28   17.90
 -69132.320   102.916   -33.23   14.53
 -68767.102    91.516   -31.22   12.49
 -68401.966    79.121   -33.95   16.11
 -68036.913    65.152   -38.27   18.91
 -67671.943    50.841   -39.21   19.62
 -67307.055    41.719   -25.00   16.42
 -66942.249    38.697    -8.29   14.78
 -66577.525    44.808    16.76   18.10
 -66212.884    51.321    17.86   16.04
 -65848.325    56.056    12.99    9.19
 -65472.677    59.346     8.76    8.71
 -65090.858    61.289     5.09   10.38
 -64709.131    65.422    10.83   13.39
 -64327.496    71.017    14.66   17.59
 -63945.952    72.784     4.63   20.49
 -63564.501    71.729    -2.77   19.57
 -63183.141    69.611    -5.55   14.90
 -62801.873    69.962     0.92    9.96
 -62420.696    72.037     5.44    9.22
 -62039.611    77.586    14.56    8.75
 -61658.617    85.376    20.45   10.72
 -61277.715    94.241    23.27   11.44
 -60896.904    98.697    11.70   10.02
 -60516.184    97.647    -2.76   13.27
 -60135.555    91.074   -17.27   17.34
 -59755.018    78.419   -33.26   18.63
 -59374.572    65.111   -34.98   17.19
 -58994.216    56.547   -22.52   12.66
 -58613.952    51.537   -13.18    7.57
 -58233.778    49.693    -4.85    7.61
 -57853.695    46.232    -9.11    7.57
 -57473.703    39.711   -17.16    9.73
 -57093.802    30.498   -24.25   12.69
 -56713.991    21.984   -22.42   14.11
 -56334.271    11.952   -26.42   11.18
 -55954.641     5.459   -17.10    7.05
 -55575.101     2.027    -9.04    2.06
 -55195.652     1.883    -0.38    1.86
 -54816.294     2.946     2.80    3.57
 -54437.025     4.642     4.47    6.64
 -54057.847     5.992     3.56    8.06
 -53678.759     5.917    -0.20    8.32
 -53299.761     4.478    -3.80    7.55
 -52920.852     1.844    -6.95    3.03
 -52542.034     1.517    -0.87    2.96
 -52163.306     0.975    -1.43    2.93
 -51784.667     0.598    -1.00    2.75
 -51406.118    -0.406    -2.65    0.30
 -51027.659    -0.341     0.17    0.54
 -50649.289    -0.058     0.75    1.08
 -50271.009     0.438     1.31    1.69
 -49892.818     0.895     1.21    2.05
 -49514.717     1.439     1.44    2.34
 -49136.705     2.537     2.90    3.10
 -48758.783     3.362     2.18    3.41
 -48380.949     4.585     3.24    3.87
 -48003.205     5.304     1.90    3.63
 -47625.550     6.835     4.05    4.80
 -47247.984     8.917     5.52    5.53
 -46870.506     9.811     2.37    5.20
 -46493.118     9.331    -1.27    4.69
 -46115.819     8.122    -3.20    3.57
 -45738.608     6.394    -4.58    3.37
 -45361.486     5.934    -1.22    4.20
 -44984.453     5.384    -1.46    5.33
 -44607.509     4.476    -2.41    5.99
 -44230.653     2.863    -4.28    5.42
 -43853.885     1.127    -4.61    3.88
 -43477.206    -0.204    -3.53    1.19
 -43100.615    -0.463    -0.69    0.00
 -42724.113    -0.463     0.00    0.00
 -42347.698    -0.463     0.00    0.00
 -41971.372    -0.463     0.00    0.00
 -41595.134    -0.454     0.03    0.10
 -41218.984    -0.463    -0.03    0.00
 -40842.922    -0.463     0.00    0.00
 -40466.948    -0.463     0.00    0.00
 -40091.062    -0.454     0.03    0.10
 -39715.264    -0.463    -0.03    0.00
 -39339.553    -0.463     0.00    0.00
 -38963.930    -0.463     0.00    0.00
 -38588.395    -0.463     0.00    0.00
 -38212.947    -0.463     0.00    0.00
 -37837.587    -0.463     0.00    0.00
 -37462.315    -0.444     0.05    0.14
 -37087.129    -0.298     0.39    0.51
 -36712.031    -0.149     0.40    0.64
 -36337.020     0.081     0.61    0.83
 -35962.097     0.315     0.62    0.96
 -35587.260     0.476     0.43    0.98
 -35212.511     0.817     0.91    1.13
 -34837.849     1.082     0.71    1.20
 -34463.273     2.046     2.57    3.28
 -34088.785     4.399     6.28    7.65
 -33714.383     6.622     5.94   10.10
 -33340.068     6.051    -1.53    9.96
 -32965.840     3.954    -5.60    8.34
 -32591.699     1.137    -7.53    4.64
 -32217.644    -0.396    -4.10    0.45
 -31843.676    -0.463    -0.18    0.00
 -31469.794    -0.463     0.00    0.00
 -31095.999    -0.239     0.60    1.64
 -30722.290     0.637     2.34    4.52
 -30348.667     2.046     3.77    7.42
 -29975.131     4.294     6.02   11.18
 -29601.680     5.384     2.92   11.99
 -29228.316     4.746    -1.71   10.84
 -28855.038     2.799    -5.22    7.66
 -28481.846     0.832    -5.27    3.96
 -28108.740    -0.103    -2.51    1.02
 -27735.720    -0.194    -0.24    0.71
 -27362.786    -0.151     0.12    0.82
 -26989.937    -0.235    -0.23    0.74
 -26617.174    -0.285    -0.14    0.67
 -26244.497    -0.416    -0.35    0.25
 -25871.906    -0.454    -0.10    0.10
 -25499.400    -0.463    -0.03    0.00
 -25126.979    -0.454     0.03    0.10
 -24754.644    -0.248     0.55    0.74
 -24382.394    -0.083     0.44    0.93
 -24010.230     0.730     2.18    2.79
 -23638.151     3.108     6.39    6.29
 -23266.157     4.927     4.89    7.58
 -22894.248     6.460     4.12    8.42
 -22522.425     6.546     0.23    8.53
 -22150.686     5.633    -2.46    7.58
 -21779.032     4.296    -3.60    6.20
 -21407.463     4.184    -0.30    5.79
 -21035.979     5.248     2.87    6.98
 -20664.580     6.165     2.47    7.33
 -20293.266     7.584     3.82    7.31
 -19922.036     9.267     4.53    6.65
 -19550.891    11.079     4.88    5.18
 -19179.831    11.935     2.30    4.04
 -18808.855    11.148    -2.12    3.99
 -18437.963     9.421    -4.66    4.02
 -18067.156     7.437    -5.35    3.55
 -17696.433     6.171    -3.41    2.75
 -17325.795     5.068    -2.98    2.30
 -16955.240     3.787    -3.46    1.97
 -16584.770     3.037    -2.02    1.70
 -16214.384     3.027    -0.03    2.08
 -15844.082     3.327     0.81    2.51
 -15473.864     4.653     3.58    3.77
 -15103.730     5.748     2.96    3.79
 -14733.680     6.714     2.61    3.84
 -14363.714     6.697    -0.05    3.44
 -13993.831     6.294    -1.09    3.04
 -13624.032     5.403    -2.41    3.12
 -13254.317     4.889    -1.39    3.05
 -12884.685     5.410     1.41    3.99
 -12515.137     6.175     2.07    4.36
 -12145.673     7.537     3.69    4.38
 -11776.292     8.782     3.37    4.34
 -11406.994     9.234     1.23    4.28
 -11037.780     8.863    -1.00    4.48
 -10668.649     7.692    -3.17    4.29
 -10299.601     5.642    -5.55    3.62
  -9930.636     4.937    -1.91    3.19
  -9561.754     5.140     0.55    3.58
  -9192.956     4.927    -0.58    3.27
  -8824.240     4.849    -0.21    3.42
  -8455.607     5.702     2.31    3.41
  -8087.058     7.220     4.12    3.57
  -7718.591     7.071    -0.40    4.09
  -7350.206     6.796    -0.74    3.99
  -6981.905     5.429    -3.71    3.84
  -6613.686     4.104    -3.60    3.12
  -6245.550     4.220     0.32    3.12
  -5877.496     3.430    -2.15    2.69
  -5509.525     2.327    -3.00    1.75
  -5141.636     2.721     1.07    2.26
  -4773.830     2.973     0.69    2.64
  -4406.106     3.203     0.62    3.00
  -4038.464     4.229     2.79    3.81
  -3670.905     6.200     5.36    4.43
  -3303.427     8.373     5.91    4.22
  -2936.032     9.397     2.79    3.32
  -2568.719     8.586    -2.21    3.49
  -2201.487     6.556    -5.53    3.76
  -1834.338     4.022    -6.90    3.21
  -1467.271     2.401    -4.42    3.20
  -1100.285     1.026    -3.74    2.55
   -733.381     0.104    -2.51    1.16
   -366.559    -0.120    -0.61    0.62
      0.181    -0.101     0.05    0.48
    366.840     0.022     0.34    0.50
    733.417     0.137     0.31    0.49
   1099.912     0.284     0.40    0.48
   1466.327     0.767     1.32    1.11
   1832.659     1.194     1.17    1.30
   2198.911     1.576     1.04    1.62
   2565.081     1.487    -0.24    1.81
   2931.170     1.123    -0.99    1.65
   3297.178     1.016    -0.29    1.62
   3663.104     1.274     0.71    1.67
   4028.950     1.764     1.34    1.80
   4394.714     1.635    -0.35    1.83
   4760.397     1.438    -0.54    1.62
   5126.000     1.385    -0.14    1.48
   5491.522     1.197    -0.52    1.35
   5856.963     1.037    -0.44    1.09
   6222.323     0.964    -0.20    0.91
   6587.602     1.180     0.59    1.01
   6952.801     1.507     0.89    1.03
   7317.919     2.301     2.18    1.62
   7682.956     3.094     2.17    1.65
   8047.914     3.335     0.66    1.66
   8412.790     3.360     0.07    1.54
   8777.586     3.200    -0.44    1.54
   9147.792     2.576    -1.69    0.73
   9529.440     2.438    -0.36    0.57
   9910.999     2.437    -0.01    0.52
  10292.468     2.437     0.00    0.50
  10673.847     2.731     0.77    1.56
  11055.137     3.764     2.71    2.88
  11436.337     4.284     1.36    3.09
  11817.448     4.357     0.19    2.71
  12198.470     3.664    -1.82    1.88
  12579.403     2.687    -2.57    1.27
  12960.247     2.075    -1.61    1.24
  13341.001     2.097     0.06    2.18
  13721.667     2.245     0.39    2.65
  14102.243     2.405     0.42    2.68
  14482.731     2.857     1.19    2.59
  14863.130     4.268     3.71    3.02
  15243.440     3.863    -1.07    2.90
  15623.661     3.122    -1.95    2.87
  16003.794     2.735    -1.02    3.17
  16383.838     2.241    -1.30    3.13
  16763.793     1.690    -1.45    2.05
  17143.660     1.417    -0.72    1.62
  17523.439     1.095    -0.85    1.31
  17903.129     1.649     1.46    2.12
  18282.731     2.160     1.35    2.44
  18662.245     2.475     0.83    2.29
  19041.671     2.565     0.24    2.20
  19421.008     2.341    -0.59    1.90
  19800.258     2.867     1.39    2.41
  20179.419     3.506     1.69    2.58
  20558.493     3.488    -0.05    2.62
  20937.478     3.051    -1.15    2.13
  21316.376     2.703    -0.92    1.67
  21695.187     3.408     1.86    2.75
  22073.909     3.350    -0.15    2.61
  22452.544     2.744    -1.60    2.24
  22831.091     2.633    -0.30    2.12
  23209.551     3.012     1.00    2.77
  23587.923     4.804     4.74    3.44
  23966.208     6.127     3.50    3.22
  24344.406     6.637     1.35    3.37
  24722.516     5.595    -2.76    3.50
  25100.540     4.051    -4.08    3.03
  25478.476     4.056     0.01    3.57
  25856.324     5.083     2.72    5.21
  26234.086     7.046     5.20    5.62
  26611.761     8.632     4.20    5.22
  26989.349     9.362     1.93    4.38
  27366.851     8.659    -1.86    4.23
  27744.265     6.430    -5.91    5.00
  28121.593     4.260    -5.75    4.48
  28498.834     2.223    -5.40    3.47
  28875.988     0.964    -3.34    1.70
  29253.056     0.968     0.01    1.62
  29630.037     0.557    -1.09    0.84
  30006.932     0.575     0.05    0.68
  30383.741     0.747     0.45    0.86
  30760.463     0.942     0.52    0.89
  31137.099     1.267     0.86    0.78
  31513.648     1.667     1.06    1.01
  31890.112     3.507     4.89    4.13
  32266.489     6.397     7.68    6.48
  32642.781     9.154     7.33    7.52
  33018.986    10.077     2.45    7.25
  33395.106     9.148    -2.47    6.91
  33771.140     7.077    -5.51    5.50
  34147.088     7.944     2.31    5.43
  34522.950     9.968     5.38    6.64
  34898.726    10.624     1.75    6.83
  35274.417     9.745    -2.34    6.57
  35650.023     7.968    -4.73    5.94
  36025.542     6.368    -4.26    5.51
  36400.977     5.223    -3.05    4.85
  36776.326     4.693    -1.41    3.88
  37151.589     3.843    -2.26    2.83
  37526.768     3.913     0.18    2.94
  37901.861     2.863    -2.80    3.04
  38276.869     1.867    -2.66    2.20
  38651.792     2.254     1.03    2.66
  39026.629     2.821     1.51    2.97
  39401.382     5.537     7.25    4.60
  39776.050     7.467     5.15    4.78
  40150.633     7.883     1.11    5.05
  40525.131     6.242    -4.38    4.44
  40899.545     3.828    -6.45    1.69
  41273.873     3.419    -1.09    0.69
  41648.117     3.920     1.34    1.69
  42022.277     6.174     6.02    4.70
  42396.352     9.607     9.18    6.58
  42770.342    13.144     9.46    6.81
  43144.248    14.329     3.17    6.34
  43518.070    12.122    -5.90    6.84
  43891.807    10.257    -4.99    7.53
  44265.460     9.849    -1.09    7.68
  44639.029    12.007     5.78    8.11
  45012.514    15.721     9.94    7.11
  45385.915    17.958     5.99    5.52
  45759.231    15.418    -6.80    6.95
  46132.464    10.150   -14.11    8.58
  46505.613     5.977   -11.19    7.72
  46878.677     2.131   -10.31    3.32
  47251.658     0.887    -3.34    0.96
  47624.556     0.685    -0.54    0.48
  47997.369     0.665    -0.05    0.48
  48370.099     0.659    -0.02    0.50
  48742.746     1.027     0.99    1.51
  49115.309     2.641     4.33    3.93
  49487.788     5.220     6.92    5.09
  49860.184     7.413     5.89    4.78
  50232.496    10.252     7.63    6.43
  50604.726    12.910     7.14    8.28
  50976.872    17.071    11.18    9.26
  51348.935    19.279     5.93    8.68
  51720.914    22.007     7.33    7.63
  52092.811    22.684     1.82    7.29
  52464.624    20.815    -5.03    7.74
  52836.355    16.438   -11.77    9.48
  53208.003    10.098   -17.06    9.22
  53579.568     4.438   -15.23    6.72
  53951.050     1.475    -7.98    3.24
  54322.449     0.831    -1.74    1.00
  54693.765     1.122     0.79    1.29
  55064.999     1.317     0.52    1.51
  55436.150     1.675     0.97    1.82
  55807.219     1.627    -0.13    1.77
  56178.205     2.674     2.82    3.27
  56549.109     4.005     3.59    3.75
  56919.931     4.923     2.47    3.69
  57290.670     5.590     1.80    3.48
  57661.327     6.556     2.61    4.46
  58031.901     8.264     4.61    5.82
  58402.394    11.358     8.35    7.58
  58772.804    14.398     8.21    7.39
  59143.132    16.347     5.26    6.52
  59513.379    16.762     1.12    5.79
  59883.543    15.505    -3.40    5.22
  60253.626    15.200    -0.82    4.38
  60623.626    15.245     0.12    3.16
  60993.545    15.860     1.66    4.03
  61363.382    18.143     6.17    5.65
  61733.138    18.992     2.30    7.36
  62102.812    18.947    -0.12    7.28
  62472.404    17.173    -4.80    6.91
  62841.915    14.948    -6.02    5.33
  63211.344    14.709    -0.65    5.04
  63580.692    13.200    -4.08    4.40
  63949.958    12.292    -2.46    3.27
  64319.144    13.764     3.99    4.04
  64688.248    16.749     8.09    5.74
  65057.270    21.357    12.49    6.23
  65426.212    24.665     8.97    4.24
  65795.072    25.557     2.42    3.26
  66163.852    23.527    -5.50    4.76
  66532.551    20.167    -9.11    4.78
  66901.168    17.200    -8.05    4.23
  67269.705    16.264    -2.54    3.59
  67638.161    16.647     1.04    3.47
  68006.536    18.213     4.25    3.24
  68374.830    20.122     5.18    3.94
  68743.044    22.843     7.39    5.34
  69111.177    27.494    12.63    7.00
  69479.230    35.076    20.60   10.86
  69847.202    44.171    24.72   11.48
  70215.093    52.012    21.31    9.72
  70582.904    57.597    15.18    5.87
  70950.635    60.507     7.91    4.81
  71318.286    60.557     0.14    6.12
  71685.856    58.701    -5.05    7.25
  72053.346    55.744    -8.05    7.73
  72420.756    51.953   -10.32    7.22
  72788.086    50.046    -5.19    6.19
  73155.335    50.244     0.54    5.65
  73522.505    54.408    11.34    9.58
  73889.595    60.596    16.86   11.34
  74256.605    68.577    21.75    9.71
  74623.535    73.527    13.49    6.30
  74990.385    77.359    10.45    2.74
  75357.156    80.586     8.80    4.67
  75723.847    83.812     8.80    5.86
  76090.458    88.107    11.71    5.55
  76456.990    91.577     9.47    3.77
  76823.442    92.739     3.17    3.48
  77189.815    92.217    -1.42    4.10
  77556.108    90.700    -4.14    4.36
  77922.322    86.952   -10.23    7.02
  78288.456    82.863   -11.17    7.88
  78654.512    81.617    -3.41    8.24
  79020.488    86.437    13.17   14.09
  79386.385    98.628    33.32   19.16
  79752.203   111.057    33.97   16.08
  80117.941   120.297    25.26    8.52
  80483.601   122.259     5.37    8.55
  80849.182   121.465    -2.17    9.51
  81214.684   118.077    -9.27   11.19
  81580.107   113.744   -11.85   13.55
  81945.451   107.382   -17.41   13.05
  82310.716   104.348    -8.30    9.98
  82675.903   105.300     2.61    9.75
  83041.011   114.987    26.53   15.95
  83406.040   127.986    35.61   19.56
  83771.212   148.127    55.15   24.04
  84152.690   170.007    57.35   28.35
  84534.080   191.179    55.51   24.40
  84915.384   198.365    18.84   18.48
  85296.600   192.247   -16.05   24.05
  85677.729   179.727   -32.85   22.81
  86058.771   171.527   -21.52   11.58
  86439.726   176.139    12.11   14.65
  86820.594   192.217    42.21   20.94
  87201.375   214.777    59.24   30.40
  87582.069   250.417    93.61   42.92
  87962.676   279.337    75.98   42.71
  88343.197   296.757    45.78   34.28
  88723.631   289.900   -18.02   38.76
  89103.978   269.669   -53.19   35.60
  89484.239   261.957   -20.28   25.70
  89864.413   268.668    17.65   25.74
  90244.501   291.941    61.23   33.89
  90624.502   331.700   104.62   46.85
  91004.417   374.867   113.62   56.26
  91384.246   416.425   109.41   43.20
  91763.988   436.467    52.77   31.31
  92143.644   426.486   -26.29   42.22
  92523.214   387.269  -103.31   59.51
  92902.699   333.047  -142.88   65.83
  93282.097   299.762   -87.72   51.57
  93661.409   297.812    -5.14   48.75
  94040.635   338.287   106.72   75.53
  94419.776   395.392   150.61   75.78
  94798.830   424.164    75.90   72.56
  95177.799   424.279     0.30   94.32
  95556.683   394.077   -79.71  100.97
  95935.481   348.168  -121.19   81.52
  96314.193   321.913   -69.32   59.06
  96692.819   301.207   -54.68   33.15
  97071.361   293.467   -20.44   19.95
  97449.817   293.189    -0.74   19.07
  97828.187   313.769    54.39   49.54
  98206.473   335.779    58.18   64.36
  98584.673   360.737    65.99   69.65
  98962.788   387.123    69.78   68.98
  99340.818   412.428    66.93   75.29
  99718.763   462.409   132.24   93.87
 100096.623   497.900    93.92   98.03
 100474.398   523.926    68.89   87.14
 100852.088   522.457    -3.89   76.81
 101229.694   492.859   -78.38   89.56
 101607.214   459.200   -89.15   86.71
 101984.650   431.720   -72.80   76.51
 102362.002   413.728   -47.68   62.67
 102739.268   407.287   -17.07   51.92
 103116.451   415.757    22.45   51.27
 103493.548   424.557    23.33   50.02
 103870.562   438.297    36.44   52.15
 104247.491   451.163    34.13   56.00
 104624.335   460.027    23.52   57.40
 105001.096   464.547    12.00   49.38
 105377.772   473.057    22.59   52.18
 105754.364   496.759    62.93   74.12
 106130.872   530.792    90.38   93.68
 106507.297   558.784    74.36   96.69
 106883.637   567.567    23.34   91.67
 107259.893   563.294   -11.36   72.51
 107636.065   552.321   -29.17   58.88
 108012.154   545.183   -18.98   48.57
 108388.159   547.484     6.12   47.52
 108764.080   566.697    51.10   57.78
 109139.917   593.330    70.86   54.41
 109515.671   607.894    38.76   47.62
 109891.342   590.021   -47.57   55.39
 110266.928   560.920   -77.47   64.03
 110642.432   526.373   -92.00   68.80
 111017.852   494.271   -85.50   65.20
 111393.189   469.828   -65.12   61.98
 111768.443   448.607   -56.55   55.68
 112143.613   425.577   -61.38   45.84
 112518.700   401.073   -65.32   38.43
 112893.704   376.678   -65.05   36.55
 113268.626   361.618   -40.16   30.02
 113643.464   355.971   -15.06   32.92
 114018.219   366.132    27.11   48.49
 114392.891   386.092    53.27   54.18
 114767.481   404.856    50.09   46.94
 115141.988   411.267    17.12   39.01
 115516.412   411.930     1.77   33.39
 115890.753   395.486   -43.93   34.38
 116265.012   372.939   -60.24   40.69
 116639.189   345.264   -73.96   41.34
 117013.283   317.567   -74.03   31.99
 117387.294   292.230   -67.74   29.80
 117761.223   273.077   -51.21   26.10
 118135.070   258.863   -38.02   20.04
 118508.834   251.957   -18.48   19.59
 118882.516   246.991   -13.29   21.47
 119256.116   242.486   -12.06   21.31
 119629.634   236.361   -16.40   18.33
 120003.070   230.867   -14.71   13.42
 120376.424   228.242    -7.03   13.22
 120749.696   227.417    -2.21   15.28
 121122.886   227.547     0.35   17.31
 121495.994   227.415    -0.35   18.32
 121869.021   223.558   -10.34   15.67
 122241.965   219.264   -11.51   11.90
 122614.828   215.320   -10.58    9.04
 122987.609   209.294   -16.16    8.93
 123360.309   204.276   -13.46    8.21
 123732.927   201.910    -6.35    6.41
 124105.464   200.802    -2.98    5.82
 124477.919   205.190    11.78   10.05
 124850.293   212.434    19.45   14.98
 125222.586   222.589    27.27   20.00
 125594.797   234.244    31.31   21.13
 125966.928   249.590    41.24   25.70
 126338.977   271.247    58.20   36.93
 126710.944   300.395    78.36   53.06
 127082.831   338.934   103.62   58.27
 127454.637   366.684    74.63   50.10
 127826.362   371.739    13.60   51.66
 128198.006   352.930   -50.60   60.77
 128569.569   317.526   -95.28   55.28
 128941.051   307.856   -26.03   47.77
 129312.453   330.159    60.05   68.71
 129683.774   374.332   118.95   75.68
 130055.014   417.347   115.86   51.98
 130426.174   430.128    34.43   50.36
 130797.253   429.287    -2.27   60.72
 131168.252   405.062   -65.29   63.48
 131539.170   383.526   -58.06   50.88
 131910.008   371.337   -32.87   37.25
 132280.765   372.453     3.01   40.60
 132651.443   385.730    35.82   41.08
 133022.040   396.945    30.26   30.86
 133392.557   396.996     0.14   24.13
 133762.993   388.506   -22.92   30.69
 134133.350   369.705   -50.76   39.29
 134503.627   347.914   -58.84   40.61
 134873.823   325.866   -59.55   37.66
 135243.940   313.220   -34.16   32.19
 135613.977   305.361   -21.24   30.88
 135983.934   299.016   -17.15   29.84
 136353.812   290.016   -24.33   31.18
 136723.609   275.383   -39.56   32.32
 137093.327   254.802   -55.66   33.63
 137462.965   231.451   -63.17   28.58
 137832.524   216.001   -41.80   20.74
 138202.004   206.776   -24.97   13.36
 138571.403   203.577    -8.66   11.63
 138940.724   205.802     6.03   11.96
 139309.965   214.247    22.87   16.20
 139679.127   224.714    28.35   19.48
 140048.209   240.134    41.78   20.45
 140417.213   252.996    34.85   16.98
 140786.137   262.159    24.84   13.95
 141154.982   267.980    15.78   15.19
 141523.748   275.859    21.36   19.03
 141892.435   288.924    35.43   21.81
 142261.043   303.765    40.26   23.83
 142629.572   321.163    47.20   22.76
 142998.022   336.155    40.69   23.94
 143366.394   355.475    52.44   30.36
 143734.687   368.434    35.18   27.52
 144102.901   371.098     7.23   27.50
 144471.036   356.618   -39.33   37.50
 144839.093   329.504   -73.66   40.96
 145207.071   301.620   -75.77   32.44
 145574.971   282.096   -53.06   28.29
 145942.792   268.307   -37.48   27.49
 146310.535   257.693   -28.86   27.70
 146678.200   257.608    -0.23   29.95
 147045.786   262.526    13.38   34.86
 147413.294   270.005    20.35   36.56
 147780.724   277.697    20.93   32.84
 148148.075   283.679    16.28   26.11
 148515.349   290.557    18.72   26.82
 148882.544   306.941    44.61   30.46
 149249.662   331.914    68.02   37.26
 149616.701   358.932    73.60   38.54
 149983.663   384.690    70.18   31.10
 150350.546   397.088    33.79   18.48
 150717.352   395.676    -3.85   20.96
 151084.081   381.258   -39.31   33.61
 151450.731   360.417   -56.84   36.32
 151817.304   360.052    -1.00   37.39
 152183.799   371.289    30.66   47.36
 152550.217   392.248    57.19   55.49
 152916.557   410.475    49.75   55.99
 153282.819   405.714   -13.00   64.56
 153649.004   407.638     5.25   61.69
 154015.112   430.493    62.42   73.45
 154381.143   469.690   107.08   78.26
 154747.096   507.105   102.23   57.37
 155112.972   503.134   -10.85   57.15
 155478.771   473.970   -79.72   60.12
 155844.493   442.588   -85.80   46.89
 156210.137   435.128   -20.40   47.18
 156575.705   451.295    44.22   53.31
 156941.195   491.052   108.77   56.13
 157306.609   517.100    71.28   47.28
 157671.946   522.843    15.72   39.04
 158037.206   522.588    -0.70   45.79
 158402.389   514.693   -21.62   57.26
 158779.006   499.784   -39.58   56.01
 159160.228   496.822    -7.77   54.17
 159541.366   488.196   -22.63   46.57
 159922.418   473.442   -38.72   38.62
 160303.386   450.996   -58.91   36.84
 160684.268   422.912   -73.73   42.28
 161065.066   390.196   -85.90   49.66
 161445.780   351.143  -102.57   51.79
 161826.408   329.495   -56.87   52.59
 162206.952   327.547    -5.12   58.88
 162587.411   324.464    -8.10   64.60
 162967.786   294.330   -79.21   96.28
 163348.076   233.210  -160.70  114.89
 163728.282   155.640  -204.00   85.93
 164108.404   111.578  -115.90   38.00
 164488.441    96.505   -39.66   11.07
 164868.394    95.660    -2.22   10.03
 165248.263    95.289    -0.98    9.86
 165628.048    92.473    -7.41    9.36
 166007.749    88.588   -10.23    6.91
 166387.365    86.403    -5.76    7.09
 166766.898    84.442    -5.17    7.91
 167146.347    81.629    -7.41    7.23
 167525.712    79.057    -6.78    4.77
 167904.993    77.831    -3.23    0.80
 168284.190    78.297     1.23    0.50
 168663.304    78.444     0.39    0.29
 169042.334    78.463     0.05    0.42
 169421.281    78.672     0.55    0.61
 169800.144    78.971     0.79    0.66
 170178.923    79.165     0.51    0.55
 170557.619    79.115    -0.13    0.50
 170936.232    78.912    -0.54    0.60
 171314.761    80.926     5.32    4.56
 171693.208    84.432     9.26    6.63
 172071.570    89.619    13.71    7.52
 172449.850    95.196    14.74    6.64
 172828.047    99.557    11.53    4.04
 173206.161   101.454     5.02    3.06
 173584.191   101.389    -0.17    3.92
 173962.139    99.248    -5.66    4.86
 174340.004    96.224    -8.00    5.10
 174717.786    93.831    -6.33    3.95
 175095.485    92.423    -3.73    2.17
 175473.102    91.668    -2.00    0.47
 175850.636    91.580    -0.23    0.20
 176228.087    91.608     0.08    0.30
 176605.456    91.632     0.06    0.33
 176982.742    91.630    -0.01    0.33
 177359.946    91.600    -0.08    0.29
 177737.067    91.649     0.13    0.38
 178114.106    91.870     0.59    0.67
 178491.063    92.109     0.64    0.97
 178867.938    92.225     0.31    1.00
 179244.730    93.001     2.06    2.16
 179621.440    93.819     2.17    2.94
 179998.068    94.436     1.64    2.86
 180374.614    94.592     0.42    2.95
 180751.078    93.526    -2.83    2.77
 181127.461    92.787    -1.96    1.81
 181503.761    93.047     0.69    2.12
 181879.980    94.143     2.91    2.44
 182256.116    95.141     2.65    2.37
 182632.171    96.687     4.11    3.50
 183008.145   101.588    13.03   10.67
 183384.037   113.937    32.85   26.51
 183759.847   144.057    80.14   48.07
 184135.576   175.928    84.81   51.99
 184511.223   213.124    99.01   47.63
 184886.789   231.224    48.19   43.27
 185262.273   237.984    18.00   45.17
 185637.677   237.464    -1.39   42.34
 186012.999   240.495     8.08   34.80
 186388.240   248.224    20.59   31.57
 186763.399   268.221    53.29   28.86
 187138.478   282.392    37.78   23.15
 187513.476   287.149    12.68   17.39
 187888.392   282.891   -11.36   21.11
 188263.228   266.920   -42.60   30.21
 188637.983   243.516   -62.44   34.72
 189012.657   221.670   -58.30   32.39
 189387.250   203.228   -49.23   33.01
 189761.762   194.525   -23.23   30.47
 190136.194   198.856    11.56   26.56
 190510.546   214.863    42.75   33.17
 190884.816   247.812    88.02   43.79
 191259.006   280.537    87.44   35.44
 191633.116   299.456    50.56   22.25
 192007.145   301.687     5.96   20.62
 192381.094   283.217   -49.39   33.33
 192754.963   258.930   -64.95   37.08
 193128.751   226.021   -88.03   34.17
 193502.459   202.557   -62.78   29.07
 193876.087   182.526   -53.60   22.67
 194249.635   166.734   -42.27   17.16
 194623.103   155.776   -29.34   13.62
 194996.491   150.273   -14.74   10.52
 195369.799   148.717    -4.17   10.14
 195743.027   148.351    -0.98   10.22
 196116.175   148.143    -0.56    9.94
 196489.243   145.753    -6.41   10.12
 196862.232   142.581    -8.50    8.46
 197235.140   142.900     0.86    7.71
 197607.970   147.830    13.22   11.28
 197980.719   159.361    30.93   16.37
 198353.389   172.428    35.06   17.62
 198725.980   189.207    45.03   19.50
 199098.491   199.368    27.27   15.53
 199470.923   207.579    22.04   10.85
 199843.275   211.715    11.11    8.42
 200215.548   212.705     2.66    7.28
 200587.742   209.880    -7.59   10.29
 200959.857   200.859   -24.24   15.53
 201331.892   189.842   -29.61   15.67
 201703.849   181.771   -21.70   10.15
 202075.726   185.722    10.62   16.73
 202447.524   199.337    36.61   25.35
 202819.244   220.579    57.14   26.74
 203190.884   239.184    50.06   20.10
 203562.446   245.245    16.31   18.39
 203933.929   243.111    -5.74   22.17
 204305.333   233.000   -27.22   24.90
 204676.658   220.221   -34.41   22.45
 205047.905   209.983   -27.57   17.51
 205419.073   208.245    -4.68   14.67
 205790.163   213.349    13.75   17.06
 206161.174   227.151    37.20   21.83
 206532.106   244.765    47.48   22.18
 206902.961   260.474    42.35   20.87
 207273.736   279.309    50.79   20.93
 207644.434   296.749    47.04   22.14
 208015.053   310.470    37.02   20.40
 208385.594   311.248     2.10   22.92
 208756.057   306.526   -12.74   24.95
 209126.442   301.839   -12.65   21.61
 209496.749   305.239     9.18   18.96
 209866.978   315.252    27.04   20.33
 210237.128   330.619    41.51   21.71
 210607.201   347.979    46.90   23.79
 210977.196   365.361    46.97   32.88
 211347.114   393.439    75.89   48.82
 211716.953   423.779    82.02   63.16
 212086.715   460.480    99.24   72.49
 212456.399   500.196   107.42   79.44
 212826.005   544.776   120.60   84.16
 213195.534   591.789   127.21   77.39
 213564.985   620.856    78.66   53.09
 213934.359   616.313   -12.30   60.22
 214303.656   587.884   -76.97   82.25
 214672.875   557.252   -82.95   82.17
 215042.016   533.968   -63.07   69.61
 215411.081   535.762     4.86   59.18
 215780.068   548.609    34.81   43.96
 216148.978   554.343    15.54   30.31
 216517.811   540.409   -37.77   36.79
 216886.567   520.262   -54.63   44.63
 217255.245   491.787   -77.22   42.21
 217623.847   466.792   -67.80   30.93
 217992.372   443.588   -62.95   26.43
 218360.820   426.162   -47.29   30.19
 218729.191   403.239   -62.22   27.84
 219097.485   385.755   -47.46   20.98
 219465.702   373.632   -32.92   14.63
 219833.843   364.710   -24.23   13.46
 220201.907   358.537   -16.77   10.08
 220569.894   357.839    -1.90   13.57
 220937.805   364.917    19.24   24.65
 221305.640   379.175    38.76   34.91
 221673.397   394.888    42.72   41.35
 222041.079   413.345    50.19   45.69
 222408.684   429.141    42.96   47.34
 222776.213   448.427    52.47   44.63
 223143.665   467.726    52.51   36.04
 223511.041   480.759    35.47   22.03
 223878.341   483.172     6.57   18.96
 224245.565   477.354   -15.84   26.89
 224612.713   476.673    -1.85   33.72
 224979.785   475.877    -2.17   38.97
 225346.780   478.505     7.16   40.02
 225713.700   466.099   -33.80   47.17
 226080.544   441.912   -65.92   57.14
 226447.312   406.052   -97.76   58.26
 226814.004   368.481  -102.44   52.56
 227180.620   337.000   -85.86   39.17
 227547.161   313.721   -63.50   27.19
 227913.626   296.866   -45.99   19.60
 228280.015   288.983   -21.51   14.74
 228646.329   287.281    -4.65   17.11
 229012.567   289.734     6.70   23.44
 229378.730   295.113    14.69   29.68
 229744.817   299.526    12.05   31.48
 230110.829   303.730    11.48   31.08
 230476.766   313.410    26.45   32.81
 230842.627   326.341    35.34   40.21
 231208.413   347.776    58.59   47.50
 231574.124   367.526    54.00   47.93
 231939.759   378.207    29.21   42.92
 232305.320   385.526    20.02   33.08
 232670.805   384.837    -1.89   24.35
 233036.216   376.860   -21.83   23.14
 233408.144   355.319   -57.91   30.91
 233789.199   322.984   -84.84   42.75
 234170.171   288.637   -90.14   38.36
 234551.061   262.856   -67.67   24.25
 234931.868   250.548   -32.31   10.78
 235312.592   255.654    13.41   15.26
 235693.233   267.752    31.78   19.50
 236073.792   282.787    39.50   22.22
 236454.269   297.448    38.53   16.77
 236834.663   305.943    22.33   10.50
 237214.974   310.881    12.98    6.79
 237595.204   312.000     2.94    9.72
 237975.351   312.148     0.39   13.69
 238355.416   310.873    -3.35   14.83
 238735.399   310.306    -1.49   14.22
 239115.299   308.307    -5.26   14.60
 239495.118   302.613   -14.99   16.66
 239874.854   295.824   -17.87   18.24
 240254.509   289.119   -17.66   14.21
 240634.082   294.094    13.11   16.16
 241013.573   309.389    40.30   26.00
 241392.982   337.663    74.51   36.55
 241772.309   376.950   103.55   43.82
 242151.555   409.432    85.64   40.36
 242530.719   431.139    57.24   23.58
 242909.801   425.547   -14.75   27.29
 243288.802   401.373   -63.77   38.49
 243667.721   372.610   -75.90   36.48
 244046.559   347.623   -65.95   24.13
 244425.316   333.010   -38.57   22.39
 244803.991   317.268   -41.57   25.67
 245182.585   298.863   -48.61   30.32
 245561.098   279.472   -51.22   22.67
 245939.529   275.431   -10.68   21.92
 246317.880   284.483    23.92   34.86
 246696.149   295.831    30.00   38.62
 247074.337   302.182    16.79   35.76
 247452.445   296.802   -14.22   28.93
 247830.471   288.020   -23.23   18.75
 248208.417   289.031     2.67   17.20
 248586.282   296.967    21.00   23.48
 248964.066   311.126    37.47   24.83
 249341.769   323.047    31.56   22.11
 249719.392   334.368    29.97   22.28
 250096.934   351.634    45.73   32.10
 250474.395   369.260    46.69   35.91
 250851.776   394.895    67.92   37.84
 251229.076   419.000    63.88   42.55
 251606.297   454.767    94.80   45.57
 251983.436   480.755    68.90   37.60
 252360.496   495.667    39.54   25.21
 252737.475   489.263   -16.98   32.57
 253114.374   463.814   -67.51   40.26
 253491.193   435.779   -74.39   37.42
 253867.931   412.852   -60.85   28.23
 254244.590   396.726   -42.80   28.93
 254621.169   382.767   -37.06   32.54
 254997.667   357.703   -66.56   35.61
 255374.086   333.177   -65.14   30.55
 255750.425   317.994   -40.34   22.27
 256126.684   312.847   -13.68   16.86
 256502.863   327.802    39.75   30.49
 256878.963   346.341    49.28   32.01
 257254.983   359.203    34.20   28.82
 257630.923   363.218    10.68   25.92
 258006.784   365.432     5.89   25.63
 258382.566   375.470    26.71   26.83
 258758.268   392.568    45.50   34.96
 259133.890   411.859    51.35   34.38
 259509.433   425.694    36.83   30.67
 259884.897   436.025    27.51   23.07
 260260.282   446.326    27.44   23.86
 260635.587   450.732    11.74   27.79
 261010.813   451.974     3.31   28.56
 261385.960   455.174     8.53   27.89
 261761.028   469.442    38.03   35.58
 262136.017   484.225    39.41   35.69
 262510.928   499.366    40.38   26.93
 262885.759   506.037    17.79   23.80
 263260.511   501.473   -12.18   22.95
 263635.185   496.591   -13.03   26.27
 264009.779   500.398    10.16   32.84
 264384.295   509.319    23.82   36.83
 264758.733   519.409    26.94   32.07
 265133.092   522.271     7.64   26.75
 265507.372   517.632   -12.39   25.66
 265881.573   505.105   -33.47   23.00
 266255.697   497.787   -19.56   27.94
 266629.741   492.631   -13.78   35.89
 267003.708   484.363   -22.11   40.20
 267377.596   475.779   -22.95   37.95
 267751.406   467.009   -23.46   35.05
 268125.137   454.707   -32.91   32.51
 268498.791   440.766   -37.30   27.83
 268872.366   429.494   -30.17   25.09
 269245.863   420.641   -23.70   19.63
 269619.283   422.558     5.13   21.38
 269992.624   434.410    31.74   37.10
 270365.887   451.898    46.84   54.08
 270739.072   467.207    41.01   64.04
 271112.180   461.666   -14.85   67.55
 271485.210   442.308   -51.88   62.79
 271858.162   427.090   -40.80   45.08
 272231.036   429.959     7.69   44.87
 272603.833   437.558    20.38   46.57
 272976.552   441.721    11.17   42.12
 273349.193   428.345   -35.89   42.48
 273721.757   407.739   -55.30   43.13
 274094.244   379.122   -76.81   39.95
 274466.653   358.164   -56.26   32.59
 274838.985   337.504   -55.48   18.44
 275211.240   326.337   -29.99   12.88
 275583.417   317.778   -22.99    8.99
 275955.517   314.947    -7.61    8.86
 276327.540   315.837     2.39   13.40
 276699.485   322.494    17.89   17.53
 277071.354   330.377    21.20   17.10
 277443.146   341.366    29.55   22.77
 277814.860   357.681    43.88   32.07
 278186.498   379.115    57.66   35.18
 278558.059   390.097    29.55   25.72
 278929.543   383.418   -17.97   21.17
 279300.950   370.366   -35.13   21.64
 279672.281   358.526   -31.88   16.65
 280043.535   359.154     1.69   22.20
 280414.712   373.068    37.48   32.59
 280785.812   385.732    34.12   27.46
 281156.836   384.174    -4.20   27.30
 281527.784   362.315   -58.91   40.28
 281898.655   327.817   -93.00   41.17
 282269.449   300.289   -74.23   30.32
 282640.168   284.455   -42.70   13.61
 283010.810   288.461    10.81   15.48
 283381.375   303.059    39.39   20.77
 283751.865   323.676    55.64   23.66
 284122.278   339.287    42.13   17.99
 284492.615   350.164    29.37    9.99
 284862.876   354.952    12.93   10.20
 285233.061   359.590    12.53   16.77
 285603.170   372.906    35.97   25.63
 285973.203   401.235    76.54   39.21
 286343.160   427.132    69.99   42.39
 286713.042   450.514    63.20   34.29
 287082.847   452.207     4.58   33.09
 287452.577   438.479   -37.12   41.47
 287822.231   404.600   -91.63   49.66
 288191.809   368.930   -96.50   40.06
 288561.312   353.590   -41.51   27.79
 288930.739   358.233    12.57   32.39
 289300.090   378.610    55.16   36.58
 289669.367   393.705    40.87   30.31
 290038.567   395.356     4.47   30.29
 290407.693   386.450   -24.12   28.41
 290776.742   381.685   -12.91   21.14
 291145.717   382.967     3.47   19.76
 291514.616   395.141    32.99   26.19
 291883.441   412.246    46.37   29.01
 292252.190   428.121    43.04   25.51
 292620.863   436.589    22.96   17.77
 292989.462   432.025   -12.38   22.95
 293357.986   413.884   -49.22   30.36
 293726.435   393.460   -55.42   26.06
 294094.809   385.334   -22.05   22.00
 294463.107   389.679    11.79   30.86
 294831.332   407.945    49.59   39.43
 295199.481   421.287    36.23   41.49
 295567.555   425.178    10.57   42.49
 295935.555   415.037   -27.55   44.11
 296303.480   399.199   -43.04   46.05
 296671.331   381.227   -48.85   41.33
 297039.107   363.730   -47.57   35.45
 297406.808   348.673   -40.94   29.36
 297774.435   336.525   -33.04   22.31
 298141.988   328.845   -20.89   14.79
 298509.466   326.569    -6.19    9.11
 298876.869   325.100    -4.00    8.70
 299244.199   322.167    -7.98   10.76
 299611.454   313.625   -23.25   12.28
 299978.635   302.345   -30.71   14.46
 300345.742   291.752   -28.85   11.72
 300712.774   287.164   -12.50    8.43
 301079.733   286.948    -0.59    7.95
 301446.617   294.816    21.44   11.97
 301813.428   304.659    26.83   13.58
 302180.164   318.182    36.87   17.20
 302546.827   334.025    43.20   20.02
 302913.416   352.483    50.34   20.80
 303279.931   370.707    49.71   22.87
 303646.372   392.008    58.12   24.91
 304012.740   414.311    60.86   27.89
 304379.033   439.801    69.57   27.32
 304745.253   467.175    74.73   31.78
 305111.400   484.625    47.65   26.17
 305477.473   483.373    -3.42   30.75
 305843.472   459.602   -64.94   52.23
 306209.398   410.473  -134.23   67.66
 306575.251   369.621  -111.64   65.29
 306941.030   327.537  -115.03   51.93
