# NaN NaN NaN ;Mean Elev.(m), Avg Gradient(m/km), RMS Gradient(m/km) - SRTM1     
#   -8.880     NaN     NaN ;Mean Elev.(m), Avg Gradient(m/km), RMS Gradient(m/km) - ASTER GDEM
#    2.497  -0.819   2.500 ;Mean Elev.(m), Avg Gradient(m/km), RMS Gradient(m/km) - GMTED2010 
  7 159.160711  68.751739    -8.241    -8.933  3 52448.03743485 25.071
  8 159.160849  68.752684     4.277     3.318  4 52483.03742332 23.986
  9 159.157420  68.752560     3.187     1.578  3 52518.03738089 19.739
 10 159.174143  68.750664     5.780     5.631  3 52553.03743051 19.930
 11 159.165905  68.751736     0.236     0.272  3 52588.03741055 31.327
 12 159.156841  68.752747     3.116     3.125  4 52623.03736751 22.044
 13 159.172172  68.751246     5.029     5.087  3 52658.03738180 15.075
 15 159.170122  68.750391     5.191     5.343  3 52728.03740396 12.834
 16 159.142492  68.751735     0.146     0.118  4 52763.03741766 21.242
 17 159.188393  68.750884     7.254     7.333  3 52798.03738608 23.008
 18 159.185484  68.749519     7.220     7.354  3 52833.03745723 14.702
 19 159.179141  68.751688     0.761     0.747  3 52868.03749966 42.839
 20 159.162980  68.752697     0.805     0.789  3 52903.03751607 38.524
 21 159.148444  68.752662     0.240     0.249  4 52938.03745428 27.956
 22 159.173900  68.751895     0.212     0.216  3 52973.03748733 23.447
 23 159.162240  68.752882     1.636     1.728  4 53008.03749662 15.699
 24 159.179372  68.750665     0.244     0.235  4 53043.03745291 15.476
 25 159.158427  68.752225     3.519     3.074  4 53078.03748659 13.296
 26 159.176957  68.751195     2.952     3.637  3 53113.03745659 11.880
 27 159.167106  68.751569     0.269     0.144  4 53148.03750130 12.781
 28 159.174511  68.751310     7.232     7.082  3 53183.03750092 20.959
 29 159.165628  68.752072     5.648     6.863  3 53218.03752526 18.476
 30 159.149063  68.752630     6.667     6.538  4 53253.03750340 19.809
 31 159.175118  68.750446     2.319     2.323  3 53288.03750361 45.360
 32 159.174839  68.751634     5.654     5.235  3 53323.03747933 12.987
 33 159.161022  68.751880     6.298     6.126  4 53358.03744446  9.972
 34 159.179169  68.750303     6.083     5.741  3 53393.03745973  9.663
 35 159.162197  68.751628     6.465     6.346  3 53428.03745465  8.959
 36 159.183181  68.750090     6.146     6.182  3 53463.03747288  8.170
 37 159.162976  68.751641     5.439     5.383  4 53498.03754430  6.884
 38 159.167654  68.752579     6.594     6.509  3 53533.03752602 22.534
 39 159.157741  68.752604     4.954     5.094  4 53568.03754527 18.174
 40 159.156450  68.752777     6.628     6.414  4 53603.03749067 15.257
 41 159.176157  68.750550     7.411     7.332  4 53638.03748857 17.224
 42 159.164690  68.751302     0.275     0.276  3 53673.03750937 33.086
 43 159.160472  68.751578    -0.163    -0.174  4 53708.03744088 25.328
 44 159.148575  68.753481     0.376     0.390  4 53743.03735201 21.087
 45 159.174120  68.750382     4.426     4.355  3 53778.03737854 15.287
 46 159.148799  68.751562     3.838     3.867  4 53813.03735449 13.112
 47 159.175892  68.751112     4.836     4.997  4 53848.03740929 11.674
 49 159.160628  68.752475     6.584     6.141  3 53918.03749100 20.783
 50 159.157607  68.752914     2.266     2.287  3 53953.03749429 23.990
 52 159.178058  68.749430     1.113     1.112  3 54023.03747399 46.537
 53 159.177626  68.751749     1.649     0.460  3 54058.03746616 19.599
 54 159.155142  68.752716     5.312     5.331  4 54093.03744746 12.515
 55 159.184270  68.749622     4.195     4.485  4 54128.03738391 12.331
 56 159.162982  68.752107     5.752     5.801  4 54163.03741671  9.210
 57 159.178411  68.750636     5.834     5.599  4 54198.03738643  8.838
 58 159.171754  68.750448     3.569     4.468  3 54233.03743013 10.048
 59 159.169413  68.752320     5.660     5.634  3 54268.03744860 53.109
 60 159.169764  68.752376     4.469     3.609  3 54303.03745255 24.528
 61 159.161573  68.751486     5.798     6.137  4 54338.03743857 20.178
 62 159.175865  68.751035     4.968     4.954  4 54373.03738581 32.033
 63 159.165572  68.752611     0.518     0.531  3 54408.03738375 32.610
 64 159.186119  68.750350     4.286     4.358  4 54443.03734623 16.076
 65 159.169016  68.751458     5.686     5.848  4 54478.03737303 14.191
 66 159.183573  68.750244     4.714     4.757  4 54513.03736150 13.520
 67 159.161667  68.751702     6.196     6.077  3 54548.03738696 12.249
 68 159.171275  68.750972     6.356     6.489  3 54583.03735725 11.125
 69 159.170220  68.751916     7.548     7.458  4 54618.03737770 29.703
 70 159.166260  68.751539     7.065     6.868  3 54653.03738988 15.038
 71 159.160837  68.751928     6.791     6.678  4 54688.03737945 14.399
 72 159.182661  68.749728     2.941     1.384  3 54723.03733708 25.196
 73 159.165587  68.752364     1.447     1.447  4 54758.03735501 33.189
 74 159.181915  68.749661     3.604     3.433  3 54793.03733069 20.524
 75 159.170312  68.751120     5.480     5.413  4 54828.03735316 14.069
 76 159.180160  68.750418     4.599     4.627  4 54863.03732462 13.133
 77 159.163351  68.752789     4.470     4.528  3 54898.03735320 11.064
 78 159.175233  68.750536     4.735     4.828  3 54933.03731965 11.123
 79 159.168692  68.751378     2.080     0.570  3 54968.03735407 21.299
 80 159.166539  68.752036     6.927     6.993  4 55003.03737401 15.834
 81 159.169149  68.751768     6.161     6.023  4 55038.03736064 15.890
 82 159.160421  68.752882     4.320     4.209  4 55073.03734640 16.604
 83 159.178547  68.750204     2.356     0.708  3 55108.03729301 27.611
 84 159.163792  68.752518     4.811     4.854  3 55143.03729781 20.904
 85 159.183769  68.749029     3.796     3.577  3 55178.03726516 17.847
 86 159.166307  68.751348     5.313     5.284  4 55213.03729247 15.119
 87 159.177517  68.750831     5.008     4.928  3 55248.03726608 13.351
 88 159.162510  68.752878     5.545     5.509  4 55283.03728606 11.724
 89 159.166525  68.752041     5.171     5.297  4 55318.03725566 11.710
 90 159.163759  68.751891     5.694     5.704  4 55353.03725877 43.261
 91 159.177557  68.750486     3.991     2.647  3 55388.03725573 18.468
 92 159.168299  68.751957     6.135     6.126  3 55423.03727628 15.759
 93 159.159145  68.752199     5.688     5.503  4 55458.03724895 18.647
