-160032.107   723.881     0.00   46.49
-159666.798   716.216   -20.98   51.56
-159301.414   662.684  -146.49   93.19
-158935.954   596.163  -182.00  103.70
-158570.419   552.238  -120.15   77.60
-158204.809   563.286    30.22   84.00
-157839.123   612.763   135.28  105.67
-157473.361   696.776   229.67  106.59
-157107.524   752.358   151.92   98.79
-156741.611   778.198    70.61   83.70
-156375.623   751.337   -73.39  101.79
-156009.559   677.911  -200.56  123.27
-155643.419   593.869  -229.51  113.56
-155277.203   522.634  -194.50   78.69
-154910.911   488.648   -92.77   72.68
-154544.544   481.609   -19.21   75.30
-154178.100   488.932    19.98   81.75
-153811.580   505.969    46.48   83.47
-153444.985   498.911   -19.25   84.90
-153078.313   484.285   -39.88   75.37
-152711.565   467.927   -44.60   64.19
-152344.741   475.679    21.13   70.62
-151977.840   492.603    46.12   86.08
-151610.863   504.974    33.71   89.65
-151243.810   503.723    -3.41   90.96
-150876.681   477.081   -72.56   85.56
-150509.475   443.963   -90.18   69.71
-150142.192   409.358   -94.21   44.42
-149774.834   391.661   -48.17   35.49
-149407.398   378.498   -35.82   33.78
-149039.886   369.248   -25.17   34.92
-148672.297   361.194   -21.91   32.73
-148304.631   372.143    29.78   36.67
-147936.889   399.702    74.93   50.36
-147569.070   446.546   127.34   65.94
-147201.174   488.895   115.10   52.12
-146833.201   512.222    63.38   26.35
-146465.151   508.019   -11.42   28.70
-146097.024   489.075   -51.46   31.47
-145728.820   472.580   -44.79   26.74
-145360.538   457.434   -41.12   29.07
-144992.180   444.710   -34.54   35.18
-144623.745   430.103   -39.64   37.54
-144255.232   429.695    -1.11   39.51
-143886.642   429.495    -0.54   40.30
-143517.974   425.390   -11.13   38.65
-143149.229   417.122   -22.42   35.53
-142780.407   406.822   -27.93   36.63
-142411.507   391.768   -40.80   39.29
-142042.530   379.637   -32.88   41.36
-141673.475   362.752   -45.75   40.03
-141304.343   347.468   -41.40   34.10
-140935.132   343.957    -9.51   32.95
-140565.844   349.640    15.39   32.14
-140196.479   362.796    35.62   31.71
-139827.035   379.932    46.38   34.61
-139457.513   395.942    43.32   30.75
-139087.914   403.432    20.26   21.74
-138718.236   402.286    -3.10   20.55
-138348.481   397.176   -13.82   24.77
-137978.647   394.323    -7.71   30.69
-137608.736   399.347    13.58   37.37
-137238.746   411.034    31.58   42.30
-136868.678   424.700    36.92   35.94
-136498.532   428.453    10.14   32.12
-136128.307   423.349   -13.79   28.94
-135758.004   407.906   -41.70   34.18
-135387.622   383.569   -65.70   38.77
-135017.162   358.906   -66.57   36.53
-134646.624   342.643   -43.89   23.90
-134276.007   348.799    16.61   30.06
-133905.311   375.194    71.20   43.02
-133534.537   407.295    86.57   42.46
-133163.684   428.823    58.04   29.34
-132792.752   424.112   -12.70   39.04
-132421.741   402.198   -59.06   54.06
-132050.652   380.286   -59.04   46.09
-131679.483   370.884   -25.33   31.26
-131308.236   379.526    23.27   30.68
-130936.909   387.295    20.92   26.25
-130565.504   388.890     4.29   22.23
-130194.019   387.734    -3.11   21.34
-129822.455   400.727    34.97   33.45
-129450.812   424.258    63.31   44.25
-129079.090   445.272    56.53   40.62
-128707.288   455.215    26.74   42.29
-128335.407   462.531    19.67   44.27
-127963.447   479.299    45.07   47.32
-127591.407   502.056    61.16   39.62
-127219.288   513.730    31.37   27.49
-126847.089   510.596    -8.42   29.78
-126474.810   485.174   -68.28   40.73
-126102.452   461.161   -64.48   37.52
-125730.014   439.078   -59.29   34.30
-125357.496   418.557   -55.08   26.42
-124984.898   400.850   -47.52   25.09
-124612.221   386.609   -38.21   22.35
-124239.464   374.001   -33.82   17.94
-123866.626   366.829   -19.23   14.25
-123493.709   364.067    -7.41   17.32
-123120.711   372.947    23.80   29.45
-122747.634   391.998    51.06   40.71
-122374.476   425.007    88.45   58.14
-122001.238   457.172    86.17   57.20
-121627.919   485.638    76.24   56.11
-121254.521   511.659    69.68   52.17
-120881.042   533.748    59.14   43.56
-120507.482   530.137    -9.66   55.07
-120133.842   499.015   -83.29   77.28
-119760.122   457.937  -109.91   80.71
-119386.321   424.109   -90.49   72.86
-119012.439   394.401   -79.45   63.41
-118638.477   371.697   -60.71   58.48
-118264.433   346.768   -66.64   45.07
-117890.309   325.937   -55.67   27.57
-117516.105   320.441   -14.69   26.11
-117141.819   322.009     4.19   36.36
-116767.452   323.328     3.52   43.42
-116393.005   315.550   -20.77   45.48
-116018.476   295.472   -53.60   43.62
-115643.866   269.412   -69.56   27.89
-115269.175   253.975   -41.20   20.18
-114894.403   245.956   -21.40   13.12
-114519.549   247.533     4.21   16.35
-114144.615   253.624    16.24   18.19
-113769.598   257.865    11.31   17.19
-113394.501   263.616    15.33   16.47
-113019.322   274.176    28.15   19.51
-112644.061   286.433    32.66   20.45
-112268.719   295.890    25.20   14.91
-111893.295   295.421    -1.25   15.13
-111517.790   282.390   -34.70   24.45
-111142.202   262.648   -52.56   28.49
-110766.533   240.737   -58.32   24.78
-110390.783   230.744   -26.59   18.56
-110014.950   234.557    10.14   23.57
-109639.035   249.916    40.86   32.76
-109263.038   267.495    46.75   31.82
-108886.960   276.207    23.16   31.66
-108510.799   272.619    -9.54   33.87
-108134.556   261.744   -28.90   30.93
-107758.231   249.145   -33.48   22.95
-107381.823   245.819    -8.84   16.20
-107005.333   246.270     1.20   13.39
-106628.761   255.125    23.51   18.30
-106252.106   269.890    39.20   22.67
-105875.369   290.531    54.78   31.61
-105498.550   317.356    71.18   36.34
-105121.647   350.007    86.62   39.04
-104744.663   379.778    78.97   32.55
-104367.595   395.281    41.11   27.55
-103990.445   392.651    -6.97   37.24
-103613.212   377.023   -41.42   41.83
-103235.896   366.455   -28.01   38.33
-102858.497   372.962    17.24   45.59
-102481.015   383.784    28.67   50.30
-102103.450   396.036    32.45   48.66
-101725.802   410.106    37.25   46.34
-101348.071   435.310    66.72   51.32
-100970.257   454.562    50.95   42.19
-100592.360   461.562    18.52   43.08
-100214.379   453.776   -20.60   51.77
 -99836.315   440.234   -35.82   50.27
 -99458.167   421.648   -49.15   53.72
 -99079.936   413.309   -22.05   50.95
 -98701.622   407.116   -16.37   44.93
 -98323.224   412.645    14.61   37.70
 -97944.742   413.328     1.80   32.76
 -97566.177   402.277   -29.19   39.22
 -97187.528   387.318   -39.50   42.22
 -96808.795   375.091   -32.28   39.58
 -96429.979   364.885   -26.94   36.61
 -96051.078   344.513   -53.76   39.69
 -95672.094   321.714   -60.15   38.69
 -95293.026   301.349   -53.72   31.09
 -94913.873   291.246   -26.64   31.12
 -94534.637   288.850    -6.32   30.36
 -94155.316   283.895   -13.06   32.93
 -93775.911   273.545   -27.28   37.24
 -93396.422   261.431   -31.92   39.51
 -93016.848   244.328   -45.05   38.95
 -92637.190   231.765   -33.09   37.92
 -92257.448   215.523   -42.77   30.93
 -91877.621   205.094   -27.45   24.69
 -91497.709   188.516   -43.63   21.64
 -91117.713   174.125   -37.87   23.55
 -90737.633   153.784   -53.51   22.07
 -90357.467   135.599   -47.83   20.92
 -89977.217   119.360   -42.70   15.27
 -89596.882   112.778   -17.30   10.65
 -89216.462   115.085     6.06   13.74
 -88835.957   130.803    41.31   25.67
 -88455.368   158.492    72.75   37.22
 -88074.693   186.462    73.47   40.30
 -87693.933   218.813    84.96   40.38
 -87313.088   242.911    63.27   39.76
 -86932.157   265.370    58.96   34.12
 -86551.142   278.632    34.81   26.07
 -86170.041   285.707    18.56   18.12
 -85788.854   282.724    -7.82   26.39
 -85412.539   271.780   -29.08   36.14
 -85047.466   258.941   -35.16   39.30
 -84682.315   238.734   -55.34   38.97
 -84317.088   217.751   -57.45   37.30
 -83951.783   193.183   -67.25   33.19
 -83586.401   171.815   -58.48   33.67
 -83220.941   152.713   -52.26   29.46
 -82855.405   133.545   -52.44   21.22
 -82489.791   123.911   -26.35   12.39
 -82124.099   127.421     9.60   17.88
 -81758.330   144.966    47.96   33.39
 -81392.484   175.031    82.17   41.53
 -81026.560   211.300    99.11   44.53
 -80660.558   240.305    79.24   31.01
 -80294.479   253.700    36.59   16.84
 -79928.322   249.860   -10.49   21.69
 -79562.087   233.685   -44.16   26.06
 -79195.775   222.574   -30.33   19.63
 -78829.384   221.672    -2.46   18.86
 -78462.916   241.503    54.11   31.96
 -78096.370   266.207    67.39   34.24
 -77729.745   285.532    52.71   26.15
 -77363.043   286.219     1.87   29.09
 -76996.263   265.685   -55.98   43.30
 -76629.404   239.676   -70.89   42.60
 -76262.467   218.815   -56.85   30.60
 -75895.452   214.031   -13.04   29.45
 -75528.359   215.042     2.75   30.88
 -75161.187   217.011     5.36   26.82
 -74793.937   214.115    -7.88   18.41
 -74426.608   217.483     9.17   22.13
 -74059.201   229.401    32.44   32.69
 -73691.715   250.658    57.84   39.05
 -73324.151   267.593    46.07   36.41
 -72956.508   283.917    44.40   28.70
 -72588.787   289.951    16.41   24.99
 -72220.986   299.755    26.65   23.90
 -71853.107   319.207    52.87   27.44
 -71485.149   335.178    43.40   22.57
 -71117.112   343.151    21.66   14.96
 -70748.996   340.199    -8.02   20.95
 -70380.802   324.484   -42.68   32.48
 -70012.528   300.791   -64.33   39.26
 -69644.175   277.261   -63.88   36.16
 -69275.742   254.471   -61.85   33.77
 -68907.231   237.638   -45.68   28.44
 -68538.640   219.835   -48.30   26.00
 -68169.970   205.548   -38.75   24.12
 -67801.221   193.819   -31.81   20.12
 -67432.392   187.886   -16.09   19.14
 -67063.484   187.999     0.31   21.15
 -66694.496   189.831     4.96   19.02
 -66325.429   187.031    -7.59   15.94
 -65956.282   180.084   -18.82   16.85
 -65587.056   170.089   -27.07   16.85
 -65217.750   154.734   -41.58   15.90
 -64848.364   141.188   -36.67   15.68
 -64478.898   127.099   -38.13   15.67
 -64109.352   117.633   -25.61   12.15
 -63739.726   112.287   -14.46    6.98
 -63370.021   116.451    11.26   12.42
 -63000.235   127.156    28.95   17.21
 -62630.370   142.131    40.49   19.92
 -62260.424   161.060    51.17   25.08
 -61890.398   181.727    55.85   29.74
 -61520.292   199.640    48.40   28.26
 -61150.105   215.855    43.80   20.08
 -60779.838   220.512    12.58   14.65
 -60409.491   214.557   -16.08   17.23
 -60039.063   207.839   -18.13   17.29
 -59668.555   202.922   -13.27   13.95
 -59297.967   207.301    11.82   16.26
 -58927.297   212.624    14.36   15.14
 -58556.548   203.181   -25.47   24.90
 -58185.717   186.682   -44.49   29.98
 -57814.806   170.666   -43.18   22.16
 -57443.814   164.978   -15.33   13.94
 -57072.741   173.992    24.29   22.80
 -56701.587   190.982    45.77   27.54
 -56330.352   215.137    65.06   28.70
 -55959.036   235.300    54.30   29.54
 -55587.639   257.901    60.85   25.03
 -55216.161   274.421    44.47   20.73
 -54844.602   285.609    30.11   10.77
 -54472.961   284.431    -3.17   12.11
 -54101.240   275.548   -23.90   17.59
 -53729.437   260.503   -40.46   21.86
 -53357.552   242.697   -47.88   25.79
 -52985.587   220.421   -59.88   29.02
 -52613.539   200.661   -53.11   29.53
 -52241.411   184.005   -44.76   23.68
 -51869.200   176.643   -19.78   17.52
 -51496.908   174.040    -6.99   15.97
 -51124.534   175.825     4.79   18.68
 -50752.079   179.653    10.28   20.70
 -50379.542   177.801    -4.97   20.25
 -50006.923   173.488   -11.57   17.68
 -49634.221   175.350     5.00   19.63
 -49261.438   180.151    12.88   24.37
 -48888.573   188.611    22.69   26.60
 -48515.626   193.795    13.90   25.61
 -48142.597   193.758    -0.10   21.00
 -47769.486   194.522     2.05   17.17
 -47396.292   198.330    10.20   16.17
 -47023.016   204.229    15.80   18.35
 -46649.658   212.039    20.92   24.32
 -46276.218   220.683    23.15   27.99
 -45902.694   229.814    24.44   30.10
 -45529.089   243.061    35.46   34.12
 -45155.401   256.692    36.48   32.49
 -44781.630   268.239    30.89   31.27
 -44407.777   280.243    32.11   25.19
 -44033.841   287.865    20.38   20.63
 -43659.822   291.932    10.87   15.08
 -43285.720   290.561    -3.67   15.36
 -42911.536   286.121   -11.87   18.62
 -42537.268   280.720   -14.43   17.07
 -42162.918   277.865    -7.63   13.89
 -41788.484   272.390   -14.62   16.50
 -41413.968   261.031   -30.33   29.10
 -41039.368   238.828   -59.27   37.57
 -40664.685   218.001   -55.58   37.43
 -40289.919   198.811   -51.20   32.20
 -39915.069   187.077   -31.30   26.88
 -39540.136   178.974   -21.61   25.13
 -39165.120   171.441   -20.09   20.82
 -38790.020   163.933   -20.01   17.47
 -38414.837   156.221   -20.56   16.05
 -38039.570   147.127   -24.23   16.79
 -37664.220   136.067   -29.46   18.08
 -37288.785   126.033   -26.73   15.98
 -36913.267   115.300   -28.58   12.81
 -36537.666   105.865   -25.12   11.09
 -36161.980   100.481   -14.33    9.31
 -35786.210   103.714     8.60   13.45
 -35410.357   114.781    29.44   19.55
 -35034.419   127.851    34.77   17.67
 -34658.398   138.115    27.30   10.84
 -34282.292   139.685     4.17   10.26
 -33906.102   132.952   -17.90   14.92
 -33529.828   124.805   -21.65   14.04
 -33153.469   119.494   -14.11    9.79
 -32777.026   121.252     4.67    8.37
 -32400.499   126.358    13.56    7.24
 -32023.887   129.262     7.71    5.15
 -31647.191   128.113    -3.05    6.34
 -31270.410   122.688   -14.40    8.47
 -30893.544   114.874   -20.73    8.14
 -30516.594   104.411   -27.76   12.14
 -30139.559    94.029   -27.53   13.95
 -29762.439    83.234   -28.63   13.88
 -29385.234    76.880   -16.84   11.89
 -29007.945    73.094   -10.04   11.39
 -28630.570    70.768    -6.16   10.93
 -28253.110    68.081    -7.12    6.38
 -27875.565    71.492     9.03    9.31
 -27497.936    81.731    27.11   16.51
 -27120.220    93.201    30.37   18.84
 -26742.420   106.421    34.99   16.31
 -26364.534   116.171    25.80   13.59
 -25986.563   124.911    23.12   10.15
 -25608.507   131.239    16.74    9.63
 -25230.365   136.801    14.71   10.83
 -24852.137   141.611    12.72   12.48
 -24473.824   147.906    16.64   13.50
 -24095.425   154.510    17.45   13.76
 -23716.940   162.197    20.31   14.37
 -23338.370   170.734    22.55   13.42
 -22959.714   179.844    24.06   13.78
 -22580.972   188.104    21.81   16.61
 -22202.144   198.776    28.17   20.73
 -21823.230   211.567    33.76   24.85
 -21444.229   223.539    31.59   24.21
 -21065.143   230.232    17.66   19.48
 -20685.971   232.528     6.06   15.23
 -20306.712   221.411   -29.31   22.12
 -19927.367   208.314   -34.52   24.65
 -19547.936   192.688   -41.18   24.14
 -19168.418   176.786   -41.90   18.91
 -18788.814   163.901   -33.94   20.75
 -18409.123   147.042   -44.40   26.43
 -18029.346   124.961   -58.14   30.44
 -17649.482   103.906   -55.43   23.16
 -17269.531    88.618   -40.23   12.78
 -16889.493    81.248   -19.39    6.59
 -16509.369    80.816    -1.14    7.61
 -16129.158    80.562    -0.67    8.04
 -15748.860    78.222    -6.15    7.96
 -15368.475    74.306   -10.30    7.68
 -14988.003    69.906   -11.57    6.09
 -14607.443    67.707    -5.78    4.71
 -14226.797    67.816     0.29    5.58
 -13846.063    70.566     7.22    7.20
 -13465.242    75.803    13.75    9.77
 -13084.334    81.236    14.26   10.83
 -12703.338    86.128    12.84    9.10
 -12322.255    88.627     6.56    6.40
 -11941.084    86.852    -4.66    6.43
 -11559.826    83.473    -8.86    7.61
 -11178.479    77.181   -16.50    8.68
 -10797.046    72.390   -12.56    7.16
 -10431.150    70.501    -5.16    5.44
 -10066.238    71.461     2.63    5.23
  -9701.247    75.707    11.63    5.75
  -9336.176    81.708    16.44    8.50
  -8971.027    88.755    19.30   10.25
  -8605.799    95.832    19.38   10.75
  -8240.492   102.431    18.06    9.43
  -7875.105   107.688    14.39    9.29
  -7509.640   109.618     5.28    8.64
  -7144.095   108.586    -2.82    9.39
  -6778.470   102.836   -15.73   11.18
  -6412.767    94.347   -23.21   11.00
  -6046.984    85.638   -23.81    9.25
  -5681.121    78.936   -18.32    7.85
  -5315.179    72.222   -18.35    8.38
  -4949.158    66.881   -14.59    8.61
  -4583.057    61.799   -13.88    9.75
  -4216.876    56.737   -13.82   12.33
  -3850.616    52.485   -11.61   13.29
  -3484.275    50.744    -4.75   13.67
  -3117.855    48.875    -5.10   14.31
  -2751.355    46.976    -5.18   16.54
  -2384.775    45.609    -3.73   20.11
  -2018.115    42.161    -9.40   23.80
  -1651.376    37.156   -13.65   25.10
  -1284.556    28.748   -22.92   26.08
   -917.655    20.965   -21.21   24.21
   -550.675    12.966   -21.80   20.03
   -183.615     5.955   -19.10   13.22
    183.526     3.410    -6.93    7.35
    550.747     4.607     3.26    5.46
    918.049     7.153     6.93    4.77
   1285.431     9.039     5.13    2.80
   1652.893     8.881    -0.43    2.10
   2020.436     8.701    -0.49    1.82
   2388.060     8.420    -0.76    1.56
   2755.764     8.254    -0.45    1.19
   3123.549     8.236    -0.05    1.08
   3491.415     7.969    -0.72    1.13
   3859.361     7.656    -0.85    1.06
   4227.389     8.961     3.55    2.85
   4595.497    10.108     3.12    3.51
   4963.686    11.531     3.86    3.32
   5331.957    12.641     3.01    3.38
   5700.308    12.855     0.58    3.67
   6068.740    12.005    -2.31    3.74
   6437.254    10.942    -2.88    3.62
   6805.849     9.901    -2.83    2.58
   7174.525     9.599    -0.82    2.40
   7543.283    10.381     2.12    2.59
   7912.122    11.087     1.92    2.82
   8281.042    12.181     2.96    2.66
   8650.044    13.077     2.43    3.44
   9019.128    13.151     0.20    3.85
   9388.293    12.028    -3.04    3.40
   9757.539    10.533    -4.05    2.52
  10126.868    10.008    -1.42    1.82
  10496.278    10.239     0.62    1.97
  10865.770    10.911     1.82    2.23
  11235.344    12.411     4.06    2.96
  11605.000    13.024     1.66    3.32
  11974.737    13.224     0.54    3.58
  12344.557    13.039    -0.50    3.69
  12714.459    11.901    -3.08    3.51
  13084.443    11.113    -2.13    3.67
  13454.510    12.538     3.85    5.67
  13824.658    12.926     1.05    6.05
  14194.889    12.141    -2.12    5.68
  14565.202    10.431    -4.62    4.44
  14935.598     9.350    -2.92    1.88
  15306.076     9.371     0.06    2.14
  15676.637     9.227    -0.39    2.56
  16047.280     8.920    -0.83    2.75
  16418.006     8.755    -0.44    3.03
  16788.814     9.106     0.95    3.06
  17159.705     9.911     2.17    3.21
  17530.680    10.175     0.71    2.56
  17901.736    10.153    -0.06    2.15
  18272.876    10.077    -0.20    1.84
  18644.099    10.538     1.24    2.30
  19015.405    11.535     2.68    2.24
  19386.794    11.599     0.17    2.24
  19758.266    11.074    -1.41    2.20
  20129.821    10.401    -1.81    1.71
  20501.460    10.017    -1.03    1.33
  20873.181     9.866    -0.41    1.35
  21244.986    10.081     0.58    1.32
  21616.875     9.991    -0.24    1.24
  21988.847     9.935    -0.15    1.32
  22360.902     9.663    -0.73    1.04
  22733.041     9.265    -1.07    1.15
  23105.264     9.050    -0.58    1.23
  23477.570     9.074     0.06    1.11
  23849.961     9.431     0.96    1.41
  24222.434     9.489     0.15    1.59
  24594.992     9.591     0.27    1.66
  24967.634     9.490    -0.27    1.49
  25340.360     9.302    -0.50    1.24
  25713.169     9.271    -0.08    1.11
  26086.063     9.440     0.45    1.41
  26459.041     9.623     0.49    1.34
  26832.103     9.342    -0.75    1.34
  27205.249     9.442     0.27    1.24
  27578.480     9.371    -0.19    1.53
  27951.795     9.512     0.38    1.67
  28325.194     9.410    -0.27    1.62
  28698.678     9.321    -0.24    1.64
  29072.246     9.518     0.53    1.69
  29445.899    10.292     2.07    2.12
  29819.637    11.803     4.04    3.13
  30193.459    14.057     6.03    4.34
  30567.366    19.178    13.70    7.17
  30941.358    26.146    18.63    9.23
  31315.435    34.102    21.27   10.58
  31689.596    40.205    16.31   10.22
  32063.843    43.339     8.38    9.86
  32438.175    44.718     3.68    8.63
  32812.591    44.854     0.36    7.16
  33187.093    46.714     4.97    8.43
  33561.680    49.801     8.24    7.11
  33936.353    51.333     4.09    7.03
  34311.111    48.548    -7.43   10.76
  34685.954    41.104   -19.86   14.37
  35060.882    36.460   -12.39   13.86
  35435.896    34.007    -6.54   11.44
  35810.996    37.112     8.28   11.80
  36186.181    44.628    20.03   14.34
  36561.452    51.910    19.41   14.44
  36936.809    56.724    12.82   13.37
  37312.251    60.074     8.92   12.02
  37687.779    63.730     9.74    8.78
  38063.393    63.721    -0.03    9.61
  38439.094    62.441    -3.41   12.86
  38814.880    60.126    -6.16   14.21
  39190.752    60.470     0.91   13.88
  39566.710    62.510     5.43   11.58
  39942.755    65.597     8.21    8.46
  40318.886    68.321     7.24    9.35
  40695.103    71.216     7.69    9.65
  41071.406    74.381     8.41    9.85
  41447.796    74.612     0.61   10.38
  41824.273    71.962    -7.04   11.27
  42200.836    68.116   -10.21    9.60
  42577.485    63.748   -11.60    7.98
  42954.221    57.682   -16.10    9.52
  43331.044    55.472    -5.87    9.36
  43707.954    58.061     6.87   11.65
  44084.951    62.786    12.53   11.79
  44462.034    62.744    -0.11   11.07
  44839.205    60.229    -6.67   10.06
  45216.462    57.006    -8.54    7.85
  45593.807    55.985    -2.71    6.97
  45971.238    58.672     7.12    8.08
  46348.757    61.705     8.03   10.36
  46726.363    62.940     3.27   11.31
  47104.057    63.783     2.23   12.49
  47481.838    59.616   -11.03   14.86
  47859.706    52.867   -17.86   14.86
  48237.662    46.252   -17.50   11.19
  48615.705    42.208   -10.70    7.06
  48993.836    43.027     2.16    5.73
  49372.055    45.734     7.16    6.94
  49750.361    48.462     7.21    6.47
  50128.755    49.564     2.91    5.63
  50507.237    49.890     0.86    6.38
  50885.807    51.527     4.32    8.38
  51264.465    53.584     5.43   10.57
  51643.211    53.124    -1.21   10.85
  52022.045    49.695    -9.05   11.82
  52400.967    45.179   -11.92    9.46
  52779.978    41.201   -10.50    7.23
  53159.076    38.496    -7.13    6.86
  53538.264    36.691    -4.76    6.00
  53917.539    35.670    -2.69    5.34
  54296.903    36.521     2.24    5.53
  54676.355    35.018    -3.96    7.08
  55055.896    30.866   -10.94   11.08
  55435.526    24.051   -17.95   12.58
  55815.245    18.548   -14.49    8.62
  56195.052    20.939     6.30   10.38
  56574.948    25.292    11.46   10.38
  56954.933    25.420     0.34   10.46
  57335.006    21.499   -10.32   10.21
  57715.169    16.585   -12.93    4.72
  58095.421    18.051     3.86    6.64
  58475.762    21.067     7.93    7.53
  58856.192    23.429     6.21    7.54
  59236.712    23.636     0.54    7.48
  59617.321    21.430    -5.80    5.79
  59998.019    18.881    -6.70    4.50
  60378.807    16.362    -6.61    4.17
  60759.684    14.302    -5.41    3.17
  61140.651    15.925     4.26    5.25
  61521.707    19.133     8.42    7.53
  61902.853    21.843     7.11    7.66
  62284.089    23.714     4.91    6.79
  62665.415    23.837     0.32    6.70
  63046.830    23.588    -0.65    6.55
  63428.336    23.610     0.06    5.67
  63809.931    23.176    -1.14    4.84
  64182.034    26.595     9.19    7.90
  64546.704    31.311    12.93    7.53
  64911.454    35.526    11.55    5.24
  65276.285    37.793     6.21    4.73
  65641.197    39.241     3.97    4.35
  66006.190    39.747     1.39    4.00
  66371.264    39.390    -0.98    4.00
  66736.418    38.728    -1.82    4.05
  67101.654    39.116     1.06    4.16
  67466.971    41.616     6.84    6.62
  67832.368    45.795    11.44    8.61
  68197.847    51.234    14.88    8.63
  68563.407    55.391    11.37    7.06
  68929.049    57.311     5.25    4.19
  69294.771    55.535    -4.85    4.89
  69660.576    54.074    -4.00    5.25
  70026.461    53.708    -1.00    5.27
  70392.428    55.978     6.20    4.85
  70758.476    57.880     5.20    3.37
  71124.607    56.122    -4.80    6.25
  71490.818    53.852    -6.20    8.78
  71857.112    50.983    -7.83    9.50
  72223.487    47.677    -9.02    8.78
  72589.944    43.896   -10.32    8.41
  72956.482    37.610   -17.15    8.39
  73323.103    32.401   -14.21    7.25
  73689.806    29.141    -8.89    5.01
  74056.591    28.818    -0.88    4.26
  74423.457    31.521     7.37    4.16
  74790.406    32.872     3.68    3.04
  75157.437    34.401     4.17    2.66
  75524.550    36.853     6.68    4.22
  75891.746    39.546     7.34    5.23
  76259.024    43.410    10.52    5.37
  76626.384    45.429     5.50    4.20
  76993.827    45.311    -0.32    4.09
  77361.352    44.601    -1.93    4.27
  77728.960    43.596    -2.73    3.71
  78096.651    44.526     2.53    4.59
  78464.424    46.284     4.78    5.39
  78832.280    48.067     4.85    6.07
  79200.218    48.963     2.43    6.34
  79568.240    48.698    -0.72    5.75
  79936.344    48.929     0.63    4.60
  80304.532    50.125     3.25    3.72
  80672.802    50.256     0.36    2.60
  81041.155    49.018    -3.36    3.99
  81409.592    46.197    -7.66    5.01
  81778.112    43.978    -6.02    5.12
  82146.715    42.311    -4.52    4.33
  82515.401    40.696    -4.38    3.62
  82884.171    41.227     1.44    3.92
  83253.024    43.535     6.26    5.42
  83621.960    45.273     4.71    6.24
  83990.980    47.265     5.40    7.44
  84360.083    47.450     0.50    8.36
  84729.271    46.675    -2.10    8.87
  85098.541    46.239    -1.18    8.73
  85467.896    46.533     0.80    5.86
  85837.334    45.665    -2.35    4.83
  86206.857    45.187    -1.29    5.31
  86576.463    43.896    -3.49    5.00
  86946.153    42.929    -2.61    4.63
  87315.927    42.747    -0.49    3.47
  87685.785    41.315    -3.87    3.40
  88055.727    38.625    -7.27    4.30
  88425.754    37.877    -2.02    4.28
  88795.864    37.727    -0.40    4.44
  89166.059    36.810    -2.48    5.23
  89536.339    36.610    -0.54    5.34
  89906.703    36.577    -0.09    4.85
  90277.151    35.627    -2.56    4.27
  90647.684    35.138    -1.32    4.05
  91018.301    34.787    -0.95    3.53
  91389.003    33.957    -2.24    2.87
  91759.790    33.410    -1.48    3.65
  92130.661    32.479    -2.51    4.10
  92501.618    30.935    -4.16    3.94
  92872.659    28.886    -5.52    3.52
  93243.785    28.714    -0.46    4.08
  93614.996    28.995     0.76    4.98
  93986.292    28.197    -2.15    6.22
  94357.674    27.724    -1.27    6.50
  94729.140    26.283    -3.88    6.29
  95100.692    24.843    -3.88    5.44
  95472.329    24.847     0.01    4.79
  95844.051    25.507     1.78    4.35
  96215.859    26.258     2.02    3.95
  96587.752    26.519     0.70    2.85
  96959.731    25.146    -3.69    2.87
  97331.795    24.768    -1.02    2.82
  97703.945    25.134     0.98    3.08
  98076.180    26.470     3.59    3.67
  98448.502    29.048     6.93    4.39
  98820.909    30.353     3.50    3.39
  99193.402    29.818    -1.43    3.82
  99565.981    28.575    -3.34    3.96
  99938.645    27.193    -3.71    2.68
 100311.396    27.622     1.15    3.49
 100684.233    28.697     2.88    3.97
 101057.157    29.639     2.53    3.60
 101430.166    30.331     1.86    2.96
 101803.262    29.646    -1.84    3.47
 102176.444    25.993    -9.79    6.87
 102549.712    20.419   -14.93    7.94
 102923.067    16.182   -11.35    6.30
 103296.508    12.614    -9.55    0.94
 103670.036    12.401    -0.57    0.00
 104043.651    12.401     0.00    0.00
 104417.352    13.549     3.07    3.33
 104791.140    16.041     6.67    6.12
 105165.015    20.766    12.64    8.79
 105538.977    25.410    12.42    8.42
 105913.025    29.991    12.25    6.00
 106287.161    32.699     7.24    3.35
 106661.384    34.148     3.87    3.34
 107035.693    35.042     2.39    3.74
 107410.090    35.537     1.32    3.95
 107784.575    35.782     0.65    3.81
 108159.146    36.350     1.52    3.13
 108533.805    36.802     1.21    2.35
 108908.551    38.562     4.70    4.82
 109283.385    40.665     5.61    6.48
 109658.306    41.983     3.52    6.65
 110033.315    41.910    -0.19    6.56
 110408.411    39.505    -6.41    6.51
 110783.596    36.429    -8.20    3.75
 111158.868    34.457    -5.25    4.17
 111534.227    32.983    -3.93    4.77
 111909.675    31.678    -3.48    4.53
 112285.211    29.676    -5.33    3.17
 112660.835    29.112    -1.50    3.38
 113036.546    25.554    -9.47    7.62
 113412.346    19.724   -15.51    8.49
 113788.234    15.106   -12.29    6.20
 114164.211    14.391    -1.90    4.65
 114540.276    17.469     8.18    6.43
 114916.429    21.973    11.98    6.97
 115292.670    25.122     8.37    4.97
 115669.000    25.705     1.55    3.21
 116045.419    25.067    -1.70    4.95
 116421.926    23.080    -5.28    7.26
 116798.522    20.530    -6.77    7.70
 117175.207    17.186    -8.88    7.64
 117551.980    14.420    -7.34    7.10
 117928.843    14.411    -0.02    7.80
 118305.794    18.570    11.04   10.76
 118682.835    21.005     6.46   10.99
 119059.964    23.506     6.63   11.74
 119437.183    22.760    -1.98   12.99
 119814.490    21.505    -3.33   12.19
 120191.887    20.833    -1.78   11.61
 120569.374    20.160    -1.78    9.94
 120946.950    17.978    -5.78    6.79
 121324.615    19.891     5.07    6.72
 121702.369    22.797     7.69    6.46
 122080.214    24.478     4.45    6.56
 122458.147    23.231    -3.30    6.73
 122836.171    21.916    -3.48    6.14
 123214.284    23.353     3.80    6.07
 123592.487    24.982     4.31    5.39
 123970.780    26.763     4.71    5.54
 124349.163    26.952     0.50    5.97
 124727.636    27.335     1.01    6.26
 125106.199    28.803     3.88    6.59
 125484.853    25.052    -9.91    8.17
 125863.596    20.103   -13.07    8.05
 126242.430    16.143   -10.45    6.51
 126621.354    13.833    -6.10    4.50
 127000.368    13.593    -0.63    5.75
 127379.473    13.929     0.89    7.89
 127758.668    12.564    -3.60    7.80
 128137.954    10.533    -5.36    5.93
 128517.331     8.905    -4.29    2.80
 128896.798     8.105    -2.11    1.44
 129276.356     8.071    -0.09    1.66
 129656.005     7.853    -0.57    1.82
 130035.744     7.666    -0.49    1.75
 130415.575     8.915     3.29    3.12
 130795.497    11.390     6.52    4.89
 131175.510    15.305    10.30    5.89
 131555.614    18.064     7.26    5.06
 131935.809    17.700    -0.96    5.05
 132316.096    15.461    -5.89    4.42
 132696.474    14.456    -2.64    3.88
 133076.943    15.527     2.81    5.16
 133457.504    19.372    10.11    7.79
 133838.156    23.910    11.92    8.53
 134218.900    28.363    11.70    7.50
 134599.736    30.734     6.23    7.58
 134980.663    30.017    -1.88    7.60
 135361.682    31.020     2.63    7.52
 135742.793    33.122     5.52    7.14
 136123.996    34.660     4.04    6.97
 136505.291    37.343     7.04    6.50
 136886.678    37.677     0.88    6.21
 137268.157    38.344     1.75    6.23
 137649.729    38.363     0.05    5.31
 138031.392    38.867     1.32    5.79
 138413.148    39.967     2.88    5.42
 138791.961    41.372     3.71    5.34
 139156.385    42.873     4.12    5.49
 139520.891    42.263    -1.67    4.92
 139885.480    43.344     2.96    5.79
 140250.151    43.089    -0.70    5.86
 140614.905    41.973    -3.06    6.14
 140979.742    38.948    -8.29    4.69
 141344.661    36.839    -5.78    3.36
 141709.663    35.802    -2.84    3.01
 142074.748    35.373    -1.18    2.31
 142439.916    34.686    -1.88    1.81
 142805.167    34.793     0.29    1.33
 143170.501    35.288     1.36    1.62
 143535.918    37.102     4.96    3.44
 143901.418    38.410     3.58    3.86
 144267.001    38.905     1.36    3.80
 144632.667    38.485    -1.15    4.21
 144998.417    37.605    -2.41    4.35
 145364.250    35.646    -5.35    3.16
 145730.166    34.862    -2.14    2.21
 146096.166    34.901     0.11    2.21
 146462.250    35.924     2.80    2.54
 146828.417    37.262     3.65    2.39
 147194.667    38.475     3.31    1.51
 147561.001    39.045     1.55    1.28
 147927.419    39.092     0.13    1.45
 148293.921    39.206     0.31    1.44
 148660.507    39.872     1.82    1.51
 149027.176    40.160     0.78    1.50
 149393.930    39.574    -1.60    2.05
 149760.767    38.467    -3.02    3.20
 150127.689    36.905    -4.26    5.31
 150494.695    35.372    -4.18    6.59
 150861.785    33.636    -4.73    7.25
 151228.959    32.449    -3.24    7.29
 151596.217    33.570     3.05    6.92
 151963.560    35.658     5.68    6.48
 152330.987    38.344     7.31    7.02
 152698.499    39.270     2.52    8.61
 153066.095    40.577     3.56    9.40
 153433.776    39.901    -1.84   12.86
 153801.542    38.812    -2.96   15.61
 154169.392    35.653    -8.59   15.47
 154537.327    30.363   -14.38   13.05
 154905.347    24.478   -15.99    8.72
 155273.452    22.036    -6.63   11.14
 155641.642    22.421     1.04   14.43
 156009.916    26.919    12.22   16.55
 156378.276    30.381     9.40   15.79
 156746.721    36.877    17.63   12.76
 157115.251    42.844    16.19   10.19
 157483.866    47.721    13.23    9.91
 157852.567    49.975     6.11    9.25
 158221.353    52.081     5.71    7.48
 158590.225    47.905   -11.32    9.52
 158959.181    43.212   -12.72    9.21
 159328.224    36.552   -18.05    8.67
 159697.352    32.567   -10.79    8.30
 160066.565    29.321    -8.79    6.42
 160435.865    26.947    -6.43    6.63
 160805.250    26.158    -2.14    7.02
 161174.721    29.027     7.77    7.77
 161544.278    32.608     9.69    5.33
 161913.921    31.943    -1.80    6.67
 162283.649    28.808    -8.48    8.45
 162653.464    23.605   -14.07    8.60
 163023.365    18.549   -13.67    4.51
 163393.353    16.731    -4.91    4.10
 163763.426    14.877    -5.01    6.47
 164133.586    13.816    -2.87    8.09
 164503.832    11.533    -6.17    7.99
 164874.164     8.604    -7.91    5.48
 165244.583     6.411    -5.92    1.02
 165615.089     6.317    -0.25    0.95
 165985.681     6.313    -0.01    0.88
 166356.360     6.278    -0.10    0.63
 166727.126     6.316     0.10    0.37
 167097.978     6.429     0.30    0.26
 167468.917     6.262    -0.45    0.89
 167839.943     6.161    -0.27    1.13
 168211.056     6.151    -0.03    1.15
 168582.256     6.294     0.39    0.96
 168953.544     6.195    -0.27    1.06
 169324.918     5.674    -1.40    1.46
 169696.379     5.448    -0.61    1.52
 170067.928     5.354    -0.25    1.60
 170439.564     5.581     0.61    1.51
 170811.288     5.910     0.89    1.19
 171183.099     6.106     0.53    1.05
 171554.998     6.204     0.26    0.79
 171926.984     6.401     0.53    0.00
 172299.057     6.401     0.00    0.00
 172671.219     6.354    -0.13    0.65
 173043.468     5.896    -1.23    1.48
 173415.805     5.095    -2.15    2.09
 173788.230     4.103    -2.67    2.33
 174160.743     3.158    -2.54    2.10
 174533.344     3.476     0.85    2.22
 174906.032     4.111     1.70    2.38
 175278.810     5.278     3.13    1.96
 175651.675     6.232     2.56    0.72
 176024.628     6.401     0.45    0.00
 176397.670     6.401     0.00    0.00
 176770.800     6.401     0.00    0.00
 177144.019     6.382    -0.05    0.14
 177517.326     6.017    -0.98    1.03
 177890.722     5.728    -0.78    1.37
 178264.206     5.111    -1.65    1.65
 178637.779     4.706    -1.08    1.80
 179011.441     4.495    -0.57    1.80
 179385.191     4.447    -0.13    1.52
 179759.031     4.804     0.96    1.53
 180132.959     5.300     1.32    1.38
 180506.977     5.660     0.96    1.29
 180881.083     5.868     0.56    1.14
 181255.279     6.036     0.45    1.02
 181629.563     5.967    -0.19    1.20
 182003.937     6.073     0.29    1.02
 182378.401     6.239     0.44    0.86
 182752.953     6.538     0.80    1.20
 183127.596     6.799     0.69    1.70
 183502.327     6.446    -0.94    2.11
 183877.149     5.518    -2.48    2.24
 184252.059     4.648    -2.32    1.80
 184627.060     4.092    -1.48    1.47
 185002.150     4.382     0.77    1.35
 185377.331     4.438     0.15    1.35
 185752.601     4.806     0.98    1.73
 186127.961     5.010     0.54    1.79
 186503.411     5.094     0.22    1.78
 186878.951     5.263     0.45    1.90
 187254.581     4.734    -1.41    2.05
 187630.301     5.446     1.90    3.96
 188006.112     6.158     1.89    4.19
 188382.013     5.688    -1.25    4.10
 188758.005     5.012    -1.80    3.42
 189134.087     4.232    -2.07    1.99
 189510.259     4.392     0.42    2.09
 189886.522     4.467     0.20    2.14
 190262.876     4.008    -1.22    2.18
 190639.320     3.679    -0.87    2.11
 191015.856     3.264    -1.10    1.99
 191392.482     2.828    -1.16    1.70
 191769.199     2.782    -0.12    1.61
 192146.007     3.039     0.68    1.74
 192522.906     3.206     0.44    1.64
 192899.896     3.176    -0.08    0.88
 193276.977     3.363     0.50    0.83
 193654.150     3.401     0.10    0.41
 194031.414     3.363    -0.10    0.30
 194408.769     3.355    -0.02    0.42
 194786.216     3.836     1.28    1.69
 195163.754     4.688     2.26    2.75
 195541.384     5.005     0.84    3.18
 195919.105     6.951     5.15    6.47
 196296.918     9.189     5.92    8.20
 196674.823     9.828     1.69    8.37
 197052.820     9.467    -0.96    8.45
 197430.909     6.245    -8.52    6.76
 197809.089     3.614    -6.96    1.49
 198187.362     3.391    -0.59    0.10
 198565.727     3.419     0.07    0.19
 198944.184     3.410    -0.02    0.10
 199322.733     3.632     0.59    0.68
 199701.374     3.857     0.59    0.97
 200080.108     3.758    -0.26    1.06
 200458.934     3.906     0.39    1.18
 200837.853     4.755     2.24    3.59
 201216.864     7.993     8.54    7.82
 201595.968    10.419     6.40    9.01
 201975.165    11.260     2.22    8.97
 202354.455    10.307    -2.51    8.74
 202733.837     6.465   -10.13    5.18
 203113.312     4.547    -5.06    1.63
 203492.880     4.905     0.94    2.27
 203872.541     6.167     3.32    3.23
 204252.296     8.077     5.03    5.11
 204632.143    12.806    12.45    9.37
 205012.084    14.595     4.71    9.29
 205392.118    15.526     2.45   10.13
 205772.245    13.773    -4.61   10.83
 206152.466     8.526   -13.80    7.65
 206532.780     5.318    -8.44    3.51
 206913.188     5.489     0.45    3.01
 207293.690     7.148     4.36    4.76
 207674.285     8.924     4.67    5.87
 208054.974    12.171     8.53    7.48
 208435.757    13.223     2.76    7.32
 208816.634    12.817    -1.07    8.17
 209197.605    11.215    -4.21    8.61
 209578.670     6.997   -11.07    6.89
 209959.829     4.061    -7.70    3.15
 210341.082     3.254    -2.12    1.79
 210722.429     3.182    -0.19    1.41
 211103.871     3.636     1.19    1.34
 211485.407     3.823     0.49    1.38
 211867.038     4.174     0.92    1.46
 212248.763     4.347     0.45    1.43
 212630.583     4.516     0.44    1.67
 213012.497     4.437    -0.21    1.48
 213394.507     4.825     1.02    1.45
 213762.673     4.914     0.24    1.16
 214126.933     4.623    -0.80    1.28
 214491.277     4.530    -0.25    1.49
 214855.705     4.500    -0.08    1.63
 215220.217     4.487    -0.03    1.83
 215584.814     4.905     1.15    1.78
 215949.496     4.938     0.09    1.69
 216314.262     5.252     0.86    1.57
 216679.112     5.456     0.56    1.63
 217044.047     5.593     0.38    1.68
 217409.067     5.401    -0.53    1.84
 217774.172     5.067    -0.91    2.14
 218139.362     4.915    -0.42    2.31
 218504.636     4.419    -1.36    2.43
 218869.996     4.222    -0.54    2.39
 219235.440     4.382     0.44    2.41
 219600.970     4.538     0.43    2.32
 219966.584     4.467    -0.20    2.19
 220332.284     3.743    -1.98    2.18
 220698.069     3.718    -0.07    2.02
 221063.940     3.356    -0.99    1.96
 221429.896     3.502     0.40    2.04
 221795.937     4.104     1.64    2.03
 222162.064     3.995    -0.30    2.03
 222528.276     4.011     0.04    1.96
 222894.574     3.373    -1.74    1.89
 223260.958     3.199    -0.48    1.79
 223627.427     3.049    -0.41    1.75
 223993.982     3.254     0.56    1.82
 224360.623     3.093    -0.44    1.93
 224727.350     2.841    -0.69    1.98
 225094.163     2.070    -2.10    2.32
 225461.062     1.308    -2.08    2.84
 225828.047     0.950    -0.98    3.78
 226195.118     0.527    -1.15    4.32
 226562.276    -0.345    -2.37    4.53
 226929.519    -1.543    -3.26    4.51
 227296.849    -2.356    -2.21    4.13
 227664.266    -3.080    -1.97    3.56
 228031.769    -3.270    -0.52    2.95
 228399.358    -3.496    -0.61    2.87
 228767.034    -3.894    -1.09    2.62
