# NaN NaN NaN ;Mean Elev.(m), Avg Gradient(m/km), RMS Gradient(m/km) - SRTM1     
#  -10.309  -3.002  17.609 ;Mean Elev.(m), Avg Gradient(m/km), RMS Gradient(m/km) - ASTER GDEM
#   14.129  -1.744  17.986 ;Mean Elev.(m), Avg Gradient(m/km), RMS Gradient(m/km) - GMTED2010 
  7 153.697094  67.222633    19.154    18.925  9 52473.04773116 20.296
  8 153.700081  67.225450    20.139    19.629  7 52508.04770142 17.609
 11 153.696675  67.227640    11.718    10.020  9 52613.04770062 29.303
 12 153.702435  67.216049    13.101    13.134  9 52648.04768540 25.707
 13 153.700447  67.220648    13.920    14.061  9 52683.04765937 22.333
 14 153.701906  67.220054    14.081    14.239  9 52718.04771622 21.127
 15 153.692393  67.233099     9.896     9.958  7 52753.04773916 22.111
 16 153.699608  67.204532    18.978    19.170  4 52788.04768985 36.632
 17 153.705984  67.214195    20.640    20.713  9 52823.04775970 13.482
 18 153.705206  67.214034    10.976    10.946  9 52858.04780644 51.321
 19 153.698123  67.221811    12.122    12.151  9 52893.04783704 41.696
 20 153.693700  67.231524    10.033    10.040  7 52928.04778655 33.214
 21 153.699454  67.202215     9.943     9.943  2 52963.04776809 28.636
 22 153.699442  67.223386    12.643    13.623  9 52998.04780376 24.156
 23 153.695152  67.230400    11.907    11.406  8 53033.04775802 22.004
 24 153.702761  67.217455    11.999    10.100  9 53068.04777302 22.110
 25 153.693357  67.232164    14.299    13.116  8 53103.04775991 17.516
 26 153.705674  67.215782    11.425    11.484  8 53138.04777682 27.655
 27 153.702144  67.219823    21.128    20.602  9 53173.04782008 14.983
 28 153.699706  67.223533    14.871    14.902  9 53208.04783502 42.202
 29 153.697051  67.221831    14.854    14.922  9 53243.04780305 44.269
 30 153.700311  67.205476    14.114    14.078  3 53278.04778145 32.063
 31 153.699085  67.218699    14.519    15.041  9 53313.04780996 22.105
 32 153.699119  67.221665    16.950    17.006  9 53348.04777519 18.273
 33 153.703348  67.209096    16.143    16.525  6 53383.04774480 16.755
 34 153.703191  67.217179    15.817    15.408  8 53418.04775510 16.107
 35 153.698477  67.199296    16.990    16.990  2 53453.04776102 13.355
 36 153.697951  67.222678    15.620    14.069  9 53488.04784203 11.585
 37 153.700537  67.218320    20.580    20.506  9 53523.04783199 17.631
 39 153.693097  67.217860    39.782    34.632  5 53593.04779537 10.654
 40 153.706165  67.213566    15.679    15.853  9 53628.04778686 44.409
 41 153.700445  67.219961    10.852    10.856 10 53663.04781077 46.581
 42 153.699124  67.225392    11.558     9.987  9 53698.04777261 29.874
 43 153.695445  67.226658    11.746     9.947  8 53733.04769497 26.207
 44 153.706217  67.215453    10.056     9.957  8 53768.04767538 28.858
 45 153.698532  67.225256    14.478    13.913  9 53803.04767224 21.619
 46 153.705668  67.212238     9.825     9.823  8 53838.04768883 25.648
 47 153.702672  67.218627    11.104    11.123  9 53873.04773800 32.476
 48 153.705885  67.225234    17.437    16.243  6 53908.04777871 18.880
 49 153.697518  67.227387    13.550    12.484  8 53943.04780384 23.230
 50 153.703546  67.236105    19.984    18.918  3 53978.04775405 26.948
 51 153.699827  67.202367    11.741    11.741  2 54013.04776906 40.147
 52 153.704682  67.216333    10.849    10.856  9 54048.04777564 29.058
 54 153.694253  67.232001    14.412    13.607  7 54118.04769617 16.107
 55 153.699716  67.220820    14.947    15.437  9 54153.04772127 15.495
 57 153.703387  67.219046    18.244    18.146  9 54223.04773133  4.147
 58 153.701445  67.221682    26.697    26.478  9 54258.04775269 37.213
 59 153.702119  67.220489    18.801    19.037  9 54293.04775568 17.934
 60 153.697355  67.220677    13.741    13.731  9 54328.04775118 52.245
 62 153.703277  67.218798    11.290    11.271  9 54398.04769116 31.279
 63 153.696180  67.225960    12.406    12.770  8 54433.04764834 22.925
 64 153.704792  67.214900    15.887    15.722  8 54468.04767407 13.423
 65 153.698323  67.225977    13.940    11.459  9 54503.04766421 15.067
 66 153.701707  67.221449    11.613    10.792  9 54538.04768859 16.424
 67 153.697214  67.227995    14.127    12.481  8 54573.04766490 14.195
 68 153.707633  67.226196    20.759    20.803  6 54608.04768064 44.977
 69 153.699739  67.222983    15.976    15.552  9 54643.04769006 33.371
 70 153.699889  67.221474    12.031    11.390  9 54678.04769203 29.590
 71 153.694486  67.226996    11.431    10.886  8 54713.04764439 33.462
 72 153.703519  67.220008    15.389    15.322  9 54748.04766134 24.099
 73 153.699908  67.224234    11.413    10.760  9 54783.04763178 34.572
 74 153.703673  67.218595    14.689    14.862  9 54818.04765414 22.777
 75 153.698575  67.224172    14.609    14.416  9 54853.04762893 20.643
 76 153.700985  67.221941    14.277    14.519  9 54888.04765832 19.444
 77 153.693023  67.231171    13.602    13.698  8 54923.04762802 18.382
 78 153.702936  67.218432    11.280    11.300  9 54958.04765540 14.053
 79 153.700569  67.223283    17.072    17.043  9 54993.04767732 35.931
 80 153.700335  67.223826    12.404    11.755  9 55028.04766763 49.114
 82 153.693354  67.231654    11.682    11.695  8 55098.04760544 40.577
 83 153.700919  67.217889    10.309    10.322  9 55133.04760475 41.573
 84 153.697190  67.223418    11.057    10.139  9 55168.04756917 24.363
 85 153.701472  67.218486     9.768     9.776  9 55203.04759700 24.105
 86 153.697139  67.227923    13.540    13.620  8 55238.04757613 19.406
 87 153.700265  67.222859    13.129    13.681  9 55273.04759005 20.197
 88 153.696188  67.229312    11.427    10.377  8 55308.04755825 19.548
 89 153.702122  67.221064    21.337    20.977  9 55343.04755956 16.241
 91 153.703209  67.217703    11.777    11.388  8 55413.04757857 24.988
 92 153.687478  67.212883    29.535    29.535  2 55448.04756954 13.295
 93 153.693052  67.230699    11.189    11.174  8 55483.04749506 45.410
