-134957.429    24.600     0.00    7.16
-134588.363    22.218    -6.45    7.10
-134219.383    21.514    -1.91    6.76
-133850.487    23.542     5.50    7.58
-133481.677    26.664     8.47    7.68
-133112.951    30.089     9.29    6.72
-132744.310    31.595     4.09    5.57
-132375.754    28.595    -8.14    7.79
-132007.283    24.468   -11.20    8.36
-131638.896    20.471   -10.85    6.73
-131270.594    18.438    -5.52    4.72
-130902.376    16.929    -4.10    0.00
-130534.243    16.929     0.00    0.00
-130166.194    16.929     0.00    0.00
-129798.229    16.929     0.00    0.00
-129430.349    17.268     0.92    1.90
-129062.553    21.833    12.41    7.65
-128694.841    26.367    12.33    8.45
-128327.214    31.472    13.89    6.44
-127959.670    34.190     7.40    2.83
-127592.210    33.949    -0.66    2.62
-127224.835    32.734    -3.31    4.24
-126857.543    30.621    -5.75    5.77
-126490.335    29.424    -3.26    6.49
-126123.210    30.003     1.58    6.54
-125756.170    30.776     2.10    6.89
-125389.213    30.740    -0.10    7.04
-125022.340    28.978    -4.80    7.58
-124655.550    25.786    -8.70    7.55
-124288.844    23.519    -6.18    7.17
-123922.221    21.191    -6.35    6.30
-123555.681    23.466     6.21    7.12
-123189.225    26.216     7.50    7.23
-122822.852    28.438     6.07    6.29
-122456.562    29.823     3.78    4.83
-122090.356    27.457    -6.46    6.28
-121724.232    24.551    -7.94    6.67
-121358.192    20.929    -9.90    5.12
-120992.234    18.338    -7.08    1.64
-120626.360    17.929    -1.12    0.00
-120260.568    17.957     0.08    0.22
-119894.859    19.400     3.95    3.02
-119529.233    21.639     6.12    4.34
-119163.690    22.452     2.23    5.24
-118798.229    21.691    -2.08    6.06
-118432.851    18.966    -7.46    5.93
-118067.555    16.070    -7.93    3.65
-117702.342    15.133    -2.57    0.95
-117337.211    17.900     7.58    5.29
-116972.163    22.265    11.96    7.06
-116607.197    26.291    11.03    5.95
-116242.313    29.169     7.89    2.24
-115877.511    29.399     0.63    1.32
-115512.792    28.098    -3.57    2.08
-115148.154    26.533    -4.29    2.63
-114783.296    25.102    -3.92    2.63
-114401.421    24.569    -1.39    2.40
-114019.638    24.098    -1.23    2.33
-113637.946    24.429     0.87    2.03
-113256.347    24.683     0.67    1.72
-112874.839    25.054     0.97    1.86
-112493.422    25.853     2.10    1.44
-112112.097    25.715    -0.36    2.14
-111730.864    25.108    -1.59    2.43
-111349.722    24.032    -2.82    2.88
-110968.671    23.592    -1.16    2.83
-110587.712    23.015    -1.51    2.39
-110206.843    22.715    -0.79    1.59
-109826.066    22.495    -0.58    1.36
-109445.380    22.193    -0.79    1.16
-109064.785    21.557    -1.67    1.85
-108684.281    20.433    -2.95    2.44
-108303.868    18.844    -4.18    2.83
-107923.545    17.468    -3.62    2.17
-107543.314    16.561    -2.39    2.36
-107163.173    13.878    -7.06    4.84
-106783.122    10.595    -8.64    5.68
-106403.163     7.684    -7.66    4.88
-106023.293     6.443    -3.27    3.77
-105643.514     7.357     2.41    3.63
-105263.826     7.740     1.01    3.63
-104884.228     7.919     0.47    3.91
-104504.720     8.051     0.35    3.44
-104125.302     7.693    -0.94    3.36
-103745.974     6.890    -2.12    3.43
-103366.737     6.977     0.23    3.70
-102987.589     7.814     2.21    4.13
-102608.531     7.361    -1.20    4.65
-102229.564     8.278     2.42    4.41
-101850.686     8.291     0.03    4.32
-101471.897     8.477     0.49    3.64
-101093.199     9.043     1.50    2.79
-100714.590     8.611    -1.14    2.51
-100336.070     8.357    -0.67    2.12
 -99957.640     7.812    -1.44    2.67
 -99579.300     5.749    -5.45    4.30
 -99201.049     3.829    -5.08    5.26
 -98822.887     3.759    -0.18    5.87
 -98444.814     3.959     0.53    6.10
 -98066.831     6.688     7.22    5.17
 -97688.936     6.459    -0.61    5.69
 -97311.131     4.014    -6.47    6.10
 -96933.415     4.245     0.61    6.24
 -96555.787     5.523     3.38    6.19
 -96178.249     8.679     8.36    4.77
 -95800.799    10.756     5.50    1.27
 -95423.438    10.385    -0.98    1.22
 -95046.166     9.608    -2.06    2.30
 -94668.982     8.698    -2.41    3.78
 -94291.887     7.605    -2.90    4.91
 -93914.880     6.738    -2.30    5.80
 -93537.962     6.654    -0.22    6.03
 -93161.132     6.948     0.78    5.54
 -92784.390     7.357     1.09    4.92
 -92407.737     7.386     0.08    4.62
 -92031.172     6.745    -1.70    5.14
 -91654.695     6.938     0.51    5.37
 -91278.306     7.429     1.30    4.93
 -90902.005     9.265     4.88    3.55
 -90525.792    10.374     2.95    1.89
 -90149.667    10.531     0.42    1.43
 -89773.630    10.919     1.03    1.39
 -89397.681     9.823    -2.92    4.01
 -89021.819     7.014    -7.47    6.52
 -88646.045     3.647    -8.96    7.31
 -88270.358     0.089    -9.47    6.13
 -87894.759    -2.758    -7.58    2.88
 -87519.247    -3.643    -2.36    1.63
 -87143.823    -3.990    -0.92    0.71
 -86768.486    -3.930     0.16    1.03
 -86393.237    -3.671     0.69    1.75
 -86018.075    -3.158     1.37    2.91
 -85642.999    -2.567     1.58    3.81
 -85268.011    -1.656     2.43    4.59
 -84893.110    -1.338     0.85    4.78
 -84518.296    -1.169     0.45    4.90
 -84143.569    -1.071     0.26    4.90
 -83768.929    -1.816    -1.99    4.42
 -83394.375    -2.196    -1.01    4.08
 -83019.909    -2.443    -0.66    3.85
 -82645.528    -2.779    -0.90    3.59
 -82271.235    -2.980    -0.54    3.36
 -81897.028    -3.841    -2.30    1.33
 -81522.908    -3.867    -0.07    1.02
 -81148.874    -3.424     1.19    2.51
 -80774.926    -2.831     1.59    3.56
 -80401.065    -2.071     2.03    4.73
 -80027.290    -1.367     1.89    5.48
 -79653.601    -0.291     2.88    6.53
 -79279.999     0.938     3.29    7.32
 -78906.482     2.306     3.66    8.00
 -78533.052     3.462     3.10    8.34
 -78159.707     3.898     1.17    8.14
 -77786.449     3.823    -0.20    8.22
 -77413.276     4.200     1.01    8.27
 -77040.189     3.900    -0.81    8.29
 -76667.188     3.585    -0.84    8.13
 -76294.272     2.860    -1.95    7.90
 -75921.443     2.399    -1.24    7.69
 -75548.698     0.919    -3.97    7.16
 -75176.039     0.567    -0.94    6.79
 -74803.466     0.123    -1.19    6.33
 -74430.978    -0.367    -1.31    6.16
 -74058.575    -1.591    -3.29    5.26
 -73686.258    -3.244    -4.44    3.17
 -73314.026    -4.033    -2.12    0.39
 -72941.879    -4.071    -0.10    0.00
 -72569.817    -4.071     0.00    0.00
 -72197.840    -3.161     2.45    3.52
 -71825.948    -1.452     4.60    6.27
 -71454.141     0.867     6.24    7.98
 -71082.419     4.259     9.12    9.44
 -70710.782     6.569     6.22    9.49
 -70339.229     9.573     8.09    8.95
 -69967.762    12.230     7.15    8.21
 -69596.378    15.282     8.22    5.95
 -69225.080    17.239     5.27    3.60
 -68853.866    19.038     4.84    3.52
 -68482.736    20.152     3.00    3.60
 -68111.691    21.337     3.19    4.62
 -67740.730    21.500     0.44    4.57
 -67369.854    20.772    -1.96    4.72
 -66999.061    19.647    -3.03    4.83
 -66628.353    19.546    -0.27    4.91
 -66257.729    20.681     3.06    5.53
 -65887.189    21.602     2.48    4.87
 -65516.734    21.010    -1.60    4.86
 -65146.362    21.026     0.04    5.63
 -64776.074    22.787     4.76    6.32
 -64405.869    27.198    11.91    8.49
 -64035.749    32.801    15.14    9.83
 -63665.712    38.742    16.06   11.21
 -63295.759    45.487    18.23   11.71
 -62925.890    52.255    18.30   11.62
 -62556.104    57.246    13.50   11.79
 -62186.402    62.653    14.63   10.40
 -61816.783    63.506     2.31   12.02
 -61447.248    67.017     9.50   13.78
 -61077.796    66.705    -0.84   15.31
 -60708.427    67.664     2.60   16.49
 -60339.141    68.069     1.10   15.53
 -59969.939    68.900     2.25   16.46
 -59600.820    71.694     7.57   16.26
 -59231.783    70.249    -3.92   17.23
 -58862.830    67.226    -8.19   18.18
 -58493.960    64.563    -7.22   15.40
 -58125.172    65.958     3.78   14.84
 -57756.468    68.517     6.94   14.17
 -57387.846    71.390     7.80   11.35
 -57019.307    73.174     4.84   10.56
 -56650.851    71.696    -4.01   10.64
 -56282.477    70.959    -2.00   10.68
 -55914.186    69.707    -3.40   11.01
 -55545.977    68.055    -4.49   11.27
 -55177.851    67.027    -2.79   11.94
 -54809.807    66.621    -1.10   12.59
 -54441.846    66.636     0.04   13.03
 -54073.967    64.230    -6.54   13.89
 -53706.170    61.968    -6.15   13.47
 -53338.455    60.207    -4.79   12.64
 -52970.822    59.084    -3.06   12.74
 -52603.272    57.301    -4.85   14.58
 -52235.803    51.350   -16.20   17.00
 -51868.417    44.418   -18.87   15.72
 -51501.112    39.560   -13.23   11.68
 -51133.889    37.216    -6.38    9.65
 -50766.748    39.938     7.42   10.29
 -50399.689    43.350     9.30   11.17
 -50032.712    50.439    19.32   11.14
 -49665.816    56.094    15.41   10.37
 -49299.001    60.133    11.01    9.34
 -48932.269    62.822     7.33   12.47
 -48565.617    58.719   -11.19   21.39
 -48199.047    51.076   -20.85   26.30
 -47832.559    41.657   -25.70   29.53
 -47466.152    33.529   -22.18   30.27
 -47099.826    24.909   -23.53   28.97
 -46733.581    19.296   -15.33   27.76
 -46367.417     8.919   -28.34   22.14
 -46001.335     3.654   -14.38   16.81
 -45635.334    -1.289   -13.51    8.85
 -45269.413    -3.032    -4.76    5.05
 -44903.574    -3.020     0.03    4.81
 -44537.815    -3.003     0.04    4.93
 -44172.137    -2.871     0.36    4.89
 -43806.540    -3.392    -1.42    2.62
 -43441.024    -2.497     2.45    4.23
 -43075.588     0.097     7.10    7.93
 -42710.233     4.065    10.86   12.80
 -42344.959     8.668    12.60   16.56
 -41979.765    12.534    10.59   17.78
 -41614.652    16.399    10.59   19.13
 -41249.619    19.592     8.75   18.61
 -40884.666    20.332     2.03   17.29
 -40519.794    22.259     5.28   15.33
 -40155.002    23.419     3.18   16.05
 -39778.299    25.449     5.39   16.98
 -39396.685    21.230   -11.06   17.07
 -39015.161    16.929   -11.27   15.26
 -38633.727    14.006    -7.66   11.60
 -38252.381    14.308     0.79   12.32
 -37871.125    17.997     9.68   14.06
 -37489.959    20.741     7.20   14.16
 -37108.881    22.861     5.56   13.49
 -36727.892    23.840     2.57   12.50
 -36346.993    21.889    -5.12   10.54
 -35966.182    18.327    -9.36    8.83
 -35585.461    13.938   -11.53    6.67
 -35204.828    10.838    -8.15    3.11
 -34824.284     9.784    -2.77    1.39
 -34443.829     9.701    -0.22    1.09
 -34063.462    10.272     1.50    1.92
 -33683.184    12.335     5.42    5.79
 -33302.994    17.236    12.89    8.89
 -32922.893    21.562    11.38    8.98
 -32542.881    26.821    13.84    6.30
 -32162.956    30.552     9.82    5.86
 -31783.120    33.717     8.33    6.12
 -31403.373    36.988     8.61    6.06
 -31023.713    39.772     7.33    5.14
 -30644.142    41.354     4.17    5.14
 -30264.658    43.018     4.38    5.99
 -29885.263    42.511    -1.34    7.62
 -29505.955    43.047     1.41    8.68
 -29126.736    44.162     2.94    7.97
 -28747.604    46.080     5.06    6.18
 -28368.560    48.193     5.58    4.76
 -27989.603    49.252     2.79    4.24
 -27610.735    51.184     5.10    3.76
 -27231.954    53.226     5.39    4.05
 -26853.260    55.113     4.98    4.14
 -26474.654    55.542     1.13    5.65
 -26096.135    51.842    -9.77    8.68
 -25717.703    47.847   -10.56    8.25
 -25339.359    43.443   -11.64    7.29
 -24961.102    39.500   -10.43    8.17
 -24582.932    37.036    -6.51    8.05
 -24204.850    35.220    -4.80    8.31
 -23826.854    36.521     3.44    9.96
 -23448.945    37.489     2.56   10.06
 -23071.123    34.674    -7.45   11.52
 -22693.388    28.929   -15.21   11.98
 -22315.740    26.295    -6.97   10.50
 -21938.179    26.448     0.41    9.58
 -21560.704    29.282     7.51   10.05
 -21183.316    30.592     3.47    9.29
 -20806.014    32.503     5.06    7.74
 -20428.799    33.849     3.57    7.84
 -20051.671    38.008    11.03    8.13
 -19674.628    40.880     7.62    6.42
 -19297.672    42.252     3.64    5.61
 -18920.803    41.203    -2.78    5.16
 -18544.019    40.184    -2.71    5.46
 -18167.322    39.152    -2.74    5.30
 -17790.711    39.122    -0.08    6.31
 -17414.186    37.133    -5.28    8.56
 -17037.747    32.123   -13.31   12.43
 -16661.394    25.585   -17.37   14.95
 -16285.126    17.012   -22.79   14.21
 -15908.945    10.085   -18.41   11.46
 -15532.849     5.979   -10.92    8.51
 -15156.839     3.723    -6.00    6.73
 -14780.914     2.146    -4.19    5.28
 -14405.075     1.067    -2.87    3.14
 -14029.322     0.681    -1.03    2.36
 -13653.654     0.760     0.21    2.33
 -13278.071     0.987     0.60    3.09
 -12902.574     2.770     4.75    6.41
 -12527.162     5.615     7.58   11.27
 -12151.836     7.752     5.69   13.33
 -11776.594     8.703     2.54   13.94
 -11401.438     8.720     0.05   13.63
 -11026.366     8.166    -1.48   13.10
 -10651.380     7.527    -1.71   12.72
 -10276.479     5.443    -5.56   10.14
  -9901.662     3.041    -6.41    6.48
  -9526.931     1.559    -3.96    4.05
  -9152.284     2.181     1.66    3.88
  -8777.721     3.507     3.54    4.36
  -8403.244     5.129     4.33    4.44
  -8028.851     7.056     5.15    3.70
  -7654.543     8.414     3.63    2.13
  -7280.319     8.656     0.65    1.17
  -6906.179     8.612    -0.12    1.26
  -6532.124     8.461    -0.40    1.28
  -6158.154     8.511     0.14    1.24
  -5784.267     8.344    -0.45    1.22
  -5410.465     8.164    -0.48    1.19
  -5036.747     8.239     0.20    1.17
  -4663.113     8.503     0.71    1.19
  -4289.563     8.879     1.01    1.11
  -3916.097     9.239     0.96    1.18
  -3542.715     9.556     0.85    1.31
  -3169.416     9.605     0.13    1.56
  -2796.202     9.839     0.62    1.95
  -2423.071     9.102    -1.97    3.70
  -2050.025     7.752    -3.62    4.81
  -1677.061     5.671    -5.58    5.29
  -1304.182     3.503    -5.81    4.75
   -931.385     1.444    -5.52    3.31
   -558.673     0.233    -3.25    1.38
   -186.044    -0.071    -0.82    0.00
    186.502    -0.071     0.00    0.00
    558.965     0.047     0.32    0.78
    931.344     1.279     3.31    4.33
   1303.640     2.889     4.33    6.62
   1675.853     7.969    13.65   13.15
   2047.983    15.849    21.18   19.78
   2420.030    26.314    28.13   22.04
   2791.993    35.458    24.58   20.12
   3163.874    44.122    23.30   11.91
   3535.672    45.028     2.44    7.57
   3907.387    46.780     4.71    7.16
   4279.020    52.315    14.89   11.40
   4650.569    58.489    16.62   11.40
   5022.036    64.749    16.85    9.03
   5393.421    67.414     7.18    6.73
   5764.723    66.349    -2.87    6.87
   6135.942    63.213    -8.45    7.03
   6507.079    59.831    -9.11    8.49
   6878.133    54.448   -14.51   13.02
   7249.105    45.373   -24.46   16.09
   7619.995    37.674   -20.76   15.11
   7990.803    35.121    -6.89   15.29
   8361.529    38.125     8.10   18.70
   8732.172    40.404     6.15   18.51
   9102.733    40.123    -0.76   17.99
   9473.213    35.791   -11.69   17.13
   9843.610    30.179   -15.15   15.39
  10213.925    23.909   -16.93   11.12
  10584.159    19.179   -12.78    6.85
  10954.311    16.414    -7.47    3.63
  11324.381    15.706    -1.91    2.06
  11694.369    16.760     2.85    4.17
  12064.276    18.503     4.71    5.31
  12434.101    20.112     4.35    5.21
  12803.845    20.582     1.27    5.14
  13173.507    20.466    -0.31    4.74
  13543.088    21.206     2.00    4.47
  13912.587    23.918     7.34    6.42
  14282.005    30.275    17.21   10.81
  14651.342    36.898    17.93   11.18
  15020.598    43.384    17.56    9.19
  15389.772    45.939     6.92    7.89
  15758.866    45.367    -1.55    6.94
  16127.878    43.800    -4.25    4.97
  16496.809    44.342     1.47    3.81
  16865.660    47.453     8.44    6.34
  17234.429    52.413    13.45    7.91
  17603.118    57.206    13.00    6.49
  17971.726    59.779     6.98    4.81
  18340.253    60.139     0.98    6.31
  18708.699    58.339    -4.89    7.15
  19077.065    55.827    -6.82    7.52
  19445.350    53.379    -6.65    7.19
  19813.555    51.111    -6.16    5.23
  20181.679    52.154     2.83    5.29
  20549.723    54.439     6.21    6.57
  20917.687    59.489    13.72    9.22
  21285.570    64.659    14.05   11.25
  21653.373    72.684    21.82   14.07
  22021.095    82.719    27.29   17.07
  22388.738    96.174    36.60   18.76
  22756.300   110.849    39.93   21.41
  23123.783   124.235    36.42   17.90
  23491.185   134.721    28.54   11.11
  23858.508   138.979    11.59    8.61
  24225.750   138.418    -1.53   11.33
  24592.913   135.654    -7.53   14.63
  24959.996   133.592    -5.62   15.47
  25326.999   129.968    -9.87   16.99
  25693.922   128.527    -3.93   17.04
  26060.766   130.539     5.48   15.27
  26427.530   136.659    16.69   16.56
  26794.215   149.551    35.16   20.17
  27160.820   164.159    39.84   20.71
  27527.346   181.025    46.02   19.81
  27893.792   200.979    54.45   27.52
  28260.159   222.207    57.94   31.73
  28626.447   249.176    73.63   36.17
  28992.655   270.409    57.98   32.83
  29358.785   287.919    47.82   24.99
  29724.835   294.119    16.94   21.68
  30090.806   291.460    -7.26   22.50
  30456.698   274.149   -47.31   29.18
  30822.511   252.762   -58.46   32.70
  31188.245   225.519   -74.49   31.42
  31553.901   202.010   -64.29   26.62
  31919.477   181.531   -56.02   20.47
  32284.975   165.929   -42.69   19.56
  32650.394   150.189   -43.07   17.90
  33015.734   141.424   -23.99   15.85
  33380.996   136.197   -14.31   16.56
  33746.179   133.060    -8.59   18.53
  34111.284   130.838    -6.09   18.96
  34476.310   129.135    -4.67   15.62
  34847.946   129.399     0.71   12.11
  35229.390   133.752    11.41   11.12
  35610.746   141.820    21.16   13.00
  35992.015   154.289    32.71   15.79
  36373.197   167.479    34.60   17.12
  36754.292   179.043    30.34   12.47
  37135.300   182.820     9.91    9.97
  37516.221   179.021    -9.97   11.78
  37897.055   169.908   -23.93   14.59
  38277.803   158.423   -30.16   15.38
  38658.464   148.948   -24.89   13.72
  39039.038   143.599   -14.06   12.32
  39419.526   142.312    -3.38   13.02
  39799.928   141.613    -1.84   13.52
  40180.242   138.305    -8.70   15.44
  40560.471   128.043   -26.99   21.58
  40940.613   115.649   -32.60   23.61
  41320.669   107.471   -21.52   18.78
  41700.638   110.196     7.17   16.27
  42080.521   117.950    20.41   14.68
  42460.319   125.949    21.06   11.83
  42840.030   131.157    13.72   11.37
  43219.655   135.929    12.57   11.60
  43599.194   141.429    14.49    8.17
  43978.648   143.959     6.67    5.73
  44358.015   144.342     1.01    6.62
  44737.297   139.036   -13.99   10.38
  45116.493   128.845   -26.87   16.11
  45495.604   116.409   -32.80   21.14
  45874.629    99.407   -44.86   24.99
  46253.568    84.787   -38.58   23.32
  46632.422    79.147   -14.89   17.74
  47011.190    80.232     2.86   17.23
  47389.873    89.205    23.70   19.18
  47768.471    97.049    20.72   14.29
  48146.983   101.595    12.01    8.79
  48525.411   104.807     8.49    8.06
  48903.753   107.061     5.96    8.92
  49282.010   112.069    13.24    9.32
  49660.182   115.684     9.56    8.05
  50038.269   119.292     9.54    6.55
  50416.271   123.623    11.46    6.69
  50794.188   128.706    13.45    7.73
  51172.021   133.824    13.55    6.79
  51549.768   139.919    16.13    5.55
  51927.431   144.839    13.03    6.61
  52305.010   149.846    13.26    6.25
  52682.504   152.571     7.22    4.17
  53059.913   152.329    -0.64    4.12
  53437.238   149.969    -6.25    4.71
  53814.478   148.522    -3.83    4.28
  54191.634   149.235     1.89    5.33
  54568.706   151.245     5.33    6.47
  54945.694   154.050     7.44    7.35
  55322.597   157.412     8.92    9.49
  55699.416   158.649     3.28   11.45
  56076.151   156.535    -5.61   12.72
  56452.802   150.343   -16.44   13.86
  56829.370   142.413   -21.06   12.90
  57205.853   132.858   -25.38   10.06
  57582.252   124.516   -22.16   10.26
  57958.568   118.029   -17.24    9.14
  58334.800   113.705   -11.49    6.21
  58710.948   112.503    -3.20    4.80
  59087.012   114.297     4.77    6.17
  59462.993   117.161     7.62    6.63
  59838.891   120.061     7.72    6.49
  60214.705   121.919     4.94    6.47
  60590.435   123.051     3.01    6.64
  60966.082   120.979    -5.52    7.68
  61341.646   118.839    -5.70    6.84
  61717.127   117.289    -4.13    5.52
  62092.524   116.561    -1.94    4.54
  62467.839   116.449    -0.30    3.31
  62843.070   116.759     0.83    2.37
  63218.218   117.592     2.22    2.72
  63593.283   119.633     5.44    3.63
  63968.265   123.308     9.80    4.69
  64343.165   129.239    15.82    7.42
  64717.981   135.737    17.34    8.84
  65092.715   144.459    23.27   10.87
  65467.366   154.581    27.02   10.80
  65841.935   167.449    34.35   16.57
  66216.421   183.146    41.91   19.32
  66590.824   202.777    52.43   23.84
  66965.145   223.347    54.95   25.43
  67339.383   251.204    74.43   31.59
  67713.539   273.168    58.70   29.87
  68087.613   288.646    41.37   22.01
  68461.604   287.429    -3.25   22.03
  68835.514   271.345   -43.01   25.54
  69209.341   250.623   -55.43   25.51
  69583.086   228.092   -60.28   22.42
  69956.748   211.403   -44.66   17.88
  70330.329   196.802   -39.08   12.17
  70703.828   186.139   -28.55   11.16
  71077.245   181.081   -13.54    9.81
  71450.580   180.779    -0.81   12.37
  71823.833   183.886     8.32   16.89
  72197.005   189.549    15.17   18.52
  72570.095   193.449    10.45   18.19
  72943.103   191.765    -4.51   16.66
  73316.030   186.337   -14.56   16.47
  73688.875   176.419   -26.60   14.81
  74061.639   171.856   -12.24   12.62
  74434.321   169.684    -5.83   12.11
  74806.922   174.236    12.22   15.05
  75179.441   179.539    14.24   16.00
  75551.880   182.777     8.69   15.75
  75924.237   185.548     7.44   14.00
  76296.513   191.149    15.04   14.96
  76668.707   201.056    26.62   17.21
  77040.821   214.818    36.98   20.41
  77412.854   232.377    47.20   21.37
  77784.806   254.163    58.57   25.61
  78156.676   275.033    56.12   27.72
  78528.466   294.745    53.02   21.79
  78900.176   300.061    14.30   17.38
  79271.804   288.518   -31.06   27.23
  79643.352   266.389   -59.56   32.13
  80014.819   238.595   -74.82   28.59
  80386.206   218.919   -52.98   22.93
  80757.512   203.907   -40.43   16.28
  81128.737   196.272   -20.57   14.67
  81499.882   192.961    -8.92   17.01
  81870.947   193.490     1.43   19.89
  82241.931   193.020    -1.27   23.33
  82612.836   189.398    -9.77   26.01
  82983.659   179.771   -25.96   27.73
  83354.403   166.694   -35.27   28.77
  83725.067   153.706   -35.04   21.49
  84095.650   144.434   -25.02   13.54
  84466.154   144.123    -0.84   11.05
  84836.577   153.603    25.59   16.51
  85206.921   171.249    47.65   24.10
  85577.185   192.230    56.66   28.03
  85947.368   221.489    79.03   34.15
  86317.473   251.085    79.96   34.70
  86687.497   283.949    88.81   35.84
  87057.442   311.459    74.36   34.79
  87427.307   338.279    72.51   34.16
  87797.092   359.815    58.24   36.12
  88166.799   372.823    35.18   35.03
  88536.425   372.071    -2.03   35.40
  88905.972   356.159   -43.06   38.00
  89275.440   326.429   -80.46   41.84
  89644.829   298.512   -75.57   35.73
  90014.138   274.031   -66.29   30.55
  90383.368   257.137   -45.75   28.22
  90752.519   243.070   -38.10   25.42
  91121.591   237.847   -14.15   21.74
  91490.584   242.230    11.88   23.27
  91859.497   267.060    67.30   42.25
  92228.332   302.787    96.86   55.65
  92597.088   337.717    94.72   49.57
  92965.765   357.276    53.05   34.31
  93334.363   336.989   -55.04   52.13
  93702.883   300.181   -99.87   52.95
  94071.323   266.403   -91.67   33.59
  94439.685   254.102   -33.39   29.04
  94807.969   250.356   -10.17   34.17
  95176.174   249.623    -1.99   33.65
  95544.300   245.124   -12.22   30.60
  95912.348   236.408   -23.68   26.52
  96280.318   222.767   -37.07   28.95
  96648.209   196.119   -72.43   36.49
  97016.022   172.805   -63.38   30.69
  97383.757   155.002   -48.41   21.74
  97751.413   148.510   -17.66   24.26
  98118.991   143.712   -13.05   26.45
  98486.491   138.424   -14.39   23.79
  98853.914   131.287   -19.42   20.79
  99221.258   126.225   -13.78   21.19
  99588.524   119.423   -18.52   19.34
  99955.712   109.816   -26.16   16.12
 100322.822   101.214   -23.43   12.71
 100689.855    91.560   -26.30    8.39
 101056.810    85.959   -15.26    6.56
 101423.687    82.961    -8.17    4.44
 101790.486    84.549     4.33    7.51
 102157.208    89.973    14.79   10.93
 102523.852   100.684    29.21   16.17
 102890.419   111.213    28.72   19.95
 103256.908   126.741    42.37   27.43
 103623.320   142.980    44.31   32.93
 103989.654   163.160    55.08   38.33
 104355.911   179.418    44.39   40.72
 104722.091   196.472    46.57   38.11
 105088.193   208.898    33.94   35.21
 105454.219   219.574    29.16   30.41
 105820.167   231.423    32.38   24.12
 106186.038   236.887    14.93   19.77
 106551.832   241.055    11.39   22.60
 106917.549   242.878     4.98   30.27
 107283.189   246.222     9.14   38.05
 107648.753   254.413    22.41   39.23
 108014.239   264.834    28.51   36.19
 108379.649   270.102    14.42   27.88
 108744.982   263.244   -18.77   29.71
 109110.238   241.127   -60.55   34.89
 109477.192   212.867   -77.01   34.03
 109858.464   182.308   -80.14   28.25
 110239.651   162.286   -52.52   22.80
 110620.754   147.516   -38.75   14.85
 111001.771   143.314   -11.03   10.80
 111382.704   151.220    20.75   19.29
 111763.553   168.681    45.84   26.65
 112144.316   192.497    62.54   28.89
 112524.995   208.776    42.76   27.76
 112905.590   222.722    36.64   31.95
 113286.100   230.743    21.08   37.13
 113666.525   238.308    19.88   40.98
 114046.867   242.681    11.50   38.57
 114427.124   236.950   -15.07   37.81
 114807.297   213.228   -62.39   49.14
 115187.385   167.316  -120.78   64.55
 115567.390   121.238  -121.25   58.93
 115947.310    81.076  -105.70   37.36
 116327.147    61.063   -52.69   15.64
 116706.899    53.887   -18.90    4.27
 117086.568    55.671     4.70    5.47
 117466.152    59.347     9.68    6.28
 117845.653    63.083     9.84    5.96
 118225.070    67.371    11.30    5.61
 118604.404    70.033     7.02    6.53
 118983.654    73.381     8.83    6.61
 119362.820    76.073     7.10    6.27
 119741.903    78.413     6.17    5.23
 120120.902    80.310     5.00    4.72
 120499.818    81.845     4.05    5.47
 120878.651    82.460     1.62    7.98
 121257.400    82.571     0.29    9.21
 121636.066    82.547    -0.06    9.15
 122014.649    83.179     1.67    8.90
 122393.148    84.547     3.62    8.72
 122771.565    85.689     3.02    9.45
 123149.898    85.602    -0.23    9.75
 123528.149    85.641     0.10    9.07
 123906.316    86.826     3.13    7.87
 124284.401    88.592     4.67    6.85
 124662.403    90.581     5.26    6.75
 125040.322    91.220     1.69    8.00
 125418.159    91.090    -0.34    8.57
 125795.912    89.255    -4.86    8.31
 126173.584    88.145    -2.94    6.93
 126551.172    87.445    -1.85    5.17
 126928.678    90.692     8.60    8.24
 127306.102    96.035    14.16   10.96
 127683.443   102.434    16.96   12.53
 128060.702   109.028    17.48   13.60
 128437.879   113.535    11.95   12.85
 128814.973   118.195    12.36   13.96
 129191.986   122.643    11.80   15.26
 129568.916   129.211    17.42   18.94
 129945.764   135.121    15.68   20.41
 130322.530   139.462    11.52   21.52
 130699.214   139.475     0.03   22.41
 131075.816   138.693    -2.08   22.35
 131452.336   139.155     1.23   21.69
 131828.775   144.599    14.46   22.44
 132205.132   153.710    24.21   21.80
 132581.407   166.602    34.26   25.16
 132957.600   180.092    35.85   25.22
 133333.712   191.509    30.35   22.39
 133709.742   200.692    24.42   20.37
 134085.691   207.897    19.16   18.71
 134461.558   213.293    14.36   20.04
 134837.344   217.133    10.22   19.98
 135213.048   224.647    20.00   18.98
 135588.672   228.718    10.84   18.40
 135964.214   231.480     7.35   18.81
 136339.675   231.564     0.22   20.09
 136715.054   231.139    -1.13   22.10
 137090.353   234.439     8.79   21.97
 137465.570   244.297    26.27   22.53
 137840.707   255.619    30.18   23.41
 138215.763   274.487    50.30   26.10
 138590.738   296.455    58.58   33.66
 138965.632   319.035    60.22   32.33
 139340.445   338.490    51.90   26.56
 139715.178   350.829    32.92   19.35
 140089.829   347.684    -8.39   22.49
 140464.401   335.529   -32.45   28.00
 140838.891   316.533   -50.72   31.56
 141213.302   293.385   -61.82   32.00
 141587.631   271.001   -59.79   29.84
 141961.881   252.789   -48.66   25.80
 142336.050   240.805   -32.02   25.73
 142710.138   232.079   -23.32   27.52
 143084.147   229.960    -5.67   25.56
 143458.075   233.407     9.22   22.24
 143831.923   238.980    14.91   19.25
 144205.691   243.061    10.92   16.17
 144579.379   243.141     0.21   15.59
 144952.986   233.676   -25.33   19.25
 145326.514   218.377   -40.96   20.60
 145699.962   205.560   -34.32   21.31
 146073.331   189.865   -42.03   20.53
 146446.619   179.310   -28.27   20.44
 146819.828   168.749   -28.30   19.01
 147192.957   159.533   -24.70   18.59
 147566.006   150.251   -24.88   16.47
 147938.976   139.184   -29.67   18.05
 148311.866   126.113   -35.05   15.12
 148684.676   118.702   -19.88   10.06
 149057.408   115.863    -7.61    6.84
 149430.059   118.032     5.82    6.61
 149802.632   120.097     5.54    4.85
 150175.125   121.970     5.03    3.10
 150547.539   124.106     5.73    5.02
 150919.874   127.381     8.80    6.34
 151292.129   131.689    11.57    8.17
 151664.306   137.822    16.48   11.06
 152036.403   144.021    16.66   14.40
 152408.422   150.487    17.38   17.80
 152780.361   154.252    10.12   17.79
 153152.222   153.729    -1.41   17.12
 153524.004   152.752    -2.63   15.29
 153895.707   151.485    -3.41   10.51
 154267.331   154.339     7.68   10.25
 154638.876   160.026    15.31   12.49
 155010.343   170.568    28.37   16.41
 155381.731   182.202    31.32   21.11
 155753.041   193.949    31.63   21.57
 156124.272   205.223    30.37   22.57
 156495.425   214.455    24.87   22.34
 156866.499   224.095    25.98   20.85
 157237.495   232.897    23.72   20.81
 157608.413   240.783    21.26   19.72
 157979.253   247.718    18.70   17.16
 158350.014   255.173    20.11   14.61
 158720.697   258.383     8.66   13.98
 159091.302   259.335     2.57   15.84
 159461.829   253.613   -15.44   20.72
 159832.278   242.444   -30.15   21.95
 160202.649   235.550   -18.61   18.20
 160572.942   234.127    -3.84   15.34
 160943.157   235.834     4.61   16.34
 161313.294   240.344    12.18   20.23
 161683.354   237.602    -7.41   27.51
 162053.336   228.076   -25.75   35.01
 162423.240   212.627   -41.76   36.20
 162793.066   196.378   -43.93   34.05
 163162.815   180.003   -44.28   28.98
 163532.487   166.929   -35.36   25.93
 163902.081   151.823   -40.87   20.34
 164271.598   141.179   -28.80   14.99
 164641.037   133.408   -21.03   11.43
 165010.399   133.350    -0.16   15.66
 165379.683   138.673    14.41   23.70
 165748.890   152.034    36.18   30.83
 166118.021   162.726    28.96   29.73
 166487.074   160.739    -5.38   27.96
 166856.050   145.379   -41.62   32.89
 167224.948   123.856   -58.34   32.32
 167593.770   101.895   -59.54   20.12
 167962.515    89.293   -34.17   13.57
 168331.183    81.526   -21.06    8.32
 168699.774    79.139    -6.48    5.76
 169068.289    81.663     6.85    7.47
 169436.726    87.971    17.12    9.57
 169805.087    94.354    17.33   11.59
 170173.371   102.842    23.04    9.89
 170541.579   108.137    14.38    8.76
 170909.710   111.618     9.45    7.59
 171277.765   112.531     2.48    7.44
 171645.743   114.466     5.26    8.70
 172013.644   118.634    11.33   11.28
 172381.469   126.152    20.44   14.13
 172749.218   136.814    28.99   14.31
 173116.891   145.630    23.97   12.82
 173484.487   155.971    28.13   13.29
 173852.007   164.762    23.92   17.47
 174219.451   177.258    34.00   21.46
 174586.819   189.844    34.25   21.07
 174954.111   200.906    30.12   19.99
 175321.327   214.094    35.91   19.85
 175688.467   226.531    33.87   20.67
 176055.531   241.992    42.12   19.50
 176422.519   253.054    30.14   17.26
 176789.432   257.333    11.66   15.58
 177156.268   254.585    -7.49   18.34
 177523.029   247.306   -19.84   21.44
 177889.714   238.527   -23.94   23.52
 178256.324   234.526   -10.91   24.31
 178622.858   239.108    12.50   24.90
 178989.316   250.015    29.76   23.93
 179355.699   259.322    25.40   19.61
 179722.006   267.546    22.45   15.04
 180088.238   269.567     5.52   11.81
 180454.395   266.402    -8.64   13.59
 180820.476   255.862   -28.79   19.09
 181186.483   238.627   -47.08   24.68
 181552.414   219.962   -51.00   24.33
 181918.269   209.241   -29.30   18.03
 182284.050   207.652    -4.34   16.72
 182649.755   218.652    30.07   22.56
 183015.386   233.854    41.57   23.45
 183380.941   244.537    29.22   21.59
 183746.422   241.592    -8.06   27.85
 184111.828   228.193   -36.66   36.90
 184490.145   205.737   -59.35   37.61
 184871.168   180.007   -67.52   32.05
 185252.108   158.897   -55.41   26.09
 185632.966   143.084   -41.51   21.33
 186013.742   131.272   -31.02   14.88
 186394.434   125.029   -16.40   11.05
 186775.045   121.470    -9.35    9.57
 187155.573   118.529    -7.73    8.53
 187536.019   117.668    -2.26   10.83
 187916.382   120.028     6.20   15.72
 188296.663   126.189    16.20   21.95
 188676.863   137.494    29.73   27.48
 189056.980   148.758    29.63   31.59
 189437.015   157.918    24.10   33.17
 189816.968   150.065   -20.66   40.11
 190196.839   132.392   -46.52   43.49
 190576.628   111.287   -55.56   33.41
 190956.335    93.488   -46.87   13.36
 191335.961    91.360    -5.60    5.89
 191715.504    98.663    19.24   10.24
 192094.966   108.078    24.81   14.11
 192474.347   119.907    31.18   15.05
 192853.646   130.248    27.26   16.03
 193232.863   143.024    33.69   19.65
 193611.999   159.181    42.61   25.55
 193991.054   178.689    51.46   29.34
 194370.027   197.044    48.43   29.22
 194748.918   215.559    48.86   28.25
 195127.729   231.308    41.57   28.55
 195506.458   248.418    45.17   28.54
 195885.106   257.461    23.88   23.98
 196263.673   258.875     3.74   25.55
 196642.159   249.226   -25.49   31.60
 197020.564   232.322   -44.67   33.50
 197398.888   221.971   -27.36   32.82
 197777.131   211.535   -27.59   32.29
 198155.293   210.160    -3.63   32.84
 198533.375   205.262   -12.95   28.99
 198911.375   206.845     4.19   24.09
 199289.295   214.689    20.75   25.09
 199667.134   227.665    34.34   30.50
 200044.893   248.961    56.36   35.81
 200422.571   270.058    55.85   36.97
 200800.169   289.035    50.25   31.44
 201177.686   293.695    12.34   29.15
 201555.123   290.290    -9.02   30.38
 201932.479   282.133   -21.61   29.87
 202309.755   266.122   -42.43   26.24
 202686.951   252.192   -36.93   29.58
 203064.067   232.755   -51.53   31.83
 203441.102   212.276   -54.31   27.30
 203818.058   195.638   -44.13   21.23
 204194.933   188.429   -19.13   16.61
 204571.728   192.700    11.34   18.61
 204948.444   205.087    32.87   22.64
 205325.079   217.755    33.63   16.95
 205701.635   220.720     7.87   13.16
 206078.111   216.896   -10.16   15.39
 206454.507   210.137   -17.95   14.89
 206830.824   205.288   -12.88   15.35
 207207.060   205.652     0.97   15.19
 207583.218   208.097     6.50   11.58
 207959.295   203.637   -11.86   11.88
 208335.293   194.906   -23.22   15.61
 208711.212   183.393   -30.62   16.09
 209087.051   174.251   -24.32   12.01
 209462.811   170.522    -9.92   10.38
 209838.492   168.030    -6.63   10.20
 210214.093   166.660    -3.65    7.55
 210589.616   166.147    -1.37    5.62
 210965.059   170.418    11.37   10.22
 211340.423   175.917    14.65   13.69
 211715.708   180.571    12.40   18.14
 212090.914   183.849     8.74   20.13
 212466.041   185.514     4.44   18.36
 212841.089   188.797     8.75   15.64
 213216.058   197.067    22.05   15.47
 213590.948   207.472    27.75   16.71
 213965.760   222.434    39.91   20.26
 214340.493   234.751    32.86   21.54
 214715.147   253.067    48.88   27.90
 215089.723   277.822    66.08   38.28
 215464.220   315.078    99.47   49.09
 215838.639   355.407   107.70   49.94
 216212.979   391.603    96.68   36.44
 216587.241   406.461    39.69   31.78
 216961.424   398.592   -21.03   48.26
 217335.529   380.202   -49.15   57.14
 217709.556   354.841   -67.80   48.39
 218083.504   343.423   -30.53   32.96
 218457.375   346.294     7.68   26.50
 218831.167   362.865    44.32   34.26
 219204.881   390.170    73.05   41.89
 219578.517   418.539    75.91   51.21
 219952.076   455.681    99.41   58.11
 220325.556   499.219   116.55   66.94
 220698.958   547.170   128.40   73.20
 221072.283   596.111   131.08   72.06
 221445.530   627.520    84.14   53.38
 221818.699   613.792   -36.78   69.64
 222191.790   580.389   -89.51   84.14
 222564.804   527.076  -142.90   70.67
 222937.740   481.170  -123.07   59.27
 223310.599   445.950   -94.45   62.30
 223683.380   405.896  -107.43   54.60
 224056.083   375.497   -81.55   39.10
 224428.710   353.429   -59.21   30.27
 224801.259   335.333   -48.57   36.53
 225173.730   319.326   -42.97   37.85
 225546.125   306.896   -33.37   28.88
 225918.442   305.465    -3.84   23.47
 226290.682   326.110    55.45   38.69
 226662.844   356.226    80.91   57.14
 227034.930   390.995    93.43   70.27
 227406.939   409.499    49.73   74.61
 227778.871   424.929    41.48   79.60
 228150.726   424.067    -2.32   74.95
 228522.504   417.667   -17.21   67.11
 228894.205   408.488   -24.69   56.42
 229265.829   399.193   -25.01   40.24
 229637.377   403.793    12.38   35.63
 230008.848   408.929    13.82   37.69
 230380.242   416.599    20.65   36.85
 230751.560   426.141    25.69   39.56
 231122.801   434.918    23.64   46.76
 231493.966   449.488    39.25   50.63
 231865.054   459.036    25.73   48.43
 232236.066   459.994     2.58   39.08
 232607.001   463.993    10.78   31.79
 232977.860   468.695    12.68   29.35
 233348.643   489.159    55.18   38.66
 233719.350   515.758    71.74   45.92
 234089.980   543.044    73.61   51.01
 234460.534   569.531    71.47   56.47
 234831.013   596.319    72.30   50.61
 235201.415   622.418    70.45   56.85
 235571.741   655.695    89.84   74.35
 235941.991   690.800    94.80   86.27
 236312.166   733.797   116.13   92.36
 236682.264   788.402   147.52   96.65
 237052.287   828.434   108.17   79.25
 237422.234   844.208    42.63   55.28
 237792.105   814.208   -81.10   70.61
 238161.901   750.092  -173.35   79.50
 238531.621   690.492  -161.17   64.71
 238901.265   644.670  -123.94   37.92
 239270.834   619.312   -68.60   23.45
 239640.327   603.440   -42.95   15.64
 240009.745   594.844   -23.27   14.03
 240379.088   587.104   -20.95   12.93
 240748.355   579.853   -19.63   14.24
 241117.547   571.273   -23.24   17.10
 241486.664   561.628   -26.13   19.54
 241855.705   554.495   -19.32   19.37
 242224.671   544.251   -27.76   20.42
 242593.562   533.885   -28.10   20.88
 242962.379   519.939   -37.81   24.12
 243331.120   499.757   -54.73   30.00
 243699.786   477.156   -61.29   32.32
 244068.377   452.801   -66.06   28.25
 244436.893   432.133   -56.07   17.44
 244805.334   419.961   -33.03   12.15
 245173.701   417.052    -7.89   11.59
 245541.993   429.386    33.48   26.65
 245910.210   447.599    49.45   33.54
 246278.353   469.886    60.53   33.66
 246646.420   485.062    41.23   29.95
 247014.414   491.993    18.83   29.54
 247382.332   492.918     2.51   28.10
 247750.177   498.693    15.70   24.37
 248117.947   504.258    15.13   20.37
 248485.642   512.690    22.93   15.26
 248853.263   524.173    31.23   18.54
 249220.810   538.384    38.66   23.00
 249588.282   555.499    46.56   24.21
 249955.681   565.173    26.33   18.61
 250323.005   577.939    34.75   22.71
 250690.255   595.918    48.95   34.78
 251057.431   624.918    78.97   45.60
 251424.533   654.918    81.71   42.32
 251791.561   682.963    76.40   29.35
 252158.514   698.233    41.60   29.07
 252525.394   697.715    -1.41   37.49
 252892.201   695.268    -6.67   42.54
